Idx, longitude, latitude, start timestamp
0,0.646154,0.691481,399.291718
1,0.646067,0.561557,748.627441
2,0.636321,0.752408,1014.885559
3,0.640602,0.757481,1164.614502
4,0.515133,0.419739,2129.581055
5,0.837823,0.406171,3460.525146
6,0.895086,0.678959,4042.781738
7,0.948011,0.518023,4442.103516
8,0.946080,0.485525,4591.956543
9,0.938225,0.501660,5057.766113
10,0.070384,0.543408,5357.221191
11,0.072553,0.536013,5690.051758
12,0.062461,0.850906,6205.729980
13,0.984257,0.928005,6455.166504
14,0.204211,0.499467,7786.253418
15,0.217560,0.567593,8251.986328
16,0.259406,0.536802,8518.246094
17,0.113803,0.474651,9050.674805
18,0.107497,0.261539,9350.168945
19,0.101960,0.196129,9549.772461
20,0.020781,0.191781,9849.182617
21,0.970464,0.170514,10032.179688
22,0.541341,0.609433,12428.059570
23,0.549652,0.602886,12527.938477
24,0.558774,0.595349,12644.260742
25,0.578346,0.703754,12877.215820
26,0.553703,0.819326,13093.478516
27,0.397645,0.848320,13642.602539
28,0.407927,0.840846,13759.071289
29,0.418063,0.549626,14491.165039
30,0.436355,0.434316,14823.856445
31,0.323094,0.583311,15156.626953
32,0.270827,0.606731,15389.431641
33,0.258315,0.610221,15622.379883
34,0.261701,0.606448,15738.932617
35,0.266531,0.602280,15855.248047
36,0.206341,0.564014,16071.670898
37,0.174121,0.527706,16354.407227
38,0.168015,0.670935,16703.929688
39,0.108027,0.956898,17153.035156
40,0.302090,0.604698,17768.570312
41,0.275744,0.664826,18101.333984
42,0.231638,0.795161,18400.796875
43,0.268185,0.689528,18633.755859
44,0.278388,0.616146,18800.072266
45,0.234828,0.577534,19149.531250
46,0.297667,0.630214,19598.640625
47,0.308335,0.628361,19848.335938
48,0.291930,0.640482,20064.496094
49,0.280343,0.633488,20280.908203
50,0.273305,0.645096,20397.308594
51,0.289909,0.618621,20696.796875
52,0.456679,0.541856,22160.802734
53,0.579672,0.554004,22676.537109
54,0.589192,0.558282,22842.984375
55,0.637344,0.572288,23258.947266
56,0.584742,0.581089,23458.513672
57,0.592662,0.580696,24124.050781
58,0.633589,0.505752,24307.035156
59,0.662763,0.518516,24573.267578
0,0.746415,0.678614,482.395630
1,0.813024,0.710416,798.521851
2,0.868983,0.684720,1014.763062
3,0.948408,0.522945,1730.328491
4,0.938472,0.543762,2312.525635
5,0.021648,0.619450,2728.524658
6,0.070022,0.559943,3127.749756
7,0.065712,0.671135,3510.494873
8,0.008822,0.574031,3843.250732
9,0.059349,0.531806,4109.498047
10,0.065990,0.544191,4392.283691
11,0.068362,0.783741,4708.341309
12,0.057561,0.530908,5174.335449
13,0.970852,0.557169,5407.339355
14,0.967344,0.541074,5606.862305
15,0.998648,0.333065,6122.564453
16,0.908925,0.405923,6505.320312
17,0.995687,0.595719,6721.556641
18,0.951913,0.621499,7020.990723
19,0.831908,0.649362,7736.422363
20,0.764448,0.603426,7952.670410
21,0.703754,0.562086,8218.994141
22,0.628198,0.554338,8684.833008
23,0.575110,0.564639,8984.430664
24,0.568003,0.557810,9233.771484
25,0.682733,0.497508,9566.589844
26,0.706459,0.502433,9749.513672
27,0.737291,0.512704,9982.567383
28,0.642833,0.447243,10431.758789
29,0.599925,0.470152,10731.257812
30,0.567871,0.468737,11163.747070
31,0.499370,0.453743,11396.648438
32,0.502488,0.456625,11529.746094
33,0.547116,0.578252,11845.881836
34,0.571649,0.609667,12161.980469
35,0.569510,0.656155,12494.740234
36,0.504763,0.721134,13027.275391
37,0.500839,0.733674,13127.061523
38,0.475778,0.753199,13343.403320
39,0.473469,0.743981,13459.753906
40,0.465982,0.765187,13642.716797
41,0.429666,0.687899,14008.849609
42,0.396207,0.650816,14241.729492
43,0.385687,0.536376,14491.382812
44,0.377906,0.483668,14873.947266
45,0.290884,0.546611,15073.609375
46,0.277914,0.577697,15306.516602
47,0.259675,0.585948,15605.946289
48,0.243784,0.559709,15855.562500
49,0.163577,0.553630,17120.041016
50,0.182838,0.693860,17352.960938
51,0.147876,0.625520,17835.425781
52,0.148060,0.618916,17968.587891
53,0.195684,0.568351,18218.164062
54,0.228290,0.558368,18567.535156
55,0.229209,0.568205,19183.152344
56,0.247839,0.548325,19449.267578
57,0.182716,0.554215,20098.130859
58,0.174483,0.542770,20297.765625
59,0.289173,0.650812,20830.246094
60,0.314450,0.682275,21029.876953
61,0.609151,0.528438,24007.962891
62,0.666939,0.530284,24507.103516
63,0.654411,0.445958,24956.310547
0,0.840134,0.796031,964.836121
1,0.862958,0.756031,1347.569824
2,0.892630,0.677166,1630.413086
3,0.909073,0.618650,1863.335205
4,0.939591,0.449096,2429.035156
5,0.942096,0.834741,2811.666992
6,0.965064,0.828135,3011.306885
7,0.923769,0.366732,3593.674316
8,0.930384,0.387532,3992.908203
9,0.073985,0.462868,4542.039062
10,0.074350,0.453726,4791.521973
11,0.981304,0.517149,5290.639160
12,0.967915,0.477851,5523.639160
13,0.991319,0.754544,5839.760742
14,0.081379,0.818391,6055.969727
15,0.970315,0.859352,6338.859375
16,0.113875,0.524859,6738.142090
17,0.080852,0.457105,7154.145996
18,0.149149,0.349270,7370.320312
19,0.202528,0.443009,7719.690430
20,0.087620,0.475798,8069.134766
21,0.235711,0.603000,8668.113281
22,0.053076,0.476274,9383.444336
23,0.260470,0.488908,10348.401367
24,0.276877,0.473674,10514.906250
25,0.296910,0.530523,10731.207031
26,0.312789,0.588029,10947.448242
27,0.322462,0.665083,11313.435547
28,0.330276,0.719891,11513.274414
29,0.359647,0.729332,11762.632812
30,0.179259,0.424209,12511.398438
31,0.270965,0.395269,12760.932617
32,0.258371,0.372014,12960.617188
33,0.917874,0.569177,14341.549805
34,0.902901,0.690038,14923.880859
35,0.875792,0.735547,15090.274414
36,0.872290,0.798034,15273.160156
37,0.734525,0.581987,16138.392578
38,0.701484,0.345605,16487.814453
39,0.686360,0.328500,16687.578125
40,0.641239,0.676132,17486.013672
41,0.607201,0.733693,17685.769531
42,0.558687,0.688260,17968.500000
43,0.535488,0.578045,18251.304688
44,0.465777,0.732487,18900.226562
45,0.470120,0.767247,19049.931641
46,0.493859,0.798184,19382.667969
47,0.455072,0.798476,19715.517578
48,0.397505,0.545803,19998.406250
49,0.402268,0.470767,20181.287109
50,0.571151,0.364722,20979.980469
51,0.609825,0.347419,21179.638672
52,0.640240,0.393950,21379.330078
53,0.641265,0.479964,21878.392578
54,0.646405,0.487934,22111.244141
55,0.648242,0.482275,22344.113281
56,0.650297,0.551107,22826.681641
57,0.626727,0.533922,23225.986328
58,0.563218,0.590421,24074.498047
59,0.362963,0.467409,24939.625000
0,0.767643,0.567782,366.122009
1,0.749110,0.786579,998.230652
2,0.779526,0.655430,1497.462036
3,0.782864,0.604720,1713.695557
4,0.771846,0.440075,2212.786377
5,0.765998,0.418917,2379.214111
6,0.762073,0.323564,2711.956543
7,0.736777,0.214672,2911.567139
8,0.741551,0.193738,3127.947510
9,0.729805,0.141666,3360.767090
10,0.693787,0.123084,3593.779541
11,0.462005,0.495143,4575.368164
12,0.471848,0.536425,4725.023926
13,0.536891,0.621165,5091.165527
14,0.361904,0.743315,5756.661133
15,0.380970,0.767302,6089.319824
16,0.334031,0.644076,6471.964844
17,0.335844,0.508109,6971.146973
18,0.392742,0.437943,7653.240234
19,0.392413,0.361982,7902.839844
20,0.032184,0.671007,11879.114258
21,0.029687,0.678973,12045.650391
22,0.025161,0.688780,12178.769531
23,0.763330,0.504687,17236.529297
24,0.760149,0.487890,17669.048828
25,0.771416,0.448713,17918.666016
26,0.787594,0.418125,18168.164062
27,0.893519,0.330853,19649.019531
0,0.780662,0.497238,349.449036
1,0.859702,0.628080,765.368286
2,0.946342,0.463568,1464.179443
3,0.026544,0.520682,2462.324951
4,0.074872,0.478701,2628.775391
5,0.063458,0.511065,2978.299561
6,0.994037,0.560685,3277.621582
7,0.989570,0.501354,3460.726074
8,0.983928,0.137529,4325.830566
9,0.168632,0.821635,6521.903809
10,0.569546,0.694861,8535.147461
11,0.562269,0.488140,9017.589844
12,0.775040,0.679358,10498.344727
13,0.619086,0.327114,12145.536133
14,0.626101,0.332916,12378.463867
15,0.702121,0.377177,12677.765625
16,0.680936,0.384353,12927.447266
17,0.554864,0.168248,13958.905273
18,0.573753,0.481262,14857.372070
19,0.409077,0.575982,16570.982422
20,0.361085,0.569211,16903.833984
21,0.402271,0.676296,17253.251953
22,0.297388,0.577238,18251.417969
23,0.245924,0.487866,18800.447266
24,0.278612,0.441325,19033.451172
25,0.635392,0.548136,22976.503906
26,0.618206,0.517792,23226.093750
27,0.639577,0.458488,23492.203125
28,0.636401,0.542705,24956.302734
0,0.826099,0.565483,898.449036
1,0.896959,0.570502,1098.107910
2,0.922684,0.557737,1314.458862
3,0.953737,0.525076,1514.017822
4,0.956899,0.494442,1796.945923
5,0.941842,0.539384,2395.932373
6,0.946386,0.769618,2761.891602
7,0.958394,0.802389,2944.920898
8,0.949763,0.472597,4608.633301
9,0.071073,0.533815,5324.119141
10,0.071670,0.528724,5573.610352
11,0.981923,0.542593,6056.078613
12,0.213298,0.570462,7852.918945
13,0.243650,0.733859,9067.511719
14,0.206110,0.511263,9566.667969
15,0.119630,0.363743,10248.752930
16,0.050658,0.537576,10980.739258
17,0.931750,0.511080,11995.703125
18,0.454515,0.402804,15506.213867
19,0.578153,0.578770,17635.855469
20,0.949130,0.655162,22344.308594
21,0.946573,0.653314,22543.902344
22,0.968098,0.514148,23275.939453
23,0.008399,0.509395,23558.804688
24,0.071217,0.533559,24007.986328
25,0.076632,0.625280,24357.369141
26,0.078883,0.634525,24490.535156
0,0.858001,0.774371,16.729980
1,0.705587,0.581244,549.003601
2,0.812504,0.648273,815.271362
3,0.860639,0.687246,1064.942139
4,0.976236,0.523885,1697.109741
5,0.019129,0.582633,1963.291748
6,0.081940,0.575989,2229.474365
7,0.075701,0.564868,2445.764648
8,0.074060,0.866629,3011.509277
9,0.899149,0.820290,3277.640625
10,0.938317,0.474210,3993.082764
11,0.947483,0.507796,4126.224609
12,0.835529,0.342506,4691.843750
13,0.828742,0.281412,4941.506348
14,0.565132,0.522581,6089.469238
15,0.535478,0.505963,6305.694824
16,0.455951,0.508678,6705.001953
17,0.319456,0.540581,7470.260254
18,0.288802,0.545056,7869.657715
19,0.250707,0.555330,8402.041016
20,0.196674,0.539579,8768.023438
21,0.199902,0.642233,9067.473633
22,0.225913,0.700349,9250.529297
23,0.330216,0.716119,9483.486328
24,0.365813,0.704520,9666.395508
25,0.252475,0.774823,10032.458008
26,0.210518,0.740080,10265.367188
27,0.319657,0.857335,10581.458008
28,0.221888,0.557411,10997.460938
29,0.199729,0.537696,11163.831055
30,0.352954,0.424905,11879.239258
31,0.356566,0.432617,12095.557617
32,0.662830,0.501080,13626.193359
33,0.674865,0.338420,14358.373047
34,0.716009,0.379603,14740.947266
35,0.730054,0.424576,15023.802734
36,0.243864,0.581861,16803.986328
37,0.214783,0.707234,17103.470703
38,0.320336,0.748314,17303.164062
39,0.320869,0.767990,17386.261719
40,0.296992,0.778233,17569.318359
41,0.614846,0.502389,19349.607422
42,0.638943,0.630695,19565.787109
43,0.631513,0.556375,19948.408203
44,0.627803,0.492444,20297.777344
45,0.624040,0.484927,20547.384766
46,0.581362,0.604224,20946.726562
47,0.471629,0.574777,21628.890625
48,0.592925,0.514187,22061.367188
49,0.599329,0.487801,22227.746094
50,0.624142,0.354794,22610.597656
51,0.660816,0.330675,22776.851562
52,0.540187,0.378695,23325.941406
53,0.233708,0.524444,24390.742188
54,0.216280,0.560483,24673.501953
0,0.793106,0.755197,482.506714
1,0.951573,0.365808,1380.875977
2,0.945207,0.389218,1580.668701
3,0.937025,0.421679,1879.999268
4,0.072022,0.432136,2479.005859
5,0.064950,0.441830,2562.233643
6,0.986219,0.454163,3194.491211
7,0.966231,0.448033,3377.482178
8,0.578680,0.540857,5773.169922
9,0.581430,0.570108,6022.769043
10,0.483315,0.264778,8335.408203
11,0.472922,0.228808,8751.412109
12,0.919979,0.570070,11712.853516
13,0.243119,0.498541,15938.744141
14,0.387244,0.598251,17835.457031
15,0.328182,0.783041,18118.300781
16,0.046403,0.393794,19166.406250
17,0.053394,0.409585,19399.273438
18,0.943892,0.478461,19865.146484
19,0.434160,0.392241,24740.091797
20,0.490713,0.278380,24972.968750
0,0.866421,0.644701,366.023468
1,0.943185,0.558419,898.423340
2,0.943659,0.463381,1131.398071
3,0.929639,0.794103,1580.651367
4,0.904208,0.930827,1846.779541
5,0.928480,0.456905,2445.822266
6,0.937413,0.448676,2578.887451
7,0.938447,0.495560,2928.194092
8,0.939807,0.473169,3543.816406
9,0.072484,0.557164,4026.305420
10,0.124426,0.852992,4608.541992
11,0.124786,0.838371,4991.288086
12,0.159007,0.885853,5274.083496
13,0.222245,0.471958,5789.953613
14,0.054571,0.576443,6555.136719
15,0.048595,0.537306,6904.499512
16,0.053179,0.513383,7420.360352
17,0.898873,0.454908,8701.469727
18,0.391402,0.576394,10864.349609
19,0.359988,0.513505,11047.329102
20,0.313886,0.534893,11246.971680
21,0.232544,0.479504,11812.716797
22,0.188423,0.511074,11979.145508
23,0.338225,0.791761,12378.348633
24,0.302717,0.751193,12561.321289
25,0.199818,0.486098,12744.391602
26,0.204579,0.470978,12960.759766
27,0.256394,0.459828,13409.917969
28,0.284778,0.447769,13592.989258
29,0.323897,0.435444,13809.190430
30,0.389691,0.549667,14191.783203
31,0.389880,0.628477,14507.916992
32,0.448711,0.797925,14774.143555
33,0.470319,0.711373,15040.467773
34,0.514630,0.610849,15506.276367
35,0.559841,0.623739,15872.202148
36,0.601731,0.644204,16371.323242
37,0.631758,0.701234,16787.267578
38,0.682540,0.384113,17768.982422
39,0.743660,0.434662,18001.812500
40,0.759722,0.434079,18151.574219
41,0.649061,0.357520,18500.955078
42,0.576083,0.562838,19632.388672
43,0.610532,0.527378,19898.630859
44,0.610369,0.531988,20114.781250
45,0.621063,0.561787,20314.431641
46,0.580599,0.591277,20514.003906
47,0.550023,0.718240,21778.541016
48,0.545477,0.703430,21978.314453
49,0.598152,0.543941,22360.884766
50,0.658945,0.321002,23109.646484
51,0.720397,0.178747,23708.494141
52,0.696906,0.108986,23908.062500
53,0.819653,0.038553,24174.380859
0,0.744870,0.541262,316.025452
1,0.765699,0.635650,549.032776
2,0.659499,0.579444,915.058777
3,0.636090,0.601105,1164.524292
4,0.595831,0.636990,1414.153564
5,0.572867,0.652349,1647.020752
6,0.582107,0.497490,1963.164795
7,0.627067,0.431999,2179.484863
8,0.656206,0.418961,2395.846191
9,0.691481,0.424701,2578.792969
10,0.747187,0.479911,2845.016357
11,0.853062,0.346672,3593.645508
12,0.856814,0.364260,3743.393799
13,0.897027,0.570794,4026.229980
14,0.878965,0.671969,4425.630859
15,0.865624,0.711008,4592.004395
16,0.955519,0.500582,4924.808594
17,0.965276,0.481343,5141.011719
18,0.959091,0.482083,5323.973145
19,0.951297,0.477172,5457.136719
20,0.078662,0.525268,6006.087402
21,0.080868,0.531154,6172.478027
22,0.075338,0.527341,6372.170898
23,0.069978,0.536020,6605.121582
24,0.216579,0.553319,7819.642578
25,0.237448,0.611065,8202.256836
26,0.276368,0.541481,8401.927734
27,0.241046,0.643847,8801.251953
28,0.241689,0.725209,9067.386719
29,0.259187,0.765538,9283.781250
30,0.325712,0.637909,9583.166016
31,0.334973,0.509867,10115.656250
32,0.353627,0.400849,10831.032227
33,0.390744,0.513861,11097.154297
34,0.412050,0.531188,11363.347656
35,0.180537,0.295525,12112.119141
36,0.155008,0.293656,12295.061523
37,0.110057,0.260125,12561.336914
38,0.085972,0.235337,12760.977539
39,0.087688,0.210646,12910.727539
40,0.100550,0.280449,13193.542969
41,0.077446,0.309861,13343.324219
42,0.980189,0.328683,13709.304688
43,0.985154,0.316870,13825.844727
44,0.927268,0.497450,14358.202148
45,0.942300,0.500011,14641.029297
46,0.851303,0.547361,15123.505859
47,0.759622,0.621145,15389.627930
48,0.747360,0.676142,15672.527344
49,0.649906,0.597950,15938.855469
50,0.624970,0.551542,16155.035156
51,0.610055,0.497214,16387.892578
52,0.576384,0.501943,16754.064453
53,0.559628,0.505413,16986.947266
54,0.581339,0.661192,17352.908203
55,0.662975,0.534416,17685.601562
56,0.651395,0.469576,17868.707031
57,0.782945,0.684219,18983.376953
58,0.090296,0.561162,19881.794922
59,0.087136,0.555030,19998.347656
60,0.081620,0.545856,20181.349609
61,0.081761,0.639582,20563.947266
62,0.062693,0.528281,20880.068359
63,0.926867,0.512489,21462.455078
64,0.927922,0.490789,21845.078125
65,0.914294,0.474176,22477.304688
66,0.912018,0.453906,22693.550781
67,0.889350,0.576908,23142.777344
68,0.917050,0.626736,23375.753906
69,0.924179,0.529760,23691.853516
70,0.930414,0.674519,23941.380859
71,0.940986,0.684362,24240.839844
0,0.771544,0.531788,316.173584
1,0.796106,0.748972,632.331970
2,0.728632,0.899211,1147.980225
3,0.739217,0.903196,1264.512939
4,0.760836,0.927828,1414.231445
5,0.789456,0.964227,1663.847290
6,0.776234,0.950904,1746.981079
7,0.836254,0.859228,1946.595947
8,0.969573,0.794972,2329.329346
9,0.903032,0.637618,2811.752930
10,0.932773,0.463265,3244.400635
11,0.163416,0.981210,4126.135742
12,0.050773,0.943829,4359.147461
13,0.061487,0.641589,5457.177734
14,0.073158,0.543894,5690.069336
15,0.055556,0.550881,5906.437500
16,0.054929,0.567484,6272.406738
17,0.549119,0.509447,7919.619141
18,0.531120,0.551995,8135.769531
19,0.604780,0.585170,8368.704102
20,0.634818,0.492625,8751.468750
21,0.434579,0.681130,9566.624023
22,0.372922,0.598478,9783.001953
23,0.340889,0.592400,9949.275391
24,0.302833,0.641703,10315.416992
25,0.290051,0.469418,10714.704102
26,0.364041,0.435669,11047.445312
27,0.440419,0.446971,11629.716797
28,0.412703,0.476646,11846.011719
29,0.471124,0.509673,12245.368164
30,0.469821,0.484424,12378.431641
31,0.516322,0.459192,12694.507812
32,0.556975,0.454991,13077.154297
33,0.612527,0.364319,13359.980469
34,0.644749,0.298983,13526.351562
35,0.661455,0.268130,13825.933594
36,0.652532,0.275499,13958.992188
37,0.655123,0.481698,14275.102539
38,0.653620,0.549864,14424.892578
39,0.690913,0.508291,14740.932617
40,0.953033,0.450673,15872.271484
41,0.736634,0.621881,18168.337891
42,0.642457,0.563929,18401.164062
43,0.636510,0.551141,18567.529297
44,0.638617,0.551447,18717.382812
45,0.561266,0.519543,18916.968750
46,0.556781,0.524901,19099.974609
47,0.571451,0.523401,19283.023438
48,0.571083,0.487171,19549.167969
49,0.509405,0.505927,19931.859375
50,0.309250,0.562868,20730.478516
51,0.328350,0.577474,21013.275391
52,0.506435,0.575947,21445.896484
53,0.572171,0.528738,21795.277344
54,0.578549,0.611842,22427.476562
55,0.576446,0.569322,22860.064453
56,0.579186,0.546991,22976.515625
57,0.595434,0.435636,23708.554688
58,0.601075,0.464689,24091.234375
59,0.637195,0.503153,24623.708984
0,0.776372,0.403633,16.643936
1,0.858496,0.619710,482.492920
2,0.963987,0.472979,1148.026489
3,0.955466,0.464468,1514.008301
4,0.906389,0.687783,1896.686279
5,0.816956,0.835526,2246.072998
6,0.374067,0.986920,3194.400879
7,0.207761,0.988049,3310.900391
8,0.890126,0.842575,3626.970703
9,0.964005,0.758738,3909.801270
10,0.965292,0.839263,4159.466797
11,0.953045,0.815662,4458.842773
12,0.963027,0.859369,4758.363281
13,0.956302,0.813379,5107.817383
14,0.964145,0.836056,5490.437012
15,0.966987,0.858278,5706.708496
16,0.963879,0.864643,5889.775391
17,0.961158,0.868137,6039.454102
18,0.971192,0.867274,6155.898438
19,0.955254,0.837604,6521.927246
20,0.004873,0.808179,6788.121582
21,0.065601,0.486254,7536.853027
22,0.077765,0.509493,8085.875977
23,0.121977,0.543359,8435.244141
24,0.053689,0.774986,8718.094727
25,0.026032,0.828620,8917.771484
26,0.214469,0.707304,10215.497070
27,0.233636,0.701038,10415.104492
28,0.257365,0.559906,10614.801758
29,0.127794,0.331565,10964.171875
30,0.645857,0.592689,12727.755859
31,0.588819,0.684370,13143.694336
32,0.594262,0.680559,13276.786133
33,0.597969,0.752093,13576.263672
34,0.496397,0.762860,14491.330078
35,0.433436,0.556028,15423.033203
36,0.447005,0.478980,15722.505859
37,0.597139,0.432420,16354.747070
38,0.665821,0.440678,16587.671875
39,0.664326,0.448504,16704.128906
40,0.682330,0.421828,16903.800781
41,0.664143,0.495674,17186.634766
42,0.621257,0.498280,17386.265625
43,0.625210,0.260274,17752.310547
44,0.517752,0.314188,17985.234375
45,0.259030,0.648093,18634.099609
46,0.189868,0.534727,19199.761719
47,0.238832,0.435116,19449.324219
48,0.262313,0.408988,19649.013672
49,0.378755,0.356596,20065.001953
50,0.428886,0.366199,20281.232422
51,0.618505,0.601157,21063.175781
52,0.611450,0.579735,21246.189453
53,0.620321,0.559418,21462.474609
54,0.672558,0.473037,21662.140625
55,0.693044,0.441452,21961.607422
56,0.721990,0.464141,22244.443359
57,0.912580,0.628542,23275.978516
58,0.946422,0.615078,23492.281250
59,0.939148,0.619211,23625.365234
60,0.944436,0.605779,23858.291016
61,0.870971,0.713418,24074.587891
62,0.855721,0.785208,24290.892578
63,0.923222,0.891222,24656.890625
0,0.732170,0.517272,16.579781
1,0.746906,0.581389,349.372833
2,0.750746,0.698585,615.572998
3,0.756927,0.736528,798.539673
4,0.744804,0.722794,1214.499023
5,0.769427,0.713566,1530.635376
6,0.826913,0.739387,1796.817383
7,0.777824,0.708627,2046.377197
8,0.821045,0.709185,2246.020264
9,0.849886,0.681531,2478.971680
10,0.874663,0.662952,2778.399414
11,0.435120,0.940429,3809.970215
12,0.489120,0.929702,3909.875244
13,0.458364,0.907583,4059.490234
14,0.546455,0.897866,4259.146484
15,0.653209,0.872108,4591.904297
16,0.920715,0.451211,5706.636719
17,0.926303,0.443065,5873.022461
18,0.925128,0.810419,6405.398438
19,0.921283,0.743769,6754.884277
20,0.920729,0.795121,7137.454590
21,0.983829,0.528597,7786.408691
22,0.012754,0.507362,8002.643555
23,0.062877,0.508546,8169.038574
24,0.058560,0.506693,8368.632812
25,0.056772,0.485335,8468.510742
26,0.058320,0.489645,9549.944336
27,0.062591,0.505353,9733.003906
28,0.046819,0.605169,10098.973633
29,0.190146,0.538379,11363.491211
30,0.207241,0.666329,11546.451172
31,0.198897,0.566678,11862.546875
32,0.247392,0.659488,12145.354492
33,0.254712,0.711767,12411.678711
34,0.208432,0.751949,12644.534180
35,0.296024,0.745261,12943.969727
36,0.298296,0.618020,13193.542969
37,0.305203,0.601574,13409.843750
38,0.324630,0.500889,13709.305664
39,0.319424,0.389064,13992.165039
40,0.270392,0.414935,14191.847656
41,0.243851,0.428225,14524.549805
42,0.222533,0.500013,14790.759766
43,0.286990,0.483073,15156.774414
44,0.380040,0.446620,15572.760742
45,0.418823,0.532766,15772.373047
46,0.444074,0.595140,16005.311523
47,0.482510,0.697326,16338.045898
48,0.478157,0.772099,16537.722656
49,0.503148,0.821133,16737.345703
50,0.553458,0.762244,17003.572266
51,0.561992,0.527912,17519.330078
52,0.567012,0.453009,17852.072266
53,0.580067,0.639699,18101.664062
54,0.433882,0.929155,18600.783203
55,0.293947,0.932440,18750.486328
56,0.163587,0.891871,18966.792969
57,0.021660,0.873485,19465.943359
58,0.285521,0.849659,20031.609375
59,0.434120,0.910977,20281.154297
60,0.476274,0.886599,20514.089844
61,0.260934,0.071406,21994.847656
62,0.130493,0.279255,23126.208984
63,0.143406,0.609340,23691.886719
64,0.165838,0.621348,23908.164062
65,0.162469,0.736523,24507.128906
0,0.780555,0.348373,166.411865
1,0.760068,0.344045,366.036987
2,0.642250,0.459946,765.346130
3,0.577177,0.473711,1264.462036
4,0.571868,0.604849,1746.930542
5,0.515657,0.360597,2295.945312
6,0.498591,0.489431,2711.893799
7,0.456953,0.450696,2911.618164
8,0.440578,0.399246,3094.577881
9,0.400643,0.487901,3310.891357
10,0.378419,0.467334,3527.245850
11,0.353090,0.411166,3743.524902
12,0.318073,0.442305,3992.983887
13,0.296503,0.540198,4558.784180
14,0.293450,0.566273,4808.285156
15,0.268888,0.537184,5074.494141
16,0.255477,0.424224,5307.361328
17,0.347914,0.330388,5590.229004
18,0.375533,0.312974,5789.913574
19,0.410012,0.413770,6139.305176
20,0.427167,0.396516,6521.913574
21,0.416896,0.405984,7420.372559
22,0.427825,0.376001,7669.987305
23,0.362636,0.469003,8268.906250
24,0.367311,0.464387,8501.794922
25,0.372858,0.377136,8718.100586
26,0.396273,0.312726,8967.763672
27,0.394236,0.304035,9117.438477
28,0.431757,0.307917,9283.812500
29,0.471550,0.350081,9633.131836
30,0.524020,0.434057,10248.768555
31,0.578516,0.622649,10864.331055
32,0.572244,0.587201,11097.242188
33,0.613779,0.369874,11696.229492
34,0.623319,0.356007,12162.100586
35,0.663914,0.439259,12661.236328
36,0.858362,0.572242,13459.803711
37,0.898917,0.485866,13775.952148
38,0.907665,0.479720,13975.580078
39,0.900323,0.622007,14391.505859
40,0.914255,0.452510,14707.624023
41,0.869245,0.594299,16421.337891
42,0.920838,0.414847,16620.962891
43,0.941895,0.387385,16754.089844
44,0.945013,0.383205,16903.898438
45,0.944333,0.374339,17452.847656
46,0.076490,0.464721,18467.748047
47,0.928076,0.381030,18950.210938
48,0.910157,0.522170,19665.632812
49,0.908195,0.615781,19965.111328
50,0.912338,0.504683,20231.337891
51,0.940409,0.475266,20364.419922
52,0.132389,0.490458,21212.906250
53,0.077398,0.409399,21495.746094
54,0.063874,0.412901,21645.494141
55,0.038577,0.470256,22643.751953
56,0.048276,0.454909,22760.197266
57,0.042673,0.426738,22926.667969
58,0.048429,0.425490,23342.533203
59,0.231533,0.465353,23841.644531
60,0.301155,0.565283,24507.162109
0,0.741395,0.565155,332.858795
1,0.067022,0.536935,1930.006226
2,0.932624,0.543030,2346.029785
3,0.931835,0.541921,2678.707031
4,0.932240,0.531228,2761.867920
5,0.751968,0.945174,3843.340088
6,0.494237,0.972504,4192.706543
7,0.677061,0.937536,4708.461426
8,0.936517,0.481354,5523.710938
9,0.059402,0.550463,6272.396973
10,0.215268,0.668114,7104.309082
11,0.241883,0.566271,7320.615234
12,0.181844,0.550183,7603.423828
13,0.045174,0.544436,8035.997070
14,0.056314,0.694741,8268.934570
15,0.969628,0.497891,8718.138672
16,0.972912,0.500442,8934.410156
17,0.929416,0.493083,9150.749023
18,0.934569,0.508034,9483.468750
19,0.957230,0.713640,10115.699219
20,0.924894,0.822651,10531.644531
21,0.943982,0.811229,10947.573242
22,0.734969,0.542361,11629.714844
23,0.736142,0.520829,11846.012695
24,0.682937,0.553467,12012.388672
25,0.648365,0.585217,12395.050781
26,0.645074,0.595596,12544.791992
27,0.614596,0.592592,12761.093750
28,0.571078,0.567152,13093.820312
29,0.585571,0.588386,13310.120117
30,0.498822,0.538320,14391.557617
31,0.546163,0.502989,14607.856445
32,0.550823,0.499731,14724.326172
33,0.583727,0.547539,14907.324219
34,0.648076,0.570476,15406.442383
35,0.377541,0.500372,16587.726562
36,0.321301,0.477782,16804.003906
37,0.290880,0.534544,17036.949219
38,0.233987,0.470173,17536.050781
39,0.232315,0.489254,17669.171875
40,0.203943,0.475929,17885.453125
41,0.247696,0.441706,18135.003906
42,0.261933,0.413071,18334.666016
43,0.946731,0.513315,20880.232422
44,0.954228,0.685448,21079.867188
45,0.947265,0.698042,21196.349609
46,0.057513,0.583553,21828.570312
47,0.061321,0.570951,22011.566406
48,0.064175,0.521846,22394.238281
49,0.065174,0.509735,22726.976562
50,0.055192,0.548523,22876.736328
51,0.049918,0.847801,23442.451172
52,0.095096,0.855762,23791.804688
53,0.071405,0.767802,24107.908203
54,0.925900,0.520494,24973.091797
0,0.971395,0.408447,1347.657959
1,0.963639,0.400544,1497.443848
2,0.818697,0.884547,1946.599487
3,0.773984,0.933345,2162.861084
4,0.799727,0.919643,2312.614502
5,0.076867,0.914506,3161.186523
6,0.083548,0.466891,4408.918945
7,0.079211,0.630914,4824.950195
8,0.078448,0.469735,5124.471191
9,0.087770,0.822589,5656.833984
10,0.209253,0.538608,6172.561523
11,0.216738,0.645538,6405.465332
12,0.208541,0.698807,6571.829590
13,0.039680,0.487678,7004.385742
14,0.035618,0.468403,7253.959961
15,0.978079,0.528291,7570.083008
16,0.943556,0.552564,7869.553223
17,0.923292,0.414237,8069.203613
18,0.921550,0.404316,8867.817383
19,0.921001,0.412896,9084.091797
20,0.627113,0.591684,9932.622070
21,0.561158,0.839043,10714.586914
22,0.569988,0.831876,10864.319336
23,0.397636,0.586384,11479.939453
24,0.328119,0.524070,11729.491211
25,0.311889,0.509250,11962.400391
26,0.352951,0.455161,12295.146484
27,0.469020,0.474866,12827.601562
28,0.870588,0.008625,14058.739258
29,0.775207,0.228336,14491.319336
30,0.826712,0.140414,14657.696289
31,0.835050,0.141011,14857.344727
32,0.572709,0.519510,16321.440430
33,0.225781,0.498365,17369.625000
34,0.204330,0.481810,17535.986328
35,0.630842,0.471331,18650.736328
36,0.659510,0.444702,18850.373047
37,0.679270,0.550723,19216.414062
38,0.678476,0.698186,19915.179688
39,0.669754,0.833737,20331.113281
40,0.775417,0.833967,21013.269531
41,0.792842,0.835440,21346.023438
42,0.724228,0.740599,21778.570312
43,0.630693,0.420745,22211.171875
44,0.581238,0.512049,22527.287109
45,0.596616,0.554142,22926.585938
46,0.643924,0.675824,23126.257812
47,0.652760,0.566943,24340.806641
0,0.824679,0.525658,116.515884
1,0.904957,0.581891,815.215637
2,0.956273,0.498632,1331.007568
3,0.952229,0.494784,1597.177002
4,0.021383,0.562468,1780.240356
5,0.084391,0.544410,2046.441162
6,0.081565,0.540155,2162.909424
7,0.071747,0.537853,2345.886475
8,0.813748,0.823004,3277.611084
9,0.560905,0.510388,4442.296387
10,0.396856,0.591925,5007.945801
11,0.368256,0.540842,5274.128906
12,0.322969,0.504816,5573.575195
13,0.292478,0.502595,5873.106445
14,0.250115,0.495779,6172.508789
15,0.204301,0.530960,6472.079102
16,0.214676,0.536193,6821.471191
17,0.187064,0.589890,7021.040039
18,0.150198,0.589622,7320.536621
19,0.135056,0.560454,7520.157715
20,0.199157,0.544138,7786.371582
21,0.056528,0.504133,8119.162109
22,0.050779,0.500988,8335.494141
23,0.373153,0.536081,9500.052734
24,0.422271,0.538209,9749.664062
25,0.416761,0.539299,9932.623047
26,0.422091,0.513714,10082.416992
27,0.380891,0.498133,10947.586914
28,0.338487,0.468144,11180.540039
29,0.336092,0.476852,11363.497070
30,0.045312,0.514482,12494.792969
31,0.994867,0.517926,12844.233398
32,0.982357,0.478041,13210.323242
33,0.919851,0.482775,13609.643555
34,0.075313,0.541946,14025.489258
35,0.609880,0.508982,15456.346680
36,0.675122,0.518068,15772.427734
37,0.725697,0.515524,16088.609375
38,0.753989,0.379616,16421.382812
39,0.806237,0.671745,16803.937500
40,0.861209,0.565288,17053.500000
41,0.085820,0.542692,19216.417969
42,0.038374,0.530450,19399.414062
43,0.047081,0.531373,19649.076172
44,0.943226,0.522498,20064.933594
45,0.917284,0.507613,20247.966797
46,0.073990,0.524501,20730.457031
47,0.088788,0.535911,21029.937500
48,0.332307,0.488632,22011.556641
49,0.479356,0.549037,22727.013672
50,0.592873,0.511732,23159.523438
51,0.581161,0.508662,23325.923828
52,0.525676,0.502718,23575.503906
53,0.464309,0.452361,23775.154297
54,0.190601,0.560835,24839.890625
0,0.763965,0.665936,365.980133
1,0.870250,0.636390,931.712219
2,0.027092,0.589012,1663.723511
3,0.744231,0.793472,2345.879395
4,0.691775,0.822436,2778.484619
5,0.615533,0.860717,3693.553711
6,0.615636,0.862594,4209.286621
7,0.730188,0.776800,4508.783691
8,0.965871,0.503203,5507.052734
9,0.043418,0.536062,5789.881348
10,0.074786,0.568605,6039.455078
11,0.070747,0.578349,6288.995605
12,0.071572,0.557576,6422.124512
13,0.072481,0.609316,6655.011230
14,0.061083,0.703394,6987.752930
15,0.066964,0.652700,7486.918945
16,0.072350,0.547000,7686.535156
17,0.070438,0.520750,7852.926758
18,0.209570,0.608488,8651.553711
19,0.965163,0.392004,9649.796875
20,0.928296,0.502345,10132.284180
21,0.597436,0.526310,11313.533203
22,0.605818,0.574930,11596.375000
23,0.673498,0.574196,11812.671875
24,0.562137,0.471545,12045.593750
25,0.690543,0.593321,12644.560547
26,0.521969,0.653829,12993.955078
27,0.487276,0.596290,13376.599609
28,0.443078,0.574315,13642.840820
29,0.419673,0.562699,13809.218750
30,0.425890,0.601111,14025.454102
31,0.425498,0.640638,14158.600586
32,0.465373,0.624216,14491.314453
33,0.399159,0.479417,14824.074219
34,0.340071,0.507408,15173.446289
35,0.330224,0.468995,15323.208008
36,0.334744,0.423175,15622.682617
37,0.460018,0.457568,15838.962891
38,0.487311,0.458579,16038.620117
39,0.418185,0.690181,16388.017578
40,0.434110,0.721294,16571.019531
41,0.421550,0.673368,16837.222656
42,0.560970,0.707533,17336.359375
43,0.629213,0.648204,17818.828125
44,0.606804,0.575378,18101.695312
45,0.592854,0.524565,18351.253906
46,0.651099,0.474190,18567.585938
47,0.672894,0.602410,18900.324219
48,0.659391,0.566015,19249.673828
49,0.674470,0.579946,19399.417969
50,0.640296,0.517363,19865.271484
51,0.775604,0.660839,20430.933594
52,0.779897,0.675615,20697.152344
53,0.772820,0.687770,21113.066406
54,0.802339,0.705982,21346.011719
55,0.853022,0.644527,21562.345703
56,0.830727,0.532796,21761.935547
57,0.843502,0.393768,22410.802734
58,0.835066,0.350537,22643.722656
59,0.793260,0.385383,22993.117188
60,0.953357,0.521360,23691.939453
61,0.940117,0.489360,23974.730469
62,0.889902,0.546272,24191.019531
63,0.891117,0.524700,24407.355469
64,0.865594,0.522464,24706.832031
0,0.746481,0.503744,0.004087
1,0.738235,0.480119,366.040100
2,0.815964,0.852741,1946.565186
3,0.839825,0.959475,2445.729248
4,0.732024,0.973197,2595.399658
5,0.600561,0.973289,2761.824463
6,0.581585,0.965869,2961.518799
7,0.657841,0.942905,3177.777100
8,0.716841,0.931977,3377.494141
9,0.968459,0.717159,4359.050781
10,0.978374,0.725784,4758.390137
11,0.988577,0.724119,4924.707031
12,0.963494,0.595323,5174.270020
13,0.945430,0.550142,5373.890625
14,0.936322,0.491331,5523.672852
15,0.931014,0.462226,5823.088379
16,0.929688,0.499454,6039.435059
17,0.937365,0.493073,6172.542969
18,0.083505,0.530008,7253.931641
19,0.085448,0.515095,7603.372070
20,0.076401,0.532222,7952.779297
21,0.082394,0.597876,8418.603516
22,0.125924,0.738206,8950.953125
23,0.150110,0.750578,9150.666016
24,0.144911,0.765115,9533.337891
25,0.076496,0.551685,9749.686523
26,0.073032,0.518625,9932.669922
27,0.992308,0.513831,10381.811523
28,0.971394,0.503715,10631.422852
29,0.901370,0.508983,10930.921875
30,0.894821,0.491857,11080.625000
31,0.888989,0.488393,11662.912109
32,0.917278,0.522364,11846.010742
33,0.925013,0.524081,12211.977539
34,0.072979,0.501365,12777.717773
35,0.069653,0.504831,12960.675781
36,0.068581,0.507728,13043.880859
37,0.972922,0.299126,13759.280273
38,0.913576,0.348681,14075.344727
39,0.839943,0.382068,14391.548828
40,0.872903,0.544886,14840.671875
41,0.778087,0.642259,15323.191406
42,0.773979,0.682189,15522.871094
43,0.620290,0.564988,16088.493164
44,0.588018,0.533336,16254.993164
45,0.592576,0.522089,16371.333984
46,0.570780,0.542440,16604.289062
47,0.628237,0.476997,17070.222656
48,0.655152,0.456660,17269.794922
49,0.674056,0.411340,17569.226562
50,0.676521,0.392256,17752.248047
51,0.707166,0.505644,18134.988281
52,0.761499,0.737019,18634.087891
53,0.754192,0.763731,18900.310547
54,0.757525,0.676694,19099.962891
55,0.748401,0.626848,19249.650391
56,0.871928,0.592177,20065.009766
57,0.846725,0.581698,20264.582031
58,0.738870,0.505866,20447.535156
59,0.722712,0.467151,20647.263672
60,0.695991,0.460223,20946.654297
61,0.446733,0.637215,21944.923828
62,0.443516,0.674704,22177.851562
63,0.429762,0.736203,22510.589844
64,0.306895,0.804325,22909.917969
65,0.285193,0.596038,23259.304688
66,0.300315,0.502253,23442.318359
67,0.225099,0.502018,23758.453125
68,0.184891,0.543864,24091.197266
69,0.185489,0.594131,24257.546875
70,0.201885,0.522589,24640.216797
0,0.738475,0.540826,183.108612
1,0.829459,0.576932,382.758636
2,0.840480,0.669437,632.343750
3,0.836527,0.775140,881.819214
4,0.815552,0.842133,1048.234253
5,0.943566,0.453114,2179.632324
6,0.944105,0.468967,2379.290039
7,0.089609,0.509726,2828.463867
8,0.090861,0.523360,2994.841309
9,0.077670,0.865215,3394.144287
10,0.010884,0.921563,3543.871582
11,0.961250,0.923718,3810.157715
12,0.812842,0.963193,3993.060303
13,0.814232,0.961109,4708.541992
14,0.975637,0.994391,4858.245605
15,0.725605,0.975141,5074.544434
16,0.781157,0.953073,5207.693848
17,0.927044,0.502138,6521.990723
18,0.115580,0.305578,7520.239258
19,0.272844,0.487644,8268.976562
20,0.305668,0.501634,8451.939453
21,0.303748,0.502324,8634.945312
22,0.414973,0.496694,9017.666016
23,0.448470,0.542990,9217.265625
24,0.445955,0.545348,9416.938477
25,0.476866,0.634851,9716.403320
26,0.488539,0.664225,9899.449219
27,0.521942,0.669582,10282.077148
28,0.583293,0.543402,10548.274414
29,0.579505,0.515649,10731.278320
30,0.548804,0.618653,11080.696289
31,0.441659,0.569560,11363.561523
32,0.402797,0.540589,11613.092773
33,0.210450,0.683015,12644.651367
34,0.189824,0.641881,12860.896484
35,0.097827,0.573997,13243.649414
36,0.050947,0.484668,13526.420898
37,0.049749,0.493355,13859.188477
38,0.944213,0.506145,14208.541016
39,0.939488,0.504274,14341.660156
40,0.922325,0.470858,14508.043945
41,0.846041,0.564173,15057.148438
42,0.791720,0.643613,15439.714844
43,0.761362,0.656942,15606.125977
44,0.749996,0.659346,15889.050781
45,0.752364,0.659420,16121.889648
46,0.689288,0.116394,17436.291016
47,0.709779,0.081087,17685.794922
48,0.898231,0.251238,18334.656250
49,0.956590,0.477749,18850.451172
50,0.998127,0.515569,19033.472656
51,0.999388,0.519935,19133.302734
52,0.084064,0.543003,19449.419922
53,0.071098,0.541145,19748.882812
54,0.981448,0.521973,20015.091797
55,0.979837,0.518840,20447.685547
56,0.924182,0.517993,21063.285156
57,0.890010,0.527287,21379.388672
58,0.859824,0.562727,21795.328125
59,0.853014,0.577140,22161.308594
60,0.795224,0.609406,22344.380859
61,0.761592,0.662489,22544.082031
62,0.754254,0.645173,22860.125000
63,0.739792,0.560001,23026.460938
64,0.748895,0.541775,23209.529297
65,0.830716,0.516534,23592.181641
66,0.840501,0.537362,24074.742188
67,0.841514,0.522398,24424.078125
0,0.749062,0.680501,349.397034
1,0.809507,0.766397,865.287537
2,0.847744,0.801265,1064.840210
3,0.835973,0.878746,1314.387207
4,0.843663,0.940754,1480.752930
5,0.839084,0.965711,1663.768921
6,0.911723,0.611556,2545.556885
7,0.926732,0.428252,2795.129150
8,0.930418,0.392529,3028.038330
9,0.929685,0.407518,3127.848389
10,0.926157,0.420590,3760.099365
11,0.924712,0.413072,3926.504395
12,0.064829,0.467046,4259.210938
13,0.067660,0.478399,4375.676758
14,0.093313,0.862366,5091.081055
15,0.038575,0.418615,5856.424805
16,0.964319,0.492866,6338.910156
17,0.109369,0.917641,7303.931641
18,0.153515,0.941480,7470.296387
19,0.189387,0.942252,7669.927246
20,0.216632,0.912021,7919.482910
21,0.175532,0.861386,8435.264648
22,0.831788,0.943521,9799.550781
23,0.791041,0.961664,9932.646484
24,0.762805,0.982521,10065.741211
25,0.657211,0.770881,10298.658203
26,0.066802,0.892635,10714.606445
27,0.536164,0.815784,12361.722656
28,0.534893,0.475635,13992.226562
29,0.545002,0.492985,14208.493164
30,0.545098,0.510047,14341.594727
31,0.556593,0.513810,14441.419922
32,0.645769,0.571845,14807.452148
33,0.671754,0.589119,15090.288086
34,0.766634,0.730182,15739.197266
35,0.719121,0.438028,16704.160156
36,0.723607,0.426550,16820.587891
37,0.718077,0.308145,17020.253906
38,0.495115,0.415177,18118.341797
39,0.414302,0.505224,18384.546875
40,0.418983,0.456031,18617.455078
41,0.421261,0.648366,18867.017578
42,0.455745,0.613862,19183.191406
43,0.459608,0.610661,19632.367188
44,0.558467,0.626157,19898.566406
45,0.553203,0.624311,19998.378906
46,0.574944,0.580169,20364.410156
47,0.533984,0.590957,20930.121094
48,0.378368,0.517503,21445.853516
49,0.384401,0.512689,21628.869141
50,0.298781,0.662939,22044.798828
51,0.295728,0.739609,22327.689453
52,0.216507,0.656573,22860.039062
53,0.218455,0.496340,23142.878906
54,0.293766,0.587571,23409.085938
55,0.294736,0.590397,23675.283203
56,0.307796,0.602072,23924.843750
57,0.266734,0.739915,24307.521484
58,0.277535,0.589650,24756.730469
0,0.694238,0.467073,365.987030
1,0.876770,0.900167,2262.723389
2,0.833407,0.924201,2512.200439
3,0.840708,0.935586,2745.117676
4,0.444646,0.691139,4292.399414
5,0.440629,0.614572,4525.342285
6,0.433026,0.503838,4924.660156
7,0.469723,0.463699,5207.483398
8,0.529738,0.444684,5440.422852
9,0.652633,0.494050,6205.731445
10,0.665186,0.523423,6438.728516
11,0.818958,0.543752,7187.354980
12,0.944626,0.481884,7886.150391
13,0.068702,0.524107,8451.823242
14,0.067382,0.514079,8684.730469
15,0.256788,0.501233,10348.502930
16,0.266719,0.504034,10697.915039
17,0.267506,0.466240,10914.200195
18,0.244441,0.478273,11163.745117
19,0.225093,0.533893,11446.606445
20,0.201799,0.547610,11646.269531
21,0.219354,0.626210,11945.711914
22,0.191979,0.559935,12211.911133
23,0.798132,0.611363,14341.536133
24,0.790943,0.692212,14541.175781
25,0.784389,0.709168,14674.271484
26,0.773535,0.692300,14840.658203
27,0.732485,0.588395,15106.864258
28,0.646209,0.617557,15373.044922
29,0.634192,0.635191,15605.982422
30,0.544658,0.517642,16088.502930
31,0.506659,0.474962,16354.680664
32,0.438761,0.533161,16670.822266
33,0.415221,0.456106,16920.351562
34,0.424560,0.444779,17136.625000
35,0.369147,0.555925,17319.656250
36,0.220050,0.530051,18084.972656
37,0.196826,0.548981,18234.712891
38,0.189887,0.499917,18584.115234
39,0.260684,0.493986,18933.488281
40,0.278023,0.463281,19133.146484
41,0.277700,0.454078,19465.894531
42,0.315715,0.409839,19748.732422
43,0.318808,0.398943,19915.130859
44,0.330564,0.380228,20064.849609
45,0.330339,0.381811,20397.595703
46,0.336350,0.402325,20680.441406
47,0.374036,0.367859,21162.964844
48,0.414550,0.399200,21711.962891
49,0.430305,0.458046,22227.751953
50,0.427704,0.453965,22460.701172
51,0.445802,0.448838,22693.601562
0,0.771565,0.645542,399.286163
1,0.798497,0.638218,582.361328
2,0.819187,0.877680,1780.230957
3,0.686116,0.907292,2046.476562
4,0.671308,0.948788,2545.530518
5,0.547850,0.884584,2811.798340
6,0.558244,0.896331,2911.538574
7,0.647613,0.867530,3077.928955
8,0.505390,0.860335,3327.511719
9,0.475617,0.855680,3543.795410
10,0.419537,0.529642,5573.573730
11,0.362639,0.537925,5856.395020
12,0.300163,0.564653,6155.928711
13,0.317651,0.635409,6555.154297
14,0.290977,0.661217,6804.731934
15,0.392978,0.603262,7054.387207
16,0.393645,0.595904,7287.255371
17,0.261365,0.521290,7570.094727
18,0.222478,0.579455,7753.099121
19,0.205123,0.633898,7919.505371
20,0.285590,0.452594,8352.021484
21,0.247349,0.462912,8767.994141
22,0.241678,0.459455,8950.969727
23,0.071692,0.569671,9516.739258
24,0.057082,0.528662,9649.878906
25,0.051381,0.519859,9932.666016
26,0.055285,0.505786,10248.790039
27,0.126095,0.271780,10697.951172
28,0.118451,0.271529,10797.840820
29,0.022234,0.234854,11047.317383
30,0.034880,0.231673,11163.800781
31,0.209644,0.233295,11529.846680
32,0.218720,0.136154,11845.975586
33,0.165302,0.092158,12345.083984
34,0.206411,0.155242,13093.775391
35,0.226226,0.142670,13276.794922
36,0.217537,0.278462,13709.332031
37,0.466569,0.429704,14324.908203
38,0.382673,0.533879,14824.077148
39,0.421033,0.526750,15057.014648
40,0.489458,0.424706,15572.820312
41,0.429837,0.422347,15922.152344
42,0.403787,0.457140,16155.085938
43,0.478274,0.611097,16437.892578
44,0.449118,0.651021,16654.230469
45,0.412353,0.656274,16887.134766
46,0.668375,0.515634,18118.345703
47,0.724331,0.535386,18484.314453
48,0.682105,0.571552,18700.617188
49,0.674404,0.572038,18950.197266
50,0.848762,0.675499,19698.867188
51,0.856825,0.676022,19848.634766
52,0.788585,0.437848,20064.916016
53,0.789719,0.420442,20198.021484
54,0.830814,0.341346,20780.355469
55,0.576265,0.532428,22144.615234
56,0.531711,0.527599,22344.277344
57,0.552229,0.497565,22810.179688
58,0.543631,0.491489,23092.978516
59,0.441055,0.559002,23309.248047
60,0.430007,0.512068,23675.275391
61,0.404087,0.495279,24390.660156
62,0.466277,0.420428,24806.632812
0,0.738896,0.773092,50.019547
1,0.769837,0.725718,366.138641
2,0.688817,0.967853,1081.488525
3,0.620217,0.987677,1231.234619
4,0.947270,0.478293,1963.354370
5,0.946415,0.482892,2179.639404
6,0.056558,0.449971,3993.096680
7,0.056857,0.446763,4142.853516
8,0.059639,0.449108,4242.655273
9,0.125306,0.727400,4824.968262
10,0.094920,0.796602,5157.700684
11,0.937426,0.830461,5457.230469
12,0.924436,0.851467,5623.555664
13,0.247338,0.963854,5889.791504
14,0.426549,0.981689,7636.717773
15,0.420856,0.945307,7803.176270
16,0.040045,0.465315,8751.433594
17,0.940729,0.479751,9084.168945
18,0.934349,0.328126,9466.860352
19,0.221613,0.556298,11346.887695
20,0.341242,0.618321,12029.018555
21,0.381409,0.717421,12361.767578
22,0.379815,0.731914,12494.882812
23,0.510087,0.745535,13276.831055
24,0.502462,0.601749,13692.798828
25,0.482821,0.537775,14125.410156
26,0.483092,0.513005,14258.580078
27,0.596146,0.460781,14840.832031
28,0.566773,0.273992,15622.779297
29,0.501687,0.108575,16304.876953
30,0.662219,0.405389,17303.148438
31,0.625892,0.383295,17652.535156
32,0.621329,0.365104,17752.376953
33,0.066735,0.353819,20647.292969
34,0.071562,0.368019,20980.060547
35,0.048393,0.239245,21296.175781
36,0.179112,0.362372,22577.257812
37,0.187976,0.343139,22776.943359
38,0.198172,0.529058,23409.189453
39,0.219701,0.493282,24424.062500
40,0.217263,0.503011,24573.880859
41,0.221797,0.485389,24790.070312
0,0.817878,0.615308,382.654480
1,0.849558,0.669272,615.587036
2,0.881309,0.654937,815.331482
3,0.908980,0.610623,1114.722900
4,0.933537,0.592550,1364.359375
5,0.940966,0.606770,1647.134888
6,0.937204,0.615144,1913.359985
7,0.938546,0.571256,2362.596436
8,0.937494,0.576220,2811.759277
9,0.848713,0.739974,3111.272705
10,0.823186,0.811151,3277.674805
11,0.799398,0.853303,3577.193848
12,0.958166,0.833152,4525.481445
13,0.955395,0.475890,4858.216797
14,0.952804,0.486009,5041.264648
15,0.946569,0.557149,5373.933105
16,0.948188,0.487755,5640.178711
17,0.921690,0.460050,6039.497070
18,0.893526,0.512975,6338.920898
19,0.947124,0.520326,6621.756836
20,0.945128,0.481288,6954.516602
21,0.943487,0.469257,7154.160156
22,0.073548,0.595530,7453.673340
23,0.067698,0.591033,7636.661621
24,0.991017,0.563846,8152.449219
25,0.934465,0.479970,8418.625000
26,0.935014,0.451803,8585.037109
27,0.951663,0.309043,9067.485352
28,0.933680,0.479656,9400.255859
29,0.061716,0.585647,9816.177734
30,0.060412,0.606112,10065.762695
31,0.997768,0.600815,10564.871094
32,0.990600,0.535712,10797.815430
33,0.150477,0.338746,11363.494141
34,0.146336,0.218984,11646.321289
35,0.205152,0.544625,12062.253906
36,0.260427,0.559397,12561.426758
37,0.294487,0.552029,12960.691406
38,0.320680,0.600010,13276.828125
39,0.240935,0.702202,13576.270508
40,0.225096,0.617215,13975.594727
41,0.203861,0.599696,14308.332031
42,0.181566,0.551685,14574.581055
43,0.163882,0.546723,15023.765625
44,0.047826,0.581431,15439.697266
45,0.043596,0.568868,16171.788086
46,0.920511,0.501781,16504.498047
47,0.917161,0.499966,17053.544922
48,0.931970,0.508913,17386.308594
49,0.944863,0.562719,17768.974609
50,0.938446,0.557036,18085.087891
51,0.923667,0.526938,18301.355469
52,0.774555,0.476172,18501.015625
53,0.724496,0.515273,18750.570312
54,0.696704,0.545375,19199.802734
55,0.642490,0.567136,19432.728516
56,0.626130,0.563495,19632.371094
57,0.602879,0.525420,19981.765625
58,0.553473,0.682087,20846.917969
59,0.546746,0.509953,21296.150391
60,0.632163,0.563799,21944.992188
61,0.631689,0.563532,22044.816406
62,0.392525,0.475196,23176.158203
63,0.398472,0.433911,23508.955078
64,0.406715,0.381577,23725.207031
65,0.400258,0.730373,24274.242188
0,0.755890,0.571326,598.939331
1,0.790551,0.699165,1247.865845
2,0.802262,0.748340,1447.428833
3,0.817904,0.773639,1613.837036
4,0.784194,0.684977,1996.477783
5,0.887762,0.603709,2445.694092
6,0.943109,0.476127,3011.411621
7,0.993448,0.496469,3560.398438
8,0.885600,0.549814,3943.081055
9,0.863925,0.297168,4492.122070
10,0.827323,0.499274,5224.178711
11,0.598914,0.577160,6122.609375
12,0.592863,0.531927,6372.180176
13,0.632411,0.496067,6754.876953
14,0.668966,0.489587,7270.611816
15,0.591444,0.659608,8069.211426
16,0.525648,0.544807,8551.682617
17,0.456664,0.579480,8901.081055
18,0.415118,0.663062,9217.177734
19,0.421386,0.667219,9350.288086
20,0.381082,0.575059,9549.958984
21,0.347237,0.516166,9816.134766
22,0.318999,0.451354,10065.716797
23,0.297506,0.430569,10381.827148
24,0.228843,0.524542,10648.037109
25,0.189974,0.548784,10847.685547
26,0.210248,0.580848,11180.470703
27,0.227907,0.595008,11496.556641
28,0.300003,0.590817,11862.571289
29,0.380429,0.381381,12661.171875
30,0.432602,0.424578,12993.924805
31,0.430746,0.526343,13176.934570
32,0.440454,0.561401,13409.856445
33,0.420759,0.581062,13576.226562
34,0.422907,0.594105,13825.799805
35,0.446510,0.697374,14075.372070
36,0.457435,0.697684,14308.299805
37,0.494504,0.623157,14624.398438
38,0.450687,0.674629,14857.328125
39,0.655416,0.532450,16071.904297
40,0.674222,0.487234,16421.281250
41,0.643137,0.480262,16737.376953
42,0.623271,0.475311,17070.125000
43,0.632938,0.511267,17436.152344
44,0.613476,0.543707,17718.996094
45,0.612046,0.552977,17868.763672
46,0.607360,0.527811,18168.210938
47,0.572752,0.520793,18550.884766
48,0.574557,0.502616,18667.337891
49,0.555981,0.565789,19299.570312
50,0.523325,0.553988,19648.998047
51,0.524288,0.528787,19848.605469
52,0.474615,0.495395,20347.744141
53,0.462027,0.473775,20514.117188
54,0.504003,0.455074,20863.494141
55,0.517383,0.407387,21229.546875
56,0.495999,0.460040,21678.750000
57,0.462760,0.467503,22294.335938
58,0.467337,0.486977,22660.361328
59,0.488938,0.441628,23059.673828
60,0.482777,0.338675,23342.509766
61,0.452063,0.391461,23874.914062
62,0.408024,0.442408,24141.119141
63,0.404983,0.464406,24473.867188
64,0.413498,0.541821,24723.429688
65,0.405194,0.597478,24839.898438
0,0.858151,0.807223,3493.986084
1,0.998195,0.535724,4226.041016
2,0.103503,0.605094,4775.136719
3,0.133384,0.599682,5007.981445
4,0.082643,0.613071,5374.052734
5,0.076243,0.616977,5590.280762
6,0.088002,0.678123,5806.605957
7,0.442233,0.600587,7536.927734
8,0.435398,0.617063,7853.112305
9,0.385245,0.663758,8069.291504
10,0.273322,0.792487,8318.931641
11,0.255038,0.498302,9649.941406
12,0.292858,0.694878,9982.652344
13,0.205893,0.669023,10198.935547
14,0.086078,0.584022,11197.226562
15,0.090676,0.641664,11396.830078
16,0.682166,0.552019,12910.855469
17,0.648495,0.502312,13776.010742
18,0.647290,0.507533,13859.214844
19,0.796416,0.752568,14391.577148
20,0.787044,0.740616,14624.546875
21,0.774783,0.684326,14924.041992
22,0.760545,0.659018,15173.542969
23,0.368702,0.628680,16454.636719
24,0.313977,0.546988,16687.566406
25,0.374001,0.474882,17020.335938
26,0.376281,0.471897,17103.595703
27,0.326838,0.430088,17286.541016
28,0.262204,0.431522,17502.800781
29,0.205298,0.495990,17852.244141
30,0.214677,0.504379,17952.003906
31,0.274055,0.587008,18218.320312
32,0.319894,0.590237,18384.597656
33,0.321222,0.582715,18484.435547
34,0.339652,0.127626,21063.283203
35,0.892809,0.160810,21778.714844
36,0.874574,0.180451,22044.910156
37,0.931192,0.340398,23043.115234
38,0.936641,0.332400,23242.777344
39,0.839489,0.240152,23658.738281
40,0.833815,0.358855,24091.322266
41,0.831669,0.369841,24257.755859
42,0.686908,0.528016,24973.097656
0,0.760163,0.453424,33.315002
1,0.866835,0.968127,915.205750
2,0.232444,0.925151,1164.739502
3,0.906893,0.773311,2013.174438
4,0.939869,0.512988,3527.213867
5,0.981715,0.416807,3876.642578
6,0.976602,0.418463,4176.051270
7,0.972005,0.428630,4325.836914
8,0.963955,0.402400,4525.512207
9,0.082042,0.502185,5207.612305
10,0.077678,0.492288,5373.981934
11,0.079629,0.461137,5557.017090
12,0.068518,0.471235,5773.248535
13,0.985772,0.309241,6222.558594
14,0.914392,0.381047,6472.054688
15,0.875987,0.477750,6721.583496
16,0.786875,0.512807,7204.076172
17,0.704241,0.469761,7437.102051
18,0.601289,0.427941,7936.142578
19,0.517196,0.502291,8751.427734
20,0.461214,0.531855,8967.665039
21,0.372462,0.432066,9816.176758
22,0.346088,0.401188,10099.108398
23,0.286031,0.438888,10381.903320
24,0.257914,0.461609,10648.132812
25,0.262400,0.450180,10764.560547
26,0.266319,0.505419,10964.166992
27,0.190853,0.564440,11330.243164
28,0.188087,0.684592,11596.446289
29,0.203412,0.510097,11862.668945
30,0.280833,0.483963,12494.817383
31,0.288579,0.595663,12844.250000
32,0.377404,0.439057,13043.953125
33,0.475389,0.474332,13742.643555
34,0.543331,0.468588,13975.579102
35,0.861350,0.959505,14824.189453
36,0.660514,0.290787,17769.099609
37,0.945120,0.496050,19000.166016
38,0.961010,0.473339,19249.736328
39,0.912809,0.711535,19532.537109
40,0.944917,0.869647,19931.867188
41,0.882192,0.844071,20297.867188
42,0.885193,0.866664,20664.023438
43,0.883766,0.851518,21246.224609
44,0.888215,0.802964,21495.773438
45,0.077968,0.449606,22211.271484
46,0.080379,0.567010,22610.523438
47,0.065538,0.452750,22776.873047
48,0.061404,0.462745,23059.742188
49,0.142689,0.816913,23342.652344
50,0.181683,0.456103,24091.287109
51,0.221217,0.493458,24407.392578
52,0.192635,0.332909,24956.478516
0,0.739738,0.480072,50.036697
1,0.748176,0.636585,449.269012
2,0.727608,0.813522,1081.487549
3,0.764615,0.947377,1281.155518
4,0.975798,0.703839,3194.512939
5,0.981538,0.742811,3394.180420
6,0.965861,0.706953,3743.517822
7,0.942101,0.467985,4309.201172
8,0.070015,0.492077,5124.387207
9,0.103830,0.696125,5490.449707
10,0.101563,0.702891,5590.297852
11,0.970623,0.764950,5873.179199
12,0.075598,0.506701,6422.177246
13,0.076081,0.497678,6621.834961
14,0.988055,0.518252,6937.966797
15,0.959110,0.559651,7237.403809
16,0.874935,0.553970,7586.749023
17,0.924874,0.450828,7886.283691
18,0.892385,0.285290,8268.911133
19,0.817019,0.234668,8468.574219
20,0.683602,0.245404,8851.235352
21,0.602813,0.198075,9084.186523
22,0.558474,0.134890,9267.202148
23,0.595486,0.792431,10065.774414
24,0.512251,0.900277,10431.854492
25,0.738618,0.981929,10864.372070
26,0.831868,0.987552,11130.618164
27,0.309088,0.909972,11995.820312
28,0.403421,0.520971,12478.210938
29,0.408737,0.509922,12578.032227
30,0.328363,0.511129,12827.594727
31,0.299474,0.571431,13110.435547
32,0.298014,0.569896,13343.377930
33,0.323071,0.650210,13626.202148
34,0.347842,0.683852,13925.690430
35,0.268570,0.514198,14291.737305
36,0.267670,0.508294,14391.527344
37,0.303614,0.458693,14541.262695
38,0.346049,0.430696,14840.746094
39,0.422469,0.574394,15273.342773
40,0.421053,0.511123,15572.813477
41,0.361859,0.534983,16071.939453
42,0.614808,0.541991,16837.255859
43,0.606821,0.550128,16986.992188
44,0.668003,0.575075,17269.869141
45,0.649803,0.633931,17719.060547
46,0.670618,0.617836,18135.041016
47,0.657623,0.519395,18534.298828
48,0.738693,0.567514,18950.230469
49,0.730021,0.353288,19282.992188
50,0.777145,0.316115,19615.765625
51,0.803710,0.629368,19981.769531
52,0.774556,0.703379,20364.425781
53,0.828997,0.760771,20680.548828
54,0.924586,0.689850,20980.019531
55,0.944107,0.555821,21312.761719
56,0.952168,0.468977,21529.074219
57,0.990860,0.581617,21978.289062
58,0.073922,0.526973,22494.052734
59,0.013558,0.562701,22793.539062
60,0.013708,0.635327,23176.199219
61,0.073866,0.504274,23409.107422
62,0.066893,0.512613,23691.964844
63,0.065503,0.508132,24024.701172
64,0.951355,0.471422,24390.753906
0,0.775064,0.432967,149.744797
1,0.942182,0.515435,1114.731445
2,0.952679,0.520515,1264.522095
3,0.881646,0.617188,1830.174683
4,0.867776,0.848124,2329.310059
5,0.930340,0.469865,4392.355957
6,0.944372,0.462677,4525.436035
7,0.952403,0.468098,4691.797363
8,0.061195,0.550260,4941.362793
9,0.704473,0.565171,7869.592773
10,0.944279,0.509721,9167.314453
11,0.778291,0.685198,9766.283203
12,0.225017,0.555527,11363.503906
13,0.294610,0.541923,11629.682617
14,0.327402,0.599374,11995.715820
15,0.395751,0.516949,12361.746094
16,0.401892,0.408139,12594.667969
17,0.227217,0.496274,13210.287109
18,0.202201,0.555494,13493.104492
19,0.226427,0.655539,13842.494141
20,0.357178,0.631022,14391.517578
21,0.404550,0.718881,14657.725586
22,0.503334,0.729079,15007.106445
23,0.538548,0.513791,15289.975586
24,0.618473,0.596480,15722.536133
25,0.641353,0.662569,15938.811523
26,0.597968,0.760961,16221.663086
27,0.619659,0.825014,16437.937500
28,0.653486,0.483970,16920.435547
29,0.573713,0.490372,17386.304688
30,0.575684,0.509150,17502.744141
31,0.580729,0.534904,17768.972656
32,0.588843,0.560770,18018.531250
33,0.275474,0.481047,18867.058594
34,0.203467,0.525723,19099.978516
35,0.205297,0.540943,19199.783203
36,0.636582,0.402419,20064.935547
37,0.649835,0.240811,20580.734375
38,0.645381,0.229923,20697.181641
39,0.052931,0.525889,21778.611328
40,0.054122,0.522999,22061.455078
41,0.083439,0.644215,22360.937500
42,0.941501,0.576799,22643.767578
43,0.918764,0.477692,22843.412109
44,0.943379,0.506263,23009.802734
45,0.064886,0.547997,23375.814453
46,0.060355,0.556854,23492.279297
47,0.042660,0.667009,23791.785156
48,0.956910,0.790163,24074.605469
49,0.941605,0.707280,24440.621094
0,0.875205,0.808593,182.991165
1,0.960828,0.914330,1464.146729
2,0.983834,0.940813,1730.322266
3,0.986503,0.942787,1846.724487
4,0.978559,0.795038,2595.474365
5,0.975224,0.685657,2845.031982
6,0.924326,0.470879,3294.238281
7,0.935784,0.474420,3493.923096
8,0.075927,0.532879,4458.816406
9,0.071212,0.533571,4708.387207
10,0.072431,0.532883,4874.757324
11,0.063819,0.541428,5457.074219
12,0.118069,0.505927,5690.015137
13,0.228215,0.528529,6488.616699
14,0.252585,0.589194,6804.707520
15,0.236569,0.642656,7253.929688
16,0.312546,0.549428,7753.051270
17,0.309661,0.550718,7886.173340
18,0.329640,0.549113,8085.811035
19,0.325081,0.556105,8202.362305
20,0.918228,0.505636,9217.262695
21,0.900041,0.599659,9500.016602
22,0.871857,0.832412,10098.966797
23,0.822564,0.851945,10531.575195
24,0.583254,0.563192,11430.012695
25,0.561599,0.543951,11646.251953
26,0.483706,0.731669,12195.312500
27,0.411427,0.655514,13376.682617
28,0.379960,0.596515,13542.978516
29,0.435439,0.678456,13709.432617
30,0.345322,0.602612,13875.687500
31,0.342163,0.602586,13992.165039
32,0.320654,0.626439,14208.489258
33,0.322282,0.610389,14341.556641
34,0.332147,0.632854,14574.523438
35,0.290285,0.600329,14940.502930
36,0.214851,0.555176,15406.379883
37,0.198313,0.578538,15655.902344
38,0.200321,0.583417,15822.326172
39,0.190583,0.540882,15955.400391
40,0.404988,0.694205,16937.029297
41,0.365645,0.564926,17219.912109
42,0.416217,0.637799,17552.634766
43,0.743498,0.677716,18617.455078
44,0.772485,0.617408,18983.470703
45,0.820825,0.587329,19382.785156
46,0.838969,0.601021,19715.525391
47,0.843203,0.603495,20114.830078
48,0.889372,0.534006,20414.296875
49,0.914030,0.546135,20730.457031
50,0.931579,0.535629,20996.587891
51,0.941154,0.459842,21262.798828
52,0.940592,0.456859,21512.394531
53,0.991410,0.505321,21795.216797
54,0.065625,0.481155,22211.125000
55,0.077448,0.485632,22444.101562
56,0.069151,0.494363,22677.029297
57,0.086848,0.563731,23059.640625
58,0.063479,0.515835,23292.595703
59,0.090473,0.573607,23592.091797
60,0.058835,0.506696,23974.757812
61,0.077377,0.597303,24357.384766
62,0.095701,0.842102,24906.398438
0,0.695852,0.413421,49.948185
1,0.726448,0.581339,515.781616
2,0.944278,0.444798,1397.554199
3,0.939762,0.445384,1680.393433
4,0.935971,0.447878,1796.888550
5,0.942659,0.426022,2029.770386
6,0.065190,0.521021,2612.126953
7,0.064709,0.504954,2711.999268
8,0.997029,0.504661,3394.109619
9,0.932332,0.418604,3993.015625
10,0.639490,0.966427,4758.349609
11,0.378910,0.980484,5107.783691
12,0.414891,0.479677,6954.576660
13,0.269475,0.514348,7703.237793
14,0.264830,0.436733,7969.424316
15,0.292593,0.436340,8285.595703
16,0.225584,0.622814,8501.843750
17,0.203262,0.689883,8701.489258
18,0.942470,0.486638,10997.463867
19,0.917083,0.711283,11280.269531
20,0.926870,0.727587,11563.095703
21,0.941274,0.722853,11879.222656
22,0.932206,0.455186,12128.873047
23,0.937698,0.460451,12411.612305
24,0.941900,0.446146,12528.119141
25,0.068281,0.482798,13343.347656
26,0.224772,0.558930,14158.603516
27,0.206905,0.660358,14441.399414
28,0.179639,0.939684,15040.355469
29,0.943148,0.743056,15722.540039
30,0.862643,0.486114,16171.757812
31,0.781572,0.576182,16587.755859
32,0.787202,0.737612,16820.675781
33,0.649351,0.630695,17569.330078
34,0.580438,0.573501,17951.994141
35,0.579540,0.551896,18068.435547
36,0.508377,0.498525,18534.382812
37,0.446040,0.568275,18883.697266
38,0.405442,0.551092,19183.220703
39,0.377285,0.470653,19499.283203
40,0.313423,0.459606,19815.443359
41,0.321877,0.463017,19915.251953
42,0.322669,0.440457,20131.462891
43,0.269241,0.490055,20347.781250
44,0.273878,0.476478,20430.941406
45,0.272141,0.473383,20564.072266
46,0.187242,0.529794,21146.365234
47,0.194580,0.549956,21479.130859
48,0.050134,0.488627,22078.093750
49,0.995123,0.515747,22394.242188
50,0.983913,0.519569,22776.910156
51,0.970378,0.510538,22976.554688
52,0.003809,0.506954,23658.630859
53,0.164920,0.508593,24307.541016
54,0.156782,0.425989,24473.898438
0,0.752948,0.671211,1746.863770
1,0.926125,0.453684,2545.506836
2,0.935997,0.452770,2661.950439
3,0.977274,0.593478,3027.961914
4,0.975699,0.584700,3177.704834
5,0.060233,0.539386,3493.805908
6,0.093417,0.527256,4225.937500
7,0.109975,0.531518,4475.510254
8,0.170199,0.687640,5307.294922
9,0.902595,0.527886,6887.898438
10,0.908893,0.511874,7104.183105
11,0.868265,0.599427,7353.784180
12,0.614185,0.538449,8268.808594
13,0.423615,0.440158,9250.470703
14,0.367631,0.500442,9633.117188
15,0.242511,0.472235,10498.277344
16,0.274303,0.528013,10747.815430
17,0.177725,0.551498,11147.110352
18,0.192281,0.665954,11463.202148
19,0.330403,0.733513,12012.308594
20,0.334461,0.723763,12128.755859
21,0.472841,0.791006,12544.710938
22,0.575038,0.627631,13176.953125
23,0.636937,0.515690,13725.934570
24,0.623643,0.312327,14025.461914
25,0.597866,0.218579,14308.240234
26,0.584659,0.556484,14641.021484
27,0.604736,0.542360,14990.430664
28,0.426931,0.491534,15722.460938
29,0.164028,0.583491,16920.349609
30,0.185209,0.696784,17169.992188
31,0.187172,0.708176,17419.564453
32,0.354587,0.426148,18284.671875
33,0.058662,0.553606,20564.037109
34,0.052969,0.547672,20963.318359
35,0.055370,0.624446,21712.015625
36,0.021804,0.750022,22078.087891
37,0.072962,0.460450,22377.498047
38,0.106212,0.479264,22577.191406
39,0.907018,0.473254,23176.140625
40,0.772461,0.746573,24207.609375
41,0.920630,0.689974,24740.009766
42,0.935586,0.715719,24956.318359
