Idx, longitude, latitude, start timestamp
0,0.743278,0.538386,349.375641
1,0.759384,0.597024,565.807800
2,0.761981,0.576255,715.510559
3,0.782589,0.565811,1014.851013
4,0.790814,0.564213,1347.713867
5,0.782809,0.561828,1564.001831
6,0.771290,0.562216,1896.708496
7,0.762543,0.556970,2179.630859
8,0.780316,0.554880,2495.693604
9,0.835848,0.558235,2861.770508
10,0.857901,0.543758,3127.986084
11,0.846109,0.541133,3527.274902
12,0.863182,0.494077,3943.239258
13,0.932262,0.522461,4209.339844
14,0.981848,0.538665,4525.409668
15,0.095222,0.469717,5656.798828
16,0.098068,0.470872,5972.885254
17,0.101493,0.488334,6471.990723
18,0.092695,0.457074,6754.863281
19,0.090616,0.443644,6921.289062
20,0.093841,0.433303,7154.110352
21,0.093297,0.435141,7453.631836
22,0.880773,0.260583,9383.600586
23,0.862529,0.131927,9949.359375
24,0.900229,0.420656,10847.698242
25,0.899428,0.239152,11430.091797
26,0.898273,0.206805,11613.068359
27,0.758708,0.082800,14641.104492
28,0.455977,0.313667,16803.949219
29,0.440443,0.431590,17535.980469
30,0.437334,0.451844,17735.703125
31,0.425239,0.460106,18234.779297
32,0.427561,0.561831,18467.722656
33,0.481005,0.556870,19000.070312
34,0.790230,0.489714,21628.904297
35,0.764812,0.475809,21961.583984
36,0.785119,0.493397,22161.267578
37,0.792367,0.501837,22360.904297
38,0.767455,0.533002,23409.101562
39,0.830895,0.663477,24357.335938
0,0.750261,0.545098,332.828949
1,0.754082,0.563079,515.859985
2,0.760324,0.558717,798.695251
3,0.766721,0.550493,998.280029
4,0.772532,0.550984,1231.092041
5,0.816604,0.595149,1813.500977
6,0.758847,0.561762,2063.097412
7,0.705814,0.309922,3161.061035
8,0.758652,0.297960,3327.565918
9,0.759406,0.284008,3427.395996
10,0.848843,0.519778,4292.445312
11,0.839189,0.510066,4891.457520
12,0.885824,0.213416,6322.271484
13,0.888433,0.164050,6472.120117
14,0.101093,0.502401,7536.807129
15,0.079981,0.499120,8601.679688
16,0.075336,0.517845,8851.216797
17,0.077735,0.530023,8967.659180
18,0.077119,0.527274,9167.250000
19,0.078253,0.533496,9433.538086
20,0.089450,0.526940,9683.120117
21,0.091799,0.530243,9782.856445
22,0.091184,0.511841,10797.930664
23,0.094121,0.523038,11213.742188
24,0.095066,0.530894,11363.453125
25,0.093652,0.533880,11563.096680
26,0.094486,0.533359,11812.742188
27,0.174226,0.473690,12561.320312
28,0.176663,0.399860,12877.432617
29,0.180998,0.352821,13143.733398
30,0.181644,0.283427,13410.000000
31,0.172078,0.233803,13576.339844
32,0.130541,0.166043,14092.106445
33,0.238502,0.381256,14458.092773
34,0.297670,0.643884,15472.977539
35,0.296417,0.650684,16105.167969
36,0.291890,0.654200,16354.756836
37,0.381959,0.452491,16937.037109
38,0.389469,0.270021,17685.740234
39,0.377622,0.185450,17902.070312
40,0.390849,0.501925,18517.613281
41,0.482603,0.506668,18867.042969
42,0.476438,0.328831,19466.056641
43,0.513395,0.173365,19915.244141
44,0.542245,0.194533,20297.826172
45,0.543021,0.446220,20713.833984
46,0.548050,0.561419,21312.734375
47,0.208528,0.529916,23159.583984
48,0.168660,0.535450,23459.037109
49,0.911738,0.517429,24457.328125
50,0.835936,0.506887,24723.447266
0,0.748838,0.520165,16.787697
1,0.748632,0.511833,183.143539
2,0.741476,0.602449,415.991669
3,0.749535,0.606036,565.783936
4,0.771339,0.607501,782.022034
5,0.777306,0.532264,1364.401611
6,0.782586,0.471107,1863.464233
7,0.792861,0.445542,2246.104980
8,0.790717,0.507533,2811.937988
9,0.837623,0.427931,3577.261475
10,0.764610,0.328697,3743.555420
11,0.761644,0.626985,4192.768555
12,0.760226,0.644784,4392.559570
13,0.748391,0.643412,4558.791992
14,0.802438,0.650525,4908.223145
15,0.839268,0.655938,5207.649414
16,0.837807,0.642431,5457.191406
17,0.089410,0.591899,9999.305664
18,0.082447,0.578045,10265.464844
19,0.089175,0.575065,10465.082031
20,0.091974,0.558359,10714.715820
21,0.087089,0.541436,11446.734375
22,0.094275,0.530894,11779.494141
23,0.262111,0.726291,12944.047852
24,0.293295,0.578273,13443.192383
25,0.305143,0.477866,13975.670898
26,0.818110,0.550265,17902.142578
27,0.731332,0.577391,19199.871094
28,0.698856,0.592209,19998.451172
29,0.700227,0.595182,20131.642578
30,0.534139,0.558790,21113.189453
31,0.567782,0.737774,21795.337891
32,0.436774,0.509839,22327.693359
33,0.560610,0.745177,23558.939453
0,0.766085,0.367664,99.729034
1,0.753989,0.519859,365.965240
2,0.758453,0.568404,598.991394
3,0.753008,0.538374,748.563293
4,0.776541,0.543832,1014.863281
5,0.726590,0.164074,1896.721924
6,0.520021,0.132182,2944.812500
7,0.666665,0.030348,3443.926270
8,0.981294,0.018678,3577.082031
9,0.177956,0.029498,3710.204102
10,0.391943,0.030878,3893.132812
11,0.184072,0.087151,4225.955566
12,0.256717,0.033136,4541.963379
13,0.333931,0.035867,4641.694336
14,0.554026,0.234309,4908.014160
15,0.530270,0.249228,5107.561523
16,0.634324,0.383573,6222.270996
17,0.633822,0.389576,6438.679199
18,0.674544,0.363958,6638.300293
19,0.914813,0.192728,8035.713867
20,0.938157,0.083973,9017.389648
21,0.846315,0.088941,10115.430664
22,0.870034,0.100259,10398.333008
23,0.080729,0.484780,12444.738281
24,0.187991,0.609934,13376.309570
25,0.753924,0.616067,15689.012695
26,0.564112,0.814593,17502.468750
27,0.207932,0.668642,19265.984375
28,0.067127,0.484058,20979.615234
29,0.070080,0.484911,21096.060547
0,0.782122,0.695463,99.812630
1,0.782559,0.568075,332.795044
2,0.933158,0.389689,965.025330
3,0.957392,0.488502,1264.457886
4,0.800150,0.575214,1663.714722
5,0.776115,0.574618,1863.459717
6,0.753176,0.569582,2129.550537
7,0.777201,0.557849,2528.909424
8,0.844035,0.549673,2861.660156
9,0.859409,0.548327,3044.695068
10,0.837799,0.301634,3577.038574
11,0.824357,0.266359,3760.062256
12,0.757256,0.270586,4042.893555
13,0.733454,0.284134,4575.264648
14,0.670953,0.392089,4874.748047
15,0.611455,0.480462,5107.711426
16,0.582681,0.503276,5373.823242
17,0.534199,0.503325,5706.581055
18,0.564744,0.621632,5906.327637
19,0.470673,0.505639,6388.833984
20,0.429591,0.508539,6804.658203
21,0.393711,0.544220,7220.581055
22,0.379012,0.553015,7486.823242
23,0.358721,0.545359,7769.626953
24,0.333407,0.478288,8052.557129
25,0.333764,0.432381,8202.298828
26,0.263131,0.556456,8501.727539
27,0.227111,0.537974,8967.628906
28,0.201976,0.493265,9250.332031
29,0.181555,0.499030,9549.850586
30,0.224271,0.356643,9915.807617
31,0.243550,0.484803,10248.585938
32,0.314471,0.553772,10514.901367
33,0.294038,0.614448,10747.779297
34,0.317069,0.624692,10964.087891
35,0.405898,0.599922,11313.451172
36,0.435996,0.569747,11612.959961
37,0.483332,0.522556,11779.280273
38,0.522771,0.505291,12062.117188
39,0.568762,0.534806,12311.699219
40,0.589365,0.707456,12577.969727
41,0.591587,0.743837,12710.995117
42,0.393266,0.573423,13459.700195
43,0.369519,0.552811,13692.594727
44,0.194747,0.550321,14391.403320
45,0.057713,0.516338,14940.333984
46,0.093550,0.504799,15206.564453
47,0.100868,0.498125,15555.886719
48,0.090624,0.493682,16021.748047
49,0.257249,0.515784,16520.867188
50,0.283474,0.475324,16770.509766
51,0.299757,0.438971,17020.072266
52,0.318733,0.424701,17219.664062
53,0.385607,0.452553,17552.507812
54,0.532829,0.393545,18350.921875
55,0.707649,0.292395,20380.750000
56,0.745202,0.299395,20613.664062
57,0.878594,0.496191,22210.832031
58,0.947023,0.631102,22959.572266
59,0.060835,0.461754,23658.292969
60,0.056226,0.469960,23891.296875
61,0.114015,0.493843,24556.775391
62,0.113900,0.500354,24739.765625
0,0.772974,0.654759,149.652893
1,0.782583,0.476947,349.368896
2,0.773410,0.480784,632.196106
3,0.750134,0.485078,1014.875305
4,0.775537,0.480299,1197.938843
5,0.791486,0.484679,1480.736206
6,0.795849,0.467474,1663.770386
7,0.764920,0.471695,1963.226807
8,0.832687,0.498307,2295.968262
9,0.774854,0.429361,2661.985840
10,0.769566,0.458961,2861.617432
11,0.879841,0.448442,3127.874268
12,0.944196,0.375277,3510.476318
13,0.346350,0.039506,4558.774902
14,0.088627,0.469174,6022.812988
15,0.085542,0.455716,6455.353027
16,0.096029,0.439595,6571.860840
17,0.101068,0.396417,6921.206055
18,0.258224,0.497215,7470.304199
19,0.267534,0.443112,7703.215332
20,0.764260,0.471776,8601.648438
21,0.685577,0.439276,8884.377930
22,0.732416,0.446736,9134.038086
23,0.751578,0.458268,9533.266602
24,0.777871,0.395012,12860.842773
25,0.084271,0.518289,14840.713867
26,0.813820,0.222587,16021.910156
27,0.803707,0.468936,16537.830078
28,0.808654,0.476741,16770.705078
29,0.880548,0.418908,17303.019531
30,0.816216,0.540467,19216.390625
31,0.819572,0.550642,19466.003906
32,0.845893,0.411383,19748.724609
33,0.849011,0.560380,20464.222656
34,0.847143,0.547163,20647.250000
35,0.773491,0.575175,20946.751953
36,0.766639,0.560029,21179.628906
37,0.744127,0.565160,21379.197266
38,0.052391,0.125358,24041.294922
39,0.058452,0.084873,24773.292969
0,0.759131,0.417662,199.780869
1,0.738106,0.460772,382.770020
2,0.725820,0.298784,798.702637
3,0.724996,0.227277,948.408997
4,0.722800,0.168669,1114.790894
5,0.730281,0.131889,1314.534058
6,0.722338,0.097677,1547.371338
7,0.660038,0.063027,1730.368530
8,0.874695,0.509242,2728.623779
9,0.924082,0.375864,3211.074219
10,0.891849,0.298919,3394.118652
11,0.550086,0.373329,4658.577637
12,0.377790,0.408902,5307.467773
13,0.348254,0.386657,5623.532227
14,0.324535,0.159271,6089.393066
15,0.338650,0.107144,6339.024902
16,0.255773,0.599128,7553.534668
17,0.198703,0.617001,7753.147949
18,0.204083,0.616409,7969.526367
19,0.259860,0.595621,8385.400391
20,0.298223,0.593178,8668.217773
21,0.208052,0.522679,9034.214844
22,0.182814,0.539490,9416.903320
23,0.182423,0.549117,9549.968750
24,0.264486,0.565067,9799.623047
25,0.314961,0.601595,10015.833008
26,0.255368,0.646460,10448.492188
27,0.220808,0.675236,10797.842773
28,0.091002,0.462440,11346.911133
29,0.064666,0.409367,11829.286133
30,0.084573,0.481967,12045.716797
31,0.088939,0.454070,12444.900391
32,0.064788,0.488947,12944.027344
33,0.092995,0.440426,13360.083984
34,0.102507,0.443708,13609.523438
35,0.104959,0.453516,13759.322266
36,0.103312,0.442488,14008.921875
37,0.087422,0.431677,14158.712891
38,0.090345,0.276617,14408.167969
39,0.072134,0.190771,14591.111328
40,0.078129,0.134799,14807.502930
41,0.074577,0.105769,15240.036133
42,0.130925,0.149017,15622.746094
43,0.212496,0.138100,15888.915039
44,0.613474,0.361283,17352.974609
45,0.777226,0.409377,18085.058594
46,0.789000,0.326652,18317.972656
47,0.758299,0.230954,18501.101562
48,0.728310,0.197888,18700.716797
49,0.728260,0.225033,18833.832031
50,0.882172,0.273586,19033.476562
51,0.896765,0.315750,19316.320312
0,0.753206,0.459099,83.170593
1,0.794781,0.556656,399.298981
2,0.768129,0.571896,865.161804
3,0.782217,0.571819,1181.276367
4,0.794020,0.571799,1630.515869
5,0.844917,0.624236,1896.700195
6,0.844553,0.646923,2379.239502
7,0.863839,0.563771,2678.645020
8,0.872028,0.402203,3094.625000
9,0.861677,0.547990,3344.248047
10,0.851306,0.559905,3510.553711
11,0.908470,0.338170,3959.730225
12,0.899571,0.261280,4159.475098
13,0.872402,0.106950,4625.275391
14,0.049491,0.518172,5507.082031
15,0.045222,0.525075,5606.895508
16,0.102233,0.506152,5773.308105
17,0.089953,0.503518,5922.886230
18,0.957381,0.549356,6372.170898
19,0.949292,0.528318,6621.840332
20,0.864289,0.550665,7120.895508
21,0.873240,0.550716,7370.427734
22,0.104965,0.535346,8235.695312
23,0.101228,0.542832,8551.768555
24,0.108666,0.545911,8767.984375
25,0.101519,0.553388,9466.777344
26,0.132934,0.478285,9816.150391
27,0.090428,0.408305,10331.994141
28,0.060229,0.397332,10598.113281
29,0.074091,0.352683,11163.856445
30,0.590177,0.652690,13126.993164
31,0.436633,0.527479,14774.166016
32,0.467559,0.439428,15173.489258
33,0.300986,0.257367,15839.007812
34,0.261795,0.243206,16055.236328
35,0.517571,0.515529,16987.050781
36,0.221585,0.588589,18018.414062
37,0.270347,0.643518,18318.009766
38,0.314781,0.658286,18700.582031
39,0.313830,0.652592,18900.306641
40,0.252756,0.555482,19399.392578
41,0.215121,0.555157,19632.300781
42,0.970746,0.595313,20564.087891
43,0.104476,0.542742,21279.386719
44,0.099354,0.543749,21662.138672
45,0.139565,0.470485,22011.472656
46,0.183125,0.428231,22261.005859
47,0.252948,0.460569,22543.833984
48,0.259491,0.505887,22826.730469
49,0.261403,0.655061,23542.152344
50,0.286702,0.693970,23974.685547
51,0.245778,0.683893,24124.474609
52,0.304936,0.673917,24373.992188
53,0.424567,0.885513,24956.347656
0,0.749036,0.339246,382.615631
1,0.747559,0.544219,781.908020
2,0.758979,0.589463,1380.843994
3,0.754228,0.574514,1480.700439
4,0.753466,0.564127,1630.450562
5,0.766092,0.558871,2229.362793
6,0.782240,0.556992,2761.803955
7,0.781523,0.554939,3410.656494
8,0.780005,0.582581,4059.500244
9,0.737304,0.573191,4358.984375
10,0.717848,0.572213,4525.380859
11,0.741257,0.521371,4774.933594
12,0.753963,0.501634,4957.933105
13,0.815220,0.466382,5240.784180
14,0.847205,0.504277,5440.424316
15,0.847945,0.552673,5689.987305
16,0.848844,0.540886,5789.854004
17,0.878012,0.553434,6172.499512
18,0.876759,0.496957,6488.604492
19,0.914983,0.494408,6654.993164
20,0.916158,0.480213,6754.785156
21,0.936014,0.554319,7420.283691
22,0.971298,0.553755,7869.530762
23,0.983666,0.536552,8152.345703
24,0.994768,0.526554,8501.742188
25,0.001751,0.469479,8767.945312
26,0.020473,0.456383,9084.049805
27,0.039659,0.474221,9383.528320
28,0.018493,0.435575,9982.497070
29,0.990301,0.415701,10148.890625
30,0.966267,0.320989,10381.822266
31,0.909746,0.248391,10598.107422
32,0.880385,0.206560,10814.354492
33,0.865962,0.178197,11014.054688
34,0.853016,0.144947,11197.038086
35,0.840866,0.131733,11413.313477
36,0.821366,0.116068,11563.065430
37,0.769790,0.119183,11779.345703
38,0.739334,0.150897,11979.024414
39,0.735843,0.187102,12195.274414
40,0.757214,0.202324,12378.307617
41,0.767413,0.215100,12577.974609
42,0.630976,0.182034,12827.518555
43,0.600022,0.162026,13027.196289
44,0.654994,0.202423,13542.945312
45,0.694740,0.194405,14092.019531
46,0.564857,0.155932,14524.535156
47,0.637115,0.096049,14807.394531
48,0.686149,0.116306,15040.304688
49,0.604307,0.098872,15239.994141
50,0.538998,0.180466,15872.205078
51,0.269681,0.319308,17752.238281
52,0.276721,0.346835,17935.265625
53,0.234465,0.381454,18384.511719
54,0.236913,0.427288,18733.873047
55,0.225840,0.385294,18983.443359
56,0.235941,0.486588,19881.857422
57,0.232895,0.509584,20064.861328
58,0.224912,0.652113,20514.089844
59,0.272579,0.471463,20796.939453
60,0.261545,0.458034,21129.687500
61,0.249703,0.494518,21379.242188
62,0.244330,0.513170,21495.734375
63,0.221636,0.674673,21878.414062
64,0.242893,0.663077,22161.201172
65,0.268072,0.524564,22410.769531
66,0.298533,0.441279,22627.076172
67,0.302038,0.369831,22876.619141
68,0.357915,0.513614,23558.796875
69,0.358686,0.563404,24141.064453
0,0.722485,0.541229,266.367798
1,0.742348,0.187718,998.241394
2,0.493061,0.119618,1880.177002
3,0.437614,0.137906,2046.530762
4,0.450482,0.126629,2129.650635
5,0.562753,0.137820,2329.217041
6,0.554654,0.113552,2645.392334
7,0.597091,0.096908,2928.205811
8,0.480162,0.045600,3277.575928
9,0.847882,0.658095,4558.803223
10,0.902052,0.678150,4824.980957
11,0.934359,0.694805,4991.310059
12,0.957861,0.683583,5157.684570
13,0.085301,0.632124,6355.559570
14,0.040186,0.351308,7071.086914
15,0.080003,0.187482,8069.254883
16,0.998583,0.703890,8601.608398
17,0.340296,0.258289,11579.710938
18,0.346052,0.649047,12511.462891
19,0.179264,0.462680,15522.901367
20,0.580607,0.075272,19965.025391
21,0.288597,0.032403,20663.916016
22,0.321324,0.031922,20863.566406
23,0.267030,0.045797,21163.060547
24,0.209387,0.047998,21395.875000
25,0.377207,0.013706,21828.548828
26,0.407497,0.055747,21978.296875
27,0.587480,0.048376,22327.625000
28,0.587464,0.745787,24989.621094
0,0.738466,0.469809,332.877319
1,0.743748,0.556206,499.262115
2,0.772558,0.486277,1114.833130
3,0.778119,0.500551,1447.545166
4,0.777620,0.514154,1663.931641
5,0.832254,0.584066,2046.579102
6,0.864827,0.424835,2612.307617
7,0.862055,0.447860,2861.749756
8,0.885680,0.210365,3726.927490
9,0.729146,0.564793,4508.851562
10,0.706132,0.573703,4908.211914
11,0.672211,0.682490,5191.008301
12,0.537719,0.800299,6106.156738
13,0.202130,0.033993,7204.149414
14,0.164194,0.076473,7353.892578
15,0.184055,0.082903,7536.894531
16,0.213580,0.072006,7819.842773
17,0.149203,0.138912,8036.106934
18,0.076992,0.047088,8651.695312
19,0.183210,0.011850,8917.887695
20,0.044366,0.060100,9184.094727
21,0.042561,0.104456,9483.498047
22,0.146464,0.068917,9849.580078
23,0.071993,0.114421,10481.757812
24,0.229836,0.067714,10781.280273
25,0.234456,0.516848,12445.058594
26,0.219259,0.482044,12711.233398
27,0.224470,0.389486,12894.252930
28,0.259621,0.378957,13143.827148
29,0.301367,0.594379,13676.182617
30,0.092546,0.450812,14691.126953
31,0.086826,0.455093,14990.571289
32,0.086003,0.454272,15107.073242
33,0.097152,0.455354,15339.969727
34,0.085288,0.459424,16038.750000
35,0.099530,0.476110,17220.017578
36,0.069935,0.520171,18251.564453
37,0.078906,0.515321,18484.435547
38,0.012936,0.168200,19033.539062
39,0.017536,0.173026,19199.892578
40,0.157925,0.171887,19832.128906
41,0.194686,0.154939,19965.226562
42,0.400927,0.496961,20780.447266
43,0.520844,0.509576,21312.865234
44,0.559441,0.532324,21628.947266
45,0.586088,0.694696,21812.019531
46,0.570371,0.649792,22793.566406
47,0.781593,0.518414,23492.455078
48,0.828985,0.571711,23958.318359
49,0.829368,0.617039,24241.087891
50,0.832159,0.592185,24523.917969
0,0.745675,0.632010,282.857727
1,0.780605,0.563627,848.656921
2,0.782436,0.546860,1380.968018
3,0.873332,0.534291,1730.377808
4,0.817756,0.652344,2296.082764
5,0.838096,0.562758,2545.618408
6,0.860894,0.400231,2761.816650
7,0.921452,0.345926,3261.007080
8,0.920295,0.284877,3593.734619
9,0.880016,0.260238,3826.682617
10,0.832834,0.224990,4042.936279
11,0.840639,0.156530,4242.670898
12,0.855545,0.199493,4775.029785
13,0.893176,0.178938,5008.013672
14,0.726829,0.326844,5324.030273
15,0.663765,0.325981,5690.115234
16,0.625271,0.085865,5972.894531
17,0.606205,0.054826,6322.255371
18,0.380080,0.026912,6771.562500
19,0.001558,0.135208,7170.985840
20,0.947583,0.252319,7470.231934
21,0.087298,0.545835,8618.373047
22,0.136971,0.565631,8901.149414
23,0.103041,0.607834,9167.328125
24,0.091373,0.603977,9550.017578
25,0.096967,0.593416,9683.135742
26,0.250934,0.631362,10232.215820
27,0.299668,0.669492,10531.613281
28,0.320231,0.685834,10814.425781
29,0.221401,0.350225,11230.416016
30,0.159560,0.228708,11646.302734
31,0.144312,0.131069,11979.061523
32,0.237742,0.135240,12212.054688
33,0.301294,0.145766,12511.521484
34,0.337499,0.166912,12727.803711
35,0.375580,0.391898,13060.503906
36,0.428854,0.460387,13676.170898
37,0.426268,0.446284,13775.916016
38,0.465672,0.399162,14042.119141
39,0.485016,0.318599,14341.625977
40,0.475350,0.256073,14674.366211
41,0.169040,0.058521,15672.577148
42,0.115784,0.075147,15872.261719
43,0.141835,0.123185,16204.972656
44,0.424806,0.041828,16887.199219
45,0.667126,0.043380,17153.365234
46,0.033533,0.140275,17902.107422
47,0.237989,0.684915,22028.113281
48,0.239705,0.678594,22261.128906
0,0.763885,0.540162,349.432465
1,0.767980,0.547499,499.113678
2,0.789688,0.539536,715.433838
3,0.792569,0.535219,948.363464
4,0.791223,0.542852,1081.559326
5,0.776879,0.438274,1397.573120
6,0.758638,0.560578,1996.484253
7,0.762985,0.567665,2112.951416
8,0.762075,0.564316,2412.413818
9,0.764857,0.552555,2578.852051
10,0.856558,0.548077,2978.138428
11,0.837144,0.540245,3760.109375
12,0.869979,0.512787,4209.323242
13,0.813539,0.613043,4542.084473
14,0.816674,0.620621,4808.232910
15,0.806707,0.573177,5074.457031
16,0.811135,0.620598,5573.603027
17,0.623360,0.503219,6172.523926
18,0.554017,0.372197,6721.556641
19,0.536542,0.343132,6904.565918
20,0.564316,0.249465,7104.271484
21,0.558464,0.201087,7303.941895
22,0.553714,0.327635,7670.028809
23,0.512120,0.148621,8052.585449
24,0.474938,0.097219,8202.349609
25,0.520096,0.047640,8368.675781
26,0.459928,0.026537,8501.790039
27,0.318025,0.030651,8668.189453
28,0.247428,0.039190,8884.489258
29,0.100011,0.084719,9383.625977
30,0.031698,0.087041,9649.785156
31,0.076914,0.069130,10032.504883
32,0.877001,0.053680,10381.843750
33,0.438979,0.509029,11330.289062
34,0.411090,0.516719,11696.316406
35,0.584040,0.683438,12611.316406
36,0.714487,0.446609,13226.858398
37,0.781819,0.451517,13476.481445
38,0.135674,0.546621,14740.912109
39,0.094765,0.547268,15007.080078
40,0.228249,0.646478,15373.113281
41,0.259762,0.701762,15722.559570
42,0.266450,0.721504,15922.156250
43,0.294676,0.710901,16238.293945
44,0.308262,0.698195,16421.285156
45,0.278145,0.518141,16820.583984
46,0.247356,0.463318,16970.453125
47,0.207694,0.432591,17219.931641
48,0.153444,0.349346,17602.597656
49,0.057778,0.360901,18018.574219
50,0.045771,0.332178,18184.898438
51,0.064720,0.236968,18367.892578
52,0.181667,0.176852,19099.937500
53,0.196416,0.163078,19316.238281
54,0.166848,0.205195,19865.251953
55,0.140915,0.230442,20414.300781
56,0.161597,0.240391,21329.375000
57,0.143300,0.247318,22327.650391
58,0.110337,0.258051,22743.619141
59,0.113213,0.285081,23192.822266
60,0.103926,0.351106,23409.167969
61,0.083528,0.399838,23592.148438
62,0.038067,0.438589,24008.039062
63,0.933795,0.461119,24673.511719
0,0.735236,0.466281,83.206421
1,0.752026,0.547454,349.391876
2,0.766063,0.558496,549.008789
3,0.785933,0.549678,1048.114502
4,0.789535,0.548568,1347.586548
5,0.866822,0.539027,1563.917969
6,0.855711,0.625183,1913.252441
7,0.776756,0.539262,2229.414307
8,0.793572,0.397399,2628.682861
9,0.832539,0.397339,2844.996338
10,0.861562,0.404786,3028.100342
11,0.884962,0.492455,3394.013428
12,0.877666,0.493306,3926.442139
13,0.881339,0.525308,4242.636230
14,0.833709,0.620818,4641.865723
15,0.830977,0.643489,4891.431641
16,0.856945,0.813488,5274.062988
17,0.496062,0.812989,6738.200195
18,0.411213,0.741799,7270.630371
19,0.361349,0.703511,7586.785645
20,0.355207,0.540685,7886.150879
21,0.365231,0.503473,8069.255371
22,0.222927,0.609388,8751.357422
23,0.185578,0.599830,8950.973633
24,0.175539,0.600213,9250.467773
25,0.169605,0.588003,9366.914062
26,0.210623,0.561301,9882.691406
27,0.250510,0.634136,10148.865234
28,0.252470,0.646677,10265.374023
29,0.297862,0.383408,10681.295898
30,0.321878,0.340153,10831.026367
31,0.401492,0.254645,11247.000977
32,0.432305,0.294799,11613.015625
33,0.478603,0.383522,11912.479492
34,0.508474,0.377781,12095.472656
35,0.501904,0.387838,12361.685547
36,0.506147,0.398429,12561.346680
37,0.631912,0.401992,13143.647461
38,0.619867,0.391527,13393.210938
39,0.623316,0.386776,13476.412109
40,0.698856,0.416297,13759.243164
41,0.704876,0.481452,14141.948242
42,0.749372,0.459377,14308.292969
43,0.775470,0.541927,14641.041992
44,0.791397,0.550242,14890.644531
45,0.965180,0.153868,16021.981445
46,0.011623,0.125352,16155.060547
47,0.086864,0.104126,16404.638672
48,0.105220,0.141348,16604.271484
49,0.113853,0.130600,16820.556641
50,0.087715,0.290790,17120.035156
51,0.085645,0.325557,17386.230469
52,0.093276,0.339761,17486.078125
53,0.072072,0.330436,17735.630859
54,0.103827,0.578166,18184.869141
55,0.104749,0.537502,18401.130859
56,0.126537,0.633393,18700.640625
57,0.156206,0.758605,19133.197266
58,0.109251,0.852248,19549.121094
59,0.112610,0.848130,19698.894531
60,0.101902,0.882699,19865.257812
61,0.084344,0.886911,20081.529297
62,0.074923,0.851474,20397.638672
63,0.088151,0.589860,20930.037109
64,0.094090,0.491264,21113.054688
65,0.108485,0.483945,21279.443359
66,0.118690,0.494470,21961.568359
67,0.774125,0.537020,23475.607422
68,0.757130,0.547938,23675.238281
69,0.748414,0.549071,23891.541016
70,0.732821,0.471067,24124.494141
71,0.624090,0.466584,24357.398438
72,0.636813,0.580080,24706.806641
0,0.759142,0.447095,366.017487
1,0.773182,0.554697,632.261902
2,0.803366,0.596282,815.243530
3,0.802618,0.578595,998.265625
4,0.806612,0.556976,1297.730713
5,0.793571,0.530037,1464.047729
6,0.769807,0.519467,1663.752319
7,0.742297,0.529011,1880.090088
8,0.749455,0.527415,2113.006348
9,0.766316,0.531418,2578.839600
10,0.767570,0.532764,3028.001709
11,0.751902,0.507549,3427.301514
12,0.757940,0.505629,4442.227051
13,0.761674,0.488301,4791.653320
14,0.757060,0.475207,4991.260254
15,0.746575,0.430267,5457.087402
16,0.756760,0.396317,5673.456055
17,0.835245,0.314627,6056.058594
18,0.843436,0.305072,6255.752441
19,0.872137,0.350824,6671.727051
20,0.871833,0.331832,6821.406738
21,0.802477,0.568457,7237.277344
22,0.832368,0.582645,7553.472168
23,0.899707,0.246655,8352.040039
24,0.939509,0.192514,8535.049805
25,0.019684,0.182627,9000.864258
26,0.052609,0.167202,9200.590820
27,0.049344,0.179211,9483.477539
28,0.112408,0.232962,9799.515625
29,0.145967,0.235672,10132.277344
30,0.201050,0.204367,10331.922852
31,0.176319,0.170201,10681.318359
32,0.088914,0.138684,10864.279297
33,0.904112,0.166728,11446.689453
34,0.814892,0.163971,11845.950195
35,0.756528,0.164371,12012.366211
36,0.732343,0.169638,12211.948242
37,0.725202,0.180455,12345.033203
38,0.635161,0.200062,12611.221680
39,0.554518,0.226546,13110.459961
40,0.565307,0.256214,13426.519531
41,0.559577,0.274420,13626.166992
42,0.517116,0.268443,13892.357422
43,0.518436,0.343225,14175.151367
44,0.572035,0.520808,14807.393555
45,0.565740,0.509629,14890.578125
46,0.539003,0.500089,15023.687500
47,0.576125,0.628856,15373.143555
48,0.577158,0.624276,15489.552734
49,0.272589,0.540133,16737.433594
50,0.238464,0.576646,16937.054688
51,0.218671,0.577614,17153.310547
52,0.219872,0.571749,17269.859375
53,0.201573,0.577860,17469.404297
54,0.185317,0.540082,18001.853516
55,0.113228,0.545556,18334.585938
56,0.071449,0.520861,18733.896484
57,0.268500,0.255904,19715.480469
58,0.301467,0.229236,19898.570312
59,0.261056,0.576600,20381.011719
60,0.368665,0.189007,21578.943359
61,0.439601,0.184775,21761.937500
62,0.458961,0.167214,21978.296875
63,0.462128,0.152438,22078.050781
64,0.581937,0.182769,22643.722656
65,0.574252,0.221280,22926.630859
66,0.604087,0.198189,23292.564453
67,0.628037,0.194200,23558.814453
68,0.580423,0.323734,23858.261719
69,0.574298,0.333093,23991.458984
70,0.558534,0.311634,24257.564453
0,0.724687,0.524874,382.712830
1,0.751092,0.616831,549.086792
2,0.781381,0.588967,782.020508
3,0.823069,0.673314,1231.177002
4,0.750934,0.962671,3011.448242
5,0.734063,0.937405,3194.416504
6,0.788763,0.951840,3344.213135
7,0.755633,0.922241,3726.831055
8,0.567332,0.474332,4608.693359
9,0.595002,0.397835,4791.697754
10,0.583094,0.347330,5007.961426
11,0.595896,0.304891,5440.450684
12,0.596668,0.320878,5640.198730
13,0.587036,0.259327,5789.854004
14,0.501680,0.105797,6272.360352
15,0.528302,0.122453,6372.269531
16,0.573434,0.444977,7470.267578
17,0.629354,0.381929,7802.996094
18,0.745448,0.538391,8202.301758
19,0.771901,0.602590,8568.421875
20,0.746715,0.599845,8751.395508
21,0.769018,0.589409,9034.289062
22,0.862502,0.544546,9366.953125
23,0.833262,0.171753,10248.778320
24,0.849974,0.206877,10415.102539
25,0.818880,0.382424,10681.298828
26,0.776586,0.386257,10980.774414
27,0.048844,0.574701,11912.518555
28,0.096268,0.533975,12162.066406
29,0.109138,0.513828,12511.501953
30,0.105227,0.510257,12644.561523
31,0.097676,0.523014,12960.660156
32,0.224106,0.593686,13276.803711
33,0.263922,0.648657,13459.782227
34,0.288915,0.703205,13759.278320
35,0.301527,0.717426,13925.727539
36,0.296849,0.697961,14358.252930
37,0.378666,0.623182,14574.540039
38,0.401239,0.549257,14857.363281
39,0.349870,0.262454,15190.126953
40,0.417281,0.322387,15439.738281
41,0.476354,0.601210,15905.566406
42,0.471030,0.594514,16005.464844
43,0.371231,0.262988,16288.306641
44,0.201888,0.201934,16986.939453
45,0.153470,0.234473,17170.003906
46,0.050408,0.409521,17669.083984
47,0.027842,0.446029,17885.437500
48,0.078800,0.600037,18151.652344
49,0.091968,0.610395,18301.382812
50,0.093582,0.597175,18417.796875
51,0.090627,0.580614,18567.552734
52,0.090924,0.501725,18800.488281
53,0.087365,0.491421,20630.609375
54,0.086728,0.474543,20747.052734
55,0.086823,0.476247,21013.300781
56,0.098270,0.477216,21179.673828
57,0.094971,0.485936,21495.738281
58,0.095660,0.485917,21712.080078
59,0.158021,0.625176,22111.384766
60,0.197455,0.645393,22277.828125
61,0.202112,0.565004,22560.554688
62,0.197641,0.588449,22826.791016
63,0.173170,0.635780,22976.484375
64,0.179370,0.574227,23259.365234
65,0.135134,0.500486,23525.634766
66,0.130240,0.521563,23675.275391
67,0.130523,0.530607,23791.806641
68,0.200891,0.536753,24673.552734
69,0.200234,0.550766,24956.404297
0,0.778140,0.505568,798.648438
1,0.756775,0.507333,1048.159668
2,0.773615,0.504089,1297.804565
3,0.754681,0.511078,1580.679321
4,0.848713,0.428703,2528.962891
5,0.839899,0.490291,2911.686035
6,0.831564,0.497586,3211.041992
7,0.522921,0.977758,4309.139648
8,0.172125,0.909754,4758.351074
9,0.040483,0.549328,5290.737793
10,0.995641,0.570315,5540.331543
11,0.105326,0.504408,6255.784668
12,0.102493,0.517623,6438.750488
13,0.090187,0.517190,6588.519043
14,0.101093,0.514807,7004.503906
15,0.106058,0.478142,7852.970703
16,0.103932,0.436725,8451.899414
17,0.210916,0.461139,9982.639648
18,0.238798,0.475126,10348.576172
19,0.189855,0.544772,10598.166016
20,0.264709,0.631666,11097.319336
21,0.226952,0.601251,11546.530273
22,0.187262,0.552143,11962.457031
23,0.152086,0.396802,12361.706055
24,0.071788,0.486325,12644.596680
25,0.031580,0.255147,12994.011719
26,0.072134,0.156674,13443.169922
27,0.571237,0.026838,14241.865234
28,0.648032,0.016670,14341.661133
29,0.687173,0.045041,14507.994141
30,0.441273,0.496812,15755.779297
31,0.374296,0.422767,16271.655273
32,0.583458,0.658674,17036.886719
33,0.680807,0.707128,17269.804688
34,0.762073,0.513871,17835.517578
35,0.818244,0.477699,18085.037109
36,0.855365,0.445907,18268.062500
37,0.860555,0.453143,18451.105469
38,0.850811,0.446363,19133.263672
39,0.838746,0.479807,19881.912109
40,0.763892,0.501796,20164.791016
41,0.746507,0.493952,20414.363281
42,0.758201,0.564691,20613.960938
43,0.753491,0.617835,21013.363281
44,0.775793,0.590558,21312.843750
45,0.722877,0.485798,21645.519531
46,0.722350,0.460978,22011.556641
47,0.704657,0.516228,22527.281250
48,0.708231,0.510672,22826.884766
49,0.705021,0.521703,23192.923828
50,0.868467,0.515550,23941.539062
51,0.866503,0.496382,24191.148438
52,0.864598,0.486810,24423.974609
53,0.924711,0.502159,24839.906250
0,0.757235,0.539685,366.083618
1,0.776876,0.535287,632.265015
2,0.803932,0.533710,848.462036
3,0.129273,0.505852,1613.825684
4,0.243066,0.548040,1929.952637
5,0.271240,0.621944,2212.795898
6,0.309995,0.632173,2578.817627
7,0.217888,0.547204,2961.452148
8,0.187141,0.535767,3277.577881
9,0.222747,0.530954,3577.063477
10,0.256296,0.634528,4026.287598
11,0.242183,0.641219,4325.776367
12,0.239707,0.663305,4774.987305
13,0.213082,0.637904,5274.120117
14,0.233483,0.670220,5423.878906
15,0.180137,0.593737,5823.114258
16,0.244071,0.657087,6239.152832
17,0.087574,0.497184,7204.106445
18,0.095926,0.505710,7337.247070
19,0.105955,0.507640,7636.600586
20,0.045567,0.301976,8002.654785
21,0.453959,0.471739,9383.556641
22,0.154638,0.214629,10415.180664
23,0.990123,0.186690,10897.580078
24,0.880395,0.575787,11879.303711
25,0.665761,0.553711,13393.271484
26,0.597595,0.578166,13692.749023
27,0.549890,0.641787,13909.003906
28,0.547528,0.647672,14042.192383
29,0.562516,0.643417,14208.487305
30,0.507439,0.597237,14474.655273
31,0.490338,0.476247,14724.269531
32,0.556164,0.339923,15306.586914
33,0.551654,0.257600,15589.401367
34,0.568968,0.172759,15789.072266
35,0.562064,0.117970,16005.368164
36,0.642370,0.097281,16188.408203
37,0.757623,0.559736,17336.376953
38,0.768036,0.543549,17519.378906
39,0.780141,0.524010,17802.187500
40,0.866078,0.528231,18317.996094
41,0.261919,0.883724,19698.908203
42,0.745819,0.923978,20414.271484
43,0.898502,0.900721,21046.531250
44,0.892641,0.916602,21179.666016
45,0.952343,0.896636,21362.630859
46,0.224129,0.904655,22211.171875
47,0.375461,0.891720,22743.583984
48,0.353711,0.852303,23009.767578
49,0.605215,0.539185,24074.644531
50,0.599858,0.531740,24340.750000
51,0.589580,0.432261,24573.714844
52,0.572738,0.368160,24973.009766
0,0.755209,0.583481,183.022308
1,0.769843,0.610269,382.685822
2,0.794109,0.590752,831.811279
3,0.764251,0.413064,1314.369995
4,0.763095,0.311478,1680.391113
5,0.763420,0.269975,1913.264404
6,0.763506,0.277477,2013.148926
7,0.856076,0.424781,2229.473389
8,0.867954,0.425377,2512.217041
9,0.880059,0.515280,2761.762939
10,0.858337,0.295102,3044.659912
11,0.865685,0.254964,3211.042969
12,0.882326,0.237985,3360.750000
13,0.915455,0.234773,3543.747070
14,0.813550,0.171565,3893.183350
15,0.779276,0.203172,4076.181641
16,0.906265,0.297621,4375.626953
17,0.890522,0.342514,4625.192383
18,0.878583,0.467907,4841.584473
19,0.835504,0.446775,5057.792969
20,0.844822,0.379904,5274.084473
21,0.868385,0.639427,6239.063477
22,0.874700,0.623389,6538.527832
23,0.858384,0.563577,6771.450195
24,0.859621,0.534315,6971.094238
25,0.846604,0.565998,7204.015137
26,0.849899,0.555678,7486.867188
27,0.858714,0.523852,7619.958496
28,0.824506,0.688742,8002.635254
29,0.873678,0.758089,8218.927734
30,0.929927,0.775826,8451.844727
31,0.965705,0.778327,8817.869141
32,0.982978,0.757358,9100.729492
33,0.978960,0.610872,9300.359375
34,0.969058,0.511583,9466.725586
35,0.959113,0.594274,9733.007812
36,0.034177,0.661510,9999.163086
37,0.050555,0.685985,10215.418945
38,0.059907,0.529871,10581.480469
39,0.094345,0.522960,11213.716797
40,0.052174,0.556953,11446.663086
41,0.111083,0.530471,11679.550781
42,0.115091,0.525576,12211.955078
43,0.094892,0.534206,12694.488281
44,0.103256,0.534263,13077.133789
45,0.097207,0.547463,13359.926758
46,0.100733,0.480764,13759.258789
47,0.104961,0.371131,13958.949219
48,0.223646,0.587562,14374.842773
49,0.244653,0.583449,14657.674805
50,0.243425,0.577016,14740.861328
51,0.283801,0.641488,14890.624023
52,0.278117,0.644376,15007.065430
53,0.291757,0.630684,15123.531250
54,0.271636,0.553049,15839.035156
55,0.241590,0.544809,16022.002930
56,0.318079,0.570445,16487.824219
57,0.321957,0.636777,16654.199219
58,0.255526,0.446020,17003.640625
59,0.249819,0.415664,17153.357422
60,0.248985,0.415714,17269.837891
61,0.266496,0.413627,17452.820312
62,0.244245,0.575479,17785.525391
63,0.206663,0.589080,18001.873047
64,0.211206,0.531558,18301.390625
65,0.191135,0.621749,18484.347656
66,0.187359,0.601439,18667.376953
67,0.195747,0.577013,18983.439453
68,0.210074,0.528534,19199.751953
69,0.112795,0.400135,19565.765625
70,0.119055,0.316199,19865.250000
71,0.128956,0.294181,20015.005859
72,0.211798,0.313834,20247.955078
73,0.082245,0.555178,20680.484375
74,0.084907,0.475092,21113.054688
75,0.017553,0.533319,21412.552734
76,0.962618,0.599811,21861.769531
77,0.956290,0.668320,22078.033203
78,0.928469,0.672310,22427.476562
79,0.908577,0.655740,22593.804688
80,0.880766,0.638737,23043.050781
81,0.859799,0.632607,23359.205078
82,0.856804,0.604361,23608.695312
83,0.845827,0.590362,23958.107422
84,0.839284,0.525864,24357.408203
0,0.731617,0.701940,33.317955
1,0.721183,0.554492,366.123016
2,0.704256,0.471843,615.634827
3,0.758722,0.575878,815.278992
4,0.766270,0.556373,1064.835083
5,0.784016,0.530053,1430.973755
6,0.768447,0.526773,1763.613159
7,0.776138,0.572286,2196.279297
8,0.749443,0.529049,2445.813721
9,0.755888,0.533213,2628.778076
10,0.759790,0.534623,2861.700928
11,0.758199,0.557039,2978.201904
12,0.883658,0.444018,3893.296387
13,0.864271,0.464241,4226.122070
14,0.925895,0.398130,4558.736328
15,0.858052,0.595202,4941.423828
16,0.831122,0.590846,5107.781738
17,0.804778,0.507051,5307.479004
18,0.736220,0.467263,5573.656250
19,0.743651,0.498872,5690.183594
20,0.763223,0.575872,6056.114258
21,0.768711,0.571090,6205.855469
22,0.764874,0.576571,6555.281738
23,0.781480,0.607542,7187.586426
24,0.772658,0.568768,7503.624023
25,0.756501,0.572355,7636.770020
26,0.750905,0.579533,7853.060547
27,0.576789,0.618913,8601.677734
28,0.521670,0.744513,9034.275391
29,0.446945,0.550693,9317.166016
30,0.404083,0.648677,10082.430664
31,0.592593,0.733229,10614.821289
32,0.593452,0.735369,10831.112305
33,0.544402,0.464001,11247.082031
34,0.567617,0.412986,11463.441406
35,0.598860,0.174399,12311.856445
36,0.636914,0.102814,12544.828125
37,0.706794,0.107652,12810.973633
38,0.743751,0.131457,12944.130859
39,0.769497,0.262687,13110.495117
40,0.740099,0.295266,13326.796875
41,0.735041,0.438075,13676.160156
42,0.866584,0.415984,14158.682617
43,0.871172,0.430534,14374.940430
44,0.918678,0.566694,15156.975586
45,0.881085,0.463054,15805.825195
46,0.853906,0.531172,15972.147461
47,0.762195,0.491588,16504.630859
48,0.766939,0.519212,16704.238281
49,0.767214,0.492283,16870.583984
50,0.717482,0.532948,17103.560547
51,0.743743,0.588770,17486.148438
52,0.717064,0.543641,17735.738281
53,0.718461,0.552971,17885.566406
54,0.735303,0.542625,18101.742188
55,0.707984,0.523602,18367.982422
56,0.703750,0.522180,18867.167969
57,0.732811,0.542064,19066.787109
58,0.753332,0.569153,19266.429688
59,0.817687,0.620610,19682.396484
60,0.829102,0.634509,19981.816406
61,0.830403,0.594792,20281.279297
62,0.827812,0.606462,20481.000000
63,0.804794,0.613282,20780.382812
64,0.795616,0.625745,21096.531250
65,0.817886,0.744237,21495.832031
66,0.825537,0.685196,21728.746094
67,0.824805,0.603577,21994.937500
68,0.802958,0.481755,22244.521484
69,0.792785,0.506883,22610.617188
70,0.824787,0.489086,22876.783203
71,0.852990,0.497450,23043.093750
72,0.865563,0.514318,23375.865234
73,0.865244,0.510559,23642.101562
74,0.862811,0.495771,24174.472656
75,0.863511,0.500812,24324.201172
76,0.873103,0.490874,24740.246094
0,0.762809,0.548165,366.056519
1,0.784643,0.556304,782.065430
2,0.763214,0.562675,1098.200073
3,0.783583,0.553420,1447.534302
4,0.759219,0.557030,2079.756836
5,0.764626,0.504975,2412.465088
6,0.703061,0.252237,2911.619385
7,0.687033,0.195165,3094.637695
8,0.665394,0.168267,3277.642334
9,0.618548,0.137608,3443.993408
10,0.585785,0.133557,3610.375000
11,0.561431,0.156701,3776.785889
12,0.506518,0.079980,3993.008789
13,0.533579,0.090314,4109.512207
14,0.655738,0.051720,4425.637207
15,0.864729,0.512063,5340.689453
16,0.845294,0.585499,5590.258301
17,0.838556,0.624187,5723.367188
18,0.822336,0.646022,5956.248535
19,0.820193,0.670899,6156.028809
20,0.774820,0.687267,6438.762207
21,0.745200,0.723133,6638.403320
22,0.664757,0.788158,7087.666504
23,0.644711,0.818187,7254.014160
24,0.591442,0.776269,7437.054199
25,0.565726,0.844245,7620.092285
26,0.562322,0.686077,8052.589844
27,0.560217,0.650886,8185.732910
28,0.052423,0.878063,9749.633789
29,0.092892,0.505972,10664.712891
30,0.114750,0.501612,10831.065430
31,0.100696,0.496996,11030.755859
32,0.097574,0.505659,11396.765625
33,0.245664,0.537689,13226.894531
34,0.297696,0.577677,13626.213867
35,0.310056,0.564859,14008.847656
36,0.258115,0.543824,14208.494141
37,0.217085,0.548102,14424.820312
38,0.183895,0.596090,14641.081055
39,0.211220,0.544779,14973.843750
40,0.189883,0.589979,15223.463867
41,0.140067,0.406792,16321.545898
42,0.118492,0.401020,16537.761719
43,0.105716,0.444500,16787.343750
44,0.040905,0.303455,17003.628906
45,0.014882,0.288826,17186.630859
46,0.985826,0.262218,17402.964844
47,0.959058,0.228603,17602.603516
48,0.947741,0.200973,17735.705078
49,0.930092,0.182611,17902.070312
50,0.927107,0.191968,18135.082031
51,0.929358,0.201015,18384.568359
52,0.933913,0.489146,18783.833984
53,0.849789,0.517938,19216.478516
54,0.854091,0.513281,19382.812500
55,0.824581,0.520624,19582.457031
56,0.048512,0.499945,20347.792969
57,0.047704,0.446540,20580.701172
58,0.033725,0.397931,20747.091797
59,0.026900,0.343975,20880.199219
60,0.046011,0.348904,21212.917969
61,0.058311,0.352008,21412.595703
62,0.137813,0.372177,21678.818359
63,0.181614,0.402974,21878.464844
64,0.190162,0.390072,22543.945312
65,0.161198,0.376905,22726.957031
66,0.169023,0.457233,23043.070312
67,0.189159,0.507235,23442.376953
68,0.170926,0.537638,23741.857422
69,0.163465,0.490915,23908.253906
70,0.112291,0.509279,24224.337891
71,0.091907,0.522826,24390.712891
0,0.761234,0.548288,499.121490
1,0.785487,0.544115,881.837280
2,0.793694,0.541739,1081.505493
3,0.763215,0.556933,1830.213989
4,0.870230,0.533005,2146.288818
5,0.865260,0.499596,2379.210449
6,0.829259,0.508292,2845.149414
7,0.834541,0.363962,3044.739746
8,0.828524,0.233864,3377.444092
9,0.750838,0.292510,3743.514893
10,0.753272,0.358665,3959.753174
11,0.754794,0.385316,4159.443359
12,0.681267,0.343464,4442.339355
13,0.660906,0.198514,4641.886719
14,0.646101,0.128550,4824.932617
15,0.727240,0.053836,5091.146484
16,0.813595,0.051906,5407.267090
17,0.941954,0.066161,5673.418457
18,0.905392,0.038252,5923.017578
19,0.030019,0.140413,6305.654785
20,0.055870,0.102137,6488.693359
21,0.056330,0.091651,6621.756348
22,0.103575,0.015608,6788.191895
23,0.771030,0.048649,7204.076660
24,0.702386,0.101066,7553.466309
25,0.706486,0.478764,8285.524414
26,0.554277,0.484810,8901.128906
27,0.510271,0.514745,9134.051758
28,0.518121,0.501034,9317.044922
29,0.610674,0.626695,10298.677734
30,0.615088,0.613401,10481.721680
31,0.607659,0.615232,10681.386719
32,0.603440,0.607250,10997.496094
33,0.434189,0.511146,11529.933594
34,0.449249,0.233010,11995.690430
35,0.373112,0.261647,12245.285156
36,0.418805,0.092822,12627.981445
37,0.191798,0.146101,13143.743164
38,0.320183,0.631820,15755.808594
39,0.208181,0.554381,15988.809570
40,0.200808,0.523853,16271.594727
41,0.246067,0.642835,16587.765625
42,0.234329,0.630346,16887.183594
43,0.083427,0.519916,17286.470703
44,0.090213,0.525434,17436.234375
45,0.092848,0.517353,17752.328125
46,0.102424,0.513322,17918.728516
47,0.026070,0.479335,18251.544922
48,0.077034,0.331818,18534.265625
49,0.118647,0.295045,18733.998047
50,0.179977,0.276545,18950.281250
51,0.153367,0.208271,19216.476562
52,0.173246,0.185398,19416.093750
53,0.213521,0.328804,19732.232422
54,0.198414,0.400358,19948.466797
55,0.160957,0.528934,20464.248047
56,0.214992,0.527950,20880.193359
57,0.425052,0.526734,21429.226562
58,0.493089,0.503364,21911.779297
59,0.555493,0.510312,22078.185547
60,0.603559,0.657927,22743.591797
61,0.626562,0.511299,23226.103516
62,0.720517,0.546113,23542.197266
63,0.773960,0.569204,24174.462891
64,0.789024,0.556530,24374.132812
65,0.773979,0.511745,24623.658203
0,0.763540,0.510985,515.824768
1,0.771531,0.561580,715.461304
2,0.754331,0.558180,898.434448
3,0.779512,0.518322,1214.561157
4,0.956338,0.432872,2379.139893
5,0.849291,0.283044,3061.376709
6,0.822180,0.215072,3277.643555
7,0.767075,0.200849,3510.565186
8,0.742784,0.119894,3859.903564
9,0.577875,0.642095,5939.601562
10,0.449167,0.486342,6638.428223
11,0.441635,0.420821,7021.038574
12,0.417728,0.457235,7204.165039
13,0.452094,0.423038,7653.269531
14,0.526901,0.419226,8069.217285
15,0.766992,0.470491,8851.262695
16,0.961779,0.530325,9500.049805
17,0.971422,0.607019,10082.355469
18,0.968356,0.610808,10165.553711
19,0.965741,0.594993,10348.561523
20,0.926851,0.672589,10698.050781
21,0.814816,0.782373,11147.154297
22,0.627491,0.842671,11796.125977
23,0.626371,0.724673,12245.263672
24,0.647321,0.643142,12611.329102
25,0.650202,0.582231,12910.826172
26,0.657560,0.453233,13226.877930
27,0.659401,0.390300,13642.901367
28,0.581413,0.271429,14275.119141
29,0.620816,0.176607,14557.901367
30,0.749727,0.084860,14907.262695
31,0.721829,0.090486,15040.393555
32,0.841143,0.106746,15206.733398
33,0.856339,0.082323,15489.577148
34,0.096169,0.512922,17918.691406
35,0.086040,0.523903,18018.531250
36,0.079870,0.550945,18284.724609
37,0.072004,0.508559,18467.716797
38,0.245345,0.500623,19815.349609
39,0.257343,0.535094,20048.357422
40,0.199173,0.548239,20297.845703
41,0.374548,0.446605,22810.138672
42,0.415381,0.389195,23475.638672
43,0.442689,0.334802,23691.923828
44,0.625052,0.360822,24490.519531
0,0.762832,0.542195,332.639191
1,0.773072,0.552826,499.030151
2,0.788782,0.555455,682.126160
3,0.794912,0.557207,898.357178
4,0.771800,0.554552,1114.663818
5,0.821668,0.290485,1680.360718
6,0.889269,0.755692,2695.219482
7,0.998127,0.722464,2928.121094
8,0.081359,0.518235,3344.109375
9,0.106670,0.527821,3643.610352
10,0.117808,0.513295,4026.205811
11,0.106255,0.513590,4475.442871
12,0.096178,0.522103,4724.972656
13,0.096714,0.507455,5490.349609
14,0.306071,0.585738,6388.812500
15,0.079065,0.542254,7104.221191
16,0.085537,0.524045,7253.947754
17,0.090290,0.518389,7370.473145
18,0.096397,0.523992,7536.773438
19,0.089447,0.532907,7686.479004
20,0.099554,0.535041,9383.561523
21,0.245082,0.522324,9816.102539
22,0.292858,0.596167,10015.807617
23,0.153461,0.160592,11080.628906
24,0.158496,0.258727,11346.806641
25,0.201606,0.269294,11563.089844
26,0.254973,0.259014,11795.945312
27,0.283785,0.220083,12112.138672
28,0.378069,0.213021,12744.320312
29,0.393853,0.232708,13077.143555
30,0.027153,0.413918,13875.654297
31,0.019762,0.462143,14125.253906
32,0.008156,0.509667,14341.490234
33,0.094642,0.528012,14591.098633
34,0.857985,0.499705,15922.119141
35,0.565218,0.681029,17253.160156
36,0.526109,0.190300,18434.376953
37,0.453913,0.354780,18684.001953
38,0.440845,0.380297,18883.564453
39,0.429063,0.472155,19199.712891
40,0.430712,0.480217,19299.496094
41,0.416481,0.515759,19449.298828
42,0.429715,0.245305,20064.880859
43,0.622301,0.269217,20464.187500
44,0.615546,0.246814,20663.791016
45,0.697716,0.097151,21162.970703
46,0.772456,0.102396,21345.955078
47,0.720256,0.339345,21745.253906
48,0.725837,0.468211,21994.783203
49,0.710544,0.550912,22227.769531
50,0.752880,0.582501,22527.183594
51,0.756494,0.618339,22959.771484
52,0.795349,0.522379,23375.718750
53,0.835242,0.614739,23758.402344
54,0.825081,0.633367,23924.777344
55,0.846862,0.675906,24174.353516
56,0.915094,0.591544,24440.603516
57,0.919541,0.585365,24557.056641
0,0.731066,0.583686,116.429863
1,0.724127,0.562696,282.833130
2,0.773125,0.639820,732.099670
3,0.819300,0.623370,981.582397
4,0.788669,0.630627,1231.265503
5,0.772527,0.644550,1464.085449
6,0.778284,0.616067,1946.592529
7,0.780198,0.598246,2196.118652
8,0.783275,0.592011,2711.886475
9,0.851365,0.511407,3011.408936
10,0.763605,0.387028,3577.076660
11,0.769048,0.245031,3926.489746
12,0.709508,0.242009,4275.809570
13,0.711999,0.137162,4575.406250
14,0.639047,0.135220,4824.865723
15,0.665067,0.164956,5024.596191
16,0.270618,0.706303,7120.853516
17,0.079516,0.476082,8418.615234
18,0.055571,0.348438,8851.143555
19,0.064412,0.374897,9683.042969
20,0.226861,0.605718,10398.536133
21,0.276171,0.520248,10781.168945
22,0.338604,0.469600,11147.181641
23,0.326808,0.468865,11247.017578
24,0.277737,0.417250,11563.136719
25,0.284056,0.410404,11796.014648
26,0.298318,0.304012,12029.017578
27,0.493765,0.510413,12993.945312
28,0.572810,0.692961,13260.138672
29,0.499235,0.829163,13626.237305
30,0.464934,0.438207,13992.166992
31,0.426907,0.322931,14324.943359
32,0.303645,0.138312,15289.956055
33,0.231623,0.127901,15556.102539
34,0.157323,0.024918,15855.588867
35,0.194532,0.121639,16205.088867
36,0.207323,0.118527,16304.863281
37,0.237913,0.152275,16537.804688
38,0.320264,0.416542,16770.638672
39,0.229424,0.677082,17486.103516
40,0.224409,0.714405,17752.306641
41,0.232396,0.739020,18184.880859
42,0.211270,0.718451,18467.728516
43,0.215287,0.542805,18783.806641
44,0.275163,0.788832,19316.269531
45,0.279071,0.911917,19832.093750
46,0.304994,0.849811,20414.324219
47,0.360920,0.697438,20880.134766
48,0.451699,0.811448,21262.785156
49,0.480242,0.896682,21512.447266
50,0.415481,0.946542,21695.484375
51,0.460184,0.959900,21895.076172
52,0.517002,0.953800,22227.769531
53,0.553147,0.912115,22627.109375
54,0.469073,0.951362,23126.291016
55,0.632438,0.945884,23392.500000
56,0.387846,0.926592,24124.554688
57,0.399855,0.826197,24407.335938
58,0.411486,0.823932,24989.656250
0,0.779654,0.499009,349.422668
1,0.859149,0.655486,1014.892029
2,0.829416,0.611248,1430.809204
3,0.744402,0.539476,1996.554688
4,0.727216,0.552718,2212.806885
5,0.745929,0.545060,2412.470215
6,0.845419,0.614744,2878.392334
7,0.845019,0.642109,3111.268555
8,0.845605,0.666112,3377.517822
9,0.919853,0.492444,3826.659180
10,0.936829,0.435564,4109.504883
11,0.941828,0.390897,4375.688477
12,0.901604,0.314025,4658.590332
13,0.920486,0.218648,5007.923340
14,0.902195,0.140945,5274.135742
15,0.861851,0.076234,5640.111816
16,0.879915,0.065753,5839.807617
17,0.896422,0.058705,5956.281738
18,0.513928,0.448261,7620.038086
19,0.572845,0.218134,8202.356445
20,0.538590,0.130357,8402.074219
21,0.574899,0.087989,8651.565430
22,0.489547,0.067640,9350.299805
23,0.522168,0.058618,9450.200195
24,0.569306,0.480297,10149.014648
25,0.606924,0.453877,10365.278320
26,0.867914,0.505334,11296.950195
27,0.853146,0.510186,11529.881836
28,0.859084,0.502924,11696.236328
29,0.106678,0.468914,12644.553711
30,0.969353,0.195381,13210.289062
31,0.938416,0.139158,13459.825195
32,0.216957,0.459275,14092.083008
33,0.258219,0.473346,14241.824219
34,0.303480,0.517299,14790.875977
35,0.279397,0.568769,15389.810547
36,0.228892,0.410017,15922.187500
37,0.180197,0.272080,16321.495117
38,0.290278,0.594845,17053.500000
39,0.280187,0.606951,17236.513672
40,0.265589,0.448289,17752.359375
41,0.274277,0.431856,17835.474609
42,0.400138,0.386342,18417.857422
43,0.249060,0.225847,19233.121094
44,0.126395,0.503196,20181.388672
45,0.093575,0.516961,20564.101562
46,0.104790,0.485261,21046.603516
47,0.097665,0.492914,21928.343750
48,0.087250,0.493727,22377.654297
49,0.841515,0.520302,23891.566406
50,0.757552,0.568368,24174.457031
51,0.742877,0.557011,24407.347656
52,0.749782,0.546666,24523.853516
0,0.721932,0.586548,83.102554
1,0.743565,0.598275,299.405304
2,0.782079,0.528173,1031.466797
3,0.791403,0.520496,1231.137207
4,0.838737,0.584745,1497.375122
5,0.832805,0.616171,1780.215820
6,0.864014,0.511641,2013.067383
7,0.918834,0.260390,2895.022949
8,0.873858,0.189218,3077.984619
9,0.805254,0.176502,3344.085449
10,0.748016,0.187968,3527.166992
11,0.561218,0.529303,4675.146484
12,0.539320,0.856290,5207.589844
13,0.472852,0.922643,5473.809082
14,0.561381,0.848465,5690.055664
15,0.756208,0.526935,6954.573730
16,0.779144,0.537178,7237.252441
17,0.777299,0.540620,7486.898438
18,0.772108,0.547851,7669.874023
19,0.760605,0.553667,7852.901367
20,0.782778,0.564479,8202.297852
21,0.410434,0.595010,9400.265625
22,0.281965,0.724920,9832.840820
23,0.284973,0.703432,9932.648438
24,0.302088,0.696228,10132.294922
25,0.192679,0.602671,10864.297852
26,0.270070,0.585720,11496.522461
27,0.310528,0.606257,11696.192383
28,0.310897,0.615438,11945.880859
29,0.197323,0.552343,12394.979492
30,0.170802,0.555214,12644.501953
31,0.062340,0.626673,12910.789062
32,0.055694,0.589270,13093.848633
33,0.055277,0.582920,13426.510742
34,0.065332,0.587597,13576.250000
35,0.072020,0.577218,13858.997070
36,0.080857,0.562251,14058.727539
37,0.098492,0.547997,14208.621094
38,0.133669,0.394574,14408.145508
39,0.228472,0.360330,14840.636719
40,0.306244,0.381526,15123.459961
41,0.585409,0.724480,17120.099609
42,0.848253,0.594779,19449.304688
43,0.839674,0.543574,19881.955078
44,0.109009,0.501385,20929.996094
45,0.103607,0.504872,21029.861328
46,0.090214,0.508743,21179.595703
47,0.103019,0.513443,21695.380859
48,0.088656,0.503050,22061.449219
49,0.888952,0.884267,24540.318359
0,0.771870,0.603557,565.752502
1,0.786843,0.553110,1131.397217
2,0.775718,0.548334,1297.722168
3,0.825583,0.506565,1613.849731
4,0.882731,0.494939,2179.597656
5,0.847589,0.494494,2362.515869
6,0.772838,0.589260,2711.909424
7,0.773300,0.598720,2911.544678
8,0.784304,0.588588,3161.175049
9,0.787024,0.579252,3294.342285
10,0.772450,0.562037,3593.706787
11,0.781553,0.569599,4009.636230
12,0.797683,0.503685,4192.639160
13,0.784055,0.449873,4375.654785
14,0.751292,0.411202,4591.977539
15,0.739653,0.405727,4774.974609
16,0.663612,0.572195,5124.365234
17,0.653330,0.569375,5357.363770
18,0.616807,0.533904,5490.485840
19,0.611824,0.536716,5706.685059
20,0.601487,0.673699,5922.972168
21,0.584742,0.556403,6172.573730
22,0.534292,0.393541,6671.692383
23,0.545322,0.328635,7037.697266
24,0.530920,0.249632,7254.018555
25,0.549298,0.158531,8202.352539
26,0.561444,0.154147,9084.096680
27,0.578401,0.158973,9483.423828
28,0.538569,0.196456,9699.718750
29,0.498943,0.255712,9899.371094
30,0.466920,0.555374,10581.510742
31,0.453673,0.553134,10864.385742
32,0.441098,0.538047,11014.109375
33,0.387975,0.342086,11363.475586
34,0.396790,0.297106,11696.215820
35,0.392778,0.250887,11929.137695
36,0.242704,0.561415,12944.051758
37,0.238236,0.552468,13060.526367
38,0.291243,0.618825,13260.224609
39,0.281215,0.663059,13459.887695
40,0.212677,0.512801,13659.535156
41,0.195822,0.479197,13909.007812
42,0.173382,0.438182,14324.977539
43,0.158012,0.366943,14541.324219
44,0.145674,0.295951,14774.152344
45,0.148314,0.229346,14940.570312
46,0.151851,0.226662,15123.567383
47,0.157509,0.245393,15240.126953
48,0.138768,0.506101,15639.306641
49,0.345144,0.083917,17070.136719
50,0.139288,0.035429,17236.591797
51,0.149544,0.095001,17519.402344
52,0.314627,0.134851,17735.667969
53,0.102239,0.510102,19266.343750
54,0.098685,0.527471,19399.404297
55,0.990020,0.617284,20114.871094
56,0.974890,0.638055,20281.296875
57,0.902773,0.588154,20880.171875
58,0.919028,0.634072,21578.978516
59,0.114249,0.246061,23009.800781
60,0.309208,0.337615,24024.669922
61,0.329227,0.346708,24191.037109
0,0.725273,0.587293,16.627247
1,0.712804,0.593853,166.292328
2,0.706366,0.421684,465.865906
3,0.788716,0.543801,765.360291
4,0.776694,0.549793,981.535583
5,0.801285,0.533124,1314.300537
6,0.793550,0.537216,1597.149048
7,0.799760,0.529025,1946.565674
8,0.730950,0.377361,2445.710938
9,0.709447,0.293607,2612.081299
10,0.724310,0.294557,2828.311523
11,0.709901,0.284805,3127.821289
12,0.748845,0.429847,3394.072998
13,0.743258,0.413122,3610.282227
14,0.656203,0.526866,3893.157959
15,0.655224,0.510161,4026.250732
16,0.687764,0.509189,4242.505371
17,0.573767,0.508849,4475.430176
18,0.546250,0.368319,4758.270508
19,0.545526,0.355350,4908.036133
20,0.463535,0.250128,5274.024902
21,0.429802,0.253454,5507.026367
22,0.314075,0.083457,6288.991211
23,0.432717,0.549595,7420.336914
24,0.197465,0.573439,8718.067383
25,0.205089,0.514036,8984.213867
26,0.177446,0.537865,9283.738281
27,0.139637,0.381298,9583.232422
28,0.080449,0.437373,9766.239258
29,0.074914,0.515593,9949.216797
30,0.093254,0.527099,10182.155273
31,0.106149,0.525958,10864.275391
32,0.068703,0.355867,11230.327148
33,0.054783,0.309229,11429.996094
34,0.037877,0.264427,11629.605469
35,0.055252,0.247432,11912.500000
36,0.039061,0.532908,12228.603516
37,0.072406,0.510932,12760.992188
38,0.991546,0.573356,13043.796875
39,0.095794,0.493163,13293.364258
40,0.110259,0.508200,13559.600586
41,0.160872,0.473179,13908.943359
42,0.266868,0.506016,14458.054688
43,0.276923,0.496168,14774.151367
44,0.299090,0.470202,15073.686523
45,0.293386,0.458302,15289.868164
46,0.358468,0.445763,15589.372070
47,0.376022,0.447500,15971.996094
48,0.426390,0.506110,16238.224609
49,0.442667,0.435089,16471.199219
50,0.431608,0.419743,16770.638672
51,0.427530,0.453084,16903.732422
52,0.509268,0.456248,17286.423828
53,0.639096,0.577969,17818.814453
54,0.646659,0.588663,18018.521484
55,0.612240,0.466581,18401.089844
56,0.576469,0.482528,18617.462891
57,0.635496,0.484090,19116.537109
58,0.649553,0.443684,19366.078125
59,0.686819,0.441833,19682.199219
60,0.676766,0.455213,19798.683594
61,0.694837,0.468035,19981.748047
62,0.612902,0.491191,20297.833984
63,0.717143,0.466934,20680.480469
64,0.759999,0.475836,20980.027344
65,0.760391,0.490782,21096.468750
66,0.765946,0.477499,21262.775391
67,0.771409,0.502831,21395.904297
68,0.784877,0.500305,21795.181641
69,0.718479,0.439007,22310.953125
70,0.664746,0.436835,22560.570312
71,0.628230,0.561199,22826.814453
72,0.634872,0.670462,23275.923828
73,0.674552,0.608341,23558.789062
74,0.609063,0.524432,23775.078125
75,0.542482,0.528787,24141.169922
76,0.593709,0.437234,24407.316406
77,0.655524,0.405578,24723.437500
0,0.828642,0.467630,582.371643
1,0.816296,0.472322,781.972107
2,0.799828,0.522811,1014.884155
3,0.806587,0.547700,1597.216919
4,0.788483,0.547532,1746.935303
5,0.791870,0.545296,1863.467773
6,0.579374,0.519584,2395.765381
7,0.572686,0.654246,2761.884521
8,0.464311,0.508473,3626.980957
9,0.484195,0.496139,3843.331543
10,0.776459,0.545395,4791.594727
11,0.773203,0.544197,4974.692871
12,0.867569,0.554522,5357.287109
13,0.864420,0.553254,5490.468262
14,0.870219,0.501986,5690.061523
15,0.742396,0.259611,6105.951660
16,0.316831,0.530755,8551.748047
17,0.341236,0.519589,8834.522461
18,0.301433,0.816963,9982.510742
19,0.981042,0.882287,10481.669922
20,0.907155,0.912856,10764.529297
21,0.880233,0.892039,11030.721680
22,0.825679,0.841665,11246.967773
23,0.812852,0.679966,11762.837891
24,0.009225,0.350110,12594.612305
25,0.209851,0.319807,13343.309570
26,0.106589,0.459170,14141.909180
27,0.059200,0.511652,14324.968750
28,0.097457,0.524635,14624.422852
29,0.435684,0.597012,15589.377930
30,0.338252,0.289158,16121.832031
31,0.335877,0.237256,16371.348633
32,0.271716,0.205320,16620.917969
33,0.201687,0.227565,16903.787109
34,0.038495,0.508750,17785.582031
35,0.998108,0.536545,17968.601562
36,0.920589,0.517787,18301.314453
37,0.856301,0.515097,18650.740234
38,0.834470,0.512977,18783.847656
39,0.843564,0.499565,19000.177734
40,0.823810,0.507706,19149.861328
41,0.734760,0.539324,19399.421875
42,0.750887,0.548329,19765.419922
43,0.628551,0.519371,20564.033203
44,0.628127,0.271981,21495.775391
45,0.695315,0.088127,22061.414062
46,0.698269,0.081261,22194.500000
47,0.630839,0.095584,22377.515625
48,0.690513,0.154475,22826.798828
49,0.751337,0.266499,23192.759766
50,0.505993,0.420547,24124.498047
51,0.513104,0.439557,24274.220703
52,0.562462,0.643204,24490.523438
53,0.576888,0.653571,24656.888672
54,0.624952,0.664131,24973.064453
0,0.762044,0.630703,299.443665
1,0.718588,0.635582,499.114502
2,0.823421,0.569930,732.069641
3,0.822985,0.568945,831.833923
4,0.874144,0.567113,1031.493652
5,0.905718,0.554329,1331.027588
6,0.903065,0.548330,1430.790161
7,0.931232,0.545540,1630.442505
8,0.929302,0.541609,1763.543091
9,0.969626,0.560359,2029.752930
10,0.969102,0.553105,2412.463623
11,0.005862,0.576751,2612.120117
12,0.003687,0.581184,2728.572754
13,0.000084,0.580829,2894.979736
14,0.042265,0.616022,3177.732666
15,0.079067,0.570250,3543.784424
16,0.123855,0.551000,3893.234131
17,0.116226,0.537207,4159.417969
18,0.142265,0.491464,4408.985352
19,0.112809,0.446387,4608.689453
20,0.087431,0.411378,4808.297852
21,0.110027,0.519166,4991.285645
22,0.114559,0.518910,5157.673340
23,0.102428,0.532348,5307.425781
24,0.234768,0.573401,6172.576172
25,0.297962,0.625883,6422.119141
26,0.292680,0.627564,6588.474121
27,0.314333,0.632833,6854.699219
28,0.236259,0.582444,8352.038086
29,0.201486,0.579480,8718.060547
30,0.207321,0.574477,8967.687500
31,0.195611,0.577360,9150.687500
32,0.881439,0.473246,10614.804688
33,0.741940,0.383800,11263.653320
34,0.697470,0.431230,11729.500977
35,0.654099,0.434297,12178.701172
36,0.661418,0.550909,12561.419922
37,0.567359,0.684196,13243.543945
38,0.570761,0.693260,13592.888672
39,0.578839,0.673905,13775.975586
40,0.415930,0.627273,14424.819336
41,0.371133,0.591675,14923.913086
42,0.275285,0.631730,15589.478516
43,0.389844,0.518362,15872.232422
44,0.369489,0.468981,16071.886719
45,0.367633,0.454207,16288.255859
46,0.378989,0.311527,16637.662109
47,0.397984,0.246749,16887.179688
48,0.419637,0.215069,17103.455078
49,0.462382,0.155855,17502.757812
50,0.470805,0.145546,17635.869141
51,0.460420,0.245591,17885.384766
52,0.469561,0.297287,18118.347656
53,0.549739,0.313488,18617.431641
54,0.539239,0.359332,18767.220703
55,0.556632,0.271843,19532.552734
56,0.655764,0.310333,19748.843750
57,0.585547,0.290124,20148.132812
58,0.671305,0.265868,20381.056641
59,0.754404,0.297416,20863.511719
60,0.783741,0.232619,21362.689453
61,0.850413,0.251514,21529.054688
62,0.861228,0.255187,21861.769531
63,0.832593,0.436396,22177.875000
64,0.804482,0.536231,22477.378906
65,0.754732,0.537925,22993.169922
66,0.754036,0.554011,23159.544922
67,0.776829,0.563721,23325.863281
68,0.747422,0.560737,23758.501953
69,0.718834,0.541803,24340.769531
70,0.845038,0.576281,24640.285156
71,0.881516,0.539916,24973.058594
0,0.733891,0.412551,166.350555
1,0.772236,0.537544,399.212433
2,0.764767,0.563718,632.191895
3,0.736638,0.546171,831.787964
4,0.748032,0.553324,1197.827515
5,0.748791,0.555406,1314.352539
6,0.754117,0.554966,1447.408813
7,0.769552,0.418737,1663.713745
8,0.779826,0.335158,1813.432495
9,0.813532,0.288741,2013.079346
10,0.824420,0.275235,2162.797119
11,0.763574,0.562478,3144.458984
12,0.691848,0.498427,3377.383301
13,0.629779,0.443336,3626.885498
14,0.627675,0.451715,3710.091309
15,0.609867,0.403916,3926.439941
16,0.593484,0.382191,4109.428223
17,0.577514,0.328602,4358.942383
18,0.559513,0.262483,4541.962402
19,0.527712,0.218418,4724.998047
20,0.490596,0.175212,4908.083496
21,0.460599,0.152009,5074.418457
22,0.447656,0.133046,5240.801758
23,0.551975,0.471326,6039.333496
24,0.484495,0.495065,6455.332031
25,0.482137,0.493972,6555.206055
26,0.597627,0.672812,7004.325195
27,0.581367,0.674522,7503.478027
28,0.581935,0.783127,8651.463867
29,0.539886,0.825934,8884.400391
30,0.484291,0.781588,9200.520508
31,0.391909,0.685132,9533.234375
32,0.393850,0.568328,9782.967773
33,0.413042,0.477761,10165.526367
34,0.416777,0.478807,10365.170898
35,0.347422,0.288987,11030.634766
36,0.353036,0.254444,11246.996094
37,0.348099,0.232731,11413.272461
38,0.321759,0.182445,11612.933594
39,0.306477,0.172486,11779.379883
40,0.299990,0.150547,11979.067383
41,0.312643,0.130386,12162.032227
42,0.353658,0.121627,12361.718750
43,0.448355,0.285074,12694.396484
44,0.490190,0.385877,12927.344727
45,0.454325,0.461986,13293.324219
46,0.476569,0.513170,13576.203125
47,0.501338,0.515000,13992.132812
48,0.468875,0.538438,14341.532227
49,0.442818,0.489941,14624.334961
50,0.388399,0.495987,14857.306641
51,0.322372,0.473592,15190.068359
52,0.279747,0.482050,15556.144531
53,0.254233,0.552703,15855.569336
54,0.249335,0.581325,16038.540039
55,0.202676,0.581379,16487.828125
56,0.255458,0.617545,16870.460938
57,0.221721,0.347088,17186.525391
58,0.218852,0.313418,17336.328125
59,0.236873,0.268956,17519.312500
60,0.259374,0.272198,17752.277344
61,0.308043,0.286205,18018.412109
62,0.373898,0.257381,18284.619141
63,0.383285,0.236762,18517.548828
64,0.381150,0.224664,18700.552734
65,0.499267,0.230236,18983.386719
66,0.561039,0.290272,19299.519531
67,0.552480,0.280716,19732.074219
68,0.513018,0.184531,19948.421875
69,0.491655,0.139248,20114.744141
70,0.465832,0.121206,20331.052734
71,0.585951,0.121991,20680.445312
72,0.622255,0.174411,20946.636719
73,0.617528,0.183737,21063.097656
74,0.632386,0.235628,21246.107422
75,0.636433,0.477943,21878.337891
76,0.679035,0.523282,22294.277344
77,0.706395,0.516845,22460.683594
78,0.703235,0.514451,22560.484375
79,0.753393,0.481541,22760.128906
80,0.776722,0.371537,23126.158203
81,0.782656,0.313918,23275.894531
82,0.863535,0.388159,23691.828125
83,0.918012,0.442234,23974.712891
84,0.917610,0.439247,24074.515625
85,0.867486,0.516656,24423.886719
0,0.711215,0.475945,83.146851
1,0.754583,0.478613,332.612915
2,0.791261,0.585649,598.900696
3,0.785751,0.584315,781.866211
4,0.750008,0.556634,998.222778
5,0.775132,0.524871,1397.433350
6,0.922521,0.480647,2079.604004
7,0.847835,0.459715,2528.826660
8,0.813329,0.559133,2878.203125
9,0.817418,0.530080,3044.533447
10,0.840390,0.549742,3360.716309
11,0.863347,0.534082,3793.260742
12,0.719398,0.485679,6887.829590
13,0.777414,0.557593,7170.687988
14,0.771200,0.548124,7303.760742
15,0.788805,0.547927,7686.528809
16,0.787181,0.541385,7819.558594
17,0.855333,0.520729,8185.548828
18,0.855456,0.545156,8684.674805
19,0.866281,0.514392,9067.377930
20,0.867748,0.512033,9167.227539
21,0.537208,0.629915,9949.247070
22,0.418404,0.389856,10614.769531
23,0.429704,0.397389,10847.595703
24,0.335676,0.369859,11047.327148
25,0.340281,0.370228,11147.141602
26,0.248271,0.584135,11463.255859
27,0.200764,0.479078,12078.849609
28,0.208279,0.456413,12161.991211
29,0.196005,0.463244,12444.798828
30,0.242041,0.330818,12777.547852
31,0.234085,0.544058,13293.362305
32,0.258558,0.367029,13509.601562
33,0.261733,0.352766,13675.986328
34,0.104698,0.157850,17502.650391
35,0.068361,0.096678,17818.773438
36,0.237393,0.570736,18667.255859
37,0.247917,0.727002,18850.302734
38,0.244938,0.715015,18966.775391
39,0.149948,0.123757,23425.580078
40,0.041025,0.079976,23924.722656
41,0.920644,0.102013,24490.412109
0,0.761594,0.526305,615.503845
1,0.779731,0.516624,865.134399
2,0.757668,0.531509,1397.508911
3,0.914069,0.504769,2661.970459
4,0.075676,0.524725,3510.451416
5,0.103990,0.510211,3693.478516
6,0.090021,0.522554,4175.961426
7,0.093499,0.528793,4442.165039
8,0.298077,0.594469,5706.608398
9,0.310515,0.588521,5889.623535
10,0.300918,0.578589,6122.568848
11,0.300389,0.576484,6239.106934
12,0.299068,0.586300,6355.565430
13,0.224735,0.552162,6654.945801
14,0.202851,0.555864,6887.893555
15,0.191797,0.559078,7120.827148
16,0.654832,0.420408,8901.036133
17,0.657448,0.421782,9000.894531
18,0.583141,0.393596,9283.715820
19,0.543808,0.415696,9549.889648
20,0.544331,0.678407,9849.406250
21,0.568559,0.702893,10098.996094
22,0.416004,0.636135,10448.388672
23,0.384125,0.613139,10681.264648
24,0.355519,0.595359,10964.101562
25,0.278689,0.615060,11446.600586
26,0.222954,0.579345,11929.118164
27,0.212674,0.547972,12062.170898
28,0.196637,0.539585,12328.397461
29,0.407707,0.310804,13276.833984
30,0.235774,0.567816,13942.232422
31,0.218375,0.529280,14092.024414
32,0.237641,0.529595,14674.269531
33,0.253169,0.513518,15223.430664
34,0.341506,0.471285,15639.285156
35,0.437548,0.627583,16604.320312
36,0.545117,0.749503,17036.871094
37,0.609507,0.694085,17486.046875
38,0.630704,0.192455,18833.718750
39,0.615192,0.119540,19066.611328
40,0.670588,0.144527,19632.312500
41,0.682492,0.146744,19782.064453
42,0.662435,0.197434,20064.884766
43,0.602450,0.204359,20530.712891
44,0.557232,0.231873,20880.121094
45,0.559396,0.231404,21196.238281
46,0.643631,0.140081,21811.859375
47,0.780056,0.378877,22527.250000
48,0.865325,0.523552,23259.328125
49,0.856638,0.510156,23525.523438
50,0.683198,0.545007,24324.080078
51,0.786880,0.536168,24756.740234
0,0.776295,0.389985,116.504471
1,0.790621,0.627841,432.558472
2,0.780792,0.569890,698.840698
3,0.753149,0.561182,915.096924
4,0.773309,0.545480,1131.320068
5,0.844437,0.642421,1613.823120
6,0.658305,0.943221,2262.697998
7,0.357115,0.965617,2528.906738
8,0.389355,0.953521,2628.684814
9,0.561136,0.676474,3161.143066
10,0.566286,0.615718,3344.104248
11,0.535425,0.457051,3643.600830
12,0.542999,0.456130,3743.448730
13,0.876304,0.497709,4808.239746
14,0.862760,0.478657,5074.496582
15,0.712072,0.245484,5922.960938
16,0.692643,0.186700,6105.932129
17,0.283748,0.531612,7453.614746
18,0.212573,0.519947,7952.757324
19,0.188330,0.533368,8252.206055
20,0.213542,0.529225,8701.398438
21,0.131309,0.382975,8984.243164
22,0.110781,0.319105,9200.531250
23,0.115942,0.311211,9350.303711
24,0.125022,0.508961,9566.610352
25,0.209365,0.555165,9832.818359
26,0.211025,0.549734,9965.958984
27,0.086560,0.510040,10198.791016
28,0.090087,0.504069,10298.661133
29,0.088169,0.503428,10564.909180
30,0.099086,0.506495,10997.380859
31,0.062492,0.273263,11712.885742
32,0.165338,0.175752,12494.841797
33,0.331767,0.167939,13393.271484
34,0.494126,0.532082,14341.588867
35,0.548087,0.535741,14824.041016
36,0.543069,0.534851,15123.551758
37,0.629815,0.491941,15323.174805
38,0.618077,0.442920,15589.405273
39,0.629037,0.426433,15988.749023
40,0.700732,0.427937,16254.880859
41,0.755856,0.514567,16687.568359
42,0.784115,0.554538,17003.640625
43,0.860761,0.498665,17402.863281
44,0.876432,0.486885,17602.580078
45,0.951275,0.468176,18085.015625
46,0.058323,0.452673,18733.990234
47,0.111122,0.510582,19565.740234
48,0.130676,0.441428,20064.888672
49,0.136209,0.444380,20148.175781
50,0.140188,0.444955,20297.861328
51,0.233281,0.524109,20747.019531
52,0.237791,0.516321,21362.628906
53,0.257764,0.422871,21595.554688
54,0.313883,0.330454,21978.199219
55,0.342016,0.349414,22493.968750
56,0.341304,0.347803,22726.894531
57,0.291571,0.555624,23192.738281
58,0.315022,0.641486,23725.144531
59,0.265693,0.634715,24107.851562
0,0.834231,0.464309,83.229576
1,0.526780,0.217359,1197.882446
2,0.863664,0.482153,3144.472656
3,0.861534,0.492014,3260.941650
4,0.833664,0.550497,3477.268311
5,0.077694,0.355596,4092.794678
6,0.135394,0.475087,4359.022461
7,0.132077,0.477649,4525.456055
8,0.110408,0.549044,4891.447266
9,0.103544,0.549770,5140.972656
10,0.110967,0.547316,5623.509766
11,0.107609,0.548172,5873.041504
12,0.248069,0.584012,6904.587891
13,0.322478,0.596209,7170.787598
14,0.318649,0.599240,7436.996094
15,0.227798,0.518307,8551.717773
16,0.109303,0.565396,8901.049805
17,0.108942,0.551159,9100.695312
18,0.104004,0.539545,9283.781250
19,0.103886,0.469106,9649.798828
20,0.103357,0.453586,10282.018555
21,0.962239,0.406409,10564.869141
22,0.951982,0.349897,10797.813477
23,0.854293,0.515696,11596.376953
24,0.867034,0.503617,11929.143555
25,0.741533,0.130621,12711.166992
26,0.917580,0.048498,13293.462891
27,0.684301,0.756688,14807.386719
28,0.527541,0.405605,15356.461914
29,0.525201,0.368969,15539.458008
30,0.492410,0.451614,15938.786133
31,0.424239,0.498377,16504.455078
32,0.345720,0.430282,16803.939453
33,0.344025,0.312819,16987.083984
34,0.305908,0.435439,17452.791016
35,0.253496,0.398039,17685.742188
36,0.372014,0.238001,18334.677734
37,0.781909,0.583965,19599.080078
38,0.802692,0.585869,19798.695312
39,0.793557,0.591988,20114.822266
40,0.915788,0.522103,20663.863281
41,0.104425,0.495830,21728.650391
42,0.097645,0.551529,22610.431641
43,0.119489,0.547195,23642.101562
44,0.118277,0.555945,23741.789062
45,0.124777,0.564470,23974.718750
46,0.199205,0.248634,24590.339844
0,0.754822,0.550502,366.065460
1,0.765571,0.554660,698.856445
2,0.790640,0.546160,1347.675049
3,0.796384,0.547242,1564.019897
4,0.779246,0.555045,2046.486572
5,0.791080,0.558664,2362.578857
6,0.791553,0.553684,2479.058838
7,0.832034,0.541173,2695.353271
8,0.840818,0.519055,3011.446045
9,0.873930,0.510442,3294.285889
10,0.873047,0.514412,3477.295898
11,0.878681,0.515806,3810.040527
12,0.873518,0.516211,4092.926514
13,0.892661,0.442998,4542.106445
14,0.883430,0.400401,4991.368164
15,0.860695,0.375549,5340.711426
16,0.838872,0.462846,5756.654785
17,0.816330,0.574220,6106.072754
18,0.808904,0.573989,6272.454102
19,0.837766,0.575977,6555.250488
20,0.868473,0.544375,7004.497070
21,0.866068,0.553553,7403.783691
22,0.817726,0.387078,7736.542969
23,0.814142,0.356931,7919.599609
24,0.812965,0.313040,8202.402344
25,0.735335,0.348367,8668.235352
26,0.727963,0.378347,9050.888672
27,0.661929,0.377134,9866.139648
28,0.635699,0.345814,10498.382812
29,0.633464,0.343631,10681.421875
30,0.632840,0.295108,10864.414062
31,0.649057,0.222820,11180.533203
32,0.567082,0.229557,11596.456055
33,0.562376,0.160640,11945.833984
34,0.550240,0.127051,12361.808594
35,0.561578,0.094295,12794.379883
36,0.528304,0.077245,13293.523438
37,0.503045,0.140264,13842.542969
38,0.556806,0.190685,14258.477539
39,0.524361,0.241988,14574.595703
40,0.510450,0.328971,14874.053711
41,0.473106,0.471084,15755.918945
42,0.435274,0.497990,16055.329102
43,0.403560,0.490195,16404.705078
44,0.417963,0.360667,16737.455078
45,0.474398,0.345439,17036.964844
46,0.480831,0.347722,17353.054688
47,0.479340,0.340485,17619.242188
48,0.423603,0.447829,17852.191406
49,0.373037,0.467013,18467.769531
50,0.363714,0.443150,19099.990234
51,0.408636,0.416283,19515.951172
52,0.411402,0.412134,19632.396484
53,0.451730,0.474637,19798.775391
54,0.416411,0.455973,20131.542969
55,0.455222,0.467664,20747.130859
56,0.509302,0.488160,21063.251953
57,0.517482,0.488346,21379.345703
58,0.558639,0.482523,21778.654297
59,0.571253,0.504912,22111.394531
60,0.604806,0.473075,22444.148438
61,0.639620,0.459881,22776.927734
62,0.640347,0.452653,22893.369141
63,0.608956,0.622123,23525.597656
64,0.573446,0.630207,23958.193359
65,0.617051,0.745298,24307.570312
66,0.608428,0.730966,24573.781250
0,0.796641,0.623654,432.625824
1,0.552319,0.732093,2262.768555
2,0.480137,0.947156,2878.374756
3,0.551660,0.926723,3111.285645
4,0.960785,0.537809,5507.133301
5,0.019022,0.553146,5839.844238
6,0.774812,0.636318,6522.000977
7,0.782499,0.622684,6688.394531
8,0.758098,0.542116,7104.336914
9,0.731702,0.543471,7287.315430
10,0.737370,0.493193,7603.469727
11,0.758400,0.453823,7836.399902
12,0.753917,0.442897,8235.651367
13,0.722465,0.432766,8801.371094
14,0.708394,0.428813,9300.479492
15,0.112284,0.662832,10481.777344
16,0.192291,0.583191,11097.363281
17,0.187237,0.585088,11297.013672
18,0.214510,0.593842,11430.100586
19,0.067257,0.491360,12062.303711
20,0.075616,0.489468,12145.515625
21,0.077383,0.470771,12311.882812
22,0.087335,0.547731,13293.520508
23,0.080303,0.472173,13742.716797
24,0.219132,0.522522,14674.402344
25,0.269110,0.607897,14957.265625
26,0.294596,0.646878,15306.682617
27,0.141989,0.239509,15922.250977
28,0.062190,0.214397,16155.167969
29,0.008244,0.261236,16371.442383
30,0.986011,0.337394,16621.039062
31,0.340121,0.510228,18700.701172
32,0.818766,0.632890,20564.128906
33,0.783709,0.550453,20846.966797
34,0.753598,0.486489,21346.097656
35,0.731119,0.451891,21562.390625
36,0.695760,0.480872,22011.605469
37,0.747550,0.470229,22527.355469
38,0.743749,0.480867,22677.130859
39,0.737541,0.531122,22926.664062
40,0.729485,0.526406,23259.445312
41,0.729033,0.515621,23625.457031
42,0.730475,0.521080,23758.576172
43,0.730663,0.522218,24024.744141
0,0.759131,0.417662,199.780869
1,0.738106,0.460772,382.770020
2,0.725820,0.298784,798.702637
3,0.724996,0.227277,948.408997
4,0.722800,0.168669,1114.790894
5,0.730281,0.131889,1314.534058
6,0.722338,0.097677,1547.371338
7,0.660038,0.063027,1730.368530
8,0.874695,0.509242,2728.623779
9,0.924082,0.375864,3211.074219
10,0.891849,0.298919,3394.118652
11,0.550086,0.373329,4658.577637
12,0.377790,0.408902,5307.467773
13,0.348254,0.386657,5623.532227
14,0.324535,0.159271,6089.393066
15,0.338650,0.107144,6339.024902
16,0.255773,0.599128,7553.534668
17,0.198703,0.617001,7753.147949
18,0.204083,0.616409,7969.526367
19,0.259860,0.595621,8385.400391
20,0.298223,0.593178,8668.217773
21,0.208052,0.522679,9034.214844
22,0.182814,0.539490,9416.903320
23,0.182423,0.549117,9549.968750
24,0.264486,0.565067,9799.623047
25,0.314961,0.601595,10015.833008
26,0.255368,0.646460,10448.492188
27,0.220808,0.675236,10797.842773
28,0.091002,0.462440,11346.911133
29,0.064666,0.409367,11829.286133
30,0.084573,0.481967,12045.716797
31,0.088939,0.454070,12444.900391
32,0.064788,0.488947,12944.027344
33,0.092995,0.440426,13360.083984
34,0.102507,0.443708,13609.523438
35,0.104959,0.453516,13759.322266
36,0.103312,0.442488,14008.921875
37,0.087422,0.431677,14158.712891
38,0.090345,0.276617,14408.167969
39,0.072134,0.190771,14591.111328
40,0.078129,0.134799,14807.502930
41,0.074577,0.105769,15240.036133
42,0.130925,0.149017,15622.746094
43,0.212496,0.138100,15888.915039
44,0.613474,0.361283,17352.974609
45,0.777226,0.409377,18085.058594
46,0.789000,0.326652,18317.972656
47,0.758299,0.230954,18501.101562
48,0.728310,0.197888,18700.716797
49,0.728260,0.225033,18833.832031
50,0.882172,0.273586,19033.476562
51,0.896765,0.315750,19316.320312
0,0.677543,0.480192,149.761505
1,0.631737,0.879682,1697.025513
2,0.179063,0.068092,2895.022217
3,0.090563,0.086330,3028.103516
4,0.280443,0.068813,3410.699463
5,0.167690,0.060784,3593.716797
6,0.083409,0.055233,3743.478027
7,0.000492,0.044614,4042.968506
8,0.288432,0.167959,4309.144531
9,0.288079,0.152890,4492.144531
10,0.266090,0.608963,5690.073730
11,0.228279,0.543888,5956.254395
12,0.208042,0.554986,6289.034180
13,0.023879,0.496482,7170.802734
14,0.022202,0.480009,7370.471191
15,0.938500,0.427591,7753.129883
16,0.807267,0.589243,8418.647461
17,0.807530,0.643015,8734.748047
18,0.811400,0.639500,8834.558594
19,0.816745,0.688066,9084.124023
20,0.804775,0.371168,9816.190430
21,0.080473,0.042055,10415.134766
22,0.532854,0.042747,11064.008789
23,0.908203,0.092763,11629.706055
24,0.720078,0.378225,12345.091797
25,0.629291,0.397759,12561.375977
26,0.639111,0.351180,12860.874023
27,0.595169,0.280066,13359.979492
28,0.551724,0.736882,14275.045898
29,0.466879,0.547220,14624.462891
30,0.438290,0.507061,14957.198242
31,0.429725,0.522390,15173.514648
32,0.393776,0.499101,15339.907227
33,0.394349,0.506744,15722.527344
34,0.402975,0.420598,15888.901367
35,0.465703,0.395839,16837.251953
36,0.500784,0.479847,17286.460938
37,0.809009,0.061625,17951.976562
38,0.698318,0.048523,18467.740234
39,0.722900,0.024167,18733.960938
40,0.792625,0.232797,19748.869141
41,0.881034,0.160950,20397.714844
42,0.916366,0.139048,20613.974609
43,0.966982,0.196244,21046.546875
44,0.991898,0.168934,21346.041016
45,0.031296,0.195131,21562.320312
46,0.067248,0.251183,21945.000000
47,0.052825,0.245954,22044.810547
48,0.023217,0.200656,22327.667969
49,0.081959,0.151189,22527.320312
50,0.118534,0.131189,22726.962891
51,0.106799,0.168802,23026.427734
52,0.138145,0.245079,23192.810547
53,0.191366,0.269106,23492.314453
0,0.752558,0.492646,16.650511
1,0.766411,0.652358,366.078217
2,0.825352,0.698339,648.862305
3,0.769933,0.581959,848.539612
4,0.741281,0.577553,1048.192261
5,0.747665,0.576702,1181.255859
6,0.752423,0.574889,1514.136841
7,0.769538,0.573727,1746.973755
8,0.781849,0.571729,1913.310791
9,0.774429,0.556051,3061.312256
10,0.882696,0.598827,3410.755127
11,0.831988,0.645479,3743.464355
12,0.825987,0.643119,3843.287354
13,0.834664,0.721874,4009.688965
14,0.906444,0.648026,4475.606934
15,0.937530,0.607693,4791.678223
16,0.966528,0.428640,5024.544922
17,0.938505,0.336565,5274.224121
18,0.939319,0.282259,5523.728516
19,0.948746,0.259884,5873.120117
20,0.965113,0.248842,6239.097168
21,0.956350,0.244661,6372.193359
22,0.940832,0.253853,6721.596680
23,0.961288,0.232640,6971.154785
24,0.002004,0.201491,7237.401367
25,0.982440,0.362396,7636.687012
26,0.926491,0.389464,7919.493652
27,0.869666,0.407646,8102.589355
28,0.924250,0.280973,8402.010742
29,0.005782,0.218342,8634.953125
30,0.936400,0.200421,9034.266602
31,0.994747,0.233180,9466.792969
32,0.981682,0.152706,9716.392578
33,0.032791,0.080656,10498.377930
34,0.015853,0.186521,11080.662109
35,0.994321,0.199052,11380.181641
36,0.878287,0.234274,11613.022461
37,0.917068,0.417641,11962.532227
38,0.095230,0.367289,12794.352539
39,0.077331,0.356132,13210.279297
40,0.100583,0.295470,13526.457031
41,0.134689,0.285073,13759.293945
42,0.218341,0.650540,14657.753906
43,0.219892,0.638775,14824.106445
44,0.252770,0.668104,15007.185547
45,0.288174,0.703939,15356.567383
46,0.298873,0.601325,15539.595703
47,0.249169,0.663183,15705.866211
48,0.227438,0.722941,16121.920898
49,0.305709,0.737178,16521.126953
50,0.213596,0.566631,16770.744141
51,0.094171,0.540402,17785.605469
52,0.982477,0.483428,18567.605469
53,0.622796,0.567390,19881.962891
54,0.467749,0.527662,20530.812500
55,0.469420,0.522898,20747.085938
56,0.464895,0.414571,20946.718750
57,0.396470,0.485445,21362.728516
58,0.373586,0.489427,21545.677734
59,0.369132,0.461991,21845.142578
60,0.402212,0.362647,22128.056641
61,0.428267,0.243007,22327.751953
62,0.437697,0.192194,22494.085938
63,0.484471,0.146274,22727.060547
64,0.483555,0.090181,22959.882812
65,0.631124,0.040451,23126.261719
66,0.745038,0.071058,23442.347656
67,0.773396,0.059639,23625.373047
68,0.648754,0.201541,23908.287109
69,0.662841,0.196902,24008.107422
70,0.730932,0.104319,24324.185547
71,0.836885,0.105237,24557.130859
0,0.760374,0.520693,499.073883
1,0.788497,0.517472,715.350952
2,0.744692,0.258248,1963.151001
3,0.713308,0.238786,2146.175049
4,0.726307,0.238428,2279.265381
5,0.641619,0.172224,2711.972900
6,0.668733,0.514889,3377.408203
7,0.564495,0.639979,4092.829834
8,0.746787,0.509049,4874.774902
9,0.754877,0.501010,5074.459961
10,0.865808,0.488868,5606.827148
11,0.848902,0.496739,5823.119141
12,0.864751,0.459367,6405.480469
13,0.862486,0.448083,6555.178223
14,0.861389,0.442382,6688.293457
15,0.884038,0.432348,6971.082520
16,0.889220,0.426502,7054.337891
17,0.049446,0.564498,7703.120605
18,0.132864,0.515454,7936.054688
19,0.105130,0.470790,9000.891602
20,0.084100,0.460823,9899.366211
21,0.074065,0.458744,10115.568359
22,0.069829,0.458240,10282.005859
23,0.077461,0.458458,10398.411133
24,0.080524,0.457727,10614.803711
25,0.070971,0.462825,11047.330078
26,0.080163,0.462870,11612.987305
27,0.306083,0.544402,12444.891602
28,0.345163,0.581055,12910.692383
29,0.228126,0.489022,13160.357422
30,0.167457,0.208082,14341.625977
31,0.991916,0.256662,14890.579102
32,0.058746,0.483195,15206.727539
33,0.099651,0.499332,15639.254883
34,0.091855,0.497781,15739.171875
35,0.084885,0.397712,16554.355469
36,0.164200,0.360033,16837.177734
37,0.155769,0.364404,16937.056641
38,0.518651,0.459319,19299.570312
39,0.612601,0.630855,20231.337891
40,0.601202,0.631795,20380.972656
41,0.590319,0.631326,20580.718750
42,0.583846,0.631160,20697.150391
43,0.589366,0.377704,21029.912109
44,0.583337,0.265965,21395.882812
45,0.555619,0.199447,21595.556641
46,0.597119,0.162821,22061.429688
47,0.548430,0.086857,22394.138672
48,0.554866,0.047313,22610.417969
49,0.819249,0.049553,22826.796875
50,0.868713,0.101478,23043.076172
51,0.836596,0.096347,23242.693359
52,0.798344,0.190160,23525.523438
53,0.785476,0.270282,24157.716797
54,0.769966,0.426994,24507.148438
55,0.771059,0.459972,24640.246094
56,0.800364,0.536542,24956.306641
