Idx, longitude, latitude, start timestamp
0,0.763260,0.424193,99.763130
1,0.683695,0.495642,382.649231
2,0.633329,0.525081,598.894958
3,0.672876,0.534833,981.593750
4,0.626811,0.539486,1630.469604
5,0.615768,0.551339,1913.324463
6,0.620890,0.535205,2262.745361
7,0.553248,0.344682,2728.525391
8,0.543008,0.313287,2961.456543
9,0.546500,0.320934,3094.649414
10,0.513357,0.288253,3260.905762
11,0.404098,0.460204,3776.754639
12,0.384989,0.558329,4009.651123
13,0.371265,0.570966,4259.138184
14,0.380640,0.571092,4475.371582
15,0.696284,0.534507,5373.949219
16,0.693941,0.531732,5573.549805
17,0.526587,0.334236,6105.913574
18,0.295398,0.480117,7020.985352
19,0.226126,0.522559,7287.212891
20,0.232341,0.531185,7370.428711
21,0.211738,0.540892,7503.572754
22,0.216848,0.540127,7836.204590
23,0.196592,0.550698,7969.349609
24,0.228063,0.555321,8435.191406
25,0.241027,0.534985,9084.083008
26,0.216901,0.538739,9350.315430
27,0.210556,0.504369,9599.869141
28,0.238417,0.518385,9849.470703
29,0.216188,0.531799,10132.231445
30,0.189069,0.528227,10431.740234
31,0.266466,0.506128,10914.229492
32,0.246306,0.543520,11546.418945
33,0.184572,0.534456,11796.039062
34,0.150578,0.532284,12045.557617
35,0.040557,0.506688,14025.397461
36,0.222693,0.540152,15506.251953
37,0.219757,0.512872,16254.862305
38,0.250622,0.551474,16487.744141
39,0.253620,0.559963,17070.128906
40,0.343207,0.422421,18184.853516
41,0.692182,0.549275,21662.087891
42,0.681801,0.541754,21895.095703
43,0.679234,0.545838,22144.570312
44,0.679160,0.536084,22410.753906
45,0.648804,0.490252,22893.306641
46,0.604858,0.433661,23359.175781
47,0.677079,0.531457,23858.296875
48,0.690007,0.574943,24091.173828
49,0.739036,0.657197,24357.375000
50,0.778407,0.707140,24640.230469
0,0.745434,0.460745,83.004868
1,0.690091,0.514435,382.519440
2,0.746966,0.543935,765.291504
3,0.816929,0.424650,1064.635620
4,0.842420,0.373328,1430.713623
5,0.879516,0.449917,1630.357422
6,0.953414,0.492728,2046.395386
7,0.973066,0.463941,2379.194580
8,0.015465,0.464774,2562.062500
9,0.068607,0.449541,3260.809814
10,0.054139,0.461495,4142.562500
11,0.164844,0.501190,4608.450684
12,0.166869,0.500942,4841.411621
13,0.181070,0.484097,5057.679688
14,0.247985,0.505209,5806.359863
15,0.256483,0.504970,6039.192871
16,0.197551,0.499508,9416.628906
17,0.258924,0.460645,9915.738281
18,0.278272,0.445467,10198.610352
19,0.288684,0.426353,10564.585938
20,0.260369,0.432793,10780.858398
21,0.235944,0.429309,11063.695312
22,0.216990,0.457912,11329.921875
23,0.214554,0.463662,11463.084961
24,0.209474,0.499236,11779.147461
25,0.204856,0.506829,12228.247070
26,0.312004,0.417796,12860.494141
27,0.346538,0.413382,13093.547852
28,0.393093,0.372443,13542.676758
29,0.582119,0.355901,15938.410156
30,0.648988,0.559828,16570.664062
31,0.704484,0.522480,17102.994141
32,0.796050,0.331419,18916.582031
33,0.790668,0.112945,19565.400391
34,0.551808,0.208232,20247.531250
35,0.986037,0.825418,23941.054688
36,0.987154,0.628850,24390.148438
0,0.740798,0.655605,216.400757
1,0.712258,0.836804,549.075867
2,0.707722,0.408087,948.405212
3,0.688286,0.356115,1198.005737
4,0.628891,0.457913,2379.184814
5,0.607775,0.473989,2728.586914
6,0.239060,0.410670,6355.510742
7,0.253473,0.406258,6505.245117
8,0.207872,0.403080,6738.279785
9,0.240043,0.367549,7753.125000
10,0.202757,0.381013,8002.771484
11,0.095249,0.302346,8967.774414
12,0.255994,0.382639,13543.090820
13,0.237767,0.457957,14275.073242
14,0.243179,0.421229,14574.551758
15,0.283902,0.342344,15240.007812
16,0.279235,0.374259,15539.512695
17,0.412655,0.498790,15938.867188
18,0.416399,0.504741,16670.873047
19,0.693736,0.877066,20846.916016
20,0.774314,0.588770,21362.666016
21,0.972689,0.339179,24706.908203
0,0.761486,0.341831,166.410110
1,0.692259,0.581716,732.039062
2,0.642787,0.536514,1014.874329
3,0.675811,0.507076,1264.529663
4,0.614994,0.516306,1547.214600
5,0.590453,0.509322,1763.640991
6,0.538539,0.365911,2212.761475
7,0.512261,0.248367,2478.980225
8,0.539551,0.184872,2911.637451
9,0.446709,0.601688,3360.814697
10,0.704501,0.672145,4126.122070
11,0.695337,0.676872,4242.593750
12,0.692977,0.589399,4408.985352
13,0.686397,0.573242,4658.614746
14,0.722918,0.654143,4824.971191
15,0.730433,0.688587,5190.945801
16,0.658228,0.549442,5457.164551
17,0.649871,0.499251,5606.850098
18,0.691728,0.461695,5839.835449
19,0.774484,0.314657,6139.231445
20,0.783192,0.299708,6305.722168
21,0.242005,0.523393,9400.264648
22,0.260819,0.487289,9932.606445
23,0.237752,0.537231,10182.248047
24,0.205790,0.485015,10631.374023
25,0.240203,0.509327,10881.051758
26,0.247340,0.554636,11879.195312
27,0.258336,0.517463,12128.859375
28,0.194615,0.414894,12428.334961
29,0.153880,0.468182,12661.233398
30,0.186102,0.287357,13393.247070
31,0.290571,0.342062,13875.678711
32,0.236212,0.460204,14458.107422
33,0.239183,0.448848,14707.660156
34,0.688159,0.564977,17419.511719
35,0.647045,0.474588,19100.042969
36,0.440756,0.205348,20364.462891
37,0.415509,0.573186,21113.074219
38,0.392662,0.595864,21395.953125
39,0.379372,0.603457,21612.220703
40,0.766677,0.623934,24091.306641
41,0.767607,0.658064,24590.455078
0,0.748355,0.549130,232.821686
1,0.734659,0.449101,515.731079
2,0.567985,0.270243,1414.226685
3,0.582253,0.244761,1597.234131
4,0.749367,0.382709,2179.573486
5,0.687232,0.405269,2445.646240
6,0.900497,0.386992,3011.416992
7,0.054069,0.450045,4242.543457
8,0.177159,0.452365,4841.511719
9,0.241229,0.444724,5107.780762
10,0.258433,0.443541,5473.757324
11,0.201064,0.386691,5922.999512
12,0.267291,0.391728,6521.874023
13,0.292670,0.369489,6921.148438
14,0.258304,0.372158,7204.097168
15,0.206305,0.469749,7503.453613
16,0.140434,0.458783,7869.583984
17,0.119060,0.430129,8235.588867
18,0.124110,0.448511,8368.713867
19,0.071770,0.441090,8618.187500
20,0.091197,0.432008,8867.837891
21,0.269989,0.481292,9466.756836
22,0.266700,0.465964,9616.423828
23,0.266236,0.443291,9882.691406
24,0.223752,0.418760,10182.194336
25,0.274162,0.419834,10747.859375
26,0.391226,0.511804,11063.932617
27,0.418384,0.502959,11363.396484
28,0.410757,0.489860,11446.665039
29,0.437456,0.494772,11796.026367
30,0.414507,0.239813,12344.989258
31,0.375562,0.226909,12494.750977
32,0.302179,0.268433,12993.847656
33,0.100137,0.425214,13992.064453
34,0.059961,0.411990,14158.428711
35,0.017670,0.403143,14424.708008
36,0.022434,0.393831,14591.083984
37,0.669771,0.438252,15739.036133
38,0.669296,0.426046,15888.814453
39,0.671009,0.432488,16204.933594
40,0.698265,0.409487,16587.611328
41,0.699327,0.409852,16753.931641
42,0.694886,0.408619,16887.000000
43,0.632462,0.442990,17236.416016
44,0.697742,0.405360,17752.242188
45,0.646625,0.406311,17968.492188
46,0.631922,0.447175,18201.359375
47,0.614736,0.461178,18867.087891
48,0.654652,0.432657,19049.917969
49,0.580133,0.317098,19382.707031
50,0.661312,0.440834,19798.603516
0,0.691982,0.513736,316.120209
1,0.792700,0.450189,632.215149
2,0.626838,0.540408,1064.784912
3,0.618785,0.549055,1231.177979
4,0.681753,0.510056,1580.585571
5,0.875895,0.572508,2146.239746
6,0.881950,0.475377,2412.466553
7,0.052823,0.658538,3394.059570
8,0.073759,0.747711,3643.599365
9,0.000828,0.609203,3943.101318
10,0.033513,0.458447,4309.084961
11,0.042793,0.439618,4442.193848
12,0.045275,0.449219,4592.012695
13,0.205483,0.460281,5057.797852
14,0.239484,0.462866,5240.811523
15,0.212328,0.490150,5789.949707
16,0.213638,0.498566,6155.886230
17,0.221538,0.475099,6472.062988
18,0.796642,0.035158,7586.768555
19,0.553737,0.010038,8634.836914
20,0.536631,0.037303,8834.447266
21,0.887497,0.131110,9433.444336
22,0.874886,0.126927,9550.016602
23,0.817425,0.361797,10148.977539
24,0.859060,0.412125,10431.760742
25,0.850140,0.369697,10598.102539
26,0.699165,0.509469,11230.306641
27,0.512571,0.270209,12295.184570
28,0.464049,0.457625,12944.048828
29,0.408213,0.534180,13193.529297
30,0.377288,0.537837,13426.535156
31,0.381980,0.537411,13592.920898
32,0.454464,0.550148,13975.525391
33,0.463367,0.548740,14175.154297
34,0.532028,0.562532,14657.587891
35,0.551876,0.563336,14824.014648
36,0.583792,0.452715,15273.257812
37,0.617452,0.421597,15489.575195
38,0.661074,0.544711,15872.250000
39,0.707449,0.518563,16071.852539
40,0.701647,0.505042,16221.598633
41,0.234349,0.474749,17536.000000
42,0.240210,0.484368,17635.787109
43,0.268343,0.478177,17985.148438
44,0.310692,0.389427,18550.802734
45,0.383535,0.453294,19083.316406
46,0.329956,0.491528,19432.685547
47,0.377519,0.363827,19748.800781
48,0.398479,0.339069,19965.103516
49,0.426957,0.370783,20314.369141
50,0.456694,0.391929,20663.779297
51,0.493370,0.363902,20979.845703
52,0.515206,0.422453,21345.980469
53,0.515949,0.355332,21562.244141
54,0.507032,0.309608,21828.542969
55,0.534152,0.274891,22077.953125
56,0.588072,0.380293,22344.259766
57,0.605892,0.464952,22627.140625
58,0.642859,0.579491,22976.552734
59,0.686527,0.564537,23142.833984
60,0.707923,0.547902,23325.880859
61,0.792678,0.591300,23741.781250
62,0.796212,0.654091,24141.052734
63,0.758449,0.653520,24307.457031
64,0.867169,0.783656,24540.361328
65,0.869954,0.821767,24839.810547
0,0.742941,0.452905,133.142731
1,0.677865,0.502260,399.353821
2,0.639295,0.508982,881.838684
3,0.635475,0.515066,1098.190552
4,0.619793,0.493381,1347.706421
5,0.609512,0.482001,1447.487061
6,0.704262,0.480152,1813.625488
7,0.702354,0.457339,2246.106934
8,0.698255,0.453760,2412.459717
9,0.065948,0.461772,5623.554199
10,0.056053,0.405332,6355.651855
11,0.054753,0.395888,6605.165039
12,0.248915,0.493934,8584.949219
13,0.214198,0.388078,9067.478516
14,0.264413,0.456051,9350.353516
15,0.288245,0.478695,9799.602539
16,0.092316,0.458412,13509.757812
17,0.507228,0.217273,17469.412109
18,0.709919,0.435610,19116.541016
19,0.611450,0.495755,20114.792969
20,0.687443,0.469986,20647.300781
21,0.677168,0.468605,20846.896484
22,0.679482,0.470589,21162.992188
23,0.668647,0.445891,21579.000000
24,0.677794,0.448847,21845.121094
25,0.683063,0.446429,21945.003906
26,0.756173,0.473548,22610.468750
27,0.792571,0.708721,23558.830078
28,0.767758,0.646599,23808.320312
0,0.739633,0.425229,549.078796
1,0.746365,0.298284,782.068237
2,0.661618,0.580322,1197.862549
3,0.664444,0.547958,1497.393921
4,0.736175,0.572297,2595.524658
5,0.837375,0.536725,2878.347168
6,0.856766,0.433200,3094.584229
7,0.905316,0.479245,3477.285889
8,0.069744,0.552983,4342.497559
9,0.069338,0.532419,4525.504883
10,0.170901,0.526044,4891.449219
11,0.182280,0.406249,5157.704590
12,0.262134,0.572919,5590.161133
13,0.260888,0.574348,5922.949219
14,0.262447,0.444366,6289.104980
15,0.636127,0.518271,7969.478516
16,0.967364,0.211807,11612.960938
17,0.935684,0.183754,12095.451172
18,0.941451,0.172443,12345.060547
19,0.931300,0.362581,12627.950195
20,0.080988,0.559582,18218.121094
21,0.089698,0.634565,18550.859375
22,0.039132,0.465285,19698.806641
23,0.034195,0.443175,19931.814453
24,0.249376,0.546522,21162.931641
25,0.215066,0.602692,21429.140625
26,0.212364,0.616445,21712.029297
27,0.202878,0.508746,22144.525391
28,0.202050,0.445864,22410.732422
29,0.644814,0.585963,24972.988281
0,0.792952,0.493305,316.246826
1,0.877983,0.441144,549.207275
2,0.722709,0.642319,865.328491
3,0.645820,0.476263,2445.769775
4,0.617056,0.450969,2595.503662
5,0.555661,0.154442,3560.517578
6,0.395757,0.334227,4342.471191
7,0.380390,0.291882,4558.723633
8,0.379179,0.272175,4808.412598
9,0.384857,0.319064,5241.068359
10,0.405857,0.381380,5623.604980
11,0.414962,0.363386,5806.617676
12,0.423373,0.352345,6139.353027
13,0.827870,0.417661,7869.715820
14,0.865998,0.474867,8252.414062
15,0.883526,0.537374,8468.733398
16,0.983054,0.392243,9433.555664
17,0.972142,0.349247,9583.259766
18,0.920281,0.340025,9832.939453
19,0.890227,0.386361,10149.015625
20,0.884779,0.331982,10481.835938
21,0.889134,0.347608,10581.667969
22,0.902729,0.365182,10814.483398
23,0.899261,0.399556,10980.852539
24,0.918896,0.420834,11113.982422
25,0.936247,0.446297,11346.866211
26,0.044701,0.473036,12028.959961
27,0.034293,0.465953,12228.769531
28,0.025483,0.443568,12578.082031
29,0.027618,0.456066,13010.732422
30,0.018756,0.457178,13276.813477
31,0.169635,0.267594,13892.470703
32,0.175880,0.299881,14108.712891
33,0.223225,0.383379,14408.183594
34,0.229023,0.389655,14541.343750
35,0.244442,0.361060,14774.205078
36,0.225235,0.411917,15223.437500
37,0.228146,0.424090,15356.563477
38,0.256213,0.370898,15572.833008
39,0.239344,0.436234,16038.699219
40,0.235208,0.581782,16304.923828
41,0.220990,0.457303,16587.792969
42,0.211229,0.449672,16754.128906
43,0.151189,0.382201,17486.121094
44,0.130044,0.743280,18035.140625
45,0.039649,0.378952,18917.000000
46,0.038222,0.379896,19183.085938
47,0.029855,0.413123,19449.322266
48,0.132919,0.397745,19815.466797
49,0.146687,0.375113,19998.488281
50,0.043395,0.369091,20896.886719
51,0.018494,0.420926,21362.730469
52,0.985587,0.474659,21662.220703
53,0.063093,0.466270,22460.775391
54,0.064104,0.447762,22660.392578
55,0.987170,0.416090,23392.505859
56,0.075114,0.492124,24290.894531
57,0.090757,0.528099,24540.486328
0,0.684401,0.529191,632.268677
1,0.649773,0.529194,798.700073
2,0.642218,0.529655,1081.489380
3,0.670850,0.513410,1380.946289
4,0.687508,0.507605,1979.965332
5,0.863201,0.423130,2928.283691
6,0.882865,0.470171,3261.032227
7,0.873499,0.475720,3410.672119
8,0.906799,0.512350,3593.897217
9,0.849638,0.459806,4026.386230
10,0.831899,0.439206,4292.637207
11,0.798811,0.394415,4575.456055
12,0.776157,0.383024,4791.679688
13,0.637095,0.519422,5374.063965
14,0.640926,0.522550,5473.795898
15,0.551602,0.355923,5906.454102
16,0.530290,0.338442,6072.815430
17,0.473669,0.525784,6355.604492
18,0.436608,0.536976,6655.029785
19,0.379209,0.550418,6838.108398
20,0.379736,0.540281,7021.017578
21,0.241447,0.497582,7603.369141
22,0.186240,0.461795,7936.088379
23,0.230733,0.491071,8252.197266
24,0.246820,0.546399,8551.793945
25,0.243168,0.531353,8701.430664
26,0.242395,0.511296,8834.597656
27,0.211937,0.523734,9017.590820
28,0.230051,0.511273,9333.700195
29,0.230063,0.508696,9649.845703
30,0.256454,0.499780,9882.743164
31,0.225011,0.517371,10248.850586
32,0.254157,0.508696,10864.393555
33,0.272770,0.542348,11263.717773
34,0.244274,0.546866,11446.751953
35,0.239954,0.570006,11579.831055
36,0.237222,0.537125,11729.507812
37,0.257865,0.506957,12145.379883
38,0.239207,0.496910,12428.286133
39,0.219443,0.516645,12811.037109
40,0.250318,0.494615,13093.791016
41,0.273336,0.496661,15073.572266
42,0.270811,0.502807,15223.337891
43,0.413716,0.570997,16521.039062
44,0.386691,0.550448,16770.658203
45,0.392029,0.561959,17003.546875
46,0.400060,0.570688,17452.798828
47,0.419534,0.393156,18184.878906
48,0.638473,0.497872,19715.552734
49,0.215908,0.504914,21179.619141
50,0.227499,0.514248,21628.818359
51,0.231894,0.538484,22094.720703
52,0.376833,0.415476,23941.470703
53,0.373043,0.403140,24057.904297
54,0.377503,0.352158,24307.419922
55,0.377184,0.348835,24540.462891
56,0.397904,0.327411,24923.027344
0,0.760260,0.573358,16.614897
1,0.762996,0.607518,199.586639
2,0.765818,0.469731,449.230652
3,0.655387,0.569744,698.734985
4,0.624700,0.582636,898.504089
5,0.611634,0.578882,1098.120117
6,0.567988,0.289867,1397.619385
7,0.570422,0.308712,1547.316406
8,0.604340,0.561268,1763.567749
9,0.624685,0.567336,2196.220215
10,0.687063,0.594444,2478.909912
11,0.697378,0.530131,2695.290283
12,0.702661,0.472598,3111.162354
13,0.774821,0.421656,3344.187012
14,0.850216,0.401024,3843.268311
15,0.867540,0.404640,4042.884033
16,0.793860,0.281604,4458.879883
17,0.949646,0.549937,5091.155762
18,0.955810,0.785850,5689.991211
19,0.990084,0.844191,5989.490234
20,0.018736,0.426796,6471.978027
21,0.046968,0.433273,6605.093262
22,0.064922,0.453615,6837.961426
23,0.141840,0.524416,7104.280762
24,0.170589,0.511494,7420.364258
25,0.216537,0.479399,7603.322266
26,0.257461,0.531312,7836.285156
27,0.274656,0.525964,8085.910156
28,0.288887,0.537014,8468.430664
29,0.233026,0.518036,8767.939453
30,0.218766,0.451208,9084.061523
31,0.227969,0.374772,9350.353516
32,0.264857,0.292453,9599.849609
33,0.295492,0.322768,9866.049805
34,0.365580,0.558346,10215.422852
35,0.379707,0.568652,10398.412109
36,0.402222,0.550962,10681.315430
37,0.350757,0.291921,11197.027344
38,0.374247,0.311809,11346.810547
39,0.425039,0.539371,11613.033203
40,0.438479,0.559084,11929.115234
41,0.407919,0.535188,12145.440430
42,0.421264,0.696105,13010.513672
43,0.387497,0.527522,14075.331055
44,0.237635,0.516844,14424.732422
45,0.251704,0.544508,14624.313477
46,0.243453,0.532635,14824.102539
47,0.186711,0.517379,15090.185547
48,0.188641,0.505466,15173.469727
49,0.190676,0.444511,15489.618164
50,0.181620,0.441303,15789.081055
51,0.195239,0.430773,16204.947266
52,0.172225,0.364196,16787.291016
53,0.998024,0.532103,17286.394531
54,0.847631,0.483079,18334.501953
55,0.845871,0.341424,18567.513672
56,0.659845,0.521303,19316.162109
57,0.636608,0.524777,19549.142578
58,0.641124,0.486280,19765.373047
59,0.664399,0.489577,19998.390625
60,0.683086,0.510300,20331.146484
61,0.675972,0.310393,20613.878906
62,0.684981,0.306198,20763.603516
63,0.680539,0.514733,21029.873047
64,0.637483,0.563464,21262.767578
65,0.613112,0.582221,21545.566406
66,0.607517,0.473422,22161.201172
67,0.607068,0.472294,22261.111328
68,0.683417,0.531253,22793.476562
69,0.670269,0.551441,23209.332031
70,0.694204,0.598766,23425.666016
71,0.706779,0.612625,23741.781250
72,0.738298,0.523247,24057.970703
73,0.675784,0.511368,24640.158203
0,0.755533,0.410597,249.607819
1,0.767743,0.409902,732.090027
2,0.682162,0.476976,1164.745850
3,0.665163,0.496730,1464.182251
4,0.636329,0.486873,1813.591797
5,0.635299,0.494347,1996.542603
6,0.625546,0.492085,2129.670654
7,0.691935,0.515528,2578.889404
8,0.625629,0.378039,3061.349609
9,0.583088,0.282723,3294.260742
10,0.566718,0.246859,3427.416748
11,0.543924,0.227058,3560.523438
12,0.483877,0.224408,3859.928223
13,0.485780,0.237148,3993.019043
14,0.473921,0.284710,4159.427246
15,0.413917,0.589921,4675.164062
16,0.369720,0.583585,4874.821777
17,0.378338,0.577727,5074.481445
18,0.228384,0.471261,5939.676270
19,0.187945,0.423865,6139.310547
20,0.192054,0.431543,6305.683594
21,0.221665,0.394529,6605.138672
22,0.218172,0.483196,6887.986328
23,0.223352,0.507424,7170.915527
24,0.225121,0.512041,7287.263672
25,0.254538,0.443970,7603.448242
26,0.290912,0.458573,8318.813477
27,0.364791,0.488493,8551.816406
28,0.699953,0.537755,10049.125977
29,0.697023,0.506258,10182.215820
30,0.700825,0.436209,11047.385742
31,0.780523,0.381114,11563.238281
32,0.878596,0.424312,12112.227539
33,0.943577,0.434621,12361.776367
34,0.058538,0.435960,12944.121094
35,0.053766,0.445137,13093.855469
36,0.131808,0.454728,13642.853516
37,0.181584,0.418310,14025.485352
38,0.136516,0.464140,14308.361328
39,0.102338,0.489525,14524.625977
40,0.090801,0.587854,14990.478516
41,0.064452,0.667206,15190.244141
42,0.030761,0.706381,15423.039062
43,0.007821,0.685939,15739.226562
44,0.868784,0.458945,16421.316406
45,0.673139,0.511648,17036.998047
46,0.675588,0.498272,17136.767578
47,0.682170,0.473269,17253.257812
48,0.691572,0.449669,17569.341797
49,0.694706,0.465564,18001.962891
50,0.690304,0.479401,18184.904297
51,0.682473,0.483998,18467.734375
52,0.685262,0.462958,18750.568359
53,0.697177,0.459027,18966.863281
54,0.692275,0.463156,19199.787109
55,0.687300,0.474238,19282.972656
56,0.684470,0.482407,19466.013672
57,0.689401,0.477048,19599.128906
58,0.620257,0.485328,19798.746094
59,0.569989,0.298806,20231.378906
60,0.545515,0.227966,20480.996094
61,0.534558,0.184101,21163.083984
62,0.521822,0.154243,21279.513672
63,0.442113,0.111479,21578.962891
64,0.417504,0.103275,21778.708984
65,0.357508,0.079059,21928.378906
66,0.314586,0.075125,22161.320312
67,0.311684,0.056569,22494.109375
68,0.540054,0.032658,22743.642578
69,0.674800,0.108717,22993.160156
70,0.708366,0.172276,23259.376953
71,0.707388,0.217527,23575.556641
72,0.697836,0.254014,23758.531250
73,0.682078,0.298969,24008.037109
74,0.696627,0.280059,24290.953125
75,0.761414,0.193295,24507.283203
76,0.824354,0.179178,24673.550781
77,0.842964,0.263295,24973.017578
0,0.715884,0.442768,332.709595
1,0.796201,0.484655,565.640076
2,0.888296,0.398377,1098.086426
3,0.922405,0.420517,1314.321533
4,0.912270,0.466449,1630.450073
5,0.912021,0.481889,1813.444214
6,0.961488,0.463637,2212.744141
7,0.617149,0.513796,3394.017090
8,0.565551,0.301631,3660.246582
9,0.545576,0.287583,3959.694092
10,0.511151,0.218177,4109.542480
11,0.404056,0.387370,4575.334961
12,0.424566,0.663527,4891.450195
13,0.422549,0.703313,5041.233887
14,0.386883,0.577734,5324.071777
15,0.470453,0.541408,5656.762695
16,0.061142,0.521398,7270.577148
17,0.107120,0.523465,7503.527832
18,0.109228,0.518866,7719.803223
19,0.160984,0.544384,7886.168457
20,0.159711,0.545322,7986.020996
21,0.209000,0.549650,8335.390625
22,0.247367,0.540620,8485.139648
23,0.263238,0.522406,8817.886719
24,0.269575,0.497649,9050.813477
25,0.271196,0.492874,9150.625977
26,0.311044,0.446024,9383.565430
27,0.310039,0.428180,9566.579102
28,0.300214,0.385543,9699.679688
29,0.103394,0.487520,10315.287109
30,0.072584,0.499380,10498.278320
31,0.038393,0.471027,10697.926758
32,0.002199,0.515355,10914.208984
33,0.005305,0.516084,11080.600586
34,0.011208,0.500215,11313.541992
35,0.053187,0.438101,11563.070312
36,0.066036,0.622590,12078.859375
37,0.054213,0.436676,12528.083008
38,0.219407,0.434993,13210.221680
39,0.217853,0.428377,13310.022461
40,0.238673,0.524976,13576.234375
41,0.250960,0.495216,13825.815430
42,0.252735,0.492826,13942.249023
43,0.283060,0.473510,14158.567383
44,0.383122,0.397999,14557.857422
45,0.373842,0.635471,14857.344727
46,0.376649,0.671116,15090.255859
47,0.410661,0.668073,15356.455078
48,0.462492,0.640951,15739.130859
49,0.390083,0.510626,16238.246094
50,0.358174,0.598331,16570.996094
51,0.253530,0.506902,16837.210938
52,0.225807,0.474350,17003.578125
53,0.124619,0.744479,17719.001953
54,0.089315,0.707678,17985.195312
55,0.825050,0.336236,18750.515625
56,0.807177,0.282107,18933.550781
57,0.754179,0.286711,19166.462891
58,0.803500,0.145076,19549.140625
59,0.734840,0.210338,19765.406250
60,0.680750,0.587959,20131.458984
61,0.640550,0.575412,20381.005859
62,0.642904,0.551915,20514.115234
63,0.634382,0.442030,20730.400391
64,0.527395,0.327500,21113.050781
65,0.506656,0.375629,21412.537109
66,0.487682,0.332568,21678.748047
67,0.715265,0.476634,22244.416016
68,0.706024,0.459699,22677.005859
69,0.346672,0.429760,23608.722656
70,0.316376,0.403349,23808.347656
71,0.281587,0.523062,24091.183594
72,0.374571,0.552397,24390.667969
73,0.408175,0.581674,24573.681641
0,0.683655,0.525990,332.753235
1,0.680590,0.489369,565.678467
2,0.665603,0.457595,765.270752
3,0.619753,0.471326,998.219116
4,0.608492,0.499416,1264.409546
5,0.590904,0.466666,1746.933716
6,0.594380,0.413467,1913.296753
7,0.532111,0.253971,2628.716064
8,0.475569,0.212169,2845.023438
9,0.507012,0.212046,3061.273682
10,0.472073,0.338949,3277.561768
11,0.490694,0.438368,3493.945068
12,0.501541,0.462708,3726.817871
13,0.415727,0.494873,3993.052734
14,0.391332,0.504499,4442.213379
15,0.368726,0.532096,4592.041992
16,0.363349,0.532514,5007.911621
17,0.462899,0.337796,5407.183105
18,0.754683,0.650791,6621.751465
19,0.788410,0.534013,6904.561035
20,0.840456,0.513693,7137.487305
21,0.850628,0.488097,7387.053711
22,0.843272,0.467911,7769.729492
23,0.790023,0.406692,8069.194824
24,0.859209,0.497777,8418.578125
25,0.898122,0.525847,8884.453125
26,0.894706,0.506866,8984.279297
27,0.879767,0.497495,9233.841797
28,0.887159,0.426336,9566.569336
29,0.953118,0.510286,9965.906250
30,0.994445,0.547652,10165.530273
31,0.026633,0.547660,10398.445312
32,0.048508,0.506061,10681.292969
33,0.068539,0.585400,11030.677734
34,0.060876,0.757005,11296.890625
35,0.042206,0.835785,11529.799805
36,0.042327,0.845334,11779.383789
37,0.075090,0.709277,12145.400391
38,0.096792,0.624228,12394.959961
39,0.094117,0.496082,12661.164062
40,0.098070,0.488056,12877.450195
41,0.081692,0.395274,13060.472656
42,0.253022,0.561277,13975.562500
43,0.270910,0.553987,14125.307617
44,0.264763,0.541191,14324.921875
45,0.254584,0.497022,14491.295898
46,0.400826,0.540001,15190.109375
47,0.396874,0.551022,15289.911133
48,0.423423,0.568904,15456.292969
49,0.459360,0.582996,15822.310547
50,0.462366,0.572545,16021.959961
51,0.406638,0.599946,16504.449219
52,0.385476,0.591449,16737.380859
53,0.396953,0.328857,17020.248047
54,0.388233,0.276131,17253.167969
55,0.411243,0.252353,17535.990234
56,0.435458,0.239269,17835.458984
57,0.498053,0.222281,18085.023438
58,0.515074,0.203595,18268.019531
59,0.519140,0.202988,18484.365234
60,0.602023,0.651411,19249.697266
61,0.621138,0.579900,19482.607422
62,0.612297,0.706962,19798.687500
63,0.111772,0.906689,20880.146484
64,0.035310,0.887617,21162.996094
65,0.033077,0.869754,21429.173828
66,0.017300,0.826987,21712.031250
67,0.005698,0.761886,21895.035156
68,0.025376,0.633805,22111.326172
69,0.997168,0.549611,22460.712891
70,0.003427,0.514810,22643.767578
71,0.003256,0.544863,22876.628906
72,0.000118,0.566850,23109.607422
73,0.996512,0.595100,23259.308594
74,0.995405,0.635383,23392.416016
75,0.982397,0.629693,24324.144531
0,0.712141,0.329964,66.422234
1,0.713388,0.368982,282.809265
2,0.665435,0.432776,582.221252
3,0.676939,0.367602,881.726196
4,0.021259,0.434845,2212.659912
5,0.042271,0.405857,2429.050293
6,0.069567,0.375198,2678.529785
7,0.110609,0.391733,2961.424072
8,0.051375,0.355493,3360.652588
9,0.028073,0.337506,3560.323486
10,0.963958,0.333639,3776.591553
11,0.914759,0.324477,3976.267822
12,0.623462,0.383110,6305.503906
13,0.625136,0.366373,6438.622070
14,0.216646,0.399052,8634.799805
15,0.208522,0.429544,8884.327148
16,0.190361,0.400004,9133.906250
17,0.180401,0.398019,9649.665039
18,0.173734,0.386574,9965.842773
19,0.153560,0.411794,10215.365234
20,0.687372,0.417354,12128.668945
21,0.683456,0.407154,12211.883789
22,0.694067,0.395350,12428.134766
23,0.692082,0.386389,12511.342773
24,0.686110,0.395339,12760.919922
25,0.658192,0.384753,12910.644531
26,0.654965,0.372854,13176.833008
27,0.200035,0.404028,14457.929688
28,0.190603,0.402891,14690.852539
29,0.142415,0.406677,14973.740234
30,0.142846,0.394473,15073.525391
31,0.100760,0.394715,15256.578125
32,0.216828,0.382829,15672.485352
33,0.018032,0.360357,16587.578125
34,0.026003,0.363785,18816.972656
35,0.037219,0.368130,21795.121094
36,0.057783,0.367628,22094.578125
37,0.071229,0.362836,22593.710938
38,0.100751,0.378013,23076.199219
39,0.160634,0.381113,23292.496094
40,0.171587,0.391757,23442.257812
41,0.170566,0.401535,23525.414062
42,0.226323,0.391680,23758.341797
43,0.254517,0.396454,24057.810547
44,0.301031,0.362982,24240.884766
45,0.347765,0.388988,24507.056641
46,0.387933,0.407994,24956.259766
0,0.688945,0.509461,282.924561
1,0.565753,0.521667,1164.806274
2,0.667526,0.406735,1663.885254
3,0.674035,0.375480,1896.762085
4,0.672291,0.379484,2196.284668
5,0.867959,0.298367,3078.048340
6,0.045042,0.414056,4009.756348
7,0.199809,0.407030,4675.215820
8,0.233049,0.425303,5124.446289
9,0.907543,0.569544,6937.983398
10,0.614914,0.409030,8501.892578
11,0.601474,0.431643,8668.269531
12,0.633370,0.390224,8967.755859
13,0.648554,0.316290,9200.637695
14,0.731790,0.353694,9666.508789
15,0.738289,0.321536,9866.169922
16,0.338626,0.428637,11513.324219
17,0.332645,0.430388,11596.566406
18,0.175375,0.519383,12128.876953
19,0.198965,0.496159,12611.422852
20,0.187119,0.559071,12844.295898
21,0.352583,0.393985,13343.473633
22,0.354820,0.407148,13443.224609
23,0.350150,0.421331,13892.567383
24,0.422028,0.393489,14341.705078
25,0.417508,0.402296,14574.635742
26,0.345034,0.418205,15040.453125
27,0.349662,0.414078,15323.299805
28,0.359321,0.449647,15872.409180
29,0.379345,0.551390,17735.746094
30,0.308520,0.568340,18118.414062
31,0.232659,0.569134,18501.050781
32,0.244792,0.560894,18617.519531
33,0.710385,0.431844,19898.685547
34,0.586634,0.470791,20347.875000
35,0.583254,0.490429,20497.615234
36,0.577229,0.535249,20797.054688
37,0.660554,0.379138,21246.263672
38,0.668243,0.354956,21445.988281
39,0.669583,0.339589,21545.843750
40,0.652577,0.362657,22261.156250
41,0.645403,0.401643,22943.394531
0,0.691180,0.527635,366.018738
1,0.680975,0.530562,515.805237
2,0.626496,0.553257,2778.443359
3,0.643239,0.529335,3194.364502
4,0.451974,0.444432,4126.109375
5,0.376247,0.528419,4592.006348
6,0.383666,0.545495,4758.354492
7,0.383223,0.547137,4958.060059
8,0.442498,0.563991,5174.278809
9,0.383419,0.520886,5523.698730
10,0.357066,0.550988,5856.460449
11,0.234671,0.524261,6122.638184
12,0.239008,0.525707,6255.768555
13,0.221588,0.503506,6405.452637
14,0.179795,0.524653,6671.666016
15,0.211078,0.539525,6954.516602
16,0.738287,0.912680,8235.573242
17,0.231549,0.514571,9217.207031
18,0.228186,0.500316,9400.213867
19,0.229891,0.503304,9666.403320
20,0.264370,0.494602,9832.783203
21,0.417066,0.541713,10282.015625
22,0.671215,0.533212,10880.977539
23,0.683399,0.516816,11147.183594
24,0.729492,0.530117,11396.741211
25,0.690040,0.501022,11596.373047
26,0.689916,0.489528,12012.322266
27,0.417498,0.381314,12761.007812
28,0.336923,0.414422,13027.230469
29,0.030676,0.490934,13875.708008
30,0.989761,0.573164,14075.359375
31,0.017735,0.636284,14291.663086
32,0.984280,0.692681,14557.851562
33,0.034344,0.607080,14857.329102
34,0.090739,0.510327,15056.970703
35,0.698827,0.526098,16421.253906
36,0.690275,0.505538,16737.404297
37,0.832587,0.443118,17752.279297
38,0.865733,0.453012,17951.929688
39,0.883526,0.463478,18151.587891
40,0.915258,0.488280,18317.943359
41,0.900377,0.492844,18650.708984
42,0.863000,0.486838,18983.462891
43,0.902867,0.490505,19299.556641
44,0.892260,0.514143,19499.220703
45,0.837571,0.497319,19865.271484
46,0.844299,0.491854,20014.984375
47,0.859775,0.469314,20197.994141
48,0.904085,0.470742,20447.593750
49,0.026237,0.496106,20930.048828
50,0.060695,0.475754,21113.074219
51,0.057883,0.455891,21345.992188
52,0.696270,0.451092,23059.683594
53,0.670048,0.502616,23259.326172
54,0.675016,0.507930,23409.052734
55,0.731690,0.477578,23575.431641
56,0.812231,0.405017,23775.111328
57,0.804216,0.385994,23908.181641
58,0.831063,0.394399,24124.498047
59,0.792432,0.377146,24473.841797
60,0.854183,0.403766,24723.423828
0,0.677929,0.494497,399.279846
1,0.639721,0.502116,665.548035
2,0.630841,0.511203,881.826538
3,0.697182,0.500194,1231.220215
4,0.643742,0.509264,1730.289062
5,0.631018,0.515352,1880.101929
6,0.701677,0.507222,2162.870850
7,0.876836,0.463806,3011.397217
8,0.912404,0.486312,3244.336670
9,0.066529,0.474053,3976.363281
10,0.131417,0.493503,4492.133789
11,0.156147,0.493156,4758.368164
12,0.247790,0.511437,6022.827148
13,0.304648,0.466657,6488.668457
14,0.324116,0.458993,6704.915527
15,0.318823,0.464915,6821.478516
16,0.253936,0.502028,7070.992188
17,0.244613,0.513533,7287.338379
18,0.177549,0.516184,7586.756348
19,0.218540,0.520202,7802.991699
20,0.138988,0.505674,8285.555664
21,0.125203,0.495186,8451.917969
22,0.127597,0.387297,8801.288086
23,0.019049,0.260229,9350.380859
24,0.988460,0.373109,9633.235352
25,0.924085,0.465222,9949.302734
26,0.925136,0.456432,10148.902344
27,0.912754,0.484513,10481.657227
28,0.739847,0.394932,11230.441406
29,0.592858,0.530289,12078.875000
30,0.596714,0.528479,12162.063477
31,0.389493,0.518904,12894.132812
32,0.384725,0.521771,13127.107422
33,0.387273,0.472446,13692.742188
34,0.493302,0.910881,14940.620117
35,0.258200,0.475786,15905.563477
36,0.258078,0.453301,16138.499023
37,0.251103,0.457394,16487.896484
38,0.277271,0.477606,16937.029297
39,0.367828,0.548109,17386.324219
40,0.401350,0.558621,17669.148438
41,0.394290,0.369440,18001.876953
42,0.421503,0.385786,18268.083984
43,0.421956,0.377124,18367.939453
44,0.466113,0.402711,18534.259766
45,0.568363,0.380067,18983.457031
46,0.589939,0.349333,19183.101562
47,0.562566,0.370024,19466.015625
48,0.646661,0.552489,19948.486328
49,0.695229,0.532507,20264.558594
50,0.934188,0.466194,21163.013672
51,0.986490,0.453576,21479.173828
52,0.017954,0.457847,21762.001953
53,0.020301,0.470212,21911.726562
54,0.044448,0.478559,22078.085938
55,0.057787,0.465148,22377.548828
56,0.146569,0.493482,23342.544922
57,0.115747,0.528031,23808.378906
58,0.095692,0.541989,24041.312500
0,0.683276,0.516490,382.639343
1,0.672075,0.516582,549.030579
2,0.637941,0.523493,765.358704
3,0.612183,0.498722,1131.334229
4,0.617712,0.490336,1314.402954
5,0.606435,0.481878,1630.486572
6,0.547961,0.437211,2112.993408
7,0.526838,0.371409,2362.518066
8,0.457707,0.355824,2728.581299
9,0.454887,0.218216,2961.514893
10,0.467051,0.219434,3077.986084
11,0.447768,0.211864,3227.730713
12,0.396554,0.586733,3627.057373
13,0.226423,0.469790,4525.401367
14,0.216440,0.477914,4941.386230
15,0.160849,0.469549,5423.902344
16,0.165782,0.330937,5740.008301
17,0.068169,0.500796,6205.855957
18,0.034743,0.453232,6438.806152
19,0.095274,0.411611,6854.673340
20,0.201058,0.319693,7071.007812
21,0.791076,0.457796,9233.906250
22,0.880332,0.476873,10348.598633
23,0.997627,0.836318,11247.096680
24,0.087629,0.938048,11446.708984
25,0.035540,0.440514,12278.653320
26,0.057832,0.412916,12478.286133
27,0.192073,0.410868,13027.230469
28,0.226447,0.419099,13260.275391
29,0.222467,0.425541,13393.300781
30,0.218902,0.416709,13642.802734
31,0.896123,0.238329,14524.616211
32,0.234120,0.450480,16304.887695
33,0.219291,0.449042,16571.074219
34,0.212321,0.446820,16720.783203
35,0.200000,0.456727,17136.742188
36,0.220670,0.436513,17552.697266
37,0.238691,0.441408,17768.958984
38,0.272461,0.432971,18085.052734
39,0.256887,0.463762,18367.929688
40,0.261070,0.363633,18750.566406
41,0.309879,0.343816,19083.326172
42,0.446182,0.538324,19865.328125
43,0.548920,0.343274,20430.958984
44,0.678310,0.556797,20880.175781
45,0.674501,0.565297,21029.923828
46,0.713898,0.432018,21212.941406
47,0.716258,0.196113,21695.451172
48,0.677737,0.136348,22177.937500
49,0.575527,0.078980,22527.365234
50,0.703151,0.073168,22727.021484
51,0.709216,0.084887,22826.841797
52,0.828815,0.278560,23176.164062
53,0.821023,0.486193,23858.328125
54,0.839658,0.521659,24324.160156
55,0.828103,0.502128,24507.222656
0,0.684020,0.494293,366.039948
1,0.633369,0.503376,1114.778809
2,0.638294,0.513728,1264.472046
3,0.617603,0.463689,1514.024048
4,0.962335,0.534024,2761.795898
5,0.958737,0.516180,2961.434570
6,0.011864,0.511476,3244.318604
7,0.911484,0.467291,3660.316895
8,0.872795,0.439916,3843.274902
9,0.641911,0.491691,4641.881348
10,0.540036,0.362443,5307.355957
11,0.423592,0.503983,5706.662109
12,0.451534,0.306953,6006.199219
13,0.450442,0.312471,6139.246582
14,0.366419,0.503122,6521.886230
15,0.283718,0.471266,6754.861816
16,0.236986,0.478834,6971.202637
17,0.250067,0.488013,7320.487305
18,0.202458,0.489263,7986.025879
19,0.279845,0.504741,8618.263672
20,0.269480,0.505758,8784.607422
21,0.255829,0.506718,9017.592773
22,0.279970,0.541257,9250.451172
23,0.039653,0.475439,10182.192383
24,0.044964,0.482278,10282.032227
25,0.018784,0.464826,10514.964844
26,0.148626,0.345077,11197.162109
27,0.276193,0.526356,11679.583008
28,0.263468,0.506714,12045.604492
29,0.410433,0.528956,12395.065430
30,0.403960,0.524392,12511.451172
31,0.450527,0.556009,12777.677734
32,0.467359,0.542642,13060.537109
33,0.475559,0.585231,13642.763672
34,0.562066,0.640548,13925.680664
35,0.631449,0.585124,14258.392578
36,0.678656,0.554428,14441.379883
37,0.673411,0.544104,14574.476562
38,0.708681,0.532668,14740.848633
39,0.711317,0.496614,15123.591797
40,0.686727,0.507408,15539.491211
41,0.782498,0.456103,15872.253906
42,0.649663,0.490751,16404.726562
43,0.668477,0.497231,16587.660156
44,0.903969,0.474355,17486.062500
45,0.956553,0.469324,17669.064453
46,0.020803,0.511103,18268.029297
47,0.002686,0.680489,18550.964844
48,0.037367,0.608379,18983.589844
49,0.091075,0.507164,19183.144531
50,0.087926,0.500272,19299.591797
51,0.144692,0.499608,19565.812500
52,0.201643,0.501641,19931.851562
53,0.252706,0.521815,20181.443359
54,0.271551,0.513586,20497.572266
55,0.261257,0.507487,20880.125000
56,0.204504,0.512128,21379.244141
57,0.237955,0.503636,21728.701172
58,0.951068,0.460168,22959.824219
59,0.778710,0.532132,23641.980469
60,0.788833,0.527948,23791.732422
61,0.627227,0.485982,24740.111328
0,0.632175,0.615247,1231.209229
1,0.656341,0.618260,2129.528809
2,0.695308,0.573687,2462.252930
3,0.706365,0.543532,2678.627197
4,0.669853,0.543293,2928.184570
5,0.614573,0.511209,3161.189697
6,0.644160,0.565547,3593.721924
7,0.619820,0.616146,3959.780518
8,0.615894,0.664779,4325.753418
9,0.639108,0.682177,4608.649902
10,0.660695,0.670078,4858.140137
11,0.684644,0.628304,5124.386719
12,0.688649,0.600107,5506.943359
13,0.675033,0.577591,5689.957520
14,0.661504,0.551061,6006.077148
15,0.882024,0.536099,7021.121094
16,0.876377,0.539950,7170.697754
17,0.891360,0.616537,7337.048828
18,0.922992,0.613439,7619.991699
19,0.940835,0.542218,7936.025391
20,0.004181,0.522816,8169.029297
21,0.055475,0.528486,8418.594727
22,0.078747,0.514257,8601.564453
23,0.115547,0.540100,9017.547852
24,0.152661,0.525612,9283.707031
25,0.215059,0.474688,9583.123047
26,0.288042,0.547816,10282.024414
27,0.287780,0.549772,10648.050781
28,0.245465,0.619476,10947.500977
29,0.231892,0.636222,11130.489258
30,0.200687,0.533790,11479.859375
31,0.196525,0.487846,11712.824219
32,0.254607,0.469045,11895.880859
33,0.279434,0.444018,12128.751953
34,0.358289,0.541112,12428.253906
35,0.420370,0.602849,13027.210938
36,0.431163,0.598781,13476.303711
37,0.416554,0.604642,13825.721680
38,0.414415,0.618566,14374.904297
39,0.416002,0.618854,14508.001953
40,0.261458,0.593531,15206.687500
41,0.242100,0.593066,15373.135742
42,0.201870,0.644594,15705.794922
43,0.177754,0.681940,15838.886719
44,0.144228,0.711963,16121.803711
45,0.135907,0.718836,16254.819336
46,0.044312,0.645938,16687.423828
47,0.026687,0.624450,16870.355469
48,0.058206,0.519978,17103.371094
49,0.057073,0.527133,17303.015625
50,0.042317,0.631953,17585.890625
51,0.145409,0.742078,18517.462891
52,0.251464,0.677567,19083.261719
53,0.254156,0.583305,19416.009766
54,0.249414,0.580019,19565.742188
55,0.236076,0.559230,19748.740234
56,0.317518,0.531458,20314.509766
57,0.648887,0.519671,21628.837891
58,0.661072,0.554702,21761.804688
59,0.680862,0.539918,21978.203125
60,0.699867,0.496714,22194.515625
61,0.686799,0.615060,22477.279297
62,0.620850,0.733689,22726.859375
0,0.721341,0.559471,83.220970
1,0.683362,0.528162,316.119232
2,0.690354,0.511194,565.733337
3,0.741568,0.466076,815.290588
4,0.772817,0.398935,1014.894287
5,0.789638,0.393701,1430.830444
6,0.642729,0.509518,1996.497437
7,0.615896,0.518685,2196.188232
8,0.620206,0.512009,2445.783691
9,0.628446,0.529406,2628.781494
10,0.552547,0.342148,2994.813965
11,0.559971,0.312590,3194.477783
12,0.701404,0.512771,3793.420410
13,0.712217,0.499994,4126.220703
14,0.879996,0.488886,4708.475098
15,0.907626,0.497655,5057.933105
16,0.230626,0.589914,6455.420410
17,0.251869,0.584868,6888.006348
18,0.271356,0.588409,7104.259766
19,0.270494,0.580208,7220.819336
20,0.205074,0.520370,7370.449707
21,0.186414,0.500777,7703.204102
22,0.179621,0.515369,8019.335449
23,0.321579,0.542464,9183.972656
24,0.251340,0.516676,9416.973633
25,0.252049,0.498733,9849.482422
26,0.220605,0.520199,10148.967773
27,0.229162,0.513070,10381.958008
28,0.241374,0.512203,10714.666992
29,0.262569,0.529139,11163.952148
30,0.260364,0.518390,11529.841797
31,0.235692,0.513054,11746.229492
32,0.045007,0.520183,12162.123047
33,0.038382,0.489533,12494.871094
34,0.008841,0.509572,12744.385742
35,0.983836,0.668696,13077.146484
36,0.968871,0.704365,13293.430664
37,0.023887,0.607795,13526.362305
38,0.957572,0.673532,13825.894531
39,0.949179,0.693771,14108.735352
40,0.942119,0.714640,14408.169922
41,0.962671,0.756625,14607.817383
42,0.975397,0.762029,14774.222656
43,0.957364,0.724549,15073.652344
44,0.937452,0.630620,15323.238281
45,0.892320,0.506324,15656.004883
46,0.883377,0.470142,15772.436523
47,0.850750,0.462299,16022.026367
48,0.846122,0.457218,16254.961914
49,0.853754,0.473001,16487.857422
50,0.824229,0.492244,16787.333984
51,0.810426,0.459838,17120.146484
52,0.703254,0.535812,17818.910156
53,0.681983,0.526190,17968.593750
54,0.670262,0.532829,19366.146484
55,0.674237,0.550574,19682.291016
56,0.681803,0.537282,19915.214844
57,0.684344,0.524345,20098.210938
58,0.680841,0.545871,20597.355469
59,0.768629,0.622807,20946.726562
60,0.776227,0.624135,21163.064453
61,0.745402,0.565437,21412.605469
62,0.738700,0.535402,21745.345703
63,0.746823,0.520951,22028.173828
64,0.764218,0.488793,22311.048828
65,0.769999,0.486617,22993.164062
66,0.769698,0.471256,23275.986328
67,0.770323,0.367253,23542.210938
68,0.801816,0.630519,24324.154297
69,0.787091,0.641827,24440.656250
70,0.757353,0.644332,24607.001953
0,0.769712,0.392799,33.300770
1,0.716376,0.493465,399.364624
2,0.681413,0.508703,615.651672
3,0.772613,0.434302,964.964111
4,0.834358,0.420639,1164.658203
5,0.915290,0.480143,1730.343872
6,0.964407,0.489699,2262.754639
7,0.847903,0.421191,2728.629150
8,0.802300,0.405039,2928.198486
9,0.639002,0.518037,3610.397461
10,0.690423,0.484451,3926.471680
11,0.647516,0.501129,4325.819824
12,0.606228,0.510364,4625.286621
13,0.582835,0.498108,4924.743164
14,0.569204,0.420458,5190.980957
15,0.548390,0.406826,5357.302246
16,0.530598,0.365269,5540.300781
17,0.493725,0.382103,5773.233887
18,0.435531,0.536977,6239.136719
19,0.653470,0.514756,6854.745605
20,0.383412,0.562050,7520.235352
21,0.367504,0.534753,8102.507812
22,0.239907,0.559594,8435.281250
23,0.208655,0.547069,8668.200195
24,0.188793,0.523550,9050.842773
25,0.170378,0.453503,9233.862305
26,0.228716,0.493591,9466.774414
27,0.256294,0.492046,9699.714844
28,0.270475,0.491280,9866.082031
29,0.270728,0.493973,9999.194336
30,0.366985,0.502746,10514.945312
31,0.383851,0.504894,10764.508789
32,0.033950,0.500762,11829.335938
33,0.009102,0.520516,12128.802734
34,0.045232,0.476817,12361.760742
35,0.104342,0.497367,12661.209961
36,0.050985,0.471707,12910.796875
37,0.012709,0.485173,13193.621094
38,0.983471,0.481929,13426.525391
39,0.488613,0.465724,14840.715820
40,0.473390,0.362298,15639.384766
41,0.588526,0.392134,16022.023438
42,0.648503,0.450818,16288.183594
43,0.704780,0.490459,16803.947266
44,0.748021,0.457040,17219.896484
45,0.683100,0.501740,17469.482422
46,0.679340,0.499694,17569.314453
47,0.720369,0.375250,17868.761719
48,0.645047,0.187120,18417.812500
49,0.612401,0.191734,18584.189453
50,0.613919,0.269711,18817.111328
51,0.739826,0.323654,19149.857422
52,0.790900,0.410725,19532.535156
53,0.808557,0.574182,19998.367188
54,0.875573,0.471330,20364.419922
55,0.645693,0.497933,21495.779297
56,0.696040,0.496225,23192.808594
57,0.685684,0.493040,23475.648438
58,0.693376,0.516869,23608.728516
59,0.655261,0.520099,23974.759766
60,0.681442,0.486694,24240.986328
61,0.664831,0.484377,24607.013672
62,0.662944,0.489220,24773.406250
0,0.747302,0.504264,715.426453
1,0.745751,0.573209,915.024902
2,0.739998,0.718184,1064.813110
3,0.785727,0.497125,2845.020264
4,0.681307,0.417771,3277.605957
5,0.686815,0.484783,3726.905273
6,0.689233,0.459870,3959.718750
7,0.774199,0.382490,4508.795410
8,0.780190,0.399863,4741.781738
9,0.918581,0.442583,5373.902344
10,0.927538,0.388161,5773.203125
11,0.816191,0.355894,6205.811523
12,0.754929,0.404209,6538.561035
13,0.761871,0.389468,6771.494141
14,0.671654,0.578244,7253.955566
15,0.675208,0.584888,7437.009277
16,0.581187,0.346852,7902.896973
17,0.748078,0.262562,8585.019531
18,0.801887,0.418325,9100.818359
19,0.802660,0.561982,9633.238281
20,0.890545,0.430566,10099.004883
21,0.968474,0.412736,10598.129883
22,0.003144,0.412986,10964.265625
23,0.022632,0.606538,11313.525391
24,0.997724,0.431316,11629.637695
25,0.002465,0.359732,11862.566406
26,0.010123,0.375326,11962.434570
27,0.021835,0.380385,12245.239258
28,0.715845,0.413141,13509.749023
29,0.639208,0.528276,13775.990234
30,0.612206,0.522128,14458.073242
31,0.559237,0.564384,14724.230469
32,0.243354,0.481433,15689.274414
33,0.244728,0.463721,15789.088867
34,0.222876,0.465558,16071.899414
35,0.225938,0.441567,16387.998047
36,0.261762,0.352394,16604.316406
37,0.333482,0.492091,17203.335938
38,0.320573,0.371135,17785.591797
39,0.451041,0.384340,18550.882812
40,0.471741,0.258947,18800.423828
41,0.465120,0.278181,18983.517578
42,0.505523,0.308741,19249.708984
43,0.457230,0.467412,19798.728516
44,0.500386,0.400713,20364.404297
45,0.431922,0.604010,21778.621094
46,0.520070,0.399098,22078.111328
47,0.514533,0.238490,22427.445312
48,0.478208,0.432425,22810.103516
49,0.524685,0.517474,23292.597656
50,0.470741,0.545471,23675.300781
51,0.443103,0.576609,24157.800781
52,0.442087,0.593759,24324.113281
0,0.685125,0.434919,615.717285
1,0.716913,0.490144,1364.379395
2,0.582631,0.383405,1763.659424
3,0.515952,0.259080,2795.141357
4,0.384890,0.550616,4109.527832
5,0.248968,0.434481,4675.179199
6,0.242386,0.455432,4908.118164
7,0.204599,0.450596,5057.882324
8,0.150684,0.417675,5773.343750
9,0.391365,0.296466,6522.003418
10,0.448383,0.288357,6821.492676
11,0.484733,0.339073,7037.733887
12,0.651830,0.279147,8052.639160
13,0.736729,0.588710,8468.623047
14,0.836550,0.361987,9200.635742
15,0.931798,0.478728,9882.830078
16,0.919507,0.447997,10099.100586
17,0.087105,0.466198,10731.315430
18,0.079503,0.457515,10847.769531
19,0.053596,0.441649,11114.026367
20,0.242046,0.535157,11396.819336
21,0.284487,0.550323,11712.958984
22,0.267480,0.541679,11812.771484
23,0.257219,0.521218,12428.315430
24,0.259062,0.490156,12827.602539
25,0.255928,0.481161,13143.728516
26,0.182745,0.395479,13476.471680
27,0.977285,0.865945,14657.786133
28,0.312825,0.921443,14840.746094
29,0.632904,0.572523,15938.873047
30,0.702585,0.410935,16371.415039
31,0.723984,0.310891,16770.726562
32,0.682459,0.086774,17569.312500
33,0.687139,0.061729,17918.792969
34,0.509296,0.210362,18417.876953
35,0.504966,0.231971,18850.441406
36,0.418347,0.447759,19283.031250
37,0.392689,0.532424,19582.490234
38,0.398684,0.540734,20114.873047
39,0.390259,0.262164,20530.880859
40,0.438590,0.212914,20863.613281
41,0.658895,0.535464,22028.205078
42,0.655520,0.490100,22244.521484
43,0.719678,0.478400,22494.056641
44,0.887507,0.351075,23342.570312
45,0.024380,0.502720,24024.699219
46,0.018855,0.473548,24207.751953
47,0.965131,0.375706,24540.494141
0,0.734795,0.590584,399.347229
1,0.678664,0.555335,698.884399
2,0.673982,0.548689,931.796753
3,0.027628,0.513776,1896.731812
4,0.033012,0.461302,2096.390381
5,0.060861,0.412536,2362.645020
6,0.635022,0.578423,3244.384033
7,0.702258,0.613577,3593.782715
8,0.712280,0.652122,4026.381348
9,0.729973,0.957427,4841.654297
10,0.578783,0.693340,5540.375488
11,0.537540,0.590311,5673.482422
12,0.612911,0.524557,6039.578125
13,0.617151,0.536372,6239.196777
14,0.529572,0.511134,6588.585938
15,0.440240,0.563384,7154.262207
16,0.448398,0.566332,7270.692871
17,0.470893,0.635206,7819.745605
18,0.372273,0.558038,8352.135742
19,0.218482,0.523017,9084.228516
20,0.220876,0.564068,9433.668945
21,0.242390,0.505530,9932.739258
22,0.263596,0.507104,10265.551758
23,0.214059,0.506566,10714.737305
24,0.285047,0.478706,11147.333008
25,0.226634,0.495059,11513.355469
26,0.233930,0.486600,11663.053711
27,0.313741,0.414008,11945.936523
28,0.354402,0.350605,12561.479492
29,0.386043,0.560791,12844.321289
30,0.434960,0.575751,13210.388672
31,0.678414,0.524869,14424.875000
32,0.569051,0.606741,15023.805664
33,0.505664,0.618054,15323.300781
34,0.425485,0.586471,16255.012695
35,0.380675,0.572230,16521.226562
36,0.386861,0.547857,16787.416016
37,0.242687,0.534516,17336.449219
38,0.248189,0.527009,17502.826172
39,0.266859,0.520595,17719.107422
40,0.237442,0.476630,18135.029297
41,0.259486,0.503918,18800.591797
42,0.244126,0.454047,19283.035156
43,0.232057,0.452508,19948.564453
44,0.261412,0.470976,20397.753906
45,0.270112,0.668993,20863.593750
46,0.397458,0.568196,21445.939453
47,0.390387,0.543462,21728.757812
48,0.445332,0.553186,21994.990234
49,0.477432,0.562008,22394.265625
50,0.445091,0.573101,23309.318359
51,0.480949,0.617480,23642.089844
52,0.513929,0.659324,24340.908203
0,0.758914,0.546399,232.882065
1,0.746465,0.529910,382.664459
2,0.624966,0.524392,915.055908
3,0.618786,0.541016,1214.557007
4,0.636707,0.540683,1647.122925
5,0.681623,0.535677,2029.787720
6,0.683139,0.531512,2312.595215
7,0.656692,0.520176,2528.908936
8,0.643252,0.533354,2978.073730
9,0.625088,0.528424,3194.388184
10,0.673395,0.539183,3843.310059
11,0.701645,0.502430,4059.532227
12,0.703627,0.508273,5473.755371
13,0.697949,0.506678,5606.835938
14,0.715724,0.501369,6139.284180
15,0.750474,0.480563,6322.296387
16,0.776228,0.381174,6571.877930
17,0.776369,0.371844,6788.166504
18,0.788175,0.362838,7021.059570
19,0.874613,0.436752,7320.531250
20,0.980450,0.727490,8302.151367
21,0.968641,0.728765,8468.589844
22,0.972547,0.500514,8867.830078
23,0.920213,0.427535,9599.927734
24,0.809465,0.526253,10148.963867
25,0.837946,0.424805,10398.453125
26,0.658680,0.536641,11230.355469
27,0.628128,0.513638,11613.102539
28,0.625547,0.536384,11879.312500
29,0.560841,0.407920,12478.190430
30,0.551261,0.410906,12611.326172
31,0.508274,0.442031,12860.796875
32,0.444616,0.533647,13409.848633
33,0.383112,0.549237,13775.915039
34,0.394100,0.569804,14191.823242
35,0.394161,0.556022,14408.122070
36,0.380120,0.539443,14690.967773
37,0.378021,0.521544,15023.723633
38,0.279054,0.512164,15356.482422
39,0.251893,0.517883,15522.926758
40,0.381833,0.522848,15872.207031
41,0.235110,0.496671,16554.380859
42,0.211908,0.498300,16737.371094
43,0.231721,0.514401,17036.900391
44,0.250278,0.511793,17269.890625
45,0.257264,0.511057,17519.357422
46,0.248902,0.502687,17902.027344
47,0.253412,0.493636,18134.992188
48,0.305624,0.405802,18434.462891
49,0.343852,0.356681,18783.830078
50,0.338016,0.355514,19748.775391
51,0.346951,0.352740,19998.330078
52,0.338371,0.375412,20164.720703
53,0.213281,0.496259,22660.359375
54,0.209905,0.484746,22909.951172
55,0.247551,0.507119,23226.042969
56,0.182303,0.442031,24374.029297
57,0.180986,0.426911,24590.322266
58,0.214337,0.484510,24973.023438
0,0.736614,0.457823,366.126678
1,0.652109,0.527592,931.737366
2,0.696580,0.487324,1264.489990
3,0.686182,0.503931,2296.108887
4,0.528476,0.323149,3094.595703
5,0.489661,0.280374,3294.236572
6,0.466062,0.372499,3593.793213
7,0.397628,0.445360,4109.563965
8,0.381073,0.576675,4475.511230
9,0.385573,0.565227,4658.596680
10,0.315533,0.495565,4858.244141
11,0.262118,0.478851,5141.095703
12,0.247809,0.443598,5340.680176
13,0.223705,0.436793,5706.695801
14,0.230908,0.452877,5906.423340
15,0.211945,0.469727,6205.849609
16,0.211363,0.484438,6355.560547
17,0.209769,0.532374,6555.239258
18,0.181233,0.482715,6804.818848
19,0.148220,0.488173,7021.120605
20,0.170260,0.530863,7486.971191
21,0.114628,0.553467,7719.858887
22,0.101303,0.535332,7902.854980
23,0.046332,0.431461,9000.935547
24,0.052296,0.430032,9283.780273
25,0.055705,0.433255,9433.624023
26,0.060447,0.443451,9599.893555
27,0.062651,0.403472,9849.463867
28,0.065237,0.408795,9965.975586
29,0.057505,0.395089,10099.024414
30,0.053720,0.380379,10265.483398
31,0.992342,0.525989,12511.520508
32,0.012298,0.513559,12894.125000
33,0.919191,0.420958,13243.593750
34,0.906097,0.404024,13393.367188
35,0.879285,0.397214,13676.116211
36,0.026985,0.513201,14225.135742
37,0.033161,0.519553,14424.812500
38,0.016498,0.648277,14857.389648
39,0.054468,0.511527,15040.414062
40,0.054643,0.516667,15190.159180
41,0.020434,0.661574,15572.833008
42,0.076486,0.525297,15938.807617
43,0.106154,0.521791,16088.601562
44,0.162068,0.521102,16571.142578
45,0.232930,0.521723,18118.384766
46,0.418986,0.246208,19482.677734
47,0.416642,0.594937,20247.960938
48,0.406833,0.576151,20397.800781
49,0.243758,0.502524,21096.515625
50,0.254888,0.495976,21262.882812
51,0.257001,0.488888,21462.498047
52,0.237359,0.495238,21778.636719
53,0.221996,0.524035,22028.220703
54,0.215557,0.542330,22244.558594
55,0.231808,0.321302,22543.935547
56,0.249440,0.191415,22926.650391
57,0.276800,0.156162,23059.757812
58,0.302362,0.160912,23226.115234
59,0.316999,0.338056,23575.478516
60,0.286682,0.424922,23958.179688
61,0.271559,0.431262,24174.449219
62,0.282565,0.433814,24490.539062
0,0.739816,0.495533,232.958038
1,0.770535,0.495098,532.385559
2,0.871206,0.432631,948.344604
3,0.867224,0.433416,1147.958252
4,0.871085,0.392889,1347.604858
5,0.863482,0.392774,1597.138916
6,0.918406,0.427304,1763.514648
7,0.910986,0.426545,1913.371460
8,0.833589,0.380653,2728.495117
9,0.798522,0.310760,2994.769775
10,0.776831,0.300048,3227.623779
11,0.657502,0.500322,3876.488281
12,0.662940,0.497440,3976.361328
13,0.666801,0.481492,4175.999512
14,0.588951,0.434828,4442.215332
15,0.497623,0.224087,4974.586914
16,0.221291,0.464550,6089.301758
17,0.202258,0.480562,6272.440430
18,0.184327,0.344399,6821.389648
19,0.261312,0.412734,7104.208984
20,0.219619,0.454704,7420.355957
21,0.307540,0.383944,7802.968750
22,0.306991,0.374209,7902.795410
23,0.292300,0.335116,8202.398438
24,0.238008,0.465164,8668.118164
25,0.253638,0.508369,8967.673828
26,0.306624,0.498740,9250.442383
27,0.388462,0.496521,9516.656250
28,0.412070,0.380977,9866.052734
29,0.406980,0.379915,9965.885742
30,0.644665,0.490009,11047.402344
31,0.695999,0.489225,11280.289062
32,0.748812,0.380651,11579.732422
33,0.743318,0.384036,11812.682617
34,0.858921,0.418471,12361.778320
35,0.909574,0.441372,12760.982422
36,0.937373,0.426100,12960.650391
37,0.064096,0.420396,13576.238281
38,0.235251,0.489857,14724.209961
39,0.230714,0.489320,15007.053711
40,0.239106,0.479225,15223.342773
41,0.302779,0.449110,15606.013672
42,0.303502,0.441535,15705.840820
43,0.286278,0.402984,15888.848633
44,0.207118,0.476999,16138.426758
45,0.193556,0.495651,16387.978516
46,0.195038,0.432419,16620.914062
47,0.231580,0.510639,16903.732422
48,0.223464,0.519493,17219.847656
49,0.194045,0.497652,17602.507812
50,0.104983,0.449491,17985.187500
51,0.057196,0.435475,18218.107422
52,0.029842,0.404083,18401.113281
53,0.028271,0.409763,18584.146484
54,0.042656,0.411864,18717.244141
55,0.992342,0.425478,19416.041016
56,0.948355,0.406675,19665.599609
57,0.872198,0.377184,20231.255859
58,0.822809,0.382857,20430.943359
59,0.793745,0.320979,20697.125000
60,0.797081,0.325029,20813.599609
61,0.737373,0.352153,21013.234375
62,0.687399,0.486392,21296.068359
63,0.659588,0.513902,21479.097656
64,0.653110,0.538227,21645.453125
65,0.627302,0.536344,21845.130859
66,0.581470,0.447812,22094.701172
67,0.552506,0.350691,22377.496094
68,0.532998,0.224573,22843.355469
69,0.597537,0.246347,23275.941406
70,0.734987,0.443462,23941.445312
71,0.781912,0.331063,24274.205078
72,0.813978,0.302685,24590.318359
0,0.723998,0.465276,382.684021
1,0.809693,0.547478,798.626648
2,0.844335,0.447176,1114.715820
3,0.911833,0.489558,1364.286865
4,0.981273,0.513068,1913.335938
5,0.045084,0.500866,2246.055664
6,0.038711,0.496041,2345.892090
7,0.077314,0.482072,2528.897461
8,0.038200,0.472165,2961.467529
9,0.019639,0.551694,3310.920654
10,0.065322,0.501985,3577.144043
11,0.139875,0.497990,4092.847168
12,0.200291,0.518348,4591.993164
13,0.216986,0.494346,4824.958008
14,0.249202,0.521668,5157.650879
15,0.268178,0.537511,5423.882812
16,0.268655,0.518968,5873.125488
17,0.248765,0.493782,6239.125000
18,0.274658,0.520579,6488.639160
19,0.282582,0.529025,6804.754883
20,0.288044,0.523328,7104.269043
21,0.366546,0.554972,7753.171387
22,0.751477,0.185824,9832.791992
23,0.599796,0.498381,10431.733398
24,0.519620,0.292364,10747.853516
25,0.519912,0.266105,10897.663086
26,0.438674,0.444768,11496.673828
27,0.425118,0.550349,11679.593750
28,0.439193,0.544383,12361.710938
29,0.703581,0.514787,13509.741211
30,0.698684,0.507678,13709.372070
31,0.779132,0.440195,13992.217773
32,0.818801,0.622106,14358.252930
33,0.805549,0.807789,14807.500977
34,0.907622,0.808399,15306.577148
35,0.987086,0.785722,15622.698242
36,0.001468,0.671852,15839.019531
37,0.951657,0.439884,16338.147461
38,0.937711,0.397470,16521.101562
39,0.879485,0.407106,16970.333984
40,0.803966,0.423702,17353.023438
41,0.769759,0.491940,17619.208984
42,0.710824,0.485628,17985.208984
43,0.682665,0.506493,18584.183594
44,0.714136,0.466439,19083.292969
45,0.659070,0.523393,19599.156250
46,0.630559,0.529144,19831.982422
47,0.630708,0.524742,19948.447266
48,0.684475,0.491847,20148.107422
49,0.690822,0.448346,20464.242188
50,0.708489,0.293138,20930.117188
51,0.705295,0.278238,21113.083984
52,0.634998,0.207062,21429.189453
53,0.629198,0.187198,21595.621094
54,0.653476,0.225950,22344.250000
55,0.564413,0.285980,22660.359375
56,0.559634,0.256261,23159.511719
57,0.563438,0.249601,23325.902344
0,0.685522,0.524721,366.118530
1,0.651145,0.532417,831.928772
2,0.652226,0.517947,1297.749634
3,0.694692,0.496831,1697.046997
4,0.623844,0.504638,2262.806641
5,0.635652,0.498915,2395.870117
6,0.641704,0.501006,2645.440186
7,0.641085,0.494901,2778.537598
8,0.662437,0.491127,3327.564453
9,0.686994,0.509107,3876.647705
10,0.640252,0.495355,4858.208984
11,0.558406,0.434383,5307.437988
12,0.526735,0.334275,5540.316406
13,0.511340,0.304288,5773.282227
14,0.511412,0.334353,6571.939453
15,0.492968,0.356360,6887.995117
16,0.482420,0.391929,7254.027832
17,0.470871,0.389298,7919.541016
18,0.429177,0.532638,8485.207031
19,0.387862,0.540792,8768.043945
20,0.370606,0.535194,9134.062500
21,0.370310,0.535565,9317.141602
22,0.236527,0.522541,9799.597656
23,0.223924,0.515922,10132.396484
24,0.213765,0.521682,10781.193359
25,0.152640,0.495769,11446.726562
26,0.156403,0.491122,11613.097656
27,0.161443,0.490287,11762.770508
28,0.120211,0.496271,12045.712891
29,0.141477,0.379378,12528.123047
30,0.107306,0.303426,12727.759766
31,0.087144,0.234312,12993.953125
32,0.055227,0.186296,13326.738281
33,0.026840,0.174574,13709.373047
34,0.022369,0.188639,13992.291016
35,0.034111,0.236885,14341.645508
36,0.033069,0.299144,14574.622070
37,0.012389,0.307311,15140.237305
38,0.994844,0.301859,15539.556641
39,0.987449,0.317566,15622.804688
40,0.971558,0.386868,16071.933594
41,0.972802,0.391005,16155.102539
42,0.949666,0.451781,16471.210938
43,0.945685,0.492231,16704.257812
44,0.964533,0.551850,17236.601562
45,0.885506,0.561198,17586.052734
46,0.847830,0.513814,17902.076172
47,0.855054,0.497425,18035.203125
48,0.834421,0.453744,18301.392578
49,0.836840,0.443289,18467.767578
50,0.810543,0.414463,18733.984375
51,0.785651,0.410027,19133.230469
52,0.783495,0.447584,19665.740234
53,0.753619,0.508679,20214.726562
54,0.784098,0.630666,21096.498047
55,0.757895,0.630344,21445.904297
56,0.690762,0.577220,21745.408203
57,0.693465,0.571272,21845.171875
58,0.668069,0.564669,22011.605469
59,0.671450,0.537110,22227.902344
60,0.683272,0.522978,22959.923828
61,0.712665,0.506725,24141.185547
62,0.711495,0.511557,24257.626953
63,0.779012,0.471734,24623.753906
0,0.773530,0.582351,216.297714
1,0.691650,0.526470,416.018707
2,0.668072,0.452328,615.618286
3,0.611111,0.538035,1247.786621
4,0.667454,0.542206,1697.109741
5,0.673821,0.532824,1896.695923
6,0.602674,0.363704,2262.706787
7,0.765719,0.387104,3061.288818
8,0.770543,0.367045,3294.265381
9,0.793356,0.342134,3477.305908
10,0.844945,0.543381,3760.052734
11,0.847782,0.519125,4026.314941
12,0.943801,0.497964,4475.491699
13,0.949594,0.488757,4608.590332
14,0.985938,0.483560,4775.004395
15,0.040793,0.485802,5174.298828
16,0.043539,0.474249,5307.423828
17,0.064030,0.516183,5673.368164
18,0.124002,0.515331,6006.153320
19,0.164386,0.524980,6305.623047
20,0.192877,0.477437,6588.469238
21,0.245487,0.538044,7021.033203
22,0.230580,0.482135,7653.282227
23,0.207908,0.461953,7986.059082
24,0.195426,0.559613,8169.056641
25,0.203130,0.548151,8335.480469
26,0.326046,0.600880,8651.508789
27,0.368153,0.580655,8917.754883
28,0.394377,0.524467,9217.317383
29,0.025053,0.763014,10381.803711
30,0.291733,0.181820,12162.089844
31,0.187532,0.572353,12894.085938
32,0.181147,0.556718,13226.933594
33,0.219119,0.542349,13543.035156
34,0.223533,0.522350,13726.056641
35,0.214157,0.570551,13975.594727
36,0.213740,0.565882,14175.271484
37,0.217724,0.563439,14275.019531
38,0.216565,0.551432,14591.124023
39,0.195115,0.503810,15023.791992
40,0.445357,0.278860,15938.828125
41,0.503550,0.306933,16254.906250
42,0.526113,0.298096,16554.367188
43,0.572107,0.358073,16803.996094
44,0.567830,0.351564,16887.140625
45,0.350506,0.577547,18085.085938
46,0.357794,0.518726,18750.638672
47,0.325479,0.333691,19016.824219
48,0.195634,0.464633,19865.267578
49,0.190033,0.483036,20015.048828
50,0.177969,0.489884,20247.943359
51,0.185830,0.365721,20530.785156
52,0.266851,0.374427,20813.589844
53,0.212290,0.487207,21146.355469
54,0.254683,0.522165,21329.378906
55,0.354725,0.654236,21578.978516
56,0.365902,0.624508,21778.599609
57,0.414251,0.581370,22510.619141
58,0.418203,0.559931,22643.841797
59,0.514271,0.730453,22976.531250
60,0.661657,0.637843,23758.486328
61,0.657206,0.621937,23841.687500
62,0.664112,0.513273,24157.751953
63,0.565350,0.336573,24390.671875
64,0.537963,0.275912,24673.519531
65,0.537894,0.277941,24823.246094
66,0.542026,0.251856,24989.630859
0,0.786636,0.505443,16.599468
1,0.790792,0.495945,133.050354
2,0.675063,0.388584,848.539856
3,0.872175,0.306426,1547.257446
4,0.877256,0.279244,1680.341553
5,0.683357,0.462119,2395.820801
6,0.972030,0.276184,3510.484863
7,0.022824,0.318114,4026.294189
8,0.048043,0.332680,4292.441406
9,0.048256,0.341619,4408.943359
10,0.238016,0.477839,8235.563477
11,0.215679,0.477356,8385.369141
12,0.215906,0.472765,8618.264648
13,0.197192,0.512551,8801.243164
14,0.234003,0.560715,9050.894531
15,0.230592,0.571661,9150.690430
16,0.096771,0.553792,9766.297852
17,0.052336,0.430397,10049.084961
18,0.070460,0.433948,10348.520508
19,0.209793,0.433829,10531.590820
20,0.219959,0.408723,11746.116211
21,0.244116,0.296541,12012.379883
22,0.284574,0.403098,13077.182617
23,0.380969,0.522576,14191.811523
24,0.398450,0.517047,14474.713867
25,0.388676,0.530047,14990.500000
26,0.387508,0.537056,15306.541016
27,0.382062,0.530801,15439.661133
28,0.465189,0.542292,15755.796875
29,0.695427,0.553193,17519.375000
30,0.695895,0.535918,17635.875000
31,0.695155,0.532591,17768.980469
32,0.687176,0.556710,17985.185547
33,0.690643,0.564364,18367.880859
34,0.696340,0.553834,18517.701172
35,0.701139,0.445012,18750.562500
36,0.636329,0.473444,19099.941406
37,0.633312,0.480080,19249.685547
38,0.666624,0.465950,19665.599609
39,0.668431,0.468901,19782.076172
40,0.694721,0.464109,20064.906250
41,0.597626,0.411874,20913.462891
42,0.596588,0.409657,21628.812500
43,0.595918,0.412195,22776.873047
44,0.691998,0.496125,23825.019531
45,0.688952,0.501766,23974.720703
46,0.683039,0.634457,24973.003906
0,0.763947,0.523145,382.653931
1,0.703773,0.499551,682.160034
2,0.671531,0.505926,964.924194
3,0.679264,0.479379,1430.793701
4,0.671864,0.484786,1563.885376
5,0.663364,0.550346,1929.995605
6,0.658125,0.547809,2079.742432
7,0.629241,0.515574,2395.799072
8,0.638420,0.500154,2745.200928
9,0.647740,0.519383,2894.967773
10,0.643842,0.533552,3460.581299
11,0.632848,0.543880,3676.914062
12,0.614621,0.576989,3926.475586
13,0.612862,0.581839,4043.004150
14,0.678899,0.579749,4209.268066
15,0.680765,0.526080,4691.784180
16,0.629549,0.521947,5024.592285
17,0.887723,0.496887,6072.680176
18,0.903581,0.504503,6305.708008
19,0.948627,0.505432,6605.082031
20,0.949025,0.494911,6804.740234
21,0.998347,0.544346,7004.364746
22,0.053209,0.545129,7337.171875
23,0.066332,0.513461,7570.068848
24,0.062249,0.499053,7669.946777
25,0.061750,0.495939,7986.097656
26,0.130025,0.550146,8535.092773
27,0.155466,0.531721,8984.269531
28,0.192811,0.540051,9300.380859
29,0.229005,0.531955,9566.557617
30,0.265935,0.532491,10115.708008
31,0.280176,0.500579,10581.503906
32,0.338789,0.520132,10831.083008
33,0.752703,0.967431,11812.642578
34,0.780096,0.949523,12145.458008
35,0.302918,0.558336,13176.998047
36,0.385265,0.586185,13842.541992
37,0.396297,0.558182,14291.675781
38,0.472920,0.578142,14757.541992
39,0.472559,0.579488,14923.994141
40,0.237114,0.472082,16504.556641
41,0.233870,0.493681,16837.238281
42,0.231001,0.461784,17086.773438
43,0.210660,0.444661,17402.904297
44,0.205261,0.510753,17852.185547
45,0.206305,0.526956,17951.919922
46,0.140231,0.523957,18367.863281
47,0.102719,0.520316,18700.605469
48,0.037322,0.463030,19016.820312
49,0.035371,0.472662,19216.410156
50,0.033920,0.472966,19416.044922
51,0.984993,0.508622,19998.382812
52,0.945956,0.457785,20464.220703
53,0.903862,0.422639,20763.710938
54,0.874986,0.439217,21063.199219
55,0.876214,0.451597,21262.847656
56,0.906184,0.431013,21429.177734
57,0.910544,0.454808,21745.349609
58,0.894165,0.437591,21994.916016
59,0.864615,0.406521,22244.445312
60,0.838571,0.382390,22527.277344
61,0.805388,0.366840,22943.181641
62,0.794078,0.349387,23325.853516
63,0.826207,0.329740,23625.449219
64,0.829450,0.336145,23775.064453
65,0.780614,0.347306,24041.265625
66,0.689094,0.390813,24191.050781
67,0.815765,0.163360,24606.972656
68,0.813064,0.177256,24790.042969
69,0.807025,0.108546,24989.656250
0,0.777554,0.758942,166.383453
1,0.716697,0.724919,349.417297
2,0.773810,0.654232,549.067871
3,0.658698,0.540406,848.535889
4,0.623121,0.554402,1081.501343
5,0.691182,0.497772,1414.275024
6,0.782083,0.387939,1780.201660
7,0.782084,0.362704,1863.456787
8,0.782868,0.362692,2345.894043
9,0.878834,0.411894,2795.097168
10,0.017561,0.566225,3427.422363
11,0.007695,0.576407,3510.618652
12,0.983563,0.612860,3843.250488
13,0.882803,0.632917,4292.536621
14,0.790585,0.648782,4625.238281
15,0.752231,0.647477,4974.708496
16,0.758570,0.656249,5141.017090
17,0.690734,0.662300,5407.205078
18,0.638456,0.623195,5823.248535
19,0.600855,0.627292,6239.072754
20,0.603551,0.610241,6372.229492
21,0.544992,0.656816,6655.069336
22,0.559934,0.647561,7071.075684
23,0.493972,0.640847,7420.344727
24,0.431635,0.630808,7703.333008
25,0.431077,0.573677,7986.085938
26,0.538786,0.270693,8851.229492
27,0.597489,0.299881,9117.468750
28,0.640350,0.384001,9516.730469
29,0.559286,0.356797,9716.458984
30,0.697793,0.471613,10015.919922
31,0.711599,0.463962,10265.376953
32,0.524637,0.375839,10781.164062
33,0.342958,0.520831,11862.590820
34,0.362064,0.539913,12261.876953
35,0.251176,0.555005,12561.467773
36,0.207679,0.543180,12960.720703
37,0.212793,0.516542,13143.717773
38,0.246396,0.499246,13493.178711
39,0.211389,0.510874,13726.020508
40,0.137411,0.513497,14042.173828
41,0.140482,0.510765,14175.287109
42,0.032519,0.544341,14657.720703
43,0.051303,0.524383,14907.374023
44,0.191803,0.494093,15306.632812
45,0.252121,0.496995,15722.616211
46,0.272170,0.488312,16022.025391
47,0.238827,0.529131,16388.085938
48,0.260191,0.538718,16670.863281
49,0.221893,0.542770,16953.683594
50,0.306520,0.330422,17436.232422
51,0.242472,0.171602,17835.484375
52,0.070792,0.311381,18617.498047
53,0.072579,0.276088,18966.847656
54,0.973651,0.293718,19299.632812
55,0.956516,0.282446,19466.001953
56,0.905116,0.319955,19832.001953
57,0.895326,0.322235,20081.664062
58,0.880506,0.318112,20181.369141
59,0.833874,0.379176,20830.351562
60,0.860098,0.413354,21163.003906
61,0.859587,0.459853,21462.523438
62,0.817811,0.591462,21861.779297
63,0.817026,0.775477,22360.982422
64,0.762755,0.784875,22693.763672
65,0.716228,0.814744,22876.742188
66,0.784136,0.880950,23159.595703
67,0.679295,0.520973,24024.707031
68,0.686063,0.485824,24224.359375
69,0.688605,0.488927,24407.386719
0,0.726620,0.540341,366.051361
1,0.748111,0.521411,582.381226
2,0.666149,0.509308,782.016846
3,0.682043,0.495943,1014.905151
4,0.599321,0.494315,1514.026733
5,0.600209,0.499809,1697.084839
6,0.526477,0.454627,2063.085205
7,0.503880,0.383353,2262.700684
8,0.476753,0.337020,2445.680664
9,0.433584,0.500851,2795.115234
10,0.399263,0.542663,2978.101807
11,0.378743,0.561758,3377.445801
12,0.347336,0.548914,3943.112549
13,0.342095,0.540625,4126.078125
14,0.663043,0.540012,5057.816895
15,0.700406,0.526015,5307.409668
16,0.698650,0.517634,5556.961426
17,0.682827,0.506298,5773.287598
18,0.503473,0.379485,6172.576660
19,0.222846,0.519365,7070.936523
20,0.213779,0.530441,7370.435059
21,0.217215,0.537241,7503.567871
22,0.187326,0.502574,7719.804199
23,0.176852,0.468027,7986.123047
24,0.226198,0.504809,8202.359375
25,0.220888,0.494640,8451.857422
26,0.258917,0.487806,9050.823242
27,0.258885,0.509174,9500.030273
28,0.250297,0.518367,9766.244141
29,0.225212,0.510167,9965.884766
30,0.380334,0.540008,10448.483398
31,0.404747,0.532812,10631.418945
32,0.403105,0.549654,10847.677734
33,0.381525,0.548747,11296.895508
34,0.102700,0.528628,11679.669922
35,0.069830,0.530877,11945.835938
36,0.037251,0.507993,12145.468750
37,0.037732,0.489783,12295.132812
38,0.998277,0.512307,12627.974609
39,0.048540,0.477950,13077.119141
40,0.207930,0.523056,14158.627930
41,0.228082,0.509345,14458.051758
42,0.233090,0.497027,14707.664062
43,0.187300,0.483078,15705.949219
44,0.209335,0.489530,16188.416992
45,0.228348,0.498350,16404.671875
46,0.241765,0.486381,16587.687500
47,0.259772,0.489510,16737.417969
48,0.265216,0.508891,17136.802734
49,0.254392,0.513995,17369.693359
50,0.228121,0.500269,17619.171875
51,0.261454,0.478122,18234.857422
52,0.268170,0.505821,18634.082031
53,0.255027,0.512769,18983.445312
54,0.272952,0.512393,19515.966797
55,0.375499,0.556054,20048.283203
56,0.395055,0.563155,20281.238281
57,0.405768,0.556109,20730.398438
58,0.407681,0.552022,20830.246094
59,0.388823,0.535678,21179.611328
60,0.453317,0.541090,22094.730469
61,0.449095,0.505047,22277.734375
62,0.417996,0.480036,22527.273438
63,0.483771,0.322624,22893.349609
64,0.597069,0.334666,23342.513672
65,0.558477,0.402601,23658.623047
66,0.520873,0.375899,23958.128906
67,0.539169,0.372965,24290.894531
68,0.553368,0.446004,24723.427734
0,0.770241,0.637953,316.228760
1,0.641843,0.520164,748.738647
2,0.649601,0.532912,898.458557
3,0.662261,0.535521,1064.839600
4,0.638244,0.492627,1813.540649
5,0.562617,0.526892,2445.752930
6,0.540811,0.562593,2662.128418
7,0.542201,0.563890,2828.477539
8,0.532051,0.564287,3227.779785
9,0.525479,0.576313,3710.280762
10,0.500960,0.568472,4176.112305
11,0.506002,0.557387,4325.779785
12,0.413988,0.535769,4808.390137
13,0.384930,0.520062,5007.998047
14,0.390825,0.514707,5274.157715
15,0.262947,0.425016,5823.233398
16,0.267079,0.452284,5956.340332
17,0.255052,0.481142,6272.392578
18,0.260428,0.503656,6688.422363
19,0.249180,0.521297,7486.933594
20,0.247277,0.502716,8069.321289
21,0.249525,0.505845,8485.231445
22,0.244551,0.517690,8784.693359
23,0.194283,0.534158,9583.312500
24,0.188403,0.520885,9916.084961
25,0.256036,0.523407,10182.266602
26,0.273815,0.516245,10498.363281
27,0.464831,0.659251,11546.588867
28,0.447426,0.688133,12012.447266
29,0.442221,0.677741,12095.664062
30,0.430301,0.805954,12378.397461
31,0.427430,0.887660,13260.182617
32,0.431822,0.913849,13775.961914
33,0.402356,0.911740,14058.775391
34,0.394077,0.932926,14707.736328
35,0.380885,0.916100,14857.420898
36,0.386681,0.910749,15223.460938
37,0.392480,0.903207,15456.422852
38,0.379182,0.910667,15988.840820
39,0.354967,0.906544,16737.480469
40,0.352708,0.890216,17070.181641
41,0.371598,0.884450,18251.488281
42,0.384506,0.891091,18584.207031
43,0.417723,0.901749,18916.996094
44,0.432305,0.896850,19249.744141
45,0.502399,0.884805,19798.806641
46,0.501068,0.865481,20614.029297
47,0.477796,0.841468,20913.462891
48,0.468425,0.855169,21096.570312
49,0.287283,0.895038,21695.490234
50,0.143628,0.920428,21895.166016
51,0.959214,0.898302,22144.707031
52,0.045456,0.881724,22410.847656
53,0.097066,0.886612,22543.958984
54,0.118299,0.930498,22793.527344
55,0.237296,0.934642,23009.849609
56,0.033387,0.868179,23675.326172
57,0.503591,0.898726,24790.144531
0,0.708492,0.512216,382.655182
1,0.672389,0.499332,565.769653
2,0.686073,0.482032,831.948975
3,0.659084,0.515167,1081.484497
4,0.736423,0.548507,1447.563599
5,0.790336,0.348121,1680.424561
6,0.854278,0.352590,1913.382935
7,0.873600,0.508721,2179.605469
8,0.875255,0.514253,2379.170410
9,0.886914,0.577197,2645.494385
10,0.931762,0.568935,2878.293945
11,0.969152,0.530029,3077.951416
12,0.001009,0.570342,3310.985840
13,0.000312,0.758656,3860.010254
14,0.000840,0.753032,3993.082764
15,0.018220,0.681732,4342.403320
16,0.024397,0.634766,4558.765625
17,0.038111,0.873674,5307.467285
18,0.040507,0.839855,5507.087891
19,0.106103,0.777271,5773.249023
20,0.109485,0.861577,6588.513184
21,0.096749,0.839474,6821.491211
22,0.036018,0.470235,7487.041504
23,0.042367,0.484009,7586.844238
24,0.104108,0.506308,7819.737793
25,0.188322,0.429271,8152.475098
26,0.239785,0.573625,8601.681641
27,0.262846,0.578525,8884.472656
28,0.237513,0.570344,9167.351562
29,0.271291,0.600552,9483.470703
30,0.413942,0.573114,10215.471680
31,0.398999,0.582842,10398.490234
32,0.428049,0.321171,11163.938477
33,0.556245,0.163658,11629.674805
34,0.429433,0.099456,11879.234375
35,0.261040,0.271664,12395.072266
36,0.208135,0.318009,12611.290039
37,0.225243,0.454765,12877.500000
38,0.241827,0.526832,13093.856445
39,0.216721,0.566482,13393.346680
40,0.228839,0.597026,13659.562500
41,0.224321,0.579110,13892.387695
42,0.225821,0.585704,14191.942383
43,0.170047,0.564855,14441.517578
44,0.131578,0.550186,14774.273438
45,0.085707,0.526783,15040.448242
46,0.058383,0.508732,15206.794922
47,0.124780,0.609900,15539.578125
48,0.109446,0.629764,15805.798828
49,0.093286,0.561039,16005.474609
50,0.052433,0.528667,16371.398438
51,0.932364,0.471195,17219.910156
52,0.945544,0.447787,17569.345703
53,0.003823,0.489229,18001.894531
54,0.045196,0.358367,18268.095703
55,0.172488,0.167138,18733.986328
56,0.321350,0.175384,18950.328125
57,0.426998,0.198590,19416.101562
58,0.452688,0.329891,19748.816406
59,0.467648,0.366449,19948.517578
60,0.454016,0.379687,20314.597656
61,0.566400,0.409233,20697.246094
62,0.591036,0.597108,21179.742188
63,0.606289,0.649797,21395.951172
64,0.688052,0.619020,21895.076172
65,0.689392,0.608793,21995.001953
66,0.686990,0.582279,22094.833984
67,0.733575,0.315127,22810.126953
68,0.818404,0.136655,23242.781250
69,0.627986,0.130847,23558.861328
70,0.553748,0.138159,23708.603516
71,0.540742,0.232495,24124.636719
72,0.448518,0.079010,24540.562500
73,0.247767,0.092590,24939.882812
0,0.705714,0.536549,399.360199
1,0.678873,0.508346,598.974182
2,0.625224,0.550588,898.477966
3,0.682359,0.826260,1380.922852
4,0.618748,0.925082,1946.637085
5,0.949655,0.523933,3077.964600
6,0.038733,0.478270,3327.559814
7,0.064264,0.446861,3610.399414
8,0.058442,0.447995,4026.349609
9,0.970142,0.501021,4309.125977
10,0.903599,0.463220,4625.302246
11,0.823329,0.447022,5174.312012
12,0.762112,0.402980,5440.484863
13,0.639110,0.535794,6139.325684
14,0.644742,0.522682,6355.631348
15,0.692730,0.488064,6621.761230
16,0.690168,0.701560,7004.491699
17,0.641175,0.793207,7403.772949
18,0.572332,0.619528,7803.020996
19,0.424862,0.540970,8385.388672
20,0.466792,0.270080,8718.149414
21,0.571608,0.253232,9067.474609
22,0.368175,0.091117,9466.813477
23,0.707777,0.449014,10598.168945
24,0.240880,0.514076,11796.110352
25,0.206063,0.513562,12012.389648
26,0.225143,0.515325,12228.626953
27,0.223061,0.512296,12395.066406
28,0.244475,0.606529,12827.570312
29,0.240249,0.640083,12977.350586
30,0.199117,0.565906,13160.363281
31,0.237979,0.489964,13376.646484
32,0.253657,0.471649,13792.552734
33,0.224311,0.538404,14358.269531
34,0.291887,0.530309,14790.859375
35,0.294628,0.526893,14973.866211
36,0.385939,0.533378,15356.486328
37,0.358155,0.571137,16271.560547
38,0.234423,0.504813,17003.611328
39,0.238843,0.498233,17170.089844
40,0.221362,0.494744,17469.503906
41,0.221034,0.491341,17652.501953
42,0.230407,0.504382,17852.169922
43,0.251601,0.518753,18201.527344
44,0.184982,0.551892,18750.570312
45,0.142409,0.488317,19149.859375
46,0.247481,0.506672,19582.527344
47,0.278625,0.519804,19848.681641
48,0.274870,0.514428,19998.437500
49,0.270277,0.515610,20098.300781
50,0.331270,0.373353,20414.322266
51,0.442826,0.183589,21046.544922
52,0.673053,0.531413,21712.089844
53,0.709201,0.504734,22028.173828
54,0.769471,0.374002,22760.255859
55,0.765525,0.364540,22926.593750
56,0.866702,0.429620,23142.919922
57,0.857361,0.444051,23525.564453
58,0.912964,0.572786,24074.636719
59,0.929447,0.583941,24374.056641
60,0.950019,0.605672,24540.466797
61,0.966900,0.662560,24773.404297
0,0.636046,0.516166,831.796387
1,0.695058,0.483797,1281.097534
2,0.368737,0.529156,2495.582764
3,0.236899,0.509295,2828.299805
4,0.175627,0.491308,3377.361084
5,0.220145,0.391958,4076.175293
6,0.233548,0.495130,6155.878418
7,0.906070,0.508069,9483.344727
8,0.255185,0.551836,10781.084961
9,0.260793,0.741366,11113.898438
10,0.162798,0.743041,11363.419922
11,0.088851,0.475956,11895.834961
12,0.027765,0.462569,12228.557617
13,0.010684,0.443675,13077.088867
14,0.927739,0.453080,13243.453125
15,0.923924,0.451334,13326.654297
16,0.680870,0.541483,15256.625000
17,0.684359,0.555523,15373.060547
18,0.686787,0.545616,15539.439453
19,0.585721,0.361677,16071.861328
20,0.407852,0.520196,17003.585938
21,0.403561,0.535010,17136.679688
22,0.379421,0.584978,17386.220703
23,0.245593,0.483639,18018.503906
24,0.194096,0.480745,18268.007812
25,0.102681,0.468981,18634.054688
26,0.046844,0.473815,18800.435547
27,0.107887,0.509242,19232.998047
28,0.228402,0.513001,19915.113281
29,0.263440,0.550371,20381.031250
30,0.259962,0.494691,20713.781250
31,0.167932,0.486278,21146.312500
32,0.030137,0.495300,21562.230469
33,0.936936,0.504387,21811.814453
34,0.880244,0.499307,22144.589844
35,0.888732,0.488506,22360.859375
36,0.013584,0.640974,22593.773438
37,0.024463,0.648066,22893.236328
38,0.048352,0.480541,23974.738281
39,0.240649,0.504031,24989.613281
0,0.719568,0.396795,116.445343
1,0.727113,0.474876,332.717712
2,0.676475,0.517539,549.033508
3,0.679596,0.510186,648.830078
4,0.800406,0.368387,1164.619751
5,0.010961,0.558108,2246.050049
6,0.071805,0.496762,2445.687256
7,0.111670,0.626510,2994.739014
8,0.120096,0.737401,3493.900391
9,0.252784,0.581060,4375.676758
10,0.261829,0.552325,4625.241211
11,0.609564,0.514234,5823.129883
12,0.370533,0.552189,6804.771973
13,0.207668,0.546113,7370.434570
14,0.211543,0.537948,7503.517090
15,0.303984,0.507730,7819.669922
16,0.321338,0.352358,8285.511719
17,0.205755,0.331947,8568.375977
18,0.184172,0.474960,8901.074219
19,0.221472,0.512713,9134.000977
20,0.180916,0.473750,9616.522461
21,0.448346,0.572250,10298.666992
22,0.686016,0.544647,11463.271484
23,0.595493,0.500965,11729.490234
24,0.549252,0.317321,12162.073242
25,0.508805,0.290567,12328.425781
26,0.512996,0.288558,12478.167969
27,0.580411,0.291925,12661.186523
28,0.691594,0.529237,13393.226562
29,0.958436,0.502632,14907.252930
30,0.899771,0.506952,15389.761719
31,0.853288,0.509112,15622.680664
32,0.777696,0.431397,16338.106445
33,0.825955,0.361240,16521.111328
34,0.843581,0.318388,16887.136719
35,0.829996,0.312544,17103.406250
36,0.716699,0.319480,17353.021484
37,0.752471,0.407216,17735.650391
38,0.749779,0.400773,17852.113281
39,0.712677,0.453860,18035.111328
40,0.680008,0.515598,18683.986328
41,0.681269,0.502263,18800.492188
42,0.677365,0.660059,19066.687500
43,0.671670,0.790910,19416.025391
44,0.695089,0.845661,19865.257812
45,0.691245,0.862944,20064.929688
46,0.696367,0.797325,20214.654297
47,0.697080,0.921755,20697.173828
48,0.039057,0.970655,21079.824219
49,0.136081,0.912852,21612.216797
50,0.151583,0.926443,21944.947266
51,0.176782,0.921640,22277.695312
52,0.281910,0.911098,22527.304688
53,0.548813,0.383314,24507.173828
54,0.558481,0.388299,24606.968750
0,0.651399,0.459715,732.166504
1,0.651960,0.494267,998.317383
2,0.636562,0.509709,1264.480835
3,0.687192,0.464854,1464.133301
4,0.700004,0.447698,1697.099243
5,0.699169,0.454762,1813.528442
6,0.688676,0.440850,1963.288574
7,0.798983,0.369877,2778.513672
8,0.841834,0.342334,3127.931885
9,0.874220,0.356239,3310.997559
10,0.918853,0.449543,3577.152832
11,0.954556,0.447295,3909.907959
12,0.020939,0.490122,4409.027344
13,0.067124,0.449359,4758.379395
14,0.054968,0.444839,4958.051758
15,0.081290,0.440719,5191.021973
16,0.067933,0.589897,5390.596191
17,0.098292,0.866163,6289.109863
18,0.254463,0.909961,6738.321777
19,0.249107,0.901110,6954.638184
20,0.231499,0.697921,7220.780762
21,0.242425,0.425427,7686.628906
22,0.260371,0.421444,7836.354980
23,0.320238,0.420103,8402.046875
24,0.384532,0.453970,8751.497070
25,0.379129,0.438270,9300.545898
26,0.351206,0.350708,9483.475586
27,0.327752,0.304576,9666.497070
28,0.349947,0.345661,9916.162109
29,0.362708,0.358859,10099.096680
30,0.405328,0.507206,10298.708008
31,0.400159,0.508977,10514.998047
32,0.657390,0.922049,11346.917969
33,0.668266,0.873456,11596.464844
34,0.858098,0.765908,12927.499023
35,0.649541,0.482837,14241.859375
36,0.654883,0.525474,14674.495117
37,0.630731,0.496352,14840.795898
38,0.603151,0.463922,15123.615234
39,0.578548,0.412597,15389.824219
40,0.566528,0.296464,15589.484375
41,0.538840,0.338961,15855.662109
42,0.457717,0.514417,16254.983398
43,0.450726,0.527129,16454.669922
44,0.496571,0.400663,16720.839844
45,0.422224,0.501253,17419.583984
46,0.399662,0.506427,17635.900391
47,0.407129,0.486995,17952.023438
48,0.443073,0.501308,18251.480469
49,0.688881,0.470077,19016.800781
50,0.719484,0.423512,19266.384766
51,0.785346,0.340887,19848.679688
52,0.774690,0.320101,20114.871094
53,0.729002,0.453924,20431.005859
54,0.545968,0.193024,21279.525391
55,0.539073,0.205602,21595.650391
56,0.537753,0.213261,21712.146484
57,0.508890,0.236219,22211.228516
58,0.518247,0.268068,22394.251953
59,0.492946,0.258792,22660.425781
60,0.541426,0.244645,22976.539062
61,0.565537,0.254214,23226.121094
62,0.548859,0.308106,23858.355469
63,0.515884,0.299307,24157.826172
64,0.508513,0.445549,24906.509766
0,0.690466,0.506293,432.605194
1,0.675492,0.488069,665.552124
2,0.616242,0.459060,1297.745483
3,0.609619,0.364763,1514.031006
4,0.653353,0.281742,1697.129028
5,0.691014,0.264660,1896.768799
6,0.931357,0.474428,2861.729980
7,0.283383,0.391061,4492.195801
8,0.206614,0.498954,5257.538574
9,0.211413,0.510683,5374.006836
10,0.235980,0.536235,5523.763184
11,0.243305,0.530742,5856.514648
12,0.247761,0.530060,6039.485352
13,0.975988,0.438452,7037.753906
14,0.032372,0.502290,7370.479980
15,0.058765,0.489703,7536.854004
16,0.066676,0.473486,8718.149414
17,0.099982,0.455356,9017.599609
18,0.280541,0.376620,9683.104492
19,0.315696,0.180382,10215.505859
20,0.373435,0.326803,10614.818359
21,0.425931,0.492594,11080.660156
22,0.387565,0.525644,11330.273438
23,0.223847,0.494473,12395.031250
24,0.221263,0.486296,12494.862305
25,0.266633,0.586023,12877.540039
26,0.264728,0.533847,13176.994141
27,0.267786,0.542044,13409.924805
28,0.256645,0.497064,13975.608398
29,0.262329,0.517093,14191.888672
30,0.724648,0.503719,15323.246094
31,0.781389,0.432639,15922.233398
32,0.774220,0.630539,16188.401367
33,0.757510,0.644986,16371.410156
34,0.747872,0.658449,17469.488281
35,0.580720,0.331366,18184.916016
36,0.588659,0.318458,18667.410156
37,0.649093,0.351852,19416.093750
38,0.711587,0.507220,22011.574219
39,0.669282,0.511831,22444.126953
40,0.644162,0.535228,22610.523438
41,0.711885,0.505945,23009.814453
42,0.832030,0.466100,23625.396484
0,0.670752,0.499328,598.975220
1,0.645645,0.506239,848.493164
2,0.629504,0.507178,1148.084595
3,0.623520,0.541400,1514.064575
4,0.630581,0.518770,1613.872070
5,0.634942,0.508132,3310.945068
6,0.647546,0.535795,5357.337402
7,0.689812,0.512946,5706.666016
8,0.715607,0.486600,6106.004883
9,0.744210,0.333843,6505.306152
10,0.742081,0.246525,6838.029297
11,0.715286,0.204026,7120.905273
12,0.691488,0.172980,7403.741211
13,0.700357,0.132114,7653.330566
14,0.712825,0.121736,7902.854492
15,0.533307,0.268944,8751.414062
16,0.518970,0.267649,9000.944336
17,0.533778,0.273328,9150.698242
18,0.554490,0.275180,9566.687500
19,0.574825,0.381678,10232.207031
20,0.452832,0.523785,10930.907227
21,0.436085,0.520453,11147.241211
22,0.390059,0.519008,11962.452148
23,0.372914,0.519007,12361.763672
24,0.340074,0.460109,12694.541992
25,0.255916,0.516224,13060.558594
26,0.243035,0.513730,13276.812500
27,0.223336,0.516945,13659.532227
28,0.236148,0.509496,14308.338867
29,0.170612,0.556775,14657.764648
30,0.173810,0.552867,14757.548828
31,0.242041,0.489045,15156.866211
32,0.255265,0.410623,15539.550781
33,0.284862,0.400988,15805.808594
34,0.464714,0.321936,16787.320312
35,0.577861,0.376193,17585.951172
36,0.783258,0.451012,18251.425781
37,0.888152,0.468452,18667.357422
38,0.944606,0.490495,18966.832031
39,0.941554,0.494141,19099.960938
40,0.979599,0.490654,19266.324219
41,0.009520,0.488505,19515.882812
42,0.076733,0.503353,20015.021484
43,0.096788,0.497835,20364.398438
44,0.166202,0.511270,20846.923828
45,0.234533,0.511471,21445.882812
46,0.199376,0.505443,21895.056641
47,0.909238,0.360061,23109.595703
48,0.901119,0.354602,23458.992188
49,0.890486,0.366159,23741.839844
50,0.861867,0.400843,24224.322266
0,0.666782,0.522969,449.334137
1,0.680443,0.503316,615.670532
2,0.592852,0.482647,1064.869629
3,0.535752,0.384328,1514.031128
4,0.213142,0.522065,2695.292236
5,0.124322,0.522666,3410.781006
6,0.173128,0.506635,3776.760010
7,0.228183,0.487104,4026.331299
8,0.227257,0.489947,4126.131348
9,0.306195,0.415069,4625.312012
10,0.352050,0.374531,4808.302246
11,0.472333,0.316502,5407.240234
12,0.523859,0.312980,5673.467773
13,0.585361,0.338263,5922.991211
14,0.754512,0.491617,6954.595703
15,0.769350,0.427260,7237.387207
16,0.764800,0.422528,7453.691895
17,0.869326,0.492764,7836.328613
18,0.885056,0.500070,7969.416016
19,0.944336,0.507093,8302.195312
20,0.980366,0.512458,8751.388672
21,0.029032,0.553786,9034.221680
22,0.093404,0.532717,9317.087891
23,0.090567,0.522757,9483.435547
24,0.058251,0.466767,9766.293945
25,0.180969,0.527119,10065.767578
26,0.209881,0.526100,10498.329102
27,0.224516,0.491957,10797.811523
28,0.244252,0.540564,11064.000000
29,0.250192,0.532768,11313.591797
30,0.264893,0.525911,11662.962891
31,0.205603,0.504223,11979.087891
32,0.186335,0.462255,12245.294922
33,0.036421,0.474317,12844.280273
34,0.940621,0.472729,13110.462891
35,0.824100,0.460755,13576.325195
36,0.191010,0.452378,15306.592773
37,0.254277,0.506006,15589.448242
38,0.290007,0.470098,15905.547852
39,0.213407,0.524506,16304.850586
40,0.241705,0.356274,16637.601562
41,0.246397,0.303037,16820.611328
42,0.280968,0.167539,17402.941406
43,0.314553,0.158500,17536.037109
44,0.364298,0.154643,17768.976562
45,0.774391,0.379981,19083.330078
46,0.714474,0.521180,19582.482422
47,0.703772,0.516670,19715.607422
48,0.691636,0.494400,19865.332031
49,0.727369,0.450263,20081.578125
50,0.617730,0.342959,20381.064453
51,0.575219,0.341361,20564.082031
52,0.552591,0.366553,20747.113281
53,0.536667,0.351499,21029.937500
54,0.496463,0.313725,21362.685547
55,0.522730,0.294733,21994.900391
56,0.555650,0.280195,22311.029297
57,0.590354,0.289423,22677.072266
58,0.695818,0.504898,23708.609375
59,0.780087,0.441701,23908.228516
60,0.727808,0.441407,24174.451172
61,0.645997,0.494834,24457.289062
0,0.641068,0.497343,515.770630
1,0.999126,0.535490,1763.606445
2,0.116352,0.538593,2362.562500
3,0.119483,0.523085,2462.388916
4,0.179658,0.533391,2678.718506
5,0.235379,0.514604,2878.300049
6,0.256125,0.521072,3094.605713
7,0.278752,0.501063,3294.233398
8,0.273816,0.495933,3460.663330
9,0.487171,0.294447,6272.387695
10,0.356908,0.550244,6971.246582
11,0.244564,0.552525,7353.865723
12,0.221850,0.558260,7620.056152
13,0.248917,0.520026,7952.781738
14,0.705927,0.515247,9283.826172
15,0.688261,0.505786,9599.913086
16,0.892008,0.489789,10514.966797
17,0.916135,0.482228,10747.904297
18,0.920119,0.642636,11130.540039
19,0.913491,0.642586,11280.317383
20,0.620497,0.552664,12478.259766
21,0.623819,0.548359,12711.180664
22,0.636976,0.536038,12860.898438
23,0.699855,0.507469,13509.731445
24,0.684615,0.515307,13809.211914
25,0.688846,0.510100,14075.442383
26,0.729512,0.470345,14258.503906
27,0.070590,0.496277,15522.875000
28,0.109268,0.520732,16105.270508
29,0.140033,0.526767,16438.013672
30,0.213819,0.535188,16754.078125
31,0.248307,0.535534,16970.330078
32,0.270914,0.499486,17236.541016
33,0.257548,0.478862,17669.148438
34,0.264035,0.516865,18051.833984
35,0.253715,0.530518,18384.626953
36,0.213615,0.439851,18933.599609
37,0.192061,0.416048,19149.898438
38,0.241702,0.431883,19582.472656
39,0.841273,0.434001,20813.658203
40,0.773510,0.369485,21146.410156
41,0.736167,0.385721,21429.285156
42,0.621976,0.519079,22061.439453
43,0.622730,0.360766,22394.195312
44,0.587534,0.347335,22726.958984
45,0.673985,0.506344,23126.310547
46,0.688178,0.523411,23326.001953
47,0.627572,0.536998,23675.292969
48,0.674230,0.453591,24074.605469
49,0.795501,0.424794,24573.751953
50,0.820090,0.558803,24973.076172
0,0.622156,0.546450,748.747070
1,0.637677,0.536763,915.075256
2,0.665803,0.523912,1214.533569
3,0.697386,0.497401,1480.765137
4,0.679670,0.478892,1780.223755
5,0.546928,0.300578,2379.215088
6,0.437053,0.536695,3044.715820
7,0.441406,0.553670,3211.053223
8,0.011041,0.494792,4375.702148
9,0.071007,0.499341,4874.846680
10,0.085984,0.500087,5007.921875
11,0.067994,0.477974,5490.443359
12,0.052062,0.478401,5723.346680
13,0.249752,0.501623,6588.535645
14,0.276887,0.516493,6937.841309
15,0.301499,0.477586,7187.445312
16,0.285595,0.392712,7453.642090
17,0.245175,0.405959,7686.629883
18,0.221674,0.509004,8169.062500
19,0.224716,0.498293,8352.128906
20,0.173489,0.506290,8784.604492
21,0.096465,0.487704,9350.309570
22,0.405912,0.528363,10365.217773
23,0.422456,0.545911,10531.604492
24,0.411623,0.550819,10997.414062
25,0.423806,0.541080,11496.581055
26,0.431937,0.488757,11845.979492
27,0.245667,0.515256,12727.739258
28,0.225391,0.502674,13043.836914
29,0.956516,0.725055,13909.027344
30,0.923416,0.839894,14241.766602
31,0.026889,0.589942,15223.369141
32,0.674111,0.539297,16105.170898
33,0.643161,0.554052,16354.737305
34,0.704605,0.505703,16953.693359
35,0.694994,0.478088,17070.167969
36,0.693439,0.486137,17319.707031
37,0.694425,0.490087,17519.357422
38,0.729001,0.539013,17968.564453
39,0.789182,0.621748,18467.708984
40,0.782509,0.657675,19000.134766
41,0.788640,0.635457,19266.306641
42,0.789051,0.613699,19416.095703
43,0.675819,0.538320,19798.710938
44,0.611457,0.515794,20364.402344
45,0.546075,0.317523,20863.541016
46,0.555221,0.300149,20996.601562
47,0.511002,0.302140,22078.066406
48,0.792056,0.368737,22993.119141
49,0.819164,0.387121,23309.234375
50,0.892479,0.433384,23558.792969
51,0.876195,0.384692,23941.478516
52,0.854456,0.391494,24174.445312
53,0.760319,0.400540,24407.347656
