Idx, longitude, latitude, start timestamp
0,0.771234,0.451264,16.703590
1,0.733789,0.537629,415.996368
2,0.656670,0.711092,948.323975
3,0.547486,0.592770,1547.362671
4,0.472790,0.598198,1830.214966
5,0.529351,0.681563,2063.076660
6,0.613914,0.714192,2246.056885
7,0.614164,0.727240,2395.796387
8,0.557232,0.653132,2612.187988
9,0.576033,0.688332,3044.625244
10,0.563734,0.519962,3460.615723
11,0.091210,0.542654,7137.478027
12,0.090371,0.540887,7387.089355
13,0.040369,0.733348,7936.031250
14,0.292210,0.556204,9666.384766
15,0.771073,0.385699,11163.729492
16,0.792924,0.560273,13409.826172
17,0.808485,0.552926,14208.480469
18,0.747803,0.523412,14507.916016
19,0.717112,0.529885,15689.170898
20,0.565483,0.695997,17419.517578
21,0.527486,0.568085,19149.869141
22,0.557082,0.571944,19698.867188
23,0.545440,0.506790,19931.757812
24,0.536967,0.488997,20131.441406
25,0.619523,0.500328,20380.968750
26,0.603032,0.484207,20996.562500
27,0.568364,0.429796,21395.957031
28,0.593006,0.612632,22161.156250
29,0.604247,0.485985,22410.783203
30,0.564714,0.427667,22860.031250
31,0.618162,0.473462,23192.814453
32,0.642134,0.423100,24124.371094
0,0.727979,0.556083,16.538240
1,0.691589,0.610297,532.407227
2,0.647683,0.681776,748.664062
3,0.605752,0.678240,981.529175
4,0.565971,0.693906,1231.164429
5,0.542536,0.682340,1480.652100
6,0.506753,0.678370,1680.343018
7,0.469745,0.676881,1963.109985
8,0.452273,0.637499,2179.529297
9,0.494471,0.579585,2728.458252
10,0.519751,0.573220,3028.004150
11,0.577148,0.663666,3260.864990
12,0.597926,0.731266,3460.636230
13,0.583854,0.764361,3793.354980
14,0.641767,0.766584,4076.181396
15,0.578029,0.764750,4325.725586
16,0.608508,0.761974,4508.672363
17,0.623339,0.769240,4774.963867
18,0.700804,0.736666,5224.222168
19,0.778882,0.564056,5823.069336
20,0.806399,0.568689,6105.938477
21,0.704033,0.551865,6671.638184
22,0.686257,0.546384,6871.319824
23,0.718748,0.545476,7204.038574
24,0.768536,0.564831,7470.197754
25,0.767591,0.579223,7819.628418
26,0.800429,0.558481,8551.613281
27,0.884042,0.573808,8817.883789
28,0.903586,0.594844,9117.413086
29,0.886151,0.603641,9333.698242
30,0.912935,0.592860,9816.097656
31,0.867041,0.591766,10132.255859
32,0.919179,0.549899,10448.465820
33,0.054384,0.614736,10930.878906
34,0.082929,0.629230,11163.703125
35,0.085672,0.601939,11579.714844
36,0.089267,0.549152,11829.245117
37,0.090580,0.536318,11962.328125
38,0.090990,0.515923,12245.247070
39,0.943952,0.531357,12927.432617
40,0.821388,0.517679,13409.797852
41,0.792459,0.503113,13642.787109
42,0.791129,0.459345,13875.707031
43,0.786925,0.408984,14058.708008
44,0.796914,0.406174,14258.298828
45,0.846716,0.418184,14557.801758
46,0.803367,0.502592,15223.341797
47,0.845536,0.419966,15456.341797
48,0.889959,0.613098,16055.213867
49,0.197501,0.520229,17120.099609
50,0.250898,0.537203,17319.675781
51,0.259551,0.607062,17602.500000
52,0.296165,0.637266,17835.400391
53,0.312763,0.652075,18184.869141
54,0.314059,0.626840,18334.671875
55,0.293727,0.597328,18617.371094
56,0.283779,0.601569,19050.039062
57,0.243431,0.610141,19266.244141
58,0.225377,0.610799,19515.863281
59,0.257049,0.623212,19848.638672
60,0.292097,0.611550,20730.369141
61,0.357533,0.586076,20930.068359
62,0.352682,0.590679,21029.863281
63,0.372949,0.591395,21212.900391
64,0.368251,0.547132,21512.361328
65,0.342283,0.581458,21761.955078
66,0.345235,0.543297,22211.101562
67,0.319959,0.559484,22460.734375
68,0.323577,0.501903,22676.949219
69,0.315232,0.461347,23009.755859
70,0.278163,0.489807,23309.175781
71,0.211817,0.531561,23592.025391
72,0.228720,0.643524,23891.609375
73,0.229576,0.632631,24074.587891
0,0.757694,0.545298,299.506165
1,0.692531,0.737872,565.733887
2,0.797239,0.575074,1181.192993
3,0.830801,0.576733,1397.512939
4,0.869758,0.692298,2112.867432
5,0.865888,0.651248,2429.029053
6,0.844843,0.617192,2595.397217
7,0.926968,0.643496,2861.684326
8,0.901115,0.711991,3244.257080
9,0.863729,0.746791,3743.315430
10,0.992308,0.556110,4092.743408
11,0.030087,0.613667,4442.259277
12,0.065073,0.686406,4808.251953
13,0.092353,0.706617,5074.284668
14,0.115916,0.616857,5457.111328
15,0.101245,0.736124,5906.246094
16,0.224787,0.708131,6189.026855
17,0.261779,0.711658,6521.731934
18,0.289246,0.679276,6854.464844
19,0.305994,0.694594,7270.499023
20,0.354291,0.637249,7636.474121
21,0.355900,0.592438,7985.864746
22,0.344588,0.582721,8202.223633
23,0.385398,0.597891,8385.182617
24,0.339917,0.448307,8701.361328
25,0.414487,0.599222,8917.553711
26,0.416612,0.615344,9050.698242
27,0.408810,0.627970,9200.401367
28,0.449912,0.753765,9416.709961
29,0.261981,0.760773,10198.677734
30,0.237060,0.741486,10547.976562
31,0.221395,0.621380,10980.616211
32,0.294623,0.658965,11196.907227
33,0.252973,0.490061,11596.326172
34,0.255291,0.441243,11845.744141
35,0.284194,0.352054,12311.543945
36,0.260335,0.319092,12544.539062
37,0.201596,0.552128,12843.950195
38,0.133393,0.545112,13060.358398
39,0.134689,0.573669,13359.797852
40,0.231124,0.569047,13642.502930
41,0.251625,0.538295,13958.621094
42,0.254889,0.531458,14058.515625
43,0.248933,0.493175,14191.616211
44,0.221983,0.577163,14424.492188
45,0.206634,0.541351,15123.245117
46,0.202116,0.542159,15356.266602
47,0.198582,0.542175,15888.598633
48,0.234723,0.687407,16071.580078
49,0.203843,0.720501,16254.553711
50,0.097067,0.826754,16504.228516
51,0.202356,0.736731,16720.414062
52,0.193328,0.744132,16820.390625
53,0.193872,0.661798,17236.191406
54,0.214376,0.728002,17452.574219
55,0.283801,0.833316,17652.132812
56,0.026165,0.823424,18234.585938
57,0.023955,0.819064,18550.640625
58,0.857115,0.611700,19265.980469
59,0.866087,0.605666,19598.697266
60,0.840849,0.571042,19998.070312
61,0.896103,0.532601,20330.798828
62,0.909917,0.529628,20547.068359
63,0.905319,0.536098,20696.898438
64,0.893730,0.534960,20879.785156
65,0.896084,0.522663,21012.921875
66,0.852805,0.530118,21495.431641
67,0.000229,0.584326,22027.750000
68,0.972512,0.626471,22194.195312
69,0.743665,0.599983,22859.714844
70,0.687459,0.588903,23109.230469
71,0.664447,0.567940,23342.105469
72,0.682141,0.814592,24040.808594
73,0.566185,0.869093,24689.716797
0,0.732305,0.809267,316.080902
1,0.731824,0.485661,648.859131
2,0.752005,0.398646,1048.160400
3,0.868824,0.474723,1430.782837
4,0.038511,0.456608,2595.422852
5,0.085105,0.584710,2878.328125
6,0.091652,0.635992,3144.548096
7,0.129386,0.768527,3427.426514
8,0.150779,0.547258,3776.865723
9,0.161965,0.497257,3959.805664
10,0.106290,0.505708,4192.633301
11,0.643189,0.777073,6205.898438
12,0.632800,0.798889,6405.458496
13,0.551205,0.604326,9050.816406
14,0.593128,0.777178,9566.709961
15,0.343056,0.477352,12478.215820
16,0.222871,0.364395,13942.248047
17,0.203220,0.346307,14907.213867
18,0.298322,0.391252,15406.526367
19,0.344634,0.449504,15689.253906
20,0.353260,0.448208,15889.026367
21,0.839036,0.306192,20015.015625
22,0.799336,0.284177,20264.580078
23,0.796515,0.240174,20514.164062
24,0.786229,0.271985,23924.880859
0,0.780853,0.538774,548.940491
1,0.791225,0.384566,948.300659
2,0.728976,0.446191,1597.200195
3,0.810959,0.561128,2079.664307
4,0.704013,0.663242,2395.895996
5,0.704043,0.703675,2595.503906
6,0.714773,0.710913,2761.780029
7,0.656850,0.589398,2978.145264
8,0.605230,0.699783,3443.941406
9,0.580090,0.732699,3760.010010
10,0.531860,0.673610,4109.381836
11,0.482997,0.683503,4392.307617
12,0.478320,0.625465,4658.502441
13,0.474785,0.572417,4874.831055
14,0.396939,0.611091,5240.792969
15,0.363993,0.608395,5523.662598
16,0.339641,0.610454,5939.694824
17,0.311998,0.577663,6122.629883
18,0.307211,0.539693,6372.123047
19,0.309614,0.508434,6588.470703
20,0.295421,0.481221,6821.414551
21,0.289160,0.471057,6987.716797
22,0.325627,0.508297,7237.321777
23,0.329504,0.633043,7603.354004
24,0.293802,0.669780,7802.964844
25,0.287092,0.663510,8402.006836
26,0.263109,0.642241,8751.374023
27,0.231692,0.636988,9050.867188
28,0.197447,0.628086,9383.614258
29,0.181373,0.582403,9699.740234
30,0.159810,0.595711,9999.193359
31,0.153563,0.619109,10298.545898
32,0.135643,0.646295,10564.833008
33,0.131172,0.608932,10831.103516
34,0.106255,0.640153,11080.532227
35,0.121791,0.690226,11246.938477
36,0.129753,0.706128,11396.679688
37,0.094963,0.679148,11662.950195
38,0.223099,0.440137,13077.185547
39,0.192721,0.513501,13476.401367
40,0.199084,0.519066,13726.036133
41,0.188657,0.521176,14008.775391
42,0.216338,0.493735,14275.065430
43,0.232162,0.486131,14507.878906
44,0.250454,0.503553,14774.199219
45,0.251255,0.509171,14874.084961
46,0.267537,0.470324,15539.527344
47,0.250592,0.471929,15739.115234
48,0.302995,0.464889,16271.531250
49,0.328614,0.460651,17020.234375
50,0.318970,0.478323,17735.617188
51,0.335211,0.478631,17985.207031
52,0.361718,0.478598,18301.345703
53,0.351937,0.446728,18484.324219
54,0.315782,0.420244,18833.718750
55,0.406142,0.470880,19216.316406
56,0.455603,0.558917,19515.816406
57,0.542600,0.551315,20946.724609
58,0.536744,0.651676,22227.841797
59,0.561140,0.695755,22677.035156
60,0.596500,0.760726,23642.072266
61,0.633943,0.749089,23891.546875
62,0.651651,0.773124,24157.746094
63,0.722385,0.686353,24490.472656
64,0.707627,0.641029,24973.035156
0,0.772705,0.537179,332.703888
1,0.725840,0.593059,648.816650
2,0.826181,0.577010,998.208679
3,0.856386,0.496787,1414.214478
4,0.839454,0.460988,1630.414185
5,0.809659,0.396376,1929.932617
6,0.795197,0.374187,2129.512939
7,0.772197,0.515882,2628.629150
8,0.772700,0.584619,2894.887939
9,0.693356,0.683139,3194.402100
10,0.754693,0.756080,3394.030518
11,0.802684,0.832915,3693.579834
12,0.788154,0.896238,3959.795898
13,0.708825,0.758381,4359.054688
14,0.748571,0.848534,4724.963867
15,0.249471,0.992799,5157.670410
16,0.668939,0.905309,5540.313477
17,0.561987,0.717068,6022.705078
18,0.597399,0.629867,6305.643066
19,0.616864,0.561861,6605.057617
20,0.626552,0.494456,6821.358887
21,0.611863,0.432776,7054.314453
22,0.824503,0.439736,7986.106934
23,0.815821,0.392574,8169.138672
24,0.855131,0.432059,8401.918945
25,0.894876,0.517181,8618.191406
26,0.958603,0.546167,8984.380859
27,0.994876,0.548645,9200.540039
28,0.970777,0.500725,9400.203125
29,0.078392,0.522918,10082.252930
30,0.046238,0.539301,10265.438477
31,0.035916,0.561766,10548.125000
32,0.164214,0.564791,11080.660156
33,0.174264,0.548927,11280.310547
34,0.169037,0.571626,11546.416016
35,0.159438,0.592601,11812.602539
36,0.185631,0.554749,12128.757812
37,0.119514,0.558616,12378.378906
38,0.035032,0.477839,13093.689453
39,0.317684,0.513054,15223.316406
40,0.294873,0.775299,16554.269531
41,0.272985,0.604200,17003.496094
42,0.251064,0.222154,18484.283203
43,0.281043,0.381459,18950.087891
0,0.752022,0.490711,49.859463
1,0.751242,0.515122,332.692993
2,0.758756,0.539264,582.245544
3,0.710453,0.681152,998.231689
4,0.678862,0.646410,1231.095337
5,0.677595,0.603265,1414.117920
6,0.811959,0.503693,2129.587646
7,0.809890,0.432531,2279.307129
8,0.810544,0.408034,2412.410889
9,0.815892,0.387450,2578.772705
10,0.858593,0.408991,2811.646240
11,0.865753,0.587898,3294.195801
12,0.872192,0.548216,3560.422607
13,0.912070,0.564233,3826.569824
14,0.959279,0.544330,4076.165527
15,0.998320,0.562913,4309.032227
16,0.012645,0.562438,4558.714844
17,0.053844,0.585551,4874.733398
18,0.076883,0.601019,5074.350586
19,0.093507,0.643725,5307.272949
20,0.089186,0.643086,5423.764160
21,0.108088,0.684170,5623.387695
22,0.136189,0.712807,5789.757812
23,0.129417,0.704002,6105.823730
24,0.097328,0.713642,6455.388184
25,0.172370,0.529943,6821.336914
26,0.225385,0.553396,6987.810547
27,0.236367,0.578451,7270.664551
28,0.984389,0.543054,7936.042969
29,0.987395,0.540322,8019.176270
30,0.977943,0.510330,8135.800293
31,0.894082,0.543666,8551.583008
32,0.860950,0.529392,8718.033203
33,0.838085,0.509798,8950.908203
34,0.835811,0.492874,9183.803711
35,0.788933,0.492879,9350.164062
36,0.773605,0.479075,9666.318359
37,0.734927,0.484572,9866.029297
38,0.687382,0.497126,10148.797852
39,0.683068,0.499062,10398.429688
40,0.672065,0.622578,10664.697266
41,0.679176,0.662846,10897.619141
42,0.714192,0.780339,11246.861328
43,0.617808,0.813607,11779.260742
44,0.578376,0.789433,11995.607422
45,0.593405,0.779147,12211.883789
46,0.619926,0.755127,12345.009766
47,0.569722,0.645693,12627.917969
48,0.596939,0.561160,12877.446289
49,0.548921,0.539238,13143.610352
50,0.535853,0.496817,13376.551758
51,0.492373,0.536913,13659.329102
52,0.463097,0.644687,14075.326172
53,0.431948,0.615181,14391.481445
54,0.388549,0.579776,14807.299805
55,0.390391,0.577891,15056.920898
56,0.371079,0.568490,15223.288086
57,0.361475,0.585003,15472.791016
58,0.331984,0.605792,15705.834961
59,0.287801,0.597777,15971.956055
60,0.302761,0.546794,16271.422852
61,0.297494,0.529134,16387.917969
62,0.225653,0.540969,16687.412109
63,0.202108,0.606096,17003.578125
64,0.196467,0.618510,17253.041016
65,0.227182,0.465879,17585.763672
66,0.296356,0.450128,17802.173828
67,0.313802,0.441102,17968.511719
68,0.267681,0.478744,18184.792969
69,0.274507,0.720853,18683.923828
70,0.271748,0.852038,19266.240234
71,0.341930,0.833168,19449.220703
72,0.447619,0.813620,19698.755859
73,0.480522,0.787035,19865.142578
74,0.441373,0.710321,20214.501953
75,0.469453,0.728737,20380.847656
76,0.471464,0.688773,20796.875000
77,0.453032,0.654694,20929.980469
78,0.505639,0.672608,21162.863281
79,0.573074,0.739871,21395.857422
80,0.599649,0.781437,21612.103516
81,0.609860,0.778672,21911.572266
82,0.608267,0.770882,22011.429688
83,0.642167,0.759872,22244.369141
84,0.609703,0.740357,22543.820312
85,0.581165,0.726312,22859.904297
86,0.647622,0.749316,23259.146484
87,0.709239,0.745368,23492.146484
88,0.801510,0.403613,24656.832031
0,0.786249,0.619986,399.323181
1,0.770438,0.710165,881.784790
2,0.655128,0.637788,1464.124756
3,0.656339,0.805505,1780.327271
4,0.569324,0.586838,2462.467285
5,0.533832,0.694881,2645.423584
6,0.611850,0.495164,3127.896240
7,0.631088,0.598864,3610.367676
8,0.869597,0.664570,4841.566406
9,0.894094,0.728365,5091.046387
10,0.864403,0.561415,5706.724609
11,0.862291,0.557012,5839.850586
12,0.912419,0.524236,6122.719727
13,0.017782,0.669957,6704.937988
14,0.060834,0.718318,7137.547852
15,0.296999,0.677900,8634.913086
16,0.244966,0.690246,10747.881836
17,0.248592,0.641890,14657.772461
18,0.247132,0.634453,14890.679688
19,0.256214,0.700052,16637.587891
20,0.232281,0.700459,16887.130859
21,0.202441,0.677198,17203.265625
22,0.183610,0.679187,17685.736328
23,0.209078,0.692705,18068.433594
24,0.448891,0.769019,18916.988281
25,0.637708,0.851650,20580.650391
26,0.635026,0.843017,20830.306641
27,0.480701,0.497570,21329.419922
28,0.484560,0.480166,21512.417969
29,0.565061,0.460772,21845.179688
30,0.508897,0.606592,22377.513672
31,0.504360,0.606613,22510.607422
32,0.331989,0.689722,24207.601562
33,0.365950,0.654206,24507.123047
34,0.345717,0.648402,24989.617188
0,0.719782,0.640237,499.249878
1,0.704722,0.703175,715.515564
2,0.578853,0.744922,1181.411865
3,0.558130,0.750473,1364.428711
4,0.539953,0.712636,1613.896851
5,0.587739,0.561329,2196.276123
6,0.596754,0.528993,2379.200195
7,0.564041,0.645603,2662.094238
8,0.563762,0.663440,2795.224121
9,0.744399,0.550310,3444.063721
10,0.870973,0.592028,3993.044189
11,0.929077,0.607070,4159.446289
12,0.990579,0.585737,4542.265625
13,0.042806,0.593194,5191.026367
14,0.042782,0.601522,5307.402344
15,0.065367,0.613848,5473.823730
16,0.093773,0.624146,5723.383789
17,0.091800,0.634199,5823.180664
18,0.116421,0.663008,6172.708496
19,0.132978,0.696896,6422.204590
20,0.215574,0.687723,6688.398926
21,0.213556,0.667892,6971.253418
22,0.229175,0.646616,7104.259277
23,0.263542,0.662905,7437.045410
24,0.225754,0.725024,7902.900879
25,0.182475,0.525296,8668.292969
26,0.157984,0.538885,8884.455078
27,0.113172,0.628757,9333.769531
28,0.046006,0.640172,9982.623047
29,0.052075,0.617874,10315.364258
30,0.862788,0.673741,11113.987305
31,0.860353,0.647165,11363.534180
32,0.882955,0.603480,11613.073242
33,0.994824,0.578917,12611.268555
34,0.991819,0.586472,12860.997070
35,0.890150,0.559724,13726.042969
36,0.679396,0.670142,14757.598633
37,0.657479,0.671187,15040.357422
38,0.756123,0.537031,15672.664062
39,0.787096,0.561620,15855.621094
40,0.836474,0.505736,16238.330078
41,0.762197,0.747536,17951.953125
42,0.698211,0.744785,18234.851562
43,0.702589,0.767964,18867.070312
44,0.859158,0.943118,19449.470703
0,0.730489,0.533908,349.391937
1,0.790638,0.542594,549.048706
2,0.722398,0.712213,1114.699829
3,0.697235,0.727960,1330.992798
4,0.655497,0.552734,1663.706055
5,0.662252,0.551442,1913.357422
6,0.655535,0.571250,2112.964844
7,0.591823,0.533891,2778.467773
8,0.571442,0.526541,3077.935059
9,0.574392,0.647376,3344.114746
10,0.577898,0.660230,3577.049561
11,0.641548,0.736232,3793.321289
12,0.640392,0.789396,4225.890625
13,0.648708,0.778891,4492.094727
14,0.766265,0.472583,5157.594238
15,0.858230,0.404136,5839.742188
16,0.884477,0.395997,6006.135254
17,0.055800,0.582952,6804.798828
18,0.089923,0.747332,7320.497070
19,0.094012,0.611313,7553.416016
20,0.092593,0.600876,7669.924316
21,0.090740,0.592311,7786.344238
22,0.051411,0.756792,8218.964844
23,0.858972,0.914165,9466.742188
24,0.883416,0.948746,10448.441406
25,0.891542,0.927771,10598.132812
26,0.841614,0.894837,10880.974609
27,0.780307,0.952691,11130.499023
28,0.699467,0.895937,11563.114258
29,0.685784,0.898774,11929.146484
30,0.661004,0.886868,12112.211914
31,0.654910,0.887509,12278.503906
32,0.420624,0.684019,12827.567383
33,0.537063,0.168752,13958.881836
34,0.647747,0.177145,14391.506836
35,0.273392,0.490259,15589.399414
36,0.295019,0.425262,15905.517578
37,0.321477,0.713120,16521.171875
38,0.366713,0.715768,16770.638672
39,0.485174,0.611520,17386.226562
40,0.279557,0.632007,17818.908203
41,0.340645,0.582478,18101.750000
42,0.344363,0.563512,18251.427734
43,0.383258,0.585972,18434.439453
44,0.407951,0.560289,18683.966797
45,0.404620,0.549313,18833.810547
46,0.400188,0.612834,19000.117188
47,0.373010,0.600974,19282.919922
48,0.438524,0.625877,19782.046875
49,0.383894,0.556205,20098.216797
50,0.393511,0.545458,20397.658203
51,0.389805,0.555837,20780.384766
52,0.390087,0.562486,20979.996094
53,0.394831,0.626321,21262.822266
54,0.414861,0.608407,21612.189453
55,0.409469,0.612486,22211.150391
56,0.438579,0.525388,24640.259766
0,0.775892,0.514502,16.703312
1,0.732191,0.541893,415.986938
2,0.692689,0.596292,632.249084
3,0.677402,0.646155,964.996643
4,0.698319,0.712573,1231.230835
5,0.714571,0.704105,1380.977417
6,0.740280,0.561108,1747.061523
7,0.695018,0.525557,2013.221191
8,0.680986,0.508538,2212.844238
9,0.794667,0.375413,2495.693115
10,0.807186,0.346793,2678.726562
11,0.815472,0.372947,3111.259033
12,0.789882,0.383489,3410.757080
13,0.832235,0.411228,4359.101562
14,0.847298,0.415561,4542.202148
15,0.887533,0.575515,4824.947266
16,0.899896,0.634016,5057.885254
17,0.882333,0.681147,5340.752930
18,0.869579,0.727839,5623.560547
19,0.884788,0.750786,5889.750977
20,0.988619,0.580204,6322.373535
21,0.975657,0.578040,6788.242188
22,0.976763,0.592899,6871.389160
23,0.025336,0.630984,7237.391602
24,0.043681,0.629305,7470.329590
25,0.073912,0.649167,7769.764648
26,0.039319,0.512254,8152.437012
27,0.018451,0.472611,8335.455078
28,0.997460,0.441274,8585.053711
29,0.995840,0.451751,8701.520508
30,0.034490,0.447163,8867.841797
31,0.063234,0.528825,9217.273438
32,0.091256,0.613672,9450.184570
33,0.086948,0.662862,9666.545898
34,0.106443,0.665774,10049.239258
35,0.154952,0.568485,10298.691406
36,0.159465,0.520746,10631.473633
37,0.150581,0.561005,10914.278320
38,0.185002,0.565700,11180.472656
39,0.215604,0.604494,11430.080078
40,0.225595,0.539495,11646.339844
41,0.232457,0.487341,11962.490234
42,0.246092,0.496759,12162.191406
43,0.246902,0.475912,12544.784180
44,0.260812,0.485582,12944.108398
45,0.292072,0.448891,13110.475586
46,0.307838,0.387402,13326.744141
47,0.329965,0.506100,13626.239258
48,0.335939,0.581224,13825.924805
49,0.297653,0.698160,14075.509766
50,0.281244,0.740139,14291.735352
51,0.273245,0.721170,14424.901367
52,0.306167,0.737218,14591.272461
53,0.246788,0.630221,14824.119141
54,0.302156,0.576254,15123.629883
55,0.384567,0.596555,15323.329102
56,0.404969,0.551091,15556.224609
57,0.406434,0.466763,15839.005859
58,0.420488,0.555915,16038.696289
59,0.321127,0.360318,16454.669922
60,0.300910,0.442612,16654.238281
61,0.288285,0.466781,16987.068359
62,0.214728,0.446068,17419.580078
63,0.145436,0.298732,17852.212891
64,0.506898,0.562954,20980.076172
65,0.477590,0.466820,21445.888672
66,0.473716,0.481222,21529.146484
67,0.513762,0.478190,21678.892578
68,0.510551,0.487418,21778.626953
69,0.519293,0.423065,22327.671875
70,0.296704,0.590139,23226.146484
71,0.315300,0.560204,23558.919922
72,0.331276,0.467731,23808.451172
73,0.340414,0.400565,24091.269531
74,0.349379,0.372834,24374.189453
75,0.358622,0.368862,24640.355469
76,0.412616,0.536354,24806.660156
0,0.758899,0.541528,16.668880
1,0.773137,0.557993,399.366821
2,0.751686,0.582691,599.002197
3,0.810018,0.713695,998.289612
4,0.867591,0.678449,1331.013184
5,0.907389,0.682285,1630.578247
6,0.921166,0.629098,1896.782837
7,0.964404,0.589895,2279.419189
8,0.990105,0.594775,2429.093994
9,0.953437,0.544059,2728.608643
10,0.855856,0.479348,3028.113281
11,0.598697,0.481140,3959.811768
12,0.467721,0.568270,4558.743164
13,0.465565,0.571739,4641.941406
14,0.409659,0.601008,4824.924316
15,0.363283,0.530904,5074.493652
16,0.331955,0.486443,5290.774414
17,0.294781,0.520763,5540.337891
18,0.306569,0.595049,5789.897949
19,0.299090,0.515801,6305.666504
20,0.296710,0.536541,6405.509277
21,0.293909,0.654327,6655.071777
22,0.256040,0.695610,6854.722168
23,0.301350,0.774234,7120.958496
24,0.277325,0.727674,7570.135254
25,0.287681,0.825061,7886.274902
26,0.267393,0.807713,8085.947754
27,0.300539,0.456178,9283.809570
28,0.303603,0.484076,9433.515625
29,0.262171,0.475652,9599.974609
30,0.265796,0.483615,9733.035156
31,0.227908,0.546876,9999.184570
32,0.173811,0.554889,10415.146484
33,0.141948,0.528293,10648.113281
34,0.093163,0.604098,11030.783203
35,0.111623,0.474131,11446.697266
36,0.174719,0.480989,11696.239258
37,0.278694,0.427624,11962.423828
38,0.464072,0.390254,12810.946289
39,0.782400,0.512253,14058.806641
40,0.823364,0.560054,14374.940430
41,0.791444,0.535455,14724.274414
42,0.836659,0.550582,15107.006836
43,0.873937,0.551039,15589.467773
44,0.990311,0.574126,16138.525391
45,0.039891,0.585636,16504.521484
46,0.011946,0.579709,16770.693359
47,0.051509,0.650569,17436.220703
48,0.017371,0.702141,17785.640625
49,0.999817,0.633780,18234.833984
50,0.076833,0.652901,18501.023438
51,0.090626,0.718901,18783.847656
52,0.073439,0.694865,19033.449219
53,0.089628,0.633104,19266.386719
54,0.152273,0.567988,19765.525391
55,0.957678,0.216659,20713.833984
56,0.922952,0.155100,20896.869141
57,0.836203,0.144412,21096.486328
58,0.811350,0.135500,21262.847656
59,0.744638,0.067253,21445.863281
60,0.698758,0.052865,21612.255859
61,0.639509,0.032106,21795.281250
62,0.680744,0.011371,22028.220703
63,0.710348,0.056654,22227.914062
64,0.689405,0.892234,23592.125000
65,0.229831,0.958083,24041.367188
66,0.187675,0.899064,24224.357422
67,0.190088,0.912894,24357.447266
68,0.124076,0.937825,24540.484375
0,0.709756,0.617797,499.105774
1,0.682913,0.592471,682.191223
2,0.896603,0.578811,1314.360474
3,0.886863,0.579574,1430.840698
4,0.910992,0.487804,1663.821045
5,0.088437,0.614450,2512.305908
6,0.091994,0.595003,2761.865967
7,0.097835,0.580519,3111.235107
8,0.095653,0.498170,3543.874512
9,0.230629,0.568244,4042.942383
10,0.236806,0.472921,4225.935059
11,0.192607,0.805134,4858.216309
12,0.202566,0.823975,4991.338379
13,0.339430,0.922738,5773.251465
14,0.321231,0.524569,6671.727051
15,0.312937,0.512065,6754.844238
16,0.320237,0.500666,6954.519043
17,0.405220,0.520679,7636.647461
18,0.309677,0.435781,8268.979492
19,0.307681,0.448824,8402.017578
20,0.257418,0.499054,8718.182617
21,0.142109,0.478155,9317.149414
22,0.069056,0.664032,9949.326172
23,0.067943,0.727881,10331.982422
24,0.055921,0.779305,10631.431641
25,0.042070,0.823065,11047.377930
26,0.051272,0.810793,11396.791992
27,0.898463,0.614838,11779.401367
28,0.901490,0.592668,11945.820312
29,0.850339,0.583953,12178.749023
30,0.885424,0.460335,12644.576172
31,0.798064,0.498171,13043.973633
32,0.780534,0.496370,13276.912109
33,0.779202,0.419428,13493.125977
34,0.784878,0.311573,13776.004883
35,0.727458,0.495840,14141.929688
36,0.699692,0.548711,14374.973633
37,0.703240,0.548597,14508.036133
38,0.694337,0.591121,14707.684570
39,0.679117,0.689956,14957.291992
40,0.662074,0.652513,15190.217773
41,0.600435,0.641116,15423.109375
42,0.565526,0.514673,15805.721680
43,0.550768,0.516925,16138.539062
44,0.640050,0.447790,16437.972656
45,0.812570,0.465311,17286.496094
46,0.811278,0.450868,17502.740234
47,0.767980,0.560544,17702.431641
48,0.765373,0.632033,17902.083984
49,0.769158,0.617854,18018.521484
50,0.816792,0.658657,18201.537109
51,0.818227,0.629267,18650.835938
52,0.857848,0.634692,18933.619141
53,0.818303,0.516994,19283.009766
54,0.801015,0.464719,19565.789062
55,0.771684,0.512546,20630.658203
56,0.762371,0.566652,20946.785156
57,0.873640,0.702309,21246.220703
58,0.908689,0.608518,21795.248047
59,0.924085,0.599988,22161.283203
60,0.910883,0.628019,22677.105469
61,0.879766,0.591513,23275.988281
62,0.873470,0.585217,23708.615234
63,0.891692,0.588945,24174.447266
64,0.911619,0.590837,24440.652344
65,0.946752,0.666459,24740.123047
0,0.700352,0.731761,648.859375
1,0.696754,0.686449,898.516968
2,0.784457,0.558409,1114.737183
3,0.744281,0.519846,1364.356567
4,0.797535,0.485881,1563.973999
5,0.821458,0.408909,1979.877075
6,0.813382,0.380543,2162.911377
7,0.848307,0.393833,2379.250732
8,0.794924,0.384825,2761.842041
9,0.799216,0.357871,3094.603516
10,0.842009,0.394994,3510.530518
11,0.915079,0.591846,4625.275879
12,0.874897,0.582223,4874.833984
13,0.051099,0.596605,5374.038574
14,0.063745,0.588799,5606.936523
15,0.083982,0.595797,5806.616211
16,0.121350,0.656961,6322.312500
17,0.066662,0.746584,6538.661133
18,0.060995,0.733745,6821.495605
19,0.145885,0.690471,7470.254395
20,0.095141,0.781627,7852.942383
21,0.058644,0.760836,8085.900879
22,0.086352,0.642256,8418.709961
23,0.177625,0.669636,8884.553711
24,0.256711,0.636043,9067.517578
25,0.267218,0.586557,9483.507812
26,0.316630,0.604520,9633.221680
27,0.336563,0.578736,9882.755859
28,0.353179,0.572801,10132.264648
29,0.354413,0.475559,10598.141602
30,0.316859,0.421936,10814.463867
31,0.319011,0.412877,11014.114258
32,0.322030,0.434596,11213.750977
33,0.223184,0.472193,11496.568359
34,0.243950,0.509696,11829.304688
35,0.287686,0.497995,12062.261719
36,0.290812,0.512974,12278.546875
37,0.564997,0.936336,12877.469727
38,0.605948,0.934742,13060.546875
39,0.586852,0.943249,13143.692383
40,0.589397,0.928684,13243.537109
41,0.578330,0.939048,13559.654297
42,0.592371,0.933052,14325.014648
43,0.560613,0.905672,14474.710938
44,0.567193,0.949696,14907.307617
45,0.545457,0.949439,15240.040039
46,0.198524,0.072318,17219.935547
47,0.172099,0.034360,17386.386719
48,0.870951,0.101930,17952.015625
49,0.999358,0.174228,18234.814453
50,0.995834,0.587713,19116.585938
51,0.449780,0.548252,20364.480469
52,0.466733,0.576888,20647.267578
53,0.515865,0.550905,20896.794922
54,0.505193,0.535108,21212.906250
55,0.527152,0.648070,21462.505859
56,0.550099,0.625506,21745.335938
57,0.520689,0.703255,22128.013672
58,0.609701,0.575590,22543.914062
59,0.631534,0.619556,22893.324219
60,0.596517,0.511579,23325.933594
61,0.524090,0.475550,23592.146484
62,0.520029,0.469487,23708.568359
63,0.095311,0.631996,24856.593750
0,0.092124,0.644051,1697.010010
1,0.129115,0.613224,1996.522217
2,0.132018,0.601170,2096.298340
3,0.200665,0.542244,2595.413574
4,0.235177,0.641398,2894.909180
5,0.245968,0.569359,3094.533447
6,0.294029,0.567860,3643.601807
7,0.294987,0.788814,3976.314453
8,0.166978,0.837638,4392.316895
9,0.618564,0.644080,6255.667969
10,0.539415,0.720645,6505.319336
11,0.548984,0.714434,6754.854492
12,0.450531,0.687291,6987.749512
13,0.460135,0.680469,7170.766602
14,0.414071,0.604390,7403.707031
15,0.328821,0.620297,7852.916504
16,0.303428,0.514342,8285.455078
17,0.337047,0.390875,8768.058594
18,0.076344,0.468881,9832.797852
19,0.034843,0.456576,10331.942383
20,0.953686,0.504370,10814.378906
21,0.916525,0.461863,11047.319336
22,0.870007,0.479770,11313.523438
23,0.888311,0.422575,11546.449219
24,0.901264,0.639443,11762.704102
25,0.333472,0.662637,13276.730469
26,0.403482,0.624758,13576.241211
27,0.457797,0.717121,13825.846680
28,0.491283,0.629824,14358.273438
29,0.489318,0.601045,14474.695312
30,0.557559,0.612448,14740.866211
31,0.556801,0.605230,14857.410156
32,0.555163,0.594863,14957.244141
33,0.643292,0.585337,15439.718750
34,0.703437,0.637832,15722.467773
35,0.742274,0.568589,16038.673828
36,0.780249,0.548100,16288.232422
37,0.831783,0.586521,16587.632812
38,0.829053,0.552115,16720.757812
39,0.890383,0.594375,17020.230469
40,0.889683,0.580308,17153.339844
41,0.920610,0.544280,17336.300781
42,0.920022,0.535166,17452.812500
43,0.984245,0.556744,17702.386719
44,0.009733,0.555577,17902.037109
45,0.008618,0.535955,18084.986328
46,0.080081,0.545239,18584.246094
47,0.104146,0.533234,18800.437500
48,0.105846,0.526771,18916.960938
49,0.158797,0.523119,19233.003906
50,0.186696,0.517645,19599.025391
51,0.221937,0.569374,19848.626953
52,0.254107,0.508743,20414.271484
53,0.287534,0.486828,20564.023438
54,0.282291,0.480808,20713.787109
55,0.270264,0.443580,21029.839844
56,0.317072,0.424496,21262.845703
57,0.353659,0.498148,21578.986328
58,0.353004,0.492901,21711.998047
59,0.372331,0.465292,21878.392578
60,0.367520,0.464510,21978.236328
61,0.302375,0.431058,22244.443359
62,0.254672,0.420227,22477.406250
63,0.915047,0.548855,23775.080078
64,0.809770,0.475494,24224.271484
65,0.779071,0.414731,24557.125000
66,0.784427,0.423414,24756.734375
67,0.794900,0.355792,24989.625000
0,0.737500,0.532251,332.779694
1,0.772183,0.583498,599.043152
2,0.698823,0.725425,1231.288086
3,0.639338,0.740398,2029.804932
4,0.636390,0.423884,3111.294678
5,0.642039,0.429450,3211.114746
6,0.077344,0.648198,5357.345215
7,0.095902,0.567724,6022.856445
8,0.095706,0.524324,6355.583008
9,0.139741,0.412211,7520.225586
10,0.099848,0.344572,7703.250000
11,0.994010,0.442499,8451.981445
12,0.582626,0.551324,10564.916992
13,0.337376,0.476046,12544.766602
14,0.221084,0.481236,14008.856445
15,0.221305,0.475188,14125.351562
16,0.242274,0.360567,14391.522461
17,0.285084,0.383131,14707.644531
18,0.154962,0.663708,14857.377930
19,0.320028,0.361017,15256.698242
20,0.326437,0.418376,15672.626953
21,0.358824,0.434850,15988.750977
22,0.372143,0.439085,16221.661133
23,0.372245,0.433153,16404.675781
24,0.388480,0.434464,16537.777344
25,0.424076,0.375333,17020.287109
26,0.452459,0.360749,17269.851562
27,0.525223,0.419311,18151.664062
28,0.522172,0.427066,18301.410156
29,0.551448,0.481844,18501.009766
30,0.548591,0.472586,18750.572266
31,0.526187,0.416364,18916.947266
32,0.538672,0.664577,19382.808594
33,0.569770,0.709799,19848.654297
34,0.572613,0.723493,20114.871094
35,0.611931,0.757007,20331.154297
36,0.641482,0.808306,20530.812500
37,0.719598,0.744360,21146.406250
38,0.709771,0.788524,21312.767578
39,0.704685,0.779041,21562.388672
40,0.745247,0.448432,22177.914062
41,0.780249,0.420405,22560.607422
42,0.811896,0.539890,23159.535156
43,0.764398,0.378581,23359.189453
44,0.806464,0.334964,23575.482422
45,0.725657,0.393019,24241.015625
46,0.748227,0.373939,24423.992188
47,0.741200,0.391378,24690.201172
48,0.790744,0.443671,24956.408203
0,0.742837,0.552640,349.413544
1,0.702954,0.615691,549.061768
2,0.690982,0.585467,815.273926
3,0.760691,0.565373,1397.530762
4,0.772964,0.567617,1630.450928
5,0.805650,0.327688,1996.486694
6,0.815743,0.324777,2262.744873
7,0.717547,0.758315,2612.177979
8,0.708405,0.817340,2878.290039
9,0.683312,0.714458,3211.069336
10,0.681863,0.662696,3427.340820
11,0.706081,0.817580,3693.614258
12,0.609056,0.663033,4242.630371
13,0.596755,0.611291,4425.624023
14,0.619620,0.638892,4691.836426
15,0.627059,0.705241,5057.848145
16,0.623520,0.445245,5423.884766
17,0.624350,0.433353,5606.851074
18,0.698817,0.456585,5839.876465
19,0.734853,0.546738,6056.104004
20,0.709689,0.604347,6422.109863
21,0.699120,0.604652,6655.053711
22,0.707565,0.623276,6954.510254
23,0.800996,0.622435,7104.231445
24,0.821500,0.620242,7387.104004
25,0.801850,0.534576,7852.970703
26,0.801060,0.490777,8069.268555
27,0.804857,0.370985,8268.912109
28,0.811214,0.334111,8418.604492
29,0.853177,0.345318,8701.486328
30,0.863963,0.365475,8967.634766
31,0.848112,0.396889,9400.224609
32,0.872754,0.491608,9782.963867
33,0.884114,0.721016,10148.969727
34,0.859255,0.723531,10398.511719
35,0.891883,0.650376,10697.994141
36,0.853943,0.662437,11180.436523
37,0.852839,0.651972,11579.744141
38,0.882728,0.579104,11895.896484
39,0.878445,0.534783,12178.697266
40,0.842727,0.476219,12494.797852
41,0.849039,0.464482,12777.634766
42,0.846143,0.380044,13010.587891
43,0.851561,0.370384,13310.085938
44,0.850567,0.362805,13526.344727
45,0.884855,0.584244,13875.756836
46,0.883307,0.639147,14191.843750
47,0.885086,0.643954,14324.998047
48,0.938488,0.544231,14507.956055
49,0.930617,0.671063,14923.900391
50,0.887541,0.678171,15140.197266
51,0.876810,0.684443,15273.291016
52,0.853810,0.646987,15506.272461
53,0.879404,0.671399,16321.558594
54,0.891048,0.731749,16670.935547
55,0.839403,0.723251,17353.023438
56,0.837683,0.695146,17852.226562
57,0.881474,0.697800,18367.925781
58,0.891529,0.731053,18567.578125
59,0.881823,0.665264,18933.654297
60,0.925956,0.686421,19299.591797
61,0.932853,0.698142,19499.246094
62,0.917771,0.800010,19748.794922
63,0.907768,0.785773,19998.373047
64,0.899339,0.463489,20381.058594
65,0.890069,0.538916,20614.041016
66,0.908761,0.570372,20830.277344
67,0.892966,0.581991,21179.625000
68,0.896662,0.566944,21529.107422
69,0.986146,0.567000,21945.001953
70,0.887652,0.567355,22227.853516
71,0.880473,0.559397,23009.828125
72,0.889035,0.540982,23226.105469
73,0.910188,0.561133,23508.990234
74,0.900352,0.561430,23791.763672
75,0.913775,0.591767,24257.642578
76,0.999561,0.553282,24756.755859
0,0.797353,0.421323,515.736755
1,0.795632,0.381102,648.835266
2,0.795496,0.583691,1297.812744
3,0.709493,0.703934,1746.992798
4,0.688024,0.700449,1896.705078
5,0.614455,0.751752,2279.325684
6,0.597959,0.782169,2545.528320
7,0.553754,0.632197,2961.461426
8,0.574626,0.559971,3144.465332
9,0.597084,0.527059,3294.263184
10,0.595846,0.514262,3394.150635
11,0.626051,0.595259,3643.639404
12,0.715380,0.535431,3893.263916
13,0.694517,0.541819,4242.540527
14,0.683697,0.547078,4425.579102
15,0.793728,0.531491,4841.549805
16,0.816741,0.555762,5074.422363
17,0.767397,0.565147,5307.385254
18,0.738955,0.534374,5490.380371
19,0.702740,0.551189,5690.072754
20,0.754576,0.448089,5906.407227
21,0.799911,0.391735,6172.500488
22,0.816711,0.380783,6372.207031
23,0.837763,0.385101,6538.551758
24,0.870738,0.505515,6838.049805
25,0.876681,0.613246,7154.230469
26,0.902931,0.626522,7303.903320
27,0.906228,0.625870,7387.079102
28,0.934259,0.675160,7570.095703
29,0.944842,0.539925,8052.593262
30,0.843400,0.422102,8385.361328
31,0.834314,0.419131,8568.339844
32,0.879494,0.421329,8951.037109
33,0.032849,0.505072,9267.218750
34,0.021329,0.548583,9466.754883
35,0.002685,0.573968,9666.431641
36,0.979966,0.567685,9982.535156
37,0.012959,0.581724,10248.792969
38,0.095404,0.569209,10531.589844
39,0.161332,0.520409,11080.662109
40,0.213349,0.509525,11629.670898
41,0.233514,0.491558,11796.028320
42,0.273154,0.505084,12295.196289
43,0.315282,0.501879,12677.821289
44,0.274693,0.504515,12877.473633
45,0.252236,0.517948,13060.580078
46,0.081430,0.695699,13609.525391
47,0.079384,0.686300,14008.841797
48,0.295968,0.512545,14674.371094
49,0.330677,0.510166,14840.744141
50,0.364986,0.486072,15256.693359
51,0.382186,0.453992,15672.600586
52,0.381949,0.450903,15822.340820
53,0.365957,0.502761,16238.268555
54,0.352885,0.473826,16504.476562
55,0.344306,0.412764,16670.886719
56,0.313885,0.419619,16887.228516
57,0.335713,0.448412,17120.083984
58,0.329929,0.484227,17303.054688
59,0.323107,0.514485,17535.992188
60,0.331571,0.509347,17852.109375
61,0.344336,0.474205,18218.130859
62,0.346053,0.468682,18367.990234
63,0.352377,0.549852,18550.927734
64,0.231104,0.321159,19532.560547
65,0.022184,0.536973,20647.216797
66,0.014692,0.537942,20846.988281
67,0.032936,0.593206,21113.169922
68,0.008001,0.561683,21362.648438
69,0.022707,0.539291,21828.482422
70,0.049838,0.520386,22078.042969
71,0.040929,0.517387,22810.152344
72,0.973036,0.513428,23309.236328
73,0.038556,0.477299,23542.261719
74,0.079011,0.458956,23741.824219
75,0.057185,0.491666,24041.353516
76,0.055912,0.489766,24224.300781
0,0.739662,0.494997,282.779541
1,0.781017,0.553514,482.451569
2,0.739648,0.645336,765.383179
3,0.679950,0.811896,1164.694946
4,0.667647,0.791026,1380.867310
5,0.674285,0.824016,1547.248291
6,0.559087,0.841614,1863.391479
7,0.566216,0.825100,1996.450317
8,0.580035,0.804683,2129.580078
9,0.585610,0.789800,2279.346924
10,0.524859,0.787988,2445.740967
11,0.468584,0.730760,2928.194092
12,0.512762,0.555839,3360.746094
13,0.574475,0.454035,3577.034912
14,0.646048,0.490219,4142.747070
15,0.637451,0.492110,4242.543457
16,0.808629,0.349551,5473.731445
17,0.818632,0.518710,5806.466797
18,0.908597,0.656997,6089.314941
19,0.898361,0.643745,6172.608887
20,0.868430,0.640789,6521.888184
21,0.904286,0.737568,6838.065430
22,0.775800,0.491129,8135.776367
23,0.736966,0.560366,8435.247070
24,0.764620,0.614982,8867.821289
25,0.692935,0.609281,9167.256836
26,0.773567,0.603839,9616.500977
27,0.770746,0.628931,10864.343750
28,0.770755,0.645339,11646.292969
29,0.772800,0.645239,11762.739258
30,0.862852,0.482111,12078.895508
31,0.857937,0.486198,12245.297852
32,0.982097,0.506314,12644.519531
33,0.025970,0.521302,13110.374023
34,0.071986,0.615294,13393.314453
35,0.089897,0.666178,13859.061523
36,0.091791,0.683206,14092.042969
37,0.086267,0.736958,14707.592773
38,0.071645,0.730639,14923.878906
39,0.868013,0.552105,15606.043945
40,0.879828,0.544511,15888.849609
41,0.842068,0.418762,16238.316406
42,0.921351,0.453188,17186.669922
43,0.916696,0.447569,17303.152344
44,0.886120,0.561408,17535.962891
45,0.982339,0.445346,20347.757812
46,0.041681,0.551041,20863.507812
47,0.077748,0.611084,21296.103516
48,0.091630,0.628539,21645.513672
49,0.235326,0.606027,22560.664062
50,0.243106,0.505980,22893.289062
51,0.244016,0.426066,23192.769531
52,0.248114,0.405711,23575.398438
53,0.264967,0.409652,24224.330078
54,0.227418,0.418828,24590.298828
0,0.798742,0.762873,16.596649
1,0.816922,0.768792,449.215607
2,0.770803,0.416749,1031.496704
3,0.808976,0.513032,1330.975220
4,0.852837,0.569095,1514.002319
5,0.989348,0.579503,2046.395874
6,0.102458,0.621889,2562.177979
7,0.090323,0.555673,2711.965576
8,0.042262,0.598268,3111.209961
9,0.145433,0.688285,3543.742432
10,0.117298,0.908297,4225.939941
11,0.996990,0.947460,4408.944824
12,0.493890,0.987683,4608.613770
13,0.565748,0.972777,5091.074707
14,0.067875,0.948715,5673.417969
15,0.113481,0.936420,5889.713379
16,0.193167,0.940745,6338.886230
17,0.075261,0.964609,6521.917969
18,0.012888,0.937362,6904.559570
19,0.249384,0.858610,7287.269043
20,0.494708,0.745556,7869.547852
21,0.540920,0.760234,8102.475098
22,0.545671,0.683082,8485.120117
23,0.349753,0.496685,9267.143555
24,0.331987,0.483002,9566.644531
25,0.298930,0.465072,9749.620117
26,0.316866,0.560244,10315.300781
27,0.320362,0.585441,10431.809570
28,0.280905,0.595909,10681.365234
29,0.253230,0.588108,10897.645508
30,0.254343,0.469662,11546.449219
31,0.179528,0.465405,11812.641602
32,0.140564,0.532281,11995.651367
33,0.091990,0.142206,12844.192383
34,0.966679,0.198621,13077.090820
35,0.910357,0.190551,13276.802734
36,0.895127,0.180309,13542.975586
37,0.048961,0.262797,13875.733398
38,0.035917,0.364741,14092.002930
39,0.984940,0.393736,14391.513672
40,0.980602,0.464724,14591.117188
41,0.943327,0.503044,15206.819336
42,0.880886,0.552323,15539.513672
43,0.824541,0.442246,15955.387695
44,0.813703,0.567476,16321.441406
45,0.797747,0.549273,16554.388672
46,0.733645,0.549718,16803.990234
47,0.692398,0.614152,17120.072266
48,0.668167,0.661690,17386.214844
49,0.705663,0.690552,17585.876953
50,0.612593,0.763415,18085.101562
51,0.609834,0.784842,18268.117188
52,0.630320,0.761176,18750.542969
53,0.574279,0.732288,18966.824219
54,0.548729,0.695441,19149.884766
55,0.488012,0.723032,19499.246094
56,0.491642,0.703373,19765.427734
57,0.513833,0.568113,19998.322266
58,0.581265,0.875928,20430.998047
59,0.724756,0.470232,21296.105469
60,0.767265,0.428471,21695.410156
61,0.847855,0.419466,21944.923828
62,0.864973,0.401190,22211.130859
63,0.964976,0.483058,22577.224609
64,0.957974,0.495977,22893.328125
65,0.054177,0.563055,23092.968750
66,0.046924,0.575346,23375.796875
67,0.017645,0.557732,23824.978516
68,0.157955,0.483292,24307.470703
69,0.176014,0.510371,24656.871094
0,0.761760,0.406784,116.425446
1,0.762015,0.472029,282.825775
2,0.797437,0.493652,465.869293
3,0.803245,0.490046,765.347534
4,0.787446,0.693961,1098.110107
5,0.804291,0.644976,1580.523682
6,0.667920,0.679434,1896.681519
7,0.651723,0.792428,2279.408203
8,0.702917,0.864700,2512.336670
9,0.721780,0.906779,2728.533936
10,0.776547,0.917096,3244.331299
11,0.195256,0.908487,4375.687500
12,0.222900,0.877235,4525.430664
13,0.219283,0.877372,4775.000488
14,0.270338,0.747681,5507.070312
15,0.259579,0.540286,8085.838379
16,0.250006,0.694090,8568.351562
17,0.233857,0.831061,8917.722656
18,0.705424,0.921598,10265.441406
19,0.750033,0.828874,10481.658203
20,0.739921,0.827999,10831.057617
21,0.653576,0.559034,11579.807617
22,0.653086,0.587877,11729.491211
23,0.706810,0.479838,12062.251953
24,0.599645,0.521798,12544.754883
25,0.677887,0.419610,12910.819336
26,0.692324,0.364693,13210.203125
27,0.757186,0.481544,13726.038086
28,0.843845,0.559640,14241.768555
29,0.888973,0.611214,14574.527344
30,0.884490,0.619726,14690.958984
31,0.899335,0.466773,14957.150391
32,0.987763,0.525843,15472.979492
33,0.029024,0.638104,15839.040039
34,0.075259,0.761854,16354.758789
35,0.106945,0.744102,16587.679688
36,0.095645,0.740842,16803.984375
37,0.228041,0.802395,17203.216797
38,0.245091,0.710093,17519.394531
39,0.270249,0.660659,17768.923828
40,0.212163,0.484324,18085.101562
41,0.150042,0.439751,18367.886719
42,0.153953,0.426596,18567.585938
43,0.118625,0.442308,18950.304688
44,0.074349,0.552683,19316.218750
45,0.061269,0.575463,19599.083984
46,0.144729,0.437634,20314.484375
47,0.191569,0.458553,20697.224609
48,0.187349,0.472873,20913.458984
49,0.207771,0.448550,21096.453125
50,0.204228,0.449301,21212.976562
51,0.108662,0.449239,21545.673828
52,0.062747,0.558318,21861.791016
53,0.062073,0.560957,21961.589844
54,0.096337,0.626823,22177.884766
55,0.094399,0.628105,22460.792969
56,0.057307,0.601904,22876.671875
57,0.074635,0.442742,23292.626953
58,0.072971,0.393810,23492.259766
59,0.145326,0.402046,23758.453125
60,0.217083,0.553467,23991.406250
61,0.217136,0.560718,24340.750000
62,0.202192,0.471612,24557.033203
63,0.297130,0.675772,24973.093750
0,0.768647,0.545070,382.660889
1,0.750508,0.547248,632.332581
2,0.689577,0.646623,948.361877
3,0.748683,0.506394,1314.380371
4,0.740285,0.524976,1630.503784
5,0.727184,0.503536,1963.206909
6,0.690346,0.511199,2395.815918
7,0.666119,0.524452,2728.597168
8,0.526749,0.592077,3360.835205
9,0.605630,0.766358,3810.031006
10,0.654263,0.739141,4225.974121
11,0.713729,0.714378,4508.778809
12,0.717121,0.692558,4974.737793
13,0.933557,0.557069,5623.573242
14,0.913325,0.509288,5889.626465
15,0.898785,0.534213,6222.402344
16,0.912105,0.527041,6605.175781
17,0.861901,0.446308,6871.238281
18,0.822926,0.399297,7170.773926
19,0.789681,0.401455,7503.567871
20,0.826904,0.225669,8285.493164
21,0.913795,0.159324,8668.119141
22,0.948233,0.167997,8817.833008
23,0.981687,0.157737,9050.943359
24,0.145621,0.626856,9916.041016
25,0.077767,0.615145,10132.248047
26,0.074043,0.601238,10398.467773
27,0.122752,0.721197,10648.099609
28,0.128253,0.711244,10930.795898
29,0.251294,0.680297,11363.406250
30,0.265385,0.589790,11613.150391
31,0.243854,0.517047,11812.714844
32,0.178457,0.588178,12577.951172
33,0.188579,0.594980,12727.721680
34,0.203557,0.574162,13093.820312
35,0.315094,0.533368,13726.030273
36,0.331398,0.491507,13925.608398
37,0.321257,0.420192,14308.297852
38,0.341389,0.431143,14574.422852
39,0.315826,0.432532,14940.505859
40,0.304828,0.430414,15190.129883
41,0.313971,0.523145,15522.899414
42,0.397842,0.571469,16038.615234
43,0.378767,0.597826,16388.041016
44,0.371298,0.601731,16587.576172
45,0.432701,0.640672,16787.234375
46,0.450690,0.695386,17020.285156
47,0.457253,0.601433,17402.794922
48,0.467311,0.534019,17619.267578
49,0.504270,0.592650,17935.287109
50,0.503247,0.580234,18035.062500
51,0.504791,0.579589,18301.312500
52,0.487863,0.571676,18683.919922
53,0.346029,0.467189,19349.414062
54,0.255354,0.482230,19831.943359
55,0.210299,0.492717,20231.300781
56,0.192919,0.503155,20630.503906
57,0.167537,0.488156,20963.289062
58,0.171976,0.473522,21162.853516
59,0.130683,0.480467,21612.134766
60,0.263609,0.671337,22127.835938
61,0.237273,0.488489,22643.728516
62,0.279059,0.476776,22909.826172
63,0.272380,0.480709,23076.253906
64,0.252702,0.469426,23442.189453
65,0.212808,0.483441,23775.064453
66,0.183521,0.483348,24057.802734
67,0.204466,0.510232,24473.861328
68,0.194416,0.545312,24723.314453
69,0.189722,0.539777,24989.609375
0,0.771914,0.542054,83.138664
1,0.876273,0.556233,781.925476
2,0.915138,0.577442,1048.133545
3,0.973699,0.505226,1863.404053
4,0.075614,0.563183,2429.037354
5,0.106757,0.584670,2645.309814
6,0.155380,0.521244,2994.815186
7,0.183679,0.530259,3210.989258
8,0.177290,0.547487,3527.165039
9,0.249834,0.523755,4092.772217
10,0.291765,0.574547,4591.914062
11,0.281163,0.719616,5124.344727
12,0.333023,0.747340,5323.968262
13,0.325370,0.564619,5723.284668
14,0.332437,0.518727,5889.629395
15,0.332827,0.508417,5989.465332
16,0.240277,0.515891,6255.727051
17,0.152554,0.503174,6804.726074
18,0.928889,0.537486,7586.666016
19,0.870347,0.590974,7786.334961
20,0.839402,0.635897,7985.973145
21,0.847425,0.643513,8119.068848
22,0.965973,0.733332,8651.457031
23,0.707453,0.694810,9533.271484
24,0.685989,0.679580,9683.076172
25,0.718587,0.708459,9932.582031
26,0.755129,0.581579,10431.734375
27,0.756826,0.529398,10614.736328
28,0.783689,0.492403,10864.299805
29,0.815742,0.421382,11047.324219
30,0.854749,0.433748,11446.635742
31,0.881252,0.499065,11762.729492
32,0.880666,0.506026,11879.166992
33,0.904871,0.547074,12228.632812
34,0.931886,0.557492,12461.591797
35,0.001164,0.548141,12827.504883
36,0.996968,0.512136,13210.246094
37,0.959492,0.528029,13443.105469
38,0.790042,0.643658,14058.717773
39,0.661744,0.590307,14574.449219
40,0.592002,0.570275,14940.515625
41,0.592328,0.577167,15040.323242
42,0.547881,0.548545,15323.205078
43,0.529213,0.676536,15772.449219
44,0.550340,0.720815,16204.950195
45,0.532218,0.656894,16354.670898
46,0.563763,0.710935,16604.298828
47,0.612979,0.761204,16937.013672
48,0.695932,0.715309,17918.615234
49,0.784788,0.612995,18201.517578
50,0.827342,0.650524,18567.546875
51,0.877768,0.802180,19083.291016
52,0.917048,0.696035,19532.460938
53,0.901082,0.654008,19782.072266
54,0.956484,0.624281,20114.765625
55,0.056245,0.601241,20480.794922
56,0.070193,0.595544,20630.582031
57,0.111513,0.604435,21063.146484
58,0.104021,0.604257,21162.992188
59,0.100275,0.595795,21296.091797
60,0.784230,0.416644,22527.263672
61,0.758007,0.488448,22677.070312
62,0.800133,0.409971,23092.935547
63,0.707830,0.504374,23475.625000
64,0.512836,0.523855,24141.068359
65,0.503662,0.684297,24673.566406
0,0.759597,0.525024,83.141136
1,0.764094,0.526124,316.147308
2,0.771718,0.586982,532.376587
3,0.859764,0.440847,1197.875854
4,0.909778,0.559583,1447.488525
5,0.927922,0.649656,1813.471436
6,0.922658,0.699549,1913.321655
7,0.798552,0.486814,2379.223389
8,0.767427,0.539598,2645.321777
9,0.796358,0.410401,2928.184570
10,0.799150,0.393678,3094.552979
11,0.648224,0.683130,3826.677734
12,0.652407,0.675630,3909.768799
13,0.501434,0.745140,4691.815918
14,0.610887,0.758889,4908.135742
15,0.597682,0.757868,5007.881836
16,0.631945,0.756506,5307.423340
17,0.630694,0.765102,5507.037109
18,0.624707,0.764592,5673.435059
19,0.589916,0.767633,5839.837891
20,0.579976,0.749432,6638.419434
21,0.590770,0.564489,7070.919922
22,0.617869,0.517805,7437.045898
23,0.616117,0.522487,7553.465820
24,0.608181,0.457641,7802.974609
25,0.374711,0.584028,9200.603516
26,0.376403,0.566398,9333.643555
27,0.333713,0.611071,9516.648438
28,0.301434,0.665200,9766.234375
29,0.296650,0.654025,9899.329102
30,0.248910,0.630252,10082.322266
31,0.248506,0.629856,10315.253906
32,0.219704,0.579272,10481.633789
33,0.228912,0.479527,10697.976562
34,0.308090,0.408180,10997.412109
35,0.301511,0.425638,11263.605469
36,0.107631,0.560705,11845.915039
37,0.086047,0.604484,12012.291016
38,0.136833,0.512081,12345.069336
39,0.239233,0.500808,12794.250977
40,0.266338,0.487074,13176.921875
41,0.355546,0.411115,13592.868164
42,0.397294,0.387627,13809.161133
43,0.425473,0.409040,14058.730469
44,0.487876,0.479657,14358.220703
45,0.531994,0.460544,14674.309570
46,0.566572,0.498709,14840.718750
47,0.556505,0.502855,15073.636719
48,0.625324,0.513763,15439.659180
49,0.647417,0.498444,15705.857422
50,0.719192,0.475776,15955.407227
51,0.777050,0.551453,16404.619141
52,0.815320,0.558861,16870.457031
53,0.813987,0.553940,17086.777344
54,0.845351,0.523067,17303.035156
55,0.857327,0.534460,17752.310547
56,0.895709,0.596326,17968.560547
57,0.891107,0.582599,18085.013672
58,0.888250,0.568452,18550.886719
59,0.924728,0.572080,18833.697266
60,0.950270,0.606935,19133.181641
61,0.909562,0.676141,19382.751953
62,0.898891,0.723127,19698.882812
63,0.851510,0.739535,20031.615234
64,0.778896,0.530268,20530.753906
65,0.788280,0.511546,20730.406250
66,0.769216,0.523876,21063.142578
67,0.817987,0.417283,21628.833984
68,0.846796,0.400450,21828.480469
69,0.865680,0.487987,22177.849609
70,0.911627,0.499518,22577.169922
71,0.039147,0.495353,23059.667969
72,0.080906,0.565646,23275.949219
73,0.104875,0.616163,23508.890625
74,0.130068,0.578815,23824.992188
75,0.175595,0.528629,24091.191406
76,0.244329,0.561288,24656.871094
77,0.239719,0.558876,24789.951172
0,0.761020,0.542575,366.140259
1,0.794502,0.583237,682.217102
2,0.771859,0.581074,948.394409
3,0.689329,0.556097,1430.888062
4,0.694253,0.555587,1746.994263
5,0.707470,0.687136,1946.746826
6,0.614018,0.690173,2312.824707
7,0.587106,0.579589,2545.656982
8,0.958068,0.577594,3527.280273
9,0.019338,0.543900,3776.817383
10,0.067745,0.592434,4026.376953
11,0.087502,0.602957,4375.780762
12,0.030737,0.557668,4625.421387
13,0.987160,0.588973,4958.094727
14,0.774963,0.444105,5773.407715
15,0.777994,0.419415,6006.312012
16,0.294844,0.536475,7553.537598
17,0.296743,0.538027,7670.022949
18,0.271020,0.647678,7886.331543
19,0.224089,0.562465,8185.798340
20,0.219668,0.524897,8451.985352
21,0.202303,0.622957,8684.886719
22,0.220136,0.701985,9084.190430
23,0.326752,0.766760,9317.128906
24,0.367054,0.777165,9566.681641
25,0.454285,0.615997,10065.815430
26,0.374439,0.543985,10365.300781
27,0.341633,0.461693,10731.334961
28,0.317116,0.450318,11130.625977
29,0.369192,0.555884,11513.288086
30,0.369212,0.534814,11646.378906
31,0.519838,0.590315,12411.708984
32,0.514952,0.587364,12544.811523
33,0.505769,0.566278,12677.913086
34,0.646200,0.547841,13543.100586
35,0.641217,0.547885,13642.893555
36,0.721324,0.631218,13992.289062
37,0.784217,0.583928,14308.395508
38,0.775163,0.588279,14807.517578
39,0.721478,0.672220,15289.995117
40,0.676891,0.728830,15522.945312
41,0.684227,0.739436,15705.944336
42,0.700554,0.735012,15888.962891
43,0.921917,0.640235,16621.027344
44,0.925271,0.586012,16870.595703
45,0.878417,0.584108,17103.539062
46,0.895299,0.508772,17386.349609
47,0.962737,0.495788,18268.134766
48,0.889956,0.375431,18517.720703
49,0.815939,0.398641,18850.457031
50,0.790697,0.398205,19033.470703
51,0.841312,0.439252,19416.154297
52,0.986539,0.241522,19998.472656
53,0.999017,0.226849,20264.664062
54,0.017741,0.243695,20447.708984
55,0.964787,0.270376,20863.640625
56,0.759157,0.533935,22544.009766
57,0.764763,0.578995,22743.656250
58,0.769495,0.608311,22943.308594
59,0.768499,0.566437,23142.972656
60,0.730098,0.516756,23875.023438
61,0.731391,0.506522,23991.470703
62,0.782144,0.511808,24224.392578
63,0.792055,0.488393,24507.240234
64,0.795487,0.466105,24956.443359
0,0.785413,0.522282,399.359131
1,0.829085,0.611255,632.260864
2,0.855479,0.643124,898.490662
3,0.774001,0.573160,1281.221069
4,0.717662,0.551031,1630.570801
5,0.682947,0.544564,2079.786865
6,0.612915,0.588559,2379.233398
7,0.597941,0.737350,2595.503174
8,0.562732,0.738173,2861.683838
9,0.520178,0.654439,3211.122070
10,0.502437,0.571938,3593.738770
11,0.504089,0.426948,3776.798340
12,0.506713,0.401422,3976.503906
13,0.423345,0.471011,4525.437500
14,0.390724,0.486365,4775.004395
15,0.344212,0.504179,5107.791016
16,0.317212,0.590857,5540.353516
17,0.315266,0.583006,5623.554199
18,0.327258,0.618911,5906.424316
19,0.262399,0.748190,6289.053711
20,0.209079,0.719626,6488.673828
21,0.213925,0.709328,6588.559570
22,0.167409,0.559814,6838.079590
23,0.139507,0.566402,7154.211914
24,0.084528,0.676598,7437.085938
25,0.086028,0.651371,7669.981445
26,0.079620,0.653245,7753.143555
27,0.075472,0.571979,7986.069336
28,0.092901,0.576255,8718.125977
29,0.123375,0.558243,9117.481445
30,0.150501,0.528357,9550.025391
31,0.161943,0.530446,10049.172852
32,0.227913,0.619478,10531.662109
33,0.263482,0.690721,10847.740234
34,0.274539,0.685118,11230.462891
35,0.313339,0.717046,11563.162109
36,0.338546,0.747489,11912.568359
37,0.311226,0.559583,12261.932617
38,0.335799,0.486585,12445.050781
39,0.350537,0.576531,12860.895508
40,0.399885,0.586313,13110.479492
41,0.415981,0.563398,13476.558594
42,0.455784,0.627126,13842.531250
43,0.455974,0.649208,14125.330078
44,0.517897,0.698159,14458.137695
45,0.533682,0.626197,14740.956055
46,0.540919,0.457438,15007.160156
47,0.536542,0.389212,15173.528320
48,0.580110,0.486491,15489.683594
49,0.609974,0.535096,15739.226562
50,0.604753,0.568768,16155.136719
51,0.621826,0.738194,16404.734375
52,0.650935,0.805029,16670.929688
53,0.725703,0.798124,17103.515625
54,0.746524,0.737081,17403.037109
55,0.749140,0.743516,17536.130859
56,0.795189,0.623370,17868.835938
57,0.805554,0.578624,18118.394531
58,0.911012,0.655667,18733.992188
59,0.930066,0.653801,19033.437500
60,0.929565,0.636779,19283.058594
61,0.860593,0.471645,19516.017578
62,0.813131,0.420718,19732.244141
63,0.824473,0.376548,19965.246094
64,0.859935,0.351536,20181.417969
65,0.861573,0.359920,20297.978516
66,0.789347,0.512200,20530.833984
67,0.754406,0.491646,21030.039062
68,0.736242,0.431381,21362.691406
69,0.711941,0.396364,21712.107422
70,0.693239,0.377104,22078.146484
71,0.729818,0.433685,22444.244141
72,0.713448,0.434421,22577.269531
73,0.594734,0.488311,22826.841797
74,0.561123,0.427859,23392.562500
75,0.522546,0.429659,23642.089844
76,0.520075,0.350813,24024.697266
77,0.459423,0.356933,24340.826172
78,0.390101,0.534028,24740.154297
0,0.696644,0.573280,399.282318
1,0.651965,0.575289,615.577271
2,0.643754,0.757828,1148.046143
3,0.576323,0.573596,1397.544800
4,0.585981,0.566041,1547.298096
5,0.600312,0.471555,1863.380005
6,0.724443,0.418285,2429.104492
7,0.808509,0.377829,2612.103027
8,0.796729,0.385390,2711.896240
9,0.691046,0.419294,3127.912842
10,0.718482,0.410793,3344.182373
11,0.792340,0.389316,3776.713135
12,0.806278,0.380989,4026.282715
13,0.839277,0.412247,4475.498047
14,0.844895,0.402060,4841.573242
15,0.819009,0.717816,5124.346680
16,0.870482,0.667396,5357.264648
17,0.912274,0.574966,5590.216309
18,0.913187,0.551296,5706.683594
19,0.915851,0.439445,5989.526367
20,0.979648,0.586754,6405.438477
21,0.016089,0.692767,6754.867188
22,0.019486,0.709820,6971.212402
23,0.053716,0.717481,7536.815430
24,0.080133,0.426156,8052.546875
25,0.149062,0.532769,8684.805664
26,0.062806,0.673744,9167.299805
27,0.084384,0.594350,9400.301758
28,0.189023,0.688014,10132.356445
29,0.203118,0.688498,10315.342773
30,0.202548,0.663817,10564.857422
31,0.208248,0.508648,10764.488281
32,0.240131,0.450646,10997.451172
33,0.233220,0.488494,11330.204102
34,0.261633,0.717137,11629.675781
35,0.251851,0.673963,11995.699219
36,0.313686,0.550206,12278.530273
37,0.328446,0.473462,12577.989258
38,0.297482,0.384330,12877.538086
39,0.312534,0.385490,13359.964844
40,0.414186,0.652975,13642.785156
41,0.377743,0.646478,13909.089844
42,0.306968,0.569563,14308.300781
43,0.346670,0.631345,14624.400391
44,0.314073,0.648421,14990.483398
45,0.401336,0.624173,15323.202148
46,0.458914,0.364274,15888.884766
47,0.531678,0.437206,16188.352539
48,0.541716,0.622070,16471.195312
49,0.478539,0.720278,16670.820312
50,0.388504,0.705497,16937.015625
51,0.246869,0.719752,17452.806641
52,0.189008,0.709364,17735.708984
53,0.198093,0.705673,17852.103516
54,0.144064,0.763782,18035.146484
55,0.071283,0.753272,18451.048828
56,0.985911,0.574944,19033.462891
57,0.935747,0.499832,19282.937500
58,0.823207,0.574314,19798.751953
59,0.735299,0.503550,20381.037109
60,0.737497,0.489705,20514.126953
61,0.673612,0.577418,20713.767578
62,0.651569,0.616361,21212.943359
63,0.458404,0.544189,22111.324219
64,0.462809,0.538315,22227.818359
65,0.399254,0.686625,22527.259766
66,0.471569,0.750927,22826.814453
67,0.470046,0.783138,23159.550781
68,0.562432,0.789858,23608.769531
69,0.626406,0.871280,23791.742188
70,0.664889,0.829628,24091.236328
71,0.668405,0.742918,24540.425781
72,0.705773,0.720241,24706.812500
0,0.741772,0.508809,349.370300
1,0.787410,0.555356,582.275024
2,0.579683,0.721311,1048.123413
3,0.527630,0.832398,1264.491943
4,0.690810,0.922956,1480.770508
5,0.025891,0.986726,1680.362427
6,0.962978,0.978508,1996.477417
7,0.919654,0.970783,2312.592773
8,0.408563,0.981527,2562.133057
9,0.051992,0.991795,3127.812256
10,0.984528,0.610994,4458.872559
11,0.035969,0.532717,5091.054688
12,0.058038,0.475865,5440.497070
13,0.067160,0.459920,5856.430176
14,0.077950,0.493167,6571.854004
15,0.104893,0.519212,6871.313477
16,0.158395,0.502211,7287.222168
17,0.782348,0.404663,8535.056641
18,0.792129,0.373597,8668.230469
19,0.854126,0.385533,9017.590820
20,0.857550,0.392928,9183.893555
21,0.773939,0.506379,9450.107422
22,0.739908,0.545968,9649.759766
23,0.785732,0.555222,9849.409180
24,0.564283,0.578233,10548.217773
25,0.533415,0.667965,10814.375000
26,0.448696,0.691159,11113.883789
27,0.414818,0.663113,11296.911133
28,0.382374,0.610805,11563.113281
29,0.365575,0.603958,11795.991211
30,0.342657,0.594401,11962.382812
31,0.312219,0.590339,12228.664062
32,0.278132,0.596781,12428.238281
33,0.239824,0.616239,12727.701172
34,0.217704,0.581566,12993.948242
35,0.273388,0.594487,13260.099609
36,0.293583,0.599618,13659.448242
37,0.303677,0.681935,13909.013672
38,0.246389,0.669404,14191.853516
39,0.227419,0.668247,14458.020508
40,0.234629,0.697401,14624.477539
41,0.288990,0.720872,14907.321289
42,0.297518,0.708748,15123.515625
43,0.324876,0.753766,15339.819336
44,0.318775,0.767821,15439.645508
45,0.308256,0.784692,15572.742188
46,0.208718,0.719631,15855.606445
47,0.381427,0.554891,16155.075195
48,0.332162,0.489579,16454.556641
49,0.317397,0.425065,17020.263672
50,0.292014,0.420213,17402.902344
51,0.313461,0.416063,17669.070312
52,0.347873,0.581310,18001.837891
53,0.318194,0.564721,18251.414062
54,0.361006,0.546009,18534.222656
55,0.327259,0.537716,18800.416016
56,0.321236,0.507075,19016.750000
57,0.521030,0.503473,19832.021484
58,0.543618,0.481794,20031.689453
59,0.559686,0.482396,20430.912109
60,0.701381,0.486066,21828.498047
61,0.846241,0.500850,22560.582031
62,0.953025,0.494799,23159.513672
63,0.972987,0.494642,23392.416016
64,0.962933,0.490793,23558.828125
65,0.983316,0.503369,23858.296875
66,0.031995,0.504473,24224.320312
0,0.776911,0.630226,332.845917
1,0.791354,0.639765,1131.480957
2,0.807714,0.398129,1763.725830
3,0.810305,0.380704,1846.784180
4,0.862998,0.431214,2129.698730
5,0.895600,0.580529,2578.859375
6,0.909600,0.647079,2778.540771
7,0.957343,0.637323,3061.343994
8,0.002711,0.607996,3294.323975
9,0.008294,0.608870,3410.768799
10,0.015967,0.593834,3577.191406
11,0.061056,0.643617,3943.196777
12,0.094609,0.670827,4209.367676
13,0.107189,0.680206,4558.723145
14,0.123120,0.597011,4791.689453
15,0.147352,0.762435,5141.044434
16,0.224901,0.691439,5423.916504
17,0.226737,0.698228,5557.012695
18,0.224873,0.637869,5889.735840
19,0.236663,0.541071,6388.952637
20,0.220262,0.499799,6638.460449
21,0.187429,0.594524,7054.395996
22,0.175804,0.594298,7603.397461
23,0.210700,0.578586,7836.388184
24,0.273669,0.613940,8318.902344
25,0.326788,0.526689,8518.469727
26,0.326980,0.537664,8718.155273
27,0.379664,0.589457,8934.472656
28,0.419314,0.658190,9283.852539
29,0.467202,0.719615,9550.073242
30,0.458546,0.712217,9683.125000
31,0.502116,0.685481,9882.743164
32,0.492860,0.676951,10082.425781
33,0.530446,0.753133,10298.726562
34,0.513072,0.730862,10614.915039
35,0.329041,0.539734,11113.933594
36,0.336978,0.537674,11396.796875
37,0.339751,0.541780,11563.216797
38,0.244757,0.754691,13027.342773
39,0.257817,0.742874,13143.714844
40,0.211659,0.707164,13409.973633
41,0.223043,0.694296,13809.272461
42,0.261411,0.698649,14158.624023
43,0.304040,0.740084,14691.055664
44,0.309805,0.743291,14857.460938
45,0.342673,0.737944,15007.127930
46,0.386459,0.748054,15273.322266
47,0.673868,0.913463,15905.616211
48,0.887499,0.884586,16437.966797
49,0.893742,0.894643,17552.671875
50,0.913499,0.861814,17918.794922
51,0.922681,0.865210,18135.041016
52,0.622016,0.803129,18867.058594
53,0.578426,0.687785,19166.548828
54,0.667860,0.748960,19715.603516
55,0.712547,0.787127,19898.595703
56,0.736432,0.844209,20397.757812
57,0.691607,0.730636,20730.486328
58,0.582517,0.642915,20930.103516
59,0.580300,0.653784,21079.925781
60,0.601174,0.669722,21229.605469
61,0.604219,0.704312,21429.310547
62,0.618467,0.754680,21695.501953
63,0.537676,0.618923,21928.449219
64,0.509223,0.579143,22361.052734
65,0.436272,0.629414,22726.974609
66,0.155645,0.563681,24424.054688
0,0.731402,0.584371,382.637177
1,0.688049,0.619707,732.060181
2,0.692573,0.592621,831.885803
3,0.733284,0.572223,1197.939941
4,0.774505,0.618817,1563.923462
5,0.766794,0.635984,1880.056396
6,0.826743,0.633284,2545.627197
7,0.866417,0.665494,2861.653564
8,0.887249,0.660837,3194.394287
9,0.898953,0.563111,3477.323730
10,0.901097,0.586896,3876.540527
11,0.918259,0.660702,4275.828613
12,0.999150,0.652157,4691.876465
13,0.050523,0.673200,5074.458496
14,0.084844,0.666498,5490.410645
15,0.051516,0.795859,6338.908691
16,0.035970,0.861911,6538.603027
17,0.023906,0.949466,6721.596680
18,0.209133,0.973666,6971.173340
19,0.542176,0.900984,7287.275391
20,0.540768,0.891500,7470.303223
21,0.558249,0.892744,7553.479492
22,0.607406,0.883289,7769.735352
23,0.599103,0.883229,7952.826172
24,0.626000,0.918416,8951.037109
25,0.048426,0.814819,9450.121094
26,0.064070,0.670584,9766.321289
27,0.124137,0.688958,10099.075195
28,0.132437,0.587942,10331.964844
29,0.131065,0.613009,10531.603516
30,0.110645,0.468743,10698.038086
31,0.237620,0.619110,11579.799805
32,0.266627,0.699135,11779.477539
33,0.317732,0.669799,12095.608398
34,0.311621,0.670622,12195.328125
35,0.363130,0.616530,12694.525391
36,0.352288,0.534126,13010.673828
37,0.339993,0.452016,13243.541016
38,0.368926,0.393659,13543.026367
39,0.289052,0.428020,13742.657227
40,0.286623,0.433554,14158.585938
41,0.264103,0.558449,14607.788086
42,0.267452,0.539936,14940.532227
43,0.225588,0.581606,15106.949219
44,0.205482,0.584151,15489.587891
45,0.207607,0.566099,15822.343750
46,0.156337,0.571377,16005.341797
47,0.152404,0.591530,16321.497070
48,0.092480,0.564954,16604.332031
49,0.033226,0.604646,16887.171875
50,0.980947,0.646973,17236.523438
51,0.671418,0.611762,18334.605469
52,0.525975,0.649048,18983.472656
53,0.500470,0.741285,19349.503906
54,0.455765,0.754015,19615.759766
55,0.422571,0.703426,19865.365234
56,0.486505,0.766053,20164.777344
57,0.559905,0.848467,20497.541016
58,0.558419,0.859044,20697.177734
59,0.526687,0.510610,21096.451172
60,0.527107,0.532694,21262.816406
61,0.523168,0.428272,21479.152344
62,0.553463,0.582937,21745.330078
63,0.606377,0.561079,21978.269531
64,0.597277,0.525407,22360.960938
65,0.638736,0.574046,22677.066406
66,0.675686,0.646632,23159.535156
67,0.685047,0.655510,23375.878906
68,0.675097,0.620351,23592.183594
69,0.704876,0.629172,24024.669922
70,0.741966,0.575955,24357.457031
71,0.763765,0.601351,24673.515625
0,0.739701,0.532048,299.573364
1,0.794211,0.440654,532.476013
2,0.778896,0.400560,898.562134
3,0.901968,0.598976,2029.840942
4,0.887054,0.598923,2229.443848
5,0.927488,0.526388,2628.794678
6,0.552166,0.665433,3909.861084
7,0.559879,0.648780,4026.344238
8,0.610516,0.588375,4259.224121
9,0.607849,0.582771,4375.771973
10,0.471636,0.616228,4775.083496
11,0.501906,0.595419,5174.378906
12,0.533496,0.466973,5623.509277
13,0.386393,0.842071,6455.461914
14,0.462544,0.887903,6705.014648
15,0.555192,0.846438,7503.558105
16,0.425051,0.918736,7736.508301
17,0.496812,0.499316,9233.911133
18,0.518992,0.662179,9549.990234
19,0.517791,0.669607,9633.195312
20,0.300903,0.447432,10847.751953
21,0.303115,0.453519,10947.626953
22,0.274990,0.427155,11130.620117
23,0.290672,0.475120,11480.057617
24,0.361771,0.492295,11779.463867
25,0.362352,0.496428,11862.658203
26,0.367459,0.474415,11995.709961
27,0.387944,0.575531,12311.824219
28,0.319593,0.427922,14058.805664
29,0.291318,0.392340,14424.827148
30,0.240230,0.453397,14824.163086
31,0.240680,0.466845,15007.148438
32,0.336481,0.347134,15373.205078
33,0.346211,0.320377,15622.742188
34,0.338238,0.309793,15705.893555
35,0.369969,0.414772,16105.304688
36,0.353636,0.412697,16404.666016
37,0.401617,0.560622,16754.076172
38,0.413061,0.665903,17186.734375
39,0.362673,0.640349,17436.244141
40,0.117614,0.626096,18234.880859
41,0.232468,0.655166,18767.216797
42,0.785838,0.655800,20580.835938
43,0.839336,0.691132,20980.060547
44,0.904285,0.728306,21429.287109
45,0.866594,0.654995,21845.214844
46,0.033367,0.537062,22577.216797
47,0.085384,0.632224,22993.207031
48,0.089273,0.522832,23509.003906
49,0.108931,0.399784,23891.638672
50,0.109628,0.389137,24008.144531
51,0.115972,0.536432,24340.859375
52,0.092939,0.675225,24673.607422
0,0.720841,0.545340,83.197357
1,0.732595,0.552375,249.618515
2,0.760707,0.556177,532.447754
3,0.911536,0.626928,1181.276855
4,0.845377,0.621055,1697.015259
5,0.993365,0.674300,2096.357422
6,0.682725,0.806683,2911.637695
7,0.624909,0.753606,3344.142334
8,0.648342,0.713043,3710.186279
9,0.592945,0.721146,3893.200684
10,0.558613,0.700844,4126.116699
11,0.556524,0.680148,4292.492676
12,0.604598,0.731461,4542.073730
13,0.632975,0.739309,4874.823730
14,0.562855,0.681820,5523.683594
15,0.516408,0.654137,5823.160156
16,0.566687,0.588774,6056.090820
17,0.600246,0.564154,6255.724609
18,0.637989,0.533909,6521.952148
19,0.642511,0.497051,6721.597656
20,0.739580,0.700703,7287.247070
21,0.866256,0.607044,7736.519531
22,0.884047,0.578049,7919.480469
23,0.873224,0.562050,8102.518066
24,0.789168,0.578092,8318.794922
25,0.824980,0.511455,8684.833984
26,0.766595,0.484713,9034.214844
27,0.833120,0.395082,9649.835938
28,0.793207,0.580860,9999.188477
29,0.751871,0.604383,10182.226562
30,0.393173,0.570253,11446.692383
31,0.356274,0.551979,11696.254883
32,0.322146,0.562131,11845.988281
33,0.288196,0.603475,12112.176758
34,0.227651,0.565082,12494.841797
35,0.227897,0.605384,12977.313477
36,0.243747,0.635698,13376.629883
37,0.277519,0.606133,13692.727539
38,0.301899,0.596244,13892.401367
39,0.124668,0.591935,14374.865234
40,0.096828,0.596293,14557.893555
41,0.090707,0.569433,14923.917969
42,0.068815,0.566320,15106.936523
43,0.066438,0.574675,15240.067383
44,0.081496,0.563758,15406.412109
45,0.049605,0.553977,15622.693359
46,0.037282,0.517943,15938.816406
47,0.030711,0.493579,16138.457031
48,0.028099,0.491046,16371.398438
49,0.163384,0.576153,16637.611328
50,0.263211,0.517380,17303.099609
51,0.124422,0.478769,17735.693359
52,0.178186,0.506770,18035.160156
53,0.338274,0.492390,18817.115234
54,0.357136,0.493718,19016.775391
55,0.373257,0.491014,19183.150391
56,0.326855,0.446527,19532.541016
57,0.315728,0.425672,19698.908203
58,0.338711,0.434054,20331.138672
59,0.457046,0.655654,20896.804688
60,0.475469,0.619359,21096.462891
61,0.499872,0.575052,21362.697266
62,0.543194,0.635375,21645.509766
63,0.574747,0.616202,21845.140625
64,0.633706,0.486963,22394.222656
65,0.748894,0.496171,23126.263672
66,0.768887,0.430252,23442.371094
67,0.790406,0.519934,23642.007812
68,0.817372,0.514461,23791.757812
69,0.803023,0.446705,24257.632812
70,0.873699,0.493075,24457.257812
71,0.858806,0.482522,24673.550781
0,0.739918,0.526457,-0.000597
1,0.738120,0.512280,116.432693
2,0.755646,0.537522,482.516205
3,0.709230,0.613769,865.208862
4,0.704584,0.706856,1364.247070
5,0.664403,0.758766,1613.869141
6,0.637997,0.809130,1913.280029
7,0.667277,0.879824,2146.271240
8,0.671225,0.967868,2495.594238
9,0.301238,0.983721,2761.860596
10,0.159862,0.920417,3077.912842
11,0.769291,0.857648,3760.149170
12,0.127583,0.986158,4126.103516
13,0.570399,0.922819,4908.088379
14,0.601094,0.820515,5423.840820
15,0.581151,0.733703,5690.043457
16,0.591405,0.661398,6089.382324
17,0.552946,0.692278,6721.586426
18,0.479225,0.660871,7187.501953
19,0.500243,0.560198,7486.884766
20,0.300633,0.577135,8318.816406
21,0.258491,0.599697,8618.281250
22,0.256100,0.600199,8784.645508
23,0.243397,0.624845,8917.743164
24,0.221816,0.623906,9200.600586
25,0.207614,0.589960,9549.955078
26,0.202817,0.578187,9832.793945
27,0.303385,0.498708,10132.297852
28,0.346389,0.489889,10415.143555
29,0.352305,0.469553,10648.077148
30,0.346990,0.484760,10814.432617
31,0.364998,0.434935,10964.167969
32,0.449458,0.227412,11446.644531
33,0.449335,0.159543,11613.072266
34,0.438980,0.155895,11912.497070
35,0.432776,0.245846,12228.632812
36,0.534527,0.172220,12677.852539
37,0.600936,0.155492,12977.318359
38,0.618722,0.153574,13260.135742
39,0.689458,0.158330,13659.455078
40,0.710872,0.167005,13909.041016
41,0.771133,0.199111,14225.150391
42,0.837704,0.240854,14458.036133
43,0.805440,0.401326,14923.892578
44,0.816452,0.473764,15373.155273
45,0.813827,0.486374,15489.665039
46,0.861104,0.490015,15739.125000
47,0.854964,0.501473,16005.335938
48,0.850799,0.545195,16221.651367
49,0.868215,0.584502,16454.595703
50,0.875167,0.584450,16604.365234
51,0.897392,0.521454,16887.140625
52,0.864987,0.516917,17236.650391
53,0.765747,0.557960,17469.531250
54,0.742852,0.547813,17719.095703
55,0.743393,0.522281,17935.337891
56,0.797968,0.499543,18251.437500
57,0.886941,0.526984,18584.191406
58,0.958998,0.520119,18900.283203
59,0.003035,0.513378,19282.990234
60,0.030326,0.526763,19615.806641
61,0.042317,0.575943,19865.257812
62,0.079654,0.594137,20414.371094
63,0.129436,0.632848,20813.701172
64,0.177714,0.633227,21079.833984
65,0.159765,0.616922,21379.343750
66,0.205099,0.695522,21628.863281
67,0.191562,0.718897,21861.777344
68,0.229652,0.745782,22261.087891
69,0.149778,0.814903,22627.144531
70,0.127240,0.872370,22910.037109
71,0.060585,0.850042,23292.654297
72,0.993437,0.865319,23525.544922
73,0.223648,0.683690,23791.730469
74,0.210668,0.603337,24157.751953
75,0.200126,0.596528,24390.722656
76,0.172369,0.602876,24640.277344
0,0.688576,0.680894,432.641998
1,0.768554,0.561661,798.675659
2,0.804503,0.574541,1281.109985
3,0.823614,0.744346,1746.956055
4,0.870516,0.787299,2362.548096
5,0.893520,0.776556,2828.429932
6,0.051536,0.686970,3593.855713
7,0.034790,0.620882,3793.442871
8,0.087440,0.641030,3993.065918
9,0.045265,0.692069,4558.759766
10,0.022750,0.548377,4824.907227
11,0.018696,0.515809,4974.739746
12,0.075287,0.484239,5191.055176
13,0.074305,0.470225,5290.770508
14,0.039083,0.472405,5490.452637
15,0.001294,0.576700,5773.243164
16,0.971979,0.602041,6172.579102
17,0.911564,0.606537,6372.201172
18,0.882780,0.553447,6655.095215
19,0.836795,0.424335,6888.075195
20,0.798178,0.413684,7503.602539
21,0.847209,0.396017,7803.057129
22,0.975293,0.096768,8252.266602
23,0.038824,0.047830,8485.245117
24,0.028336,0.244727,8784.675781
25,0.782729,0.362626,9483.434570
26,0.726515,0.466785,9816.209961
27,0.710723,0.504842,9965.995117
28,0.737595,0.527183,10448.402344
29,0.648848,0.524929,11263.667969
30,0.614372,0.527759,11513.276367
31,0.645143,0.577370,12078.916016
32,0.631186,0.738911,12395.075195
33,0.717309,0.807026,12794.338867
34,0.609149,0.725986,13260.223633
35,0.618981,0.774047,13559.635742
36,0.520231,0.727271,13842.521484
37,0.521528,0.744642,14025.500000
38,0.539250,0.695969,14191.926758
39,0.565597,0.564041,14491.349609
40,0.565588,0.577131,14641.144531
41,0.614866,0.548767,14923.995117
42,0.618351,0.499074,15273.429688
43,0.585470,0.565102,15755.838867
44,0.548307,0.549013,16038.643555
45,0.551307,0.575897,16205.089844
46,0.550554,0.638009,16687.525391
47,0.557458,0.629475,16953.718750
48,0.515864,0.604631,17319.746094
49,0.569608,0.694778,17635.912109
50,0.489144,0.740786,18068.437500
51,0.482511,0.754856,18201.585938
52,0.447565,0.666185,18401.279297
53,0.448526,0.681478,18550.968750
54,0.446703,0.643454,18867.130859
55,0.500209,0.582959,19066.750000
56,0.508396,0.504403,19316.296875
57,0.481631,0.529941,19698.970703
58,0.454814,0.569734,19998.398438
59,0.408536,0.583214,20497.595703
60,0.401385,0.561153,20680.648438
61,0.399135,0.550801,20797.007812
62,0.401916,0.592710,21063.208984
63,0.374002,0.604653,21412.623047
64,0.347824,0.622102,21878.431641
65,0.346436,0.490654,22078.115234
66,0.309584,0.622355,22843.453125
67,0.288099,0.630218,23109.667969
68,0.266273,0.633135,23375.828125
69,0.249991,0.667458,23642.037109
70,0.253676,0.664663,23875.025391
71,0.311359,0.671285,24241.013672
72,0.328997,0.606276,24507.191406
0,0.749938,0.536311,382.782257
1,0.816862,0.398080,1380.953247
2,0.781881,0.474307,1580.636353
3,0.639294,0.742796,2345.942139
4,0.520526,0.556814,2845.043457
5,0.515375,0.671180,3127.906494
6,0.087865,0.644627,4658.539551
7,0.158497,0.479597,5307.434082
8,0.239665,0.592671,6438.788086
9,0.932564,0.935179,7204.133301
10,0.949522,0.914054,7936.168945
11,0.915225,0.919326,8036.020996
12,0.366721,0.815731,8817.983398
13,0.396541,0.798691,9000.988281
14,0.325178,0.485853,9400.361328
15,0.363961,0.452066,10032.489258
16,0.226968,0.488365,10381.895508
17,0.253901,0.544615,10598.218750
18,0.228167,0.611757,10881.083984
19,0.343631,0.402517,11679.682617
20,0.568775,0.543644,12744.476562
21,0.540460,0.726713,12994.022461
22,0.585822,0.786403,13310.144531
23,0.299313,0.490480,14691.063477
24,0.069692,0.490200,15472.989258
25,0.015514,0.541557,15705.935547
26,0.082565,0.652066,16221.719727
27,0.914789,0.612388,17020.324219
28,0.885339,0.519636,17303.115234
29,0.858879,0.485002,17552.691406
30,0.920187,0.440120,17652.552734
31,0.923739,0.323804,17818.876953
32,0.186255,0.064795,18733.994141
33,0.080920,0.085717,19216.525391
34,0.371838,0.112052,20031.736328
35,0.252533,0.552446,20846.939453
36,0.330986,0.484016,21296.152344
37,0.323054,0.451589,21562.341797
38,0.368478,0.529244,22094.859375
39,0.340197,0.554741,22510.687500
40,0.324997,0.520624,23009.849609
41,0.337854,0.628578,23342.662109
42,0.299272,0.633233,23558.933594
43,0.294868,0.635647,23675.326172
44,0.308682,0.683112,23908.250000
45,0.221983,0.538133,24374.144531
46,0.183550,0.574582,24989.716797
0,0.753954,0.538549,499.108185
1,0.710880,0.580173,798.611938
2,0.705686,0.595523,964.973572
3,0.562889,0.588261,1713.670532
4,0.822100,0.378959,2894.962402
5,0.827536,0.379128,3161.178223
6,0.864567,0.417711,3327.472900
7,0.909119,0.595985,3710.226074
8,0.985162,0.584134,4142.750977
9,0.017720,0.554656,4442.258301
10,0.082167,0.633342,4741.672363
11,0.106620,0.631236,5074.420410
12,0.068800,0.574702,5357.357910
13,0.166879,0.557289,5623.471680
14,0.239847,0.514890,6488.622559
15,0.042673,0.459791,7137.558594
16,0.006315,0.474622,7287.236816
17,0.979507,0.498968,7553.474121
18,0.642407,0.507270,8901.063477
19,0.439837,0.601243,9782.870117
20,0.707926,0.921696,10631.484375
21,0.709560,0.799218,11147.187500
22,0.775492,0.766052,11363.551758
23,0.794230,0.802538,11712.823242
24,0.824322,0.778353,11829.375977
25,0.859431,0.185599,12944.055664
26,0.819829,0.164394,13093.767578
27,0.777787,0.083754,13376.671875
28,0.778837,0.110192,13609.592773
29,0.645521,0.287183,14807.426758
30,0.599350,0.281126,15040.441406
31,0.049551,0.531590,16388.054688
32,0.134379,0.491909,16820.556641
33,0.181633,0.487297,17120.097656
34,0.244049,0.486704,17486.074219
35,0.288690,0.481415,18018.515625
36,0.246678,0.455673,18268.074219
37,0.178178,0.448803,18451.048828
38,0.088232,0.444340,18933.570312
39,0.782308,0.369517,20098.169922
40,0.268180,0.484624,21529.050781
41,0.221631,0.464350,21778.601562
42,0.864916,0.458507,22959.898438
43,0.813327,0.465225,23142.875000
44,0.819181,0.475198,23242.750000
45,0.792388,0.410349,23492.257812
46,0.779832,0.462131,23891.605469
47,0.936145,0.534670,24274.232422
0,0.786400,0.447405,16.759695
1,0.931773,0.629079,1064.954834
2,0.972421,0.598272,1347.732788
3,0.929131,0.584715,1647.163574
4,0.900526,0.539702,2013.202148
5,0.902156,0.545378,2196.211670
6,0.867893,0.619763,2495.707275
7,0.871370,0.629031,2628.798096
8,0.902341,0.637593,2828.454590
9,0.919070,0.637582,3111.266113
10,0.917957,0.652175,3327.571777
11,0.928775,0.657471,3527.227051
12,0.937205,0.635232,3760.150391
13,0.932324,0.599898,4026.346436
14,0.924272,0.587150,4325.827637
15,0.078080,0.667326,4941.405273
16,0.096433,0.690193,5107.802246
17,0.132868,0.675043,5390.638672
18,0.139138,0.694266,5723.387207
19,0.155189,0.658887,6006.237793
20,0.169790,0.597586,6189.243164
21,0.185208,0.618966,6505.334473
22,0.241485,0.649546,6788.225586
23,0.274302,0.646534,7137.565918
24,0.290405,0.676968,7320.588867
25,0.188046,0.506601,7936.205566
26,0.156977,0.497011,8102.565430
27,0.052387,0.553846,8468.575195
28,0.020424,0.574903,8784.707031
29,0.029630,0.583590,8867.881836
30,0.026049,0.596094,9084.191406
31,0.902044,0.579585,9383.646484
32,0.869984,0.577425,9599.971680
33,0.765061,0.537676,11147.223633
34,0.785887,0.557375,11396.822266
35,0.706314,0.567832,11979.114258
36,0.747422,0.543597,12178.771484
37,0.779759,0.524935,12361.766602
38,0.769616,0.588901,12810.990234
39,0.702379,0.620701,13409.948242
40,0.706312,0.606062,13576.322266
41,0.754957,0.444842,14275.096680
42,0.809437,0.392971,14691.032227
43,0.813034,0.387418,15023.799805
44,0.860910,0.413833,15256.723633
45,0.855755,0.490728,15622.740234
46,0.910733,0.553017,15955.520508
47,0.915220,0.562090,16188.497070
48,0.973905,0.540961,16521.189453
49,0.969539,0.537971,16820.654297
50,0.939563,0.467763,17003.671875
51,0.921840,0.425885,17203.347656
52,0.917168,0.370708,17602.666016
53,0.855161,0.342453,17852.212891
54,0.761170,0.437650,18301.408203
55,0.765514,0.462994,18451.179688
56,0.805135,0.427818,18700.708984
57,0.811372,0.410315,18916.996094
58,0.854959,0.415720,19765.503906
59,0.852552,0.443997,20597.386719
60,0.871329,0.605110,20963.419922
61,0.900900,0.602699,21445.900391
62,0.892857,0.589125,21795.310547
63,0.938786,0.591060,22161.353516
64,0.902143,0.561037,22377.617188
65,0.913262,0.530755,22627.171875
66,0.908643,0.588727,23043.121094
0,0.741683,0.335456,33.185158
1,0.770010,0.532960,365.948883
2,0.701741,0.766785,815.153809
3,0.746276,0.849233,1048.070190
4,0.760023,0.882548,1214.476807
5,0.733156,0.662023,2728.469238
6,0.925128,0.615733,3327.431396
7,0.886825,0.462508,3610.338623
8,0.820584,0.411362,3843.181885
9,0.790721,0.397543,4009.652100
10,0.794018,0.471029,4325.738281
11,0.755147,0.562756,4558.615234
12,0.619014,0.539824,5323.949707
13,0.641224,0.552782,5573.566406
14,0.650556,0.652921,5856.328125
15,0.645459,0.667471,6105.956543
16,0.825657,0.389046,6804.729004
17,0.178259,0.653936,8352.023438
18,0.176997,0.582531,8718.108398
19,0.247383,0.569315,9483.322266
20,0.167088,0.529542,9916.000977
21,0.049287,0.536921,10365.144531
22,0.053190,0.535053,10548.189453
23,0.972847,0.560330,10930.859375
24,0.796148,0.445433,12228.546875
25,0.776628,0.388377,12428.173828
26,0.641456,0.550290,13060.447266
27,0.697382,0.677134,13393.199219
28,0.521707,0.603515,13975.521484
29,0.513785,0.576986,14358.275391
30,0.530442,0.500974,14624.458008
31,0.500622,0.446816,14807.381836
32,0.368668,0.558583,15406.336914
33,0.370949,0.590318,15689.230469
34,0.430911,0.608887,16121.724609
35,0.423990,0.606126,16404.666016
36,0.289718,0.535299,16720.720703
37,0.277413,0.530339,16936.970703
38,0.247594,0.588146,17120.025391
39,0.250505,0.393409,17519.326172
40,0.341721,0.511624,17768.900391
41,0.327900,0.451298,19282.919922
42,0.139735,0.501782,19848.593750
43,0.117413,0.607015,20081.480469
44,0.090289,0.661192,20347.710938
45,0.085066,0.475492,20680.474609
46,0.008423,0.569128,21162.927734
47,0.982511,0.618724,21528.960938
48,0.985377,0.605061,21761.865234
49,0.005204,0.544637,21944.927734
50,0.055594,0.588018,22227.771484
51,0.608837,0.767667,24989.574219
0,0.737937,0.528156,365.980530
1,0.751123,0.565193,532.339233
2,0.669311,0.753791,898.316589
3,0.663302,0.802466,1114.745239
4,0.597696,0.686952,1563.793701
5,0.527479,0.736470,1746.972534
6,0.543213,0.500245,2013.086792
7,0.558524,0.440614,2229.472656
8,0.584136,0.358905,2445.733398
9,0.645756,0.241568,2844.939209
10,0.651954,0.276094,3094.511719
11,0.685597,0.381158,3377.427002
12,0.747503,0.274002,3643.509033
13,0.837224,0.396718,4192.614258
14,0.768806,0.634565,4542.040039
15,0.754014,0.676008,4874.791504
16,0.747383,0.560229,5157.598633
17,0.839101,0.680856,5490.344727
18,0.860670,0.688614,5606.755859
19,0.886385,0.637564,5956.237305
20,0.912607,0.609239,6222.365723
21,0.904652,0.480211,6671.571777
22,0.911221,0.501558,7054.248047
23,0.923161,0.510354,7303.812012
24,0.976949,0.570366,7703.100586
25,0.999166,0.558927,7936.085449
26,0.906835,0.519699,8268.791016
27,0.888982,0.527491,8618.225586
28,0.867429,0.513576,8834.516602
29,0.824044,0.614279,9300.332031
30,0.799673,0.493055,9483.322266
31,0.806202,0.483178,9782.800781
32,0.801889,0.485601,10015.896484
33,0.801737,0.478799,10331.890625
34,0.787235,0.295993,10880.869141
35,0.793167,0.287756,11213.634766
36,0.841391,0.308140,11463.294922
37,0.843286,0.314439,11812.627930
38,0.838954,0.302943,11945.725586
39,0.913536,0.365342,12311.772461
40,0.003248,0.462749,12760.962891
41,0.015247,0.474164,12877.391602
42,0.006286,0.477776,13027.081055
43,0.000201,0.475657,13260.133789
44,0.041435,0.606454,13509.652344
45,0.072374,0.681085,13825.713867
46,0.097037,0.724551,14025.368164
47,0.167043,0.538031,14457.963867
48,0.168818,0.546470,14724.228516
49,0.190383,0.531200,15156.690430
50,0.228861,0.528565,15572.659180
51,0.252758,0.680623,15739.034180
52,0.142007,0.724782,20281.072266
53,0.069713,0.703142,20513.982422
54,0.081579,0.458683,20780.218750
55,0.043006,0.526555,21096.312500
56,0.087255,0.645449,21562.199219
57,0.087048,0.654891,21745.173828
58,0.995083,0.515653,23009.656250
59,0.978035,0.533122,23225.939453
60,0.952594,0.524914,23791.673828
61,0.913564,0.578405,24190.914062
