Idx, longitude, latitude, start timestamp
0,0.740502,0.495704,299.496033
1,0.722012,0.515387,515.836243
2,0.689477,0.498585,765.324097
3,0.652833,0.485268,1031.549927
4,0.640104,0.498731,1264.452271
5,0.600901,0.490282,1597.166504
6,0.521476,0.473139,1830.146606
7,0.486422,0.475247,2063.082031
8,0.415719,0.494482,2379.151611
9,0.420655,0.497879,2562.151855
10,0.415008,0.493943,2662.099854
11,0.418746,0.501529,2861.643555
12,0.423941,0.508685,2994.780518
13,0.382238,0.584130,3261.033691
14,0.387474,0.577803,3543.743164
15,0.384551,0.576444,3710.098633
16,0.381668,0.508765,4126.149902
17,0.330556,0.485524,4342.451172
18,0.288678,0.473202,4608.604492
19,0.244035,0.478861,4824.826660
20,0.265314,0.569240,5340.578125
21,0.256683,0.558539,5506.940430
22,0.185976,0.501521,6122.569824
23,0.186304,0.496253,6272.412598
24,0.187272,0.503002,6704.913574
25,0.206902,0.573570,7054.283691
26,0.405787,0.636739,7986.017578
27,0.404710,0.598597,8169.014160
28,0.087170,0.577968,13592.837891
29,0.107717,0.560566,14108.760742
30,0.116317,0.551177,14557.805664
31,0.119618,0.538900,15040.256836
32,0.119750,0.526484,15556.139648
33,0.158525,0.455291,16288.122070
34,0.165067,0.448801,16421.242188
35,0.184367,0.446847,16637.513672
36,0.190420,0.456418,16887.144531
37,0.190111,0.464709,17120.015625
38,0.216216,0.566107,17602.468750
39,0.214722,0.574648,17735.630859
40,0.215314,0.599303,17852.162109
41,0.047617,0.445559,18534.216797
42,0.062012,0.450829,18966.855469
43,0.064935,0.447033,19216.310547
44,0.054144,0.464165,19931.832031
45,0.053032,0.460204,20231.195312
46,0.052319,0.445478,20447.542969
47,0.809147,0.463560,23142.798828
48,0.847485,0.507740,23525.490234
0,0.758622,0.506397,83.096062
1,0.761013,0.538773,299.330536
2,0.806125,0.570822,582.196228
3,0.782850,0.435172,998.236389
4,0.829620,0.426309,1264.442505
5,0.928023,0.488697,1846.752563
6,0.963534,0.447422,2046.302612
7,0.914900,0.506157,2329.162842
8,0.970709,0.447039,2578.830078
9,0.995407,0.464503,2828.345703
10,0.002699,0.464637,3011.280273
11,0.112483,0.585355,3943.052490
12,0.104055,0.570354,4126.112305
13,0.097115,0.567887,4425.500977
14,0.128076,0.570129,4658.539062
15,0.215949,0.517611,5590.171875
16,0.214235,0.518346,6089.241211
17,0.422624,0.474183,9050.811523
18,0.428364,0.481080,9183.797852
19,0.392639,0.543816,9350.221680
20,0.385642,0.547215,9566.581055
21,0.401071,0.548896,9915.905273
22,0.441220,0.483126,10698.006836
23,0.450376,0.492687,11014.065430
24,0.433882,0.642830,11346.845703
25,0.436862,0.671501,11513.183594
26,0.422759,0.744253,11928.994141
27,0.403362,0.774074,12478.182617
28,0.510825,0.525306,12977.238281
29,0.430411,0.466479,13293.418945
30,0.392132,0.544165,13559.503906
31,0.393729,0.555185,13775.890625
32,0.404172,0.582567,14042.119141
33,0.691359,0.504839,15339.708984
34,0.770434,0.542698,15822.194336
35,0.796042,0.562483,15955.284180
36,0.802435,0.577474,16204.914062
37,0.801974,0.590805,16437.783203
38,0.741361,0.529349,17402.767578
39,0.761703,0.536951,17669.080078
40,0.804189,0.580085,18184.753906
41,0.798419,0.576409,18334.541016
42,0.841847,0.476510,19199.664062
43,0.840866,0.433594,19349.392578
44,0.826346,0.488473,19731.974609
45,0.806984,0.435645,20148.054688
46,0.765421,0.184781,20846.826172
47,0.650973,0.482368,22077.955078
48,0.675115,0.501444,22277.556641
49,0.603761,0.685467,22959.722656
50,0.623324,0.629323,23625.335938
51,0.681634,0.702217,23841.621094
52,0.651424,0.726350,24057.837891
53,0.678412,0.741557,24274.142578
54,0.686161,0.513188,24706.695312
0,0.692337,0.536337,515.712463
1,0.661128,0.498659,732.090515
2,0.651656,0.477783,881.738220
3,0.604825,0.658052,1347.729370
4,0.604758,0.706733,1514.046143
5,0.604100,0.731433,1713.702515
6,0.486241,0.470362,2462.421387
7,0.484579,0.467525,2645.404541
8,0.431829,0.479417,2928.120117
9,0.414457,0.451102,3809.983643
10,0.391296,0.429859,4042.847900
11,0.375314,0.588783,4758.303711
12,0.267007,0.542622,5706.725098
13,0.256785,0.554150,5939.588867
14,0.240170,0.564539,6155.780762
15,0.248613,0.456906,6954.455078
16,0.174619,0.451774,7370.406738
17,0.171314,0.462785,7569.982422
18,0.150099,0.448296,7836.214844
19,0.128458,0.441393,8069.126953
20,0.111735,0.419276,8268.716797
21,0.062981,0.578407,9183.832031
22,0.073698,0.391031,9932.581055
23,0.180465,0.484858,10381.647461
24,0.222138,0.511053,10614.685547
25,0.273534,0.626174,11962.242188
26,0.474548,0.550284,12877.320312
27,0.505167,0.543258,13160.253906
28,0.686479,0.540241,14075.170898
29,0.568229,0.553582,15223.176758
30,0.491504,0.629246,16371.110352
31,0.466484,0.543815,16770.427734
32,0.398462,0.645871,17236.316406
33,0.368924,0.640530,17702.191406
34,0.138577,0.514243,19083.048828
35,0.123290,0.497095,19316.023438
36,0.123293,0.565500,19632.001953
37,0.286557,0.636810,20231.019531
38,0.316275,0.636936,20746.767578
39,0.406771,0.653365,21162.669922
40,0.625725,0.668838,22992.738281
41,0.611466,0.739004,23242.388672
42,0.654670,0.738434,23691.595703
43,0.685064,0.704808,23907.906250
44,0.718863,0.499543,24606.578125
45,0.671430,0.499399,24939.349609
0,0.756170,0.414653,432.572418
1,0.799450,0.494536,881.793396
2,0.761177,0.556557,1713.669434
3,0.849249,0.651799,1913.346680
4,0.902546,0.530663,2612.074951
5,0.923122,0.523739,2878.284424
6,0.000279,0.440563,3277.564697
7,0.976930,0.394751,3394.095947
8,0.135887,0.626772,4309.183105
9,0.106562,0.622139,4558.625000
10,0.202526,0.450339,5057.744629
11,0.228958,0.462805,5274.236816
12,0.245343,0.444663,5640.138184
13,0.091115,0.467241,8102.470703
14,0.107657,0.437389,8335.508789
15,0.106630,0.434687,8535.085938
16,0.108655,0.463185,8834.624023
17,0.119948,0.460762,9034.200195
18,0.097168,0.459526,9516.713867
19,0.255498,0.510669,10764.584961
20,0.258945,0.505901,10947.586914
21,0.257533,0.502371,11197.039062
22,0.286655,0.395377,11479.968750
23,0.344434,0.390002,11962.458008
24,0.877019,0.447079,15090.229492
25,0.410469,0.458671,17269.886719
26,0.405905,0.444472,17452.859375
27,0.384485,0.394253,18434.464844
28,0.393513,0.397868,19432.734375
29,0.564279,0.403391,20697.212891
30,0.588292,0.407664,21246.187500
31,0.328458,0.397532,22211.144531
0,0.740920,0.492772,382.540985
1,0.606550,0.497890,948.145569
2,0.550406,0.472702,1164.558960
3,0.599423,0.474044,1480.647217
4,0.676260,0.493748,1846.648682
5,0.674491,0.477966,2129.497803
6,0.633186,0.622625,2628.633789
7,0.780623,0.522975,3327.372559
8,0.769747,0.516595,3477.174561
9,0.589807,0.643372,4125.986328
10,0.604027,0.624412,4458.773438
11,0.762078,0.490439,5224.101562
12,0.861558,0.423808,5989.387695
13,0.904012,0.430877,6272.262695
14,0.003536,0.433948,6937.773926
15,0.107856,0.454987,7486.829102
16,0.155917,0.478708,7719.775391
17,0.101031,0.590172,7969.267578
18,0.106029,0.562927,8285.422852
19,0.086298,0.550082,8451.816406
20,0.127961,0.547563,9017.527344
21,0.112053,0.550497,9566.478516
22,0.204181,0.499525,11130.484375
23,0.265656,0.573109,11829.186523
24,0.259664,0.558277,12195.212891
25,0.254097,0.547180,12361.536133
26,0.258222,0.550568,12611.174805
27,0.188032,0.500709,13343.133789
28,0.798465,0.564336,18450.908203
29,0.618203,0.615639,19964.880859
0,0.738807,0.516526,332.787018
1,0.659946,0.480533,915.163574
2,0.611518,0.594723,1530.617676
3,0.598891,0.659026,1913.389282
4,0.594448,0.686304,2079.724854
5,0.569308,0.718725,2362.572510
6,0.453427,0.782619,2811.724121
7,0.408701,0.509293,3394.164551
8,0.409523,0.515963,3610.376221
9,0.386442,0.594842,3876.657471
10,0.384496,0.579179,4142.708496
11,0.380372,0.568804,4259.254883
12,0.393429,0.565016,4675.287598
13,0.407571,0.561618,5373.942383
14,0.397536,0.565946,5739.955078
15,0.428596,0.484550,6022.824707
16,0.411384,0.479670,6189.225586
17,0.505150,0.496661,6488.736816
18,0.522737,0.493029,6788.180176
19,0.559727,0.499285,7004.385742
20,0.592573,0.502411,7220.731445
21,0.634854,0.500968,7403.769043
22,0.646960,0.494646,7620.117188
23,0.681361,0.502191,7902.989746
24,0.685552,0.500850,8119.125000
25,0.692326,0.496117,8285.527344
26,0.713182,0.503703,8485.150391
27,0.693010,0.510354,8784.621094
28,0.744439,0.510655,9849.497070
29,0.089791,0.468629,12145.463867
30,0.086545,0.600093,13010.546875
31,0.108715,0.579769,13260.208984
32,0.113940,0.573743,13509.643555
33,0.119398,0.568061,13975.572266
34,0.110635,0.569538,14724.272461
35,0.116486,0.564772,14973.738281
36,0.203262,0.519572,15705.853516
37,0.206921,0.753058,16487.845703
38,0.203435,0.736051,16737.419922
39,0.201905,0.738691,16986.960938
40,0.270986,0.607375,17236.490234
41,0.278177,0.565318,17436.216797
42,0.265012,0.578661,17918.755859
43,0.217045,0.522105,18950.199219
44,0.203055,0.499087,19432.705078
45,0.174694,0.485833,19865.351562
46,0.216535,0.493275,20414.326172
47,0.032651,0.506074,21612.123047
48,0.093235,0.397644,22394.113281
0,0.736984,0.529505,349.519226
1,0.662006,0.531160,682.202393
2,0.628294,0.658729,1314.407471
3,0.600821,0.723501,1530.689819
4,0.901456,0.454919,2745.208496
5,0.018304,0.459291,3194.390625
6,0.897665,0.473277,3477.283447
7,0.076984,0.482767,3943.236328
8,0.119305,0.509166,4275.916504
9,0.136402,0.532359,4525.363770
10,0.205995,0.533762,4758.473145
11,0.216477,0.526927,4958.105957
12,0.210956,0.523514,5091.176758
13,0.278568,0.586769,5557.012207
14,0.224912,0.509432,5906.375488
15,0.192023,0.497629,6288.956543
16,0.142207,0.464232,6521.998047
17,0.077898,0.427109,6754.860352
18,0.069748,0.419453,6937.866211
19,0.274802,0.563155,7487.011230
20,0.313537,0.557390,7653.342285
21,0.311918,0.547098,7919.433594
22,0.270363,0.583726,8218.938477
23,0.163713,0.553912,8435.179688
24,0.902033,0.466590,9500.080078
25,0.906696,0.453871,9616.576172
26,0.917196,0.420015,9782.995117
27,0.865526,0.455830,9982.535156
28,0.867825,0.436245,10215.536133
29,0.710789,0.520695,10797.833008
30,0.665934,0.554591,11396.764648
31,0.662236,0.551204,11596.442383
32,0.755611,0.519324,11912.573242
33,0.750921,0.536717,12045.633789
34,0.521812,0.547093,13044.000977
35,0.428968,0.583431,13725.991211
36,0.426794,0.612038,13975.732422
37,0.415268,0.655266,14108.645508
38,0.438186,0.600752,14358.271484
39,0.430601,0.569104,14508.055664
40,0.484345,0.518905,14757.547852
41,0.844957,0.466620,15938.835938
42,0.824863,0.435805,16121.916016
43,0.850693,0.424215,16404.757812
44,0.905292,0.459302,16654.207031
45,0.926084,0.443512,16887.207031
46,0.922396,0.472387,17103.566406
47,0.917835,0.478551,17219.935547
48,0.940952,0.437219,17419.554688
49,0.939968,0.420462,17619.226562
50,0.870369,0.443314,17835.476562
51,0.852744,0.458030,18001.970703
52,0.823697,0.475998,18168.316406
53,0.914550,0.486263,18451.105469
54,0.023786,0.471678,18717.333984
55,0.020171,0.475795,18817.074219
56,0.048474,0.462863,19000.265625
57,0.076695,0.506229,19216.468750
58,0.080382,0.481352,19499.273438
59,0.093857,0.453072,19732.222656
60,0.118114,0.430419,19981.779297
61,0.115301,0.412199,20214.775391
62,0.112967,0.396275,20347.849609
63,0.104031,0.397919,20680.564453
64,0.134840,0.430053,21063.132812
65,0.100124,0.455712,21296.126953
66,0.103565,0.514559,21595.671875
67,0.116477,0.559361,21845.123047
68,0.179147,0.464624,22294.435547
69,0.214794,0.477191,22544.074219
70,0.211746,0.484788,22793.517578
71,0.209626,0.487055,23026.519531
72,0.959918,0.541369,24024.755859
73,0.915521,0.473047,24939.771484
0,0.813152,0.688858,149.794479
1,0.715281,0.650253,648.902649
2,0.495706,0.537059,1580.548950
3,0.502555,0.516954,1730.334717
4,0.872651,0.499015,2728.583740
5,0.823946,0.459511,3177.679932
6,0.703117,0.209101,3660.201416
7,0.674379,0.201468,3909.819336
8,0.700039,0.225755,4575.286133
9,0.829283,0.535022,4891.507324
10,0.848496,0.568294,5041.183105
11,0.854832,0.536902,5357.384766
12,0.882747,0.516245,5573.584961
13,0.813047,0.599250,6172.546875
14,0.969412,0.527280,6921.161133
15,0.008015,0.526720,7187.492676
16,0.027161,0.527635,7370.469238
17,0.061388,0.526049,7636.677246
18,0.089325,0.533602,7802.982910
19,0.114769,0.536709,8019.268066
20,0.151315,0.562525,8285.515625
21,0.185908,0.638945,8834.511719
22,0.254697,0.765026,9217.263672
23,0.259522,0.747140,9400.266602
24,0.327790,0.764512,9732.937500
25,0.401219,0.687189,10215.482422
26,0.396489,0.647227,10415.112305
27,0.466427,0.564349,11197.108398
28,0.462412,0.572729,11346.793945
29,0.406306,0.571719,11513.206055
30,0.415475,0.587770,11646.325195
31,0.362189,0.522581,11962.425781
32,0.382761,0.713388,12295.164062
33,0.300515,0.628279,12893.999023
34,0.261272,0.622349,13359.940430
35,0.178311,0.625722,13908.892578
36,0.123107,0.583101,14175.098633
37,0.097684,0.557358,14408.120117
38,0.025112,0.578141,14907.319336
39,0.809795,0.602824,16071.821289
40,0.813095,0.603230,16188.373047
41,0.697250,0.598364,16571.000000
42,0.651883,0.620329,17053.425781
43,0.624229,0.666107,17236.531250
44,0.714294,0.595958,17635.880859
45,0.589561,0.623955,18733.894531
46,0.625238,0.582246,19100.011719
47,0.709421,0.593093,19599.068359
48,0.775080,0.636691,19981.695312
49,0.831862,0.486844,20314.443359
50,0.855649,0.531868,20680.419922
51,0.007054,0.541655,21645.390625
52,0.027825,0.563950,21845.093750
53,0.045349,0.558604,22194.517578
54,0.065726,0.544358,22360.849609
55,0.034020,0.569912,22743.455078
56,0.015156,0.556188,22943.130859
57,0.040369,0.611973,23192.750000
58,0.956832,0.541347,23492.289062
59,0.932592,0.536311,23641.939453
60,0.901463,0.624705,24074.480469
61,0.881477,0.648457,24207.611328
62,0.827371,0.583088,24540.402344
63,0.828363,0.569224,24623.593750
0,0.740446,0.499245,282.891785
1,0.742856,0.521013,415.957397
2,0.666344,0.488351,865.181702
3,0.644879,0.590105,1231.232666
4,0.647574,0.562626,1547.347656
5,0.635308,0.600751,1796.888184
6,0.668164,0.580711,2046.438110
7,0.653351,0.565480,2295.978516
8,0.665430,0.497322,2512.355225
9,0.820935,0.395031,3078.039062
10,0.839713,0.385633,3410.797607
11,0.799301,0.451049,3943.103760
12,0.754505,0.490959,4126.108887
13,0.817316,0.469946,4392.429199
14,0.824080,0.467330,4508.820312
15,0.744754,0.502856,4874.802734
16,0.706667,0.476001,5124.451172
17,0.787273,0.420392,5490.490234
18,0.922943,0.490276,5972.929199
19,0.926541,0.434760,6222.515137
20,0.918757,0.310507,6621.777344
21,0.909772,0.241489,6804.856934
22,0.766962,0.203947,7570.158691
23,0.774004,0.333546,8185.720215
24,0.736786,0.226105,8385.368164
25,0.723236,0.182703,8585.000977
26,0.792596,0.424471,9050.878906
27,0.756400,0.355417,9366.953125
28,0.922677,0.425034,10282.040039
29,0.948698,0.409455,10481.688477
30,0.973296,0.417594,10747.911133
31,0.013166,0.418778,11014.100586
32,0.053470,0.430639,11213.741211
33,0.119564,0.557009,11945.803711
34,0.111074,0.556793,12162.083008
35,0.102196,0.557700,12378.382812
36,0.066468,0.565662,12528.095703
37,0.066266,0.557663,12844.244141
38,0.091501,0.542383,13027.248047
39,0.096743,0.537927,13343.350586
40,0.083832,0.540446,13676.112305
41,0.065095,0.549156,14158.584961
42,0.064634,0.547280,14557.900391
43,0.323508,0.492456,15722.542969
44,0.357305,0.487293,16005.368164
45,0.404101,0.584679,16521.126953
46,0.375841,0.471927,17036.917969
47,0.346962,0.467183,17203.279297
48,0.352950,0.461678,17419.550781
49,0.445691,0.458311,17702.408203
50,0.522999,0.480399,18251.433594
51,0.582205,0.477841,18650.738281
52,0.593582,0.456265,18916.953125
53,0.587758,0.456389,19033.433594
54,0.613732,0.507839,19416.070312
55,0.611480,0.589195,19748.824219
56,0.641092,0.646665,20364.416016
57,0.670765,0.666174,20530.802734
58,0.755541,0.524442,21163.015625
59,0.770086,0.532614,21346.027344
60,0.722151,0.490151,21562.339844
61,0.666694,0.482911,21761.984375
62,0.061007,0.449849,23575.470703
63,0.057671,0.438950,23791.791016
64,0.038473,0.439946,24024.705078
65,0.016475,0.441670,24240.964844
66,0.996030,0.440923,24523.802734
67,0.939717,0.438605,24690.187500
0,0.732670,0.717153,365.909576
1,0.639748,0.444355,1580.505005
2,0.646187,0.493781,2229.372559
3,0.574273,0.511311,2462.330811
4,0.483933,0.515936,3127.733887
5,0.430181,0.558146,3344.100830
6,0.386497,0.558117,3577.006348
7,0.382139,0.688772,3859.899170
8,0.406075,0.653323,4575.204102
9,0.294794,0.590633,4991.191895
10,0.295773,0.579389,5124.410645
11,0.230992,0.699821,5556.844727
12,0.308949,0.505431,5856.387695
13,0.755704,0.530731,7436.976074
14,0.823979,0.481986,7619.954590
15,0.839418,0.371948,7886.162598
16,0.808714,0.484723,8252.209961
17,0.853802,0.401350,8535.058594
18,0.932892,0.445275,8834.504883
19,0.957044,0.431127,9050.797852
20,0.924140,0.436369,9350.241211
21,0.901563,0.468795,9683.038086
22,0.892045,0.424238,9899.277344
23,0.940979,0.345239,10448.346680
24,0.940788,0.328730,10681.245117
25,0.638645,0.466704,11563.140625
26,0.634154,0.448715,11712.695312
27,0.669391,0.414610,12095.526367
28,0.699595,0.439621,12278.457031
29,0.656500,0.481386,12744.360352
30,0.566913,0.868424,13659.291992
31,0.603340,0.614657,14042.077148
32,0.595291,0.551984,14241.665039
33,0.595614,0.526093,14358.079102
34,0.432199,0.774718,14674.311523
35,0.388460,0.758879,14940.437500
36,0.396285,0.703526,15289.926758
37,0.351581,0.694402,15522.813477
38,0.344992,0.518335,16188.252930
39,0.262195,0.669045,16421.251953
40,0.248076,0.668743,16604.267578
41,0.225546,0.659338,16903.658203
42,0.230187,0.512701,22593.777344
43,0.244919,0.517519,22893.179688
44,0.195324,0.461030,23325.771484
45,0.070133,0.457163,24556.861328
46,0.087154,0.436829,24956.255859
0,0.758235,0.545723,332.786713
1,0.664520,0.502404,965.023438
2,0.597726,0.681644,1547.353516
3,0.614519,0.662151,1697.130371
4,0.633976,0.650407,2112.984131
5,0.663223,0.501984,3094.547119
6,0.676751,0.485048,3260.983154
7,0.760302,0.537212,3760.029297
8,0.767468,0.523589,3893.172363
9,0.737974,0.516548,4359.075684
10,0.802544,0.530482,4924.629395
11,0.836313,0.484558,5074.515137
12,0.921974,0.488183,5557.049805
13,0.907342,0.482719,5756.644043
14,0.918924,0.475282,6422.189453
15,0.926637,0.480879,6522.025879
16,0.962177,0.455382,6688.434082
17,0.981162,0.438536,6921.221680
18,0.651827,0.516383,7603.373047
19,0.645418,0.503531,7753.139648
20,0.142287,0.535088,8834.625977
21,0.076731,0.581810,9150.678711
22,0.083342,0.560707,9433.458984
23,0.107369,0.557448,9932.578125
24,0.121436,0.552949,10365.218750
25,0.211633,0.499666,12062.386719
26,0.283391,0.584916,12378.390625
27,0.290048,0.563848,12594.648438
28,0.309760,0.485411,12960.647461
29,0.394872,0.530996,13293.399414
30,0.417168,0.589615,13709.447266
31,0.446853,0.497366,13992.261719
32,0.348050,0.481169,14424.712891
33,0.356830,0.504659,14807.508789
34,0.435095,0.574915,15090.249023
35,0.436859,0.597163,15223.373047
36,0.470618,0.513403,15522.870117
37,0.464762,0.505852,15789.119141
38,0.407777,0.474606,16138.484375
39,0.177759,0.548617,16920.412109
40,0.230278,0.518595,17269.839844
41,0.548337,0.490401,18134.923828
42,0.579133,0.484581,18301.332031
43,0.614183,0.547696,18667.306641
44,0.631570,0.568939,18867.009766
45,0.615131,0.442224,19282.945312
46,0.585736,0.450855,19482.660156
47,0.539263,0.471603,19881.916016
48,0.504304,0.464360,20164.806641
49,0.503404,0.453969,20796.994141
50,0.489764,0.451205,20996.601562
51,0.471561,0.451990,21079.753906
52,0.446435,0.458713,21429.214844
53,0.424044,0.462805,21529.095703
54,0.399938,0.461670,22128.007812
55,0.384310,0.463367,22227.722656
56,0.364297,0.476403,22510.613281
57,0.343115,0.468996,23725.222656
58,0.333716,0.454374,23875.027344
59,0.321555,0.434434,24074.644531
60,0.301974,0.580021,24640.150391
61,0.285370,0.632024,24923.039062
0,0.796390,0.311311,199.610031
1,0.866734,0.331678,415.933716
2,0.941887,0.423554,665.494507
3,0.962605,0.461137,831.852600
4,0.039565,0.457249,1380.876465
5,0.099989,0.476631,1846.720459
6,0.111121,0.593215,2046.420044
7,0.104743,0.601141,2146.266602
8,0.142646,0.612703,2362.530273
9,0.104645,0.663552,2745.194580
10,0.110361,0.694297,2911.579834
11,0.202480,0.676696,3161.130371
12,0.197501,0.606524,3543.774414
13,0.113239,0.578427,3843.304199
14,0.081490,0.586177,4109.498535
15,0.100681,0.571785,4874.820312
16,0.112684,0.583800,5140.972656
17,0.091813,0.613225,5690.034180
18,0.085882,0.483785,5906.328613
19,0.089872,0.424137,6222.451172
20,0.086835,0.414572,6422.074219
21,0.085607,0.388409,6621.740234
22,0.104898,0.443420,7120.864746
23,0.091415,0.428221,7636.631836
24,0.221130,0.544100,8834.527344
25,0.279481,0.585773,9300.389648
26,0.283560,0.602539,9549.984375
27,0.283806,0.612197,9766.222656
28,0.309827,0.524302,10032.435547
29,0.361428,0.535438,10498.275391
30,0.355613,0.540165,10598.112305
31,0.392233,0.573804,10814.407227
32,0.395061,0.569037,11014.079102
33,0.446484,0.557858,11313.549805
34,0.406693,0.633023,11513.189453
35,0.402318,0.609991,12145.437500
36,0.448452,0.502564,12378.335938
37,0.432265,0.603695,12794.269531
38,0.408075,0.618844,12993.928711
39,0.398918,0.638844,13526.324219
40,0.400764,0.580554,13709.333008
41,0.410031,0.601216,14092.010742
42,0.289113,0.599517,14491.312500
43,0.337922,0.652288,15040.349609
44,0.352270,0.643007,15256.649414
45,0.269875,0.597679,15489.572266
46,0.254117,0.585961,15722.499023
47,0.263866,0.666572,16238.290039
48,0.239377,0.629286,16554.371094
49,0.216934,0.595368,16770.662109
50,0.184129,0.514184,16970.304688
51,0.186963,0.491254,17269.828125
52,0.181773,0.625729,17685.724609
53,0.198059,0.690506,17951.939453
54,0.113122,0.633954,18184.863281
55,0.109734,0.622079,18367.851562
56,0.193908,0.728185,18667.355469
57,0.116779,0.635921,19183.121094
58,0.090032,0.587014,19449.353516
59,0.072350,0.578068,19665.595703
60,0.077150,0.503318,19948.466797
61,0.042075,0.468844,20164.732422
62,0.018540,0.422835,20414.314453
63,0.934759,0.425940,20630.574219
64,0.885891,0.501734,20980.021484
65,0.901961,0.488717,21246.191406
66,0.811381,0.511483,21761.957031
67,0.804888,0.490823,21944.949219
68,0.797401,0.464603,22211.164062
69,0.799529,0.486210,22943.214844
70,0.775950,0.533351,23525.544922
71,0.767407,0.542234,23641.998047
72,0.699052,0.504345,24091.201172
73,0.667528,0.518225,24473.849609
74,0.657626,0.521000,24640.226562
0,0.761133,0.536295,366.072693
1,0.778649,0.563971,615.699463
2,0.842305,0.486363,881.902771
3,0.837902,0.450518,1048.220703
4,0.831150,0.432438,1247.917114
5,0.845536,0.410133,1563.994507
6,0.928466,0.413877,1796.939697
7,0.954926,0.407700,2013.225342
8,0.951898,0.402878,2229.587891
9,0.920047,0.504612,2512.306641
10,0.902619,0.536946,2811.792236
11,0.893566,0.574921,3044.717285
12,0.882495,0.570998,3294.304443
13,0.642275,0.505444,4242.621094
14,0.601576,0.637518,4508.829590
15,0.625790,0.667835,4675.225586
16,0.667878,0.705660,4891.487305
17,0.642371,0.739500,5224.234375
18,0.601974,0.625645,5507.098633
19,0.419784,0.528615,6106.083008
20,0.377856,0.599296,6438.825195
21,0.385442,0.573450,6571.894043
22,0.373984,0.571883,7087.641602
23,0.388094,0.565098,7387.140137
24,0.444588,0.687418,7719.869141
25,0.439952,0.755912,7919.534180
26,0.443839,0.735062,8202.386719
27,0.417734,0.473948,8634.965820
28,0.392298,0.479603,8884.520508
29,0.497051,0.479573,9184.011719
30,0.517832,0.474996,9483.475586
31,0.578345,0.477661,9899.431641
32,0.607695,0.488097,10198.869141
33,0.601081,0.486130,10664.720703
34,0.641440,0.493117,10914.309570
35,0.685634,0.508155,11163.860352
36,0.727265,0.510287,11596.468750
37,0.808234,0.479598,12062.309570
38,0.848170,0.412797,12727.795898
39,0.842927,0.413165,12960.734375
40,0.922141,0.440401,13426.598633
41,0.105919,0.601908,14275.086914
42,0.100110,0.614797,14624.513672
43,0.213044,0.530929,14840.784180
44,0.201877,0.509091,15073.716797
45,0.186794,0.534978,16022.042969
46,0.166772,0.537561,16321.500000
47,0.164861,0.518145,16521.160156
48,0.184492,0.592334,16803.998047
49,0.204067,0.710691,17003.664062
50,0.227539,0.748799,17136.750000
51,0.215006,0.765124,17386.341797
52,0.278062,0.579112,17752.355469
53,0.272114,0.551859,17968.660156
54,0.172376,0.496761,18534.300781
55,0.162367,0.488252,18817.140625
56,0.105574,0.487482,19099.980469
57,0.107294,0.480135,19249.726562
58,0.109263,0.456884,19466.042969
59,0.110633,0.445460,19565.861328
60,0.129850,0.496707,19782.136719
61,0.084382,0.460122,20131.507812
62,0.059216,0.452748,20414.376953
63,0.054576,0.444564,20680.605469
64,0.078474,0.427477,20880.207031
65,0.069197,0.412305,21129.767578
66,0.041872,0.519630,21412.644531
67,0.084518,0.523897,21712.087891
68,0.241950,0.469511,22078.125000
69,0.241762,0.498035,22410.882812
70,0.204938,0.470482,22910.011719
71,0.197479,0.467714,23109.687500
72,0.103261,0.483645,23342.634766
73,0.066899,0.478985,23691.984375
74,0.056425,0.475947,23924.914062
75,0.053210,0.466450,24041.341797
76,0.047656,0.448508,24157.837891
77,0.046124,0.437633,24407.373047
78,0.019778,0.454188,24573.759766
0,0.753117,0.587800,366.066986
1,0.757695,0.414263,848.562378
2,0.797355,0.395673,1098.081177
3,0.822481,0.418720,1347.644897
4,0.848358,0.466087,1580.609375
5,0.897054,0.510248,1846.802002
6,0.870499,0.405907,2046.458740
7,0.927371,0.403623,2395.862061
8,0.924756,0.507442,2695.292969
9,0.969212,0.432956,2911.594238
10,0.009628,0.423043,3144.512451
11,0.035173,0.418212,3327.528809
12,0.084777,0.577924,3510.561279
13,0.095477,0.614189,3726.841553
14,0.113560,0.623265,3943.127930
15,0.128141,0.575029,4176.039551
16,0.111858,0.706599,4425.611328
17,0.990629,0.777004,4741.725098
18,0.584267,0.516310,6072.749023
19,0.599443,0.650940,6305.657715
20,0.381597,0.503731,7287.280273
21,0.366085,0.641774,7570.105957
22,0.347885,0.502781,7803.040527
23,0.299020,0.505657,8052.592773
24,0.232356,0.560235,8368.730469
25,0.214012,0.579381,8668.190430
26,0.205389,0.502773,9034.206055
27,0.178649,0.502062,9366.973633
28,0.159888,0.493622,9583.264648
29,0.173699,0.546134,9999.202148
30,0.129709,0.491726,10298.674805
31,0.128135,0.491431,10448.422852
32,0.108814,0.485995,10598.170898
33,0.096365,0.425739,10847.722656
34,0.077721,0.617693,11047.403320
35,0.056426,0.584655,11430.041992
36,0.079605,0.616676,11879.245117
37,0.103554,0.618222,12112.195312
38,0.108729,0.565046,13210.252930
39,0.101114,0.566296,13409.891602
40,0.098330,0.603955,14657.726562
41,0.086601,0.607106,15639.365234
42,0.062718,0.628989,15855.640625
43,0.054484,0.429700,16221.672852
44,0.067406,0.352818,16404.716797
45,0.074011,0.370416,16620.955078
46,0.034050,0.475637,17569.318359
47,0.007650,0.451396,17818.880859
48,0.972247,0.396317,18351.296875
49,0.948639,0.396064,18617.498047
50,0.939796,0.373883,18850.400391
51,0.980443,0.477788,19116.607422
52,0.043179,0.715998,19465.978516
53,0.747344,0.953435,20347.783203
54,0.803277,0.953067,20813.652344
55,0.793688,0.951096,21046.578125
56,0.455783,0.930605,21761.996094
57,0.610836,0.937883,21944.992188
58,0.564142,0.942735,22177.937500
59,0.611589,0.936868,22477.384766
60,0.651773,0.893343,22810.140625
61,0.308198,0.939540,23192.835938
62,0.181901,0.910582,23342.554688
63,0.230989,0.864547,23908.228516
64,0.572642,0.717157,24473.917969
0,0.787250,0.264093,33.244976
1,0.742714,0.220458,399.263367
2,0.739413,0.236469,981.557068
3,0.588806,0.695851,2861.620605
4,0.593100,0.678244,2978.178467
5,0.518964,0.689759,3394.050537
6,0.412271,0.527008,3843.277344
7,0.386932,0.589671,4109.511719
8,0.435336,0.650871,4608.560547
9,0.780371,0.557792,6438.689941
10,0.850000,0.518642,6754.812988
11,0.844540,0.510307,6854.678711
12,0.935804,0.542692,7303.911621
13,0.939419,0.539741,7436.991211
14,0.954720,0.523201,7570.143066
15,0.955862,0.522951,7669.988281
16,0.966756,0.481398,7869.559082
17,0.964223,0.439243,8085.846191
18,0.961262,0.432229,8202.384766
19,0.902737,0.493947,8451.833008
20,0.889885,0.501183,8634.860352
21,0.795073,0.485552,8867.791992
22,0.681542,0.496654,9383.549805
23,0.643791,0.490211,9649.816406
24,0.451297,0.505814,10348.560547
25,0.343889,0.502975,10914.214844
26,0.245020,0.586321,11529.877930
27,0.262206,0.587665,11779.391602
28,0.178875,0.514339,12295.159180
29,0.110663,0.573422,12661.164062
30,0.089942,0.582799,12844.190430
31,0.076908,0.582485,13043.931641
32,0.107021,0.579752,13509.751953
33,0.121727,0.589089,13842.459961
34,0.088650,0.445218,14557.947266
35,0.045946,0.449408,14790.828125
36,0.085322,0.403548,14973.911133
37,0.052532,0.499855,15223.385742
38,0.129765,0.509896,15905.488281
39,0.153046,0.525451,16138.510742
40,0.144647,0.531544,16321.412109
41,0.145648,0.567248,16704.136719
42,0.164223,0.614696,17402.914062
43,0.110113,0.622737,17802.236328
44,0.090493,0.636646,18184.878906
45,0.102881,0.626780,18367.857422
46,0.305025,0.520461,19199.761719
47,0.421865,0.665305,19765.425781
48,0.439132,0.670690,19915.132812
49,0.500188,0.674347,20198.050781
50,0.556211,0.541419,20863.558594
51,0.805699,0.249015,21845.216797
52,0.768087,0.190350,22078.070312
53,0.267561,0.779243,24989.662109
0,0.771353,0.537418,316.151215
1,0.775807,0.569978,465.869690
2,0.805218,0.356108,981.680176
3,0.838580,0.349102,1231.227173
4,0.850765,0.382802,1464.100220
5,0.903052,0.490848,2129.657715
6,0.912258,0.547110,2479.020508
7,0.937951,0.545688,2645.505859
8,0.952454,0.400439,3061.393311
9,0.962098,0.392475,3194.475098
10,0.978421,0.390545,3560.483398
11,0.028093,0.424777,4275.924805
12,0.083857,0.425822,4741.806641
13,0.101289,0.385109,4991.288574
14,0.108191,0.637229,5440.545898
15,0.101467,0.633508,5557.048828
16,0.120922,0.587334,5839.801270
17,0.110109,0.561789,6605.141113
18,0.118780,0.555492,7054.355957
19,0.211463,0.449870,8169.145508
20,0.886239,0.476207,10331.974609
21,0.862605,0.470385,10564.916992
22,0.716144,0.507999,11030.751953
23,0.596372,0.591082,11563.171875
24,0.534773,0.458155,11862.670898
25,0.483902,0.455463,12062.300781
26,0.429292,0.462626,12295.240234
27,0.418250,0.468592,12494.895508
28,0.411417,0.633930,12711.218750
29,0.385961,0.627647,12927.413086
30,0.383572,0.550173,13093.785156
31,0.392534,0.537694,13692.755859
32,0.607027,0.646790,14574.530273
33,0.627060,0.663881,14807.464844
34,0.634289,0.769367,15339.943359
35,0.670807,0.925642,15789.128906
36,0.656653,0.805610,16221.758789
37,0.605024,0.584959,16388.158203
38,0.616574,0.543471,16587.699219
39,0.618119,0.574108,16770.699219
40,0.636014,0.641200,16953.755859
41,0.626961,0.706173,17552.716797
42,0.627448,0.677795,18950.248047
43,0.637764,0.549652,19565.832031
44,0.660661,0.871753,20131.501953
45,0.636521,0.856314,20430.996094
46,0.583323,0.976970,20747.099609
47,0.638304,0.943592,21029.912109
48,0.643865,0.834519,21246.277344
49,0.608379,0.610854,21512.447266
50,0.605588,0.705999,21961.660156
51,0.577028,0.825520,22726.958984
52,0.593388,0.873327,23142.933594
53,0.600777,0.591943,23625.398438
54,0.403592,0.757839,24357.462891
55,0.467772,0.833212,24623.703125
56,0.458482,0.826946,24723.515625
0,0.742219,0.578835,33.304447
1,0.742574,0.526017,299.550903
2,0.754398,0.512796,698.813721
3,0.751307,0.457675,931.679443
4,0.626834,0.495829,1264.478882
5,0.610331,0.715898,1846.781128
6,0.662929,0.727057,2212.826904
7,0.434679,0.693826,2595.440186
8,0.427441,0.701115,2861.676025
9,0.429665,0.662521,3094.595947
10,0.418331,0.787225,3560.418213
11,0.414608,0.535442,4059.567383
12,0.408272,0.495542,4275.876953
13,0.406949,0.493114,4408.953613
14,0.357038,0.475610,4891.424805
15,0.257498,0.555284,5174.283203
16,0.251460,0.558891,5523.667480
17,0.169989,0.498770,6006.171387
18,0.177441,0.490458,6255.710938
19,0.169556,0.676386,6688.283691
20,0.184814,0.744119,6854.658203
21,0.175240,0.747426,7170.779785
22,0.104106,0.586335,7736.459961
23,0.805496,0.465200,9599.886719
24,0.849526,0.443656,9866.096680
25,0.826173,0.475861,10082.373047
26,0.976371,0.448065,10631.422852
27,0.037620,0.446120,11014.077148
28,0.061014,0.448319,11313.539062
29,0.102770,0.434920,11629.656250
30,0.099491,0.431937,11746.114258
31,0.122458,0.434247,11879.250000
32,0.149549,0.451370,12345.066406
33,0.143626,0.420985,12910.738281
34,0.091423,0.417552,13659.447266
35,0.085300,0.589757,14125.320312
36,0.044462,0.657260,14873.971680
37,0.037003,0.716752,15090.284180
38,0.092585,0.532746,15822.373047
39,0.097435,0.480566,15988.715820
40,0.086279,0.382252,16371.389648
41,0.049915,0.059002,17386.273438
42,0.978733,0.076970,17768.919922
43,0.917682,0.480220,19615.685547
44,0.918518,0.471281,19865.291016
45,0.985369,0.446566,20064.904297
46,0.292467,0.558547,20680.507812
47,0.349997,0.487171,20979.982422
48,0.456998,0.668223,21695.386719
49,0.436171,0.661220,22177.921875
50,0.179220,0.625409,23059.714844
51,0.175764,0.624365,23209.429688
52,0.198436,0.732284,23458.998047
53,0.194947,0.747083,23658.662109
54,0.208110,0.756610,24240.966797
55,0.231287,0.824711,24374.052734
56,0.286254,0.606785,24656.910156
0,0.744751,0.510468,299.611359
1,0.721938,0.481512,698.914917
2,0.698012,0.481224,1430.996338
3,0.762748,0.437631,1863.556030
4,0.618991,0.617598,2828.507568
5,0.599474,0.664109,3127.972656
6,0.611683,0.584271,3477.381592
7,0.504027,0.493748,4059.727051
8,0.427241,0.501241,4325.947754
9,0.409673,0.492773,4592.127930
10,0.387890,0.576327,4791.843262
11,0.375716,0.555547,5141.158691
12,0.373184,0.491340,5324.144531
13,0.377400,0.472741,5540.437988
14,0.397373,0.473126,5740.141113
15,0.281237,0.541052,6089.472656
16,0.277751,0.546641,6189.288086
17,0.250769,0.561540,6339.081543
18,0.222018,0.521729,6705.139648
19,0.218157,0.505189,6854.865723
20,0.170715,0.474223,7586.873047
21,0.181975,0.474456,7703.319824
22,0.210495,0.492961,8185.904297
23,0.224492,0.492678,8318.965820
24,0.242433,0.463355,8568.472656
25,0.503783,0.485272,9683.217773
26,0.527323,0.474972,9916.130859
27,0.703077,0.473971,10914.397461
28,0.723772,0.477371,11097.462891
29,0.755941,0.509793,11546.619141
30,0.753604,0.509269,11646.507812
31,0.758144,0.515898,11796.174805
32,0.784797,0.567456,12045.809570
33,0.790655,0.570648,12228.833008
34,0.827865,0.493947,12478.329102
35,0.825262,0.486153,12594.821289
36,0.824807,0.425549,12744.575195
37,0.838411,0.408652,12977.522461
38,0.876772,0.430857,13326.859375
39,0.890777,0.425199,13659.610352
40,0.924971,0.429970,14009.054688
41,0.909032,0.486536,14375.039062
42,0.905692,0.477754,14657.885742
43,0.915543,0.486170,15057.173828
44,0.897716,0.475487,15240.176758
45,0.952394,0.425294,16454.693359
46,0.087496,0.583531,17220.140625
47,0.094933,0.582340,17452.992188
48,0.086651,0.549976,17652.734375
49,0.089648,0.551656,18051.902344
50,0.102821,0.562028,18201.654297
51,0.117930,0.563050,18534.425781
52,0.113206,0.559219,19199.904297
53,0.116275,0.558363,19865.501953
54,0.089686,0.546485,20397.828125
55,0.101774,0.429192,20963.503906
56,0.102567,0.391457,21113.318359
57,0.097556,0.410697,21362.808594
58,0.059518,0.460441,21612.404297
59,0.109026,0.572872,21911.916016
60,0.116593,0.561523,22261.248047
61,0.203755,0.501132,22793.654297
62,0.194536,0.493628,22960.003906
63,0.213791,0.509191,23176.359375
64,0.237833,0.531567,23425.869141
65,0.269703,0.574265,23625.589844
66,0.264239,0.574269,23808.519531
67,0.277902,0.649532,24174.556641
68,0.272637,0.563251,24623.750000
0,0.748477,0.527948,66.607162
1,0.755235,0.583694,232.954727
2,0.743533,0.536133,449.290741
3,0.768006,0.557699,748.811523
4,0.697864,0.520161,1131.507080
5,0.623785,0.684377,2129.655273
6,0.607212,0.632832,2345.995117
7,0.420058,0.502619,3044.721924
8,0.454861,0.492988,3926.523438
9,0.410440,0.507425,4209.407715
10,0.445775,0.505780,4442.280273
11,0.524393,0.504192,4908.143555
12,0.549222,0.512953,5107.770996
13,0.560715,0.506308,5473.807617
14,0.683796,0.517261,6172.587891
15,0.771109,0.504033,6705.015625
16,0.812147,0.497511,6904.674316
17,0.831217,0.502426,7037.749512
18,0.850236,0.487661,7453.687988
19,0.909817,0.505006,7769.805176
20,0.926743,0.500547,8019.355957
21,0.941186,0.456315,8268.926758
22,0.956451,0.432500,8468.578125
23,0.980181,0.431516,8701.513672
24,0.928085,0.436447,9583.291992
25,0.887459,0.443382,9799.594727
26,0.836670,0.440246,9982.597656
27,0.819900,0.430590,10282.103516
28,0.872363,0.435294,10914.289062
29,0.912362,0.433964,11163.858398
30,0.983773,0.429582,11396.806641
31,0.133299,0.616413,12195.393555
32,0.104882,0.593717,12478.246094
33,0.095526,0.582821,12944.102539
34,0.093260,0.581675,13143.762695
35,0.114277,0.582976,13276.849609
36,0.120454,0.581810,14624.511719
37,0.135087,0.458996,14807.518555
38,0.177713,0.465906,14990.538086
39,0.246003,0.498424,15256.730469
40,0.200319,0.502272,15672.668945
41,0.116870,0.449771,15922.221680
42,0.081963,0.437677,16205.064453
43,0.075031,0.419464,16454.650391
44,0.060306,0.438030,16654.294922
45,0.024876,0.456535,16870.552734
46,0.993689,0.447864,17086.839844
47,0.968653,0.439222,17436.250000
48,0.956720,0.436970,17536.146484
49,0.945267,0.433975,17735.728516
50,0.934639,0.419118,18051.832031
51,0.916092,0.431905,18650.796875
52,0.881703,0.447638,19033.455078
53,0.882456,0.444600,19199.828125
54,0.829488,0.459334,19432.748047
55,0.833189,0.452538,19665.736328
56,0.801457,0.443098,19998.443359
57,0.805012,0.443987,20164.816406
58,0.810377,0.441098,20281.279297
59,0.812055,0.440080,21246.273438
60,0.697196,0.491220,21895.103516
61,0.668579,0.509046,22377.613281
62,0.691485,0.517179,23026.484375
63,0.758732,0.541701,23808.435547
64,0.807194,0.547489,24623.683594
65,0.760861,0.554823,24873.238281
0,0.734907,0.627939,33.350727
1,0.750983,0.559352,332.870331
2,0.759254,0.534390,515.868408
3,0.792929,0.545252,798.723145
4,0.672698,0.485069,1780.324829
5,0.397706,0.504802,3044.795654
6,0.409460,0.577081,3311.044678
7,0.848615,0.429733,4874.921875
8,0.741634,0.224550,5340.774414
9,0.745345,0.215966,5457.270996
10,0.746593,0.209206,5540.419434
11,0.748611,0.198417,5673.505859
12,0.773063,0.185303,6022.870117
13,0.753654,0.183659,6255.821289
14,0.769035,0.227734,6621.910645
15,0.930553,0.462777,7536.934082
16,0.147484,0.501001,9433.611328
17,0.130623,0.507333,9683.198242
18,0.117890,0.599676,10082.467773
19,0.205274,0.526338,10282.135742
20,0.203007,0.668907,10714.709961
21,0.125020,0.607383,12178.838867
22,0.101928,0.582992,12411.732422
23,0.203043,0.564490,12628.008789
24,0.107968,0.581792,12944.100586
25,0.078433,0.504566,13360.116211
26,0.083001,0.451596,13593.066406
27,0.083161,0.458903,13726.095703
28,0.127450,0.569941,14158.686523
29,0.279974,0.574502,14741.036133
30,0.228805,0.711499,14957.257812
31,0.223686,0.730658,15073.824219
32,0.262156,0.525026,15373.239258
33,0.223929,0.533985,15705.991211
34,0.179102,0.522044,15888.965820
35,0.105570,0.508901,16171.848633
36,0.076062,0.442739,16737.593750
37,0.025282,0.456231,17036.947266
38,0.946488,0.455985,17519.480469
39,0.935845,0.430648,17918.867188
40,0.866930,0.457108,18251.554688
41,0.803932,0.449921,18800.578125
42,0.737328,0.468200,19233.169922
43,0.739640,0.463107,19432.884766
44,0.687250,0.500843,19665.789062
45,0.689886,0.498302,19898.671875
46,0.605537,0.507735,20397.757812
47,0.471358,0.513165,21046.691406
48,0.389636,0.517314,21529.136719
49,0.329484,0.515319,21928.445312
50,0.246049,0.575304,22527.408203
51,0.247340,0.571131,22643.896484
52,0.402974,0.593305,22826.888672
53,0.449181,0.513932,23026.527344
54,0.351153,0.516797,23292.800781
55,0.464185,0.640618,23625.429688
56,0.480512,0.639192,23808.535156
57,0.554325,0.512681,24124.652344
58,0.546757,0.520211,24357.492188
59,0.669400,0.513729,24640.396484
0,0.739859,0.520056,465.900452
1,0.803339,0.506695,981.711487
2,0.750319,0.514743,1297.790405
3,0.678938,0.539234,1746.980103
4,0.609098,0.596564,2046.506470
5,0.583293,0.650796,2429.164551
6,0.596129,0.636918,3078.077637
7,0.650589,0.594857,3510.616211
8,0.651941,0.581579,3627.044678
9,0.760582,0.537110,4109.625977
10,0.850491,0.491274,4625.356934
11,0.872067,0.463052,4858.212891
12,0.865915,0.455172,4958.091309
13,0.934031,0.499401,5274.208984
14,0.925313,0.488485,5457.157715
15,0.008520,0.440136,5906.381836
16,0.080583,0.456171,6255.821777
17,0.108115,0.537636,6605.178223
18,0.105448,0.574000,6888.020020
19,0.103519,0.573210,6987.833008
20,0.122833,0.570486,7387.148438
21,0.108911,0.632077,7902.905273
22,0.138462,0.654925,8202.393555
23,0.220954,0.523733,8967.739258
24,0.224355,0.526122,9150.746094
25,0.287558,0.571500,9566.666016
26,0.276260,0.565858,9782.943359
27,0.377362,0.585344,10065.796875
28,0.373357,0.574659,10298.711914
29,0.452152,0.547537,10731.290039
30,0.440690,0.540078,10897.677734
31,0.364962,0.483184,11230.421875
32,0.257702,0.547922,11746.174805
33,0.797211,0.463099,13310.143555
34,0.741553,0.478481,13576.350586
35,0.803602,0.500856,14092.079102
36,0.891819,0.510480,14508.028320
37,0.925999,0.509694,14757.595703
38,0.935639,0.451425,15040.419922
39,0.895551,0.495527,15839.050781
40,0.923014,0.471195,16571.115234
41,0.951516,0.441655,16903.837891
42,0.899361,0.483821,17619.304688
43,0.897298,0.502576,18001.916016
44,0.927271,0.458084,18218.199219
45,0.969746,0.435609,18584.263672
46,0.913691,0.472074,19981.806641
47,0.936289,0.458667,20497.578125
48,0.939107,0.455899,20647.324219
49,0.910888,0.498686,21246.250000
50,0.909020,0.505197,21395.970703
51,0.910090,0.522553,21579.011719
52,0.911476,0.539016,21678.837891
53,0.910535,0.532490,21795.314453
54,0.947616,0.472926,22094.771484
55,0.903042,0.511157,22544.000000
56,0.823254,0.507604,23592.140625
57,0.902905,0.509179,23875.003906
58,0.944964,0.463408,24307.552734
0,0.787576,0.403586,83.116608
1,0.753818,0.495947,349.384491
2,0.740600,0.495622,632.160339
3,0.829339,0.439940,914.986938
4,0.818310,0.449165,1064.768433
5,0.822733,0.483295,1231.191650
6,0.621960,0.594126,1913.249146
7,0.592031,0.664972,2079.676758
8,0.638267,0.616104,2562.220947
9,0.715017,0.430162,3144.522461
10,0.713834,0.431209,3360.802734
11,0.713323,0.443713,3460.545654
12,0.045752,0.436754,5024.474609
13,0.108926,0.444675,5357.252441
14,0.128376,0.561489,5573.540527
15,0.148241,0.582639,5723.256348
16,0.590445,0.508663,7703.169434
17,0.372947,0.503629,8834.512695
18,0.364258,0.493392,8984.250000
19,0.373277,0.491491,9167.256836
20,0.265544,0.574516,9549.938477
21,0.254388,0.586087,9766.204102
22,0.232066,0.515172,10049.053711
23,0.195691,0.514602,10431.707031
24,0.463468,0.535289,10980.767578
25,0.778089,0.535288,11995.636719
26,0.802099,0.576296,12394.953125
27,0.798387,0.580679,12810.880859
28,0.964683,0.459783,13193.554688
29,0.119473,0.483858,13892.345703
30,0.169694,0.481607,14141.901367
31,0.211654,0.494045,14524.589844
32,0.123237,0.567378,14790.804688
33,0.203402,0.531203,15323.194336
34,0.226180,0.511976,15506.210938
35,0.194272,0.492734,15772.421875
36,0.191729,0.489636,15905.510742
37,0.892067,0.495655,16970.310547
38,0.776850,0.547865,17369.599609
39,0.780618,0.540384,17469.417969
40,0.753795,0.546158,17619.160156
41,0.729517,0.531002,17818.806641
42,0.719818,0.524852,18035.083984
43,0.708717,0.558418,18334.595703
44,0.666045,0.496755,18517.585938
45,0.655918,0.489141,18683.960938
46,0.621097,0.615040,19066.623047
47,0.657733,0.680274,19282.914062
48,0.622684,0.576081,19565.783203
49,0.577895,0.531326,20114.779297
50,0.572870,0.526101,20830.205078
51,0.471187,0.534490,21146.316406
52,0.634732,0.577996,21712.009766
53,0.636781,0.587660,21878.396484
54,0.684302,0.471485,22194.509766
55,0.706607,0.455373,22493.974609
56,0.706984,0.432622,22676.976562
57,0.700803,0.271003,23641.972656
58,0.717762,0.168606,24041.271484
59,0.766555,0.178205,24457.228516
60,0.751689,0.182191,24656.859375
0,0.751909,0.510846,282.837708
1,0.684526,0.494716,615.630188
2,0.640871,0.498778,1098.073364
3,0.603161,0.563084,1380.918945
4,0.594332,0.652275,1647.157593
5,0.606675,0.700809,1863.512085
6,0.616872,0.745116,2146.323730
7,0.629793,0.647725,2495.672852
8,0.616865,0.604301,2662.034180
9,0.552363,0.455321,3061.348633
10,0.462896,0.509398,3310.976074
11,0.416521,0.528921,3610.385010
12,0.671667,0.492626,4808.279785
13,0.670860,0.491080,5074.492676
14,0.717526,0.490497,5290.801758
15,0.754755,0.520216,5573.628418
16,0.781206,0.443972,5873.102539
17,0.779922,0.438128,6022.816895
18,0.815539,0.430230,6189.240234
19,0.836009,0.466668,6488.690430
20,0.822465,0.488922,6788.151367
21,0.876061,0.476186,7021.181152
22,0.916045,0.480379,7270.695801
23,0.903511,0.529444,7503.585449
24,0.943226,0.428113,7936.197754
25,0.978279,0.424430,8252.263672
26,0.017945,0.431358,8568.357422
27,0.069523,0.455095,8917.842773
28,0.104312,0.442255,9117.416992
29,0.107216,0.584254,9466.848633
30,0.089500,0.574652,9716.376953
31,0.119299,0.566352,9965.969727
32,0.115436,0.559268,11014.118164
33,0.105949,0.562327,11130.589844
34,0.274952,0.576358,11812.731445
35,0.276173,0.570681,11962.521484
36,0.280586,0.564200,12095.626953
37,0.274390,0.559693,12328.468750
38,0.177973,0.504875,12777.775391
39,0.269126,0.555635,13127.103516
40,0.265856,0.554665,13742.653320
41,0.261947,0.551432,13842.494141
42,0.402915,0.568990,14208.525391
43,0.400098,0.561209,14591.294922
44,0.440204,0.489919,15023.768555
45,0.415448,0.752716,15506.277344
46,0.429087,0.756744,15705.951172
47,0.355058,0.303528,16288.222656
48,0.249262,0.485563,16770.732422
49,0.232662,0.529958,17253.253906
50,0.219939,0.506192,17502.775391
51,0.221981,0.499762,17602.621094
52,0.139264,0.488175,17818.906250
53,0.113420,0.481990,18135.097656
54,0.102289,0.469976,18501.039062
55,0.045769,0.447102,18783.873047
56,0.087810,0.386196,19066.697266
57,0.096068,0.470188,19382.816406
58,0.028956,0.435608,19599.144531
59,0.062177,0.480001,19882.019531
60,0.023597,0.439322,20198.113281
61,0.024231,0.430468,20347.845703
62,0.028597,0.421993,20614.031250
63,0.985742,0.409450,20747.132812
64,0.859354,0.413819,21079.832031
65,0.866321,0.405409,21212.966797
66,0.803539,0.411371,21645.554688
67,0.750466,0.440263,21895.138672
68,0.643569,0.492404,22344.300781
69,0.641903,0.485951,22427.585938
70,0.562212,0.499623,22893.392578
71,0.562181,0.492612,23009.830078
72,0.507722,0.503120,23309.324219
73,0.458874,0.486909,23625.496094
74,0.448749,0.486142,23825.058594
75,0.369581,0.490203,24157.855469
76,0.344016,0.490752,24407.398438
0,0.769812,0.522535,16.667021
1,0.733814,0.539342,366.042847
2,0.631755,0.644912,1164.692505
3,0.647105,0.694272,1347.673828
4,0.627931,0.641473,1730.349243
5,0.760372,0.550797,2445.790039
6,0.735691,0.600731,2894.925293
7,0.683163,0.538552,3127.855713
8,0.665197,0.510309,3310.847900
9,0.685475,0.514260,3626.985840
10,0.773832,0.498052,3909.826660
11,0.800812,0.491683,4142.800781
12,0.834864,0.492890,4309.093750
13,0.817965,0.444396,4575.288086
14,0.853919,0.493540,5024.632324
15,0.825284,0.505437,5224.169922
16,0.917492,0.518214,5789.836426
17,0.910950,0.479238,6105.985352
18,0.897395,0.449320,6305.703125
19,0.874817,0.429758,6605.078125
20,0.827095,0.432567,7021.066895
21,0.961751,0.447490,7852.979980
22,0.957937,0.433427,7952.781250
23,0.915299,0.508668,8734.746094
24,0.889189,0.266287,9699.739258
25,0.796941,0.225348,9899.377930
26,0.751959,0.282904,10082.348633
27,0.036673,0.455173,10947.534180
28,0.110403,0.538632,11513.212891
29,0.101287,0.553228,11613.001953
30,0.110381,0.549984,11912.518555
31,0.120448,0.558377,12328.454102
32,0.198223,0.466390,12528.093750
33,0.198167,0.481958,12827.578125
34,0.116720,0.556563,13193.586914
35,0.099456,0.581029,13409.916992
36,0.116824,0.669230,14042.118164
37,0.134554,0.699444,14325.027344
38,0.284817,0.589400,14973.853516
39,0.274471,0.559629,15323.173828
40,0.214060,0.532692,15805.706055
41,0.163519,0.500952,16088.525391
42,0.128260,0.476868,16371.385742
43,0.200888,0.526652,16754.076172
44,0.206139,0.521683,16937.085938
45,0.270839,0.575005,17735.623047
46,0.287776,0.584656,17902.037109
47,0.291638,0.581038,18018.587891
48,0.376294,0.617898,18301.339844
49,0.413686,0.607487,18534.281250
50,0.417071,0.629070,18817.121094
51,0.412078,0.617602,19050.072266
52,0.443634,0.693752,19282.947266
53,0.437022,0.521259,19565.796875
54,0.372183,0.522330,19898.582031
55,0.282108,0.593449,20164.742188
56,0.267657,0.689469,20930.111328
57,0.242745,0.682773,21379.322266
58,0.238258,0.640131,21645.509766
59,0.167434,0.706070,22044.791016
60,0.206981,0.739742,22294.382812
61,0.135550,0.713092,22743.634766
62,0.087660,0.687897,23292.699219
63,0.082405,0.587346,23974.761719
64,0.983584,0.469120,24740.113281
65,0.992686,0.480887,24989.632812
0,0.742075,0.485386,282.808380
1,0.774062,0.480529,515.747070
2,0.761011,0.569239,732.082520
3,0.771718,0.475180,965.035034
4,0.763574,0.438297,1197.912476
5,0.751499,0.564989,1380.906372
6,0.820302,0.517612,1880.030273
7,0.828346,0.511881,2096.399170
8,0.837637,0.435521,2462.343750
9,0.883362,0.414647,2894.918213
10,0.945847,0.415245,3344.213379
11,0.930489,0.515816,3527.206055
12,0.961916,0.418975,3710.218506
13,0.961336,0.430462,3876.568115
14,0.973856,0.436080,4109.524414
15,0.009351,0.447508,4392.354492
16,0.069692,0.459192,4958.011719
17,0.095587,0.594382,5739.954590
18,0.115915,0.602540,6205.921387
19,0.110430,0.607458,6355.546387
20,0.122860,0.575129,7470.285156
21,0.126335,0.552562,7686.598633
22,0.125659,0.537883,7769.746582
23,0.124869,0.514109,7902.864258
24,0.120018,0.570341,8302.125977
25,0.199718,0.511153,9000.973633
26,0.151971,0.454167,9350.387695
27,0.126304,0.424300,9599.903320
28,0.085511,0.418303,9849.418945
29,0.075477,0.368512,10032.496094
30,0.048119,0.481135,10265.396484
31,0.047515,0.493609,10431.791016
32,0.049185,0.493602,10531.683594
33,0.052834,0.483667,10681.296875
34,0.091899,0.404986,11030.799805
35,0.101587,0.360063,11197.094727
36,0.269777,0.607999,12394.985352
37,0.267099,0.615939,12494.834961
38,0.266720,0.608451,12744.367188
39,0.268494,0.591967,13010.560547
40,0.262116,0.568878,13243.543945
41,0.438106,0.532566,13942.263672
42,0.435205,0.525137,14058.729492
43,0.411810,0.487578,14275.052734
44,0.458798,0.470476,14574.501953
45,0.462528,0.469454,14674.415039
46,0.410376,0.473949,15007.126953
47,0.394244,0.467887,15240.071289
48,0.384570,0.500782,15439.654297
49,0.383643,0.498302,15556.116211
50,0.347335,0.516362,15739.239258
51,0.327624,0.525327,15972.149414
52,0.408530,0.604393,16254.974609
53,0.312557,0.642114,16637.595703
54,0.289052,0.627361,16870.541016
55,0.284319,0.615299,16970.322266
56,0.288801,0.528945,17336.470703
57,0.282576,0.498021,17469.554688
58,0.244109,0.487309,17702.382812
59,0.202699,0.518045,17985.296875
60,0.186485,0.519857,18367.876953
61,0.145640,0.476092,18584.224609
62,0.113419,0.448189,18817.156250
63,0.068899,0.443153,19050.052734
64,0.047097,0.477854,19266.347656
65,0.971750,0.454711,19665.646484
66,0.725001,0.463117,20331.154297
67,0.521487,0.477922,21079.794922
68,0.492071,0.471401,21229.650391
69,0.467178,0.490613,21445.816406
70,0.456752,0.488714,21712.085938
71,0.422753,0.484060,22011.546875
72,0.396130,0.483624,22194.519531
73,0.374419,0.486113,22460.748047
74,0.355368,0.490034,22743.626953
75,0.340401,0.481500,23159.552734
76,0.369566,0.540605,23409.074219
77,0.401284,0.483509,23608.753906
78,0.403249,0.471071,23891.662109
79,0.423814,0.474956,24224.351562
80,0.446825,0.470866,24340.800781
81,0.503118,0.524520,24540.470703
0,0.762923,0.550889,1746.889282
1,0.716423,0.527755,2062.992188
2,0.832246,0.520909,2329.289795
3,0.833426,0.488256,2612.054199
4,0.767114,0.388117,3260.937988
5,0.739992,0.540845,3510.525879
6,0.693592,0.516065,3793.388916
7,0.678528,0.521752,4109.462891
8,0.612971,0.698193,4891.425781
9,0.630640,0.640225,5157.626465
10,0.605707,0.565841,6022.800293
11,0.622491,0.497773,6289.008301
12,0.669889,0.480859,6505.249512
13,0.678834,0.489411,6804.738281
14,0.705282,0.166161,7553.470703
15,0.768975,0.190776,7786.340332
16,0.741091,0.175047,8019.297852
17,0.733557,0.174993,8651.545898
18,0.751858,0.147938,8817.888672
19,0.743732,0.152378,9999.139648
20,0.740058,0.148920,10148.916992
21,0.728120,0.167565,10298.661133
22,0.745512,0.159104,10714.620117
23,0.749069,0.159849,10880.935547
24,0.637906,0.483707,11446.699219
25,0.443659,0.550220,12278.491211
26,0.433566,0.640014,12577.968750
27,0.412177,0.619917,12827.541016
28,0.412828,0.630383,13060.462891
29,0.402256,0.607055,13210.215820
30,0.423427,0.624495,13576.305664
31,0.399472,0.598145,14191.818359
32,0.286357,0.634908,14491.382812
33,0.263814,0.614250,14674.328125
34,0.266708,0.606700,14757.484375
35,0.255199,0.525430,15190.092773
36,0.273461,0.568578,15456.397461
37,0.273683,0.574366,15722.510742
38,0.266290,0.570733,15922.156250
39,0.422681,0.618580,16521.117188
40,0.424226,0.624400,16704.132812
41,0.418941,0.596271,17669.173828
42,0.392916,0.523081,17835.468750
43,0.423171,0.498209,18101.681641
44,0.478246,0.499782,18317.927734
45,0.484350,0.489796,18451.144531
46,0.561931,0.486015,19316.222656
47,0.620731,0.484005,19798.675781
48,0.634916,0.492465,20247.929688
49,0.124255,0.607809,22244.449219
50,0.093866,0.638462,22493.968750
51,0.078779,0.608468,22660.388672
52,0.083787,0.573912,22843.402344
53,0.110664,0.560818,23259.365234
54,0.067978,0.459487,23708.634766
55,0.112781,0.422030,24074.541016
56,0.206096,0.484934,24756.761719
57,0.196472,0.499075,24956.353516
0,0.758630,0.547749,382.689178
1,0.787490,0.595458,565.758484
2,0.732131,0.428681,1064.778564
3,0.639577,0.536476,1380.897095
4,0.611422,0.621769,1846.810913
5,0.586206,0.671063,2013.222412
6,0.497356,0.577546,2645.416260
7,0.505397,0.580712,2745.164062
8,0.599615,0.633848,3161.104492
9,0.416841,0.502472,3710.212158
10,0.420444,0.502177,3809.996338
11,0.387744,0.578879,3976.451904
12,0.399304,0.576460,4159.425781
13,0.456589,0.780498,4824.906738
14,0.424170,0.792591,4974.648438
15,0.460299,0.489239,5457.134766
16,0.459690,0.457327,5640.108398
17,0.805722,0.569033,7187.436035
18,0.926999,0.536076,7620.033203
19,0.769651,0.566881,8035.951660
20,0.771945,0.578041,8119.195801
21,0.795803,0.563066,8318.765625
22,0.840455,0.481896,9250.478516
23,0.861467,0.428503,9583.228516
24,0.952305,0.462101,9899.333984
25,0.946356,0.445736,10065.799805
26,0.058343,0.512232,10398.467773
27,0.100010,0.623865,10731.253906
28,0.112147,0.604877,10997.405273
29,0.097081,0.592131,11330.178711
30,0.105745,0.589293,11563.166016
31,0.094357,0.572537,11796.010742
32,0.120364,0.557938,12228.624023
33,0.162452,0.634284,12844.289062
34,0.125603,0.561290,13177.042969
35,0.206853,0.724660,13942.361328
36,0.217726,0.524550,14341.618164
37,0.284324,0.599982,14973.850586
38,0.295031,0.575732,15423.011719
39,0.296234,0.575522,15739.174805
40,0.302279,0.569583,16288.222656
41,0.393277,0.612568,16937.068359
42,0.295998,0.488950,17169.962891
43,0.241343,0.465505,17402.880859
44,0.168420,0.493440,17669.105469
45,0.107166,0.580256,17985.218750
46,0.113717,0.586770,18184.867188
47,0.121110,0.588537,18517.609375
48,0.086809,0.576715,18733.896484
49,0.101159,0.569981,18966.814453
50,0.775358,0.551882,19831.976562
51,0.743433,0.510274,20497.492188
52,0.728786,0.513424,20796.980469
53,0.731701,0.546490,20946.728516
54,0.795096,0.580071,21279.466797
55,0.793943,0.562765,21545.669922
56,0.783753,0.480413,21811.859375
57,0.831396,0.476064,22277.708984
58,0.827521,0.475818,22460.712891
59,0.786088,0.558274,22627.105469
60,0.929145,0.526631,23259.320312
61,0.942515,0.446560,23525.531250
62,0.984357,0.442994,23908.193359
63,0.977514,0.434165,24024.681641
64,0.969329,0.428255,24357.416016
65,0.052212,0.471621,24690.175781
0,0.753584,0.532725,332.860077
1,0.678681,0.506034,715.472107
2,0.643761,0.562520,998.375488
3,0.619235,0.629654,1198.005859
4,0.605127,0.684273,1497.458618
5,0.589433,0.629760,1846.851196
6,0.597033,0.528121,2063.150635
7,0.680506,0.479945,2528.942871
8,0.727159,0.475627,2861.694336
9,0.718896,0.481559,2961.596680
10,0.718317,0.488021,3094.721680
11,0.832981,0.497099,3643.647461
12,0.829484,0.492208,3909.876221
13,0.831465,0.429835,4092.928467
14,0.822241,0.428136,4392.362305
15,0.878295,0.421718,4758.388672
16,0.769382,0.209743,5157.676270
17,0.761765,0.193135,5324.073730
18,0.779612,0.207901,5923.006348
19,0.922804,0.531210,6422.170410
20,0.931177,0.463216,6754.931641
21,0.978169,0.465627,7270.646484
22,0.976001,0.462391,7370.536133
23,0.035713,0.477365,8002.731934
24,0.096680,0.598752,8451.974609
25,0.102605,0.577010,8635.009766
26,0.122927,0.585014,8934.455078
27,0.099431,0.584524,9367.038086
28,0.116754,0.583013,9633.232422
29,0.130861,0.650457,9965.966797
30,0.125825,0.584880,10331.996094
31,0.201727,0.516890,11263.735352
32,0.142395,0.477463,11596.474609
33,0.144463,0.470939,11712.935547
34,0.280496,0.570608,12261.921875
35,0.331447,0.588970,13027.254883
36,0.373702,0.628675,13459.950195
37,0.370479,0.638461,13559.697266
38,0.400237,0.601878,14008.912109
39,0.412777,0.579721,14241.837891
40,0.435974,0.497501,14957.326172
41,0.427720,0.606665,15439.771484
42,0.511000,0.626004,15689.308594
43,0.541042,0.579407,16022.036133
44,0.599710,0.599777,16537.812500
45,0.619206,0.593929,17053.576172
46,0.605397,0.540554,17353.078125
47,0.625154,0.473560,17818.886719
48,0.565188,0.484072,18151.636719
49,0.510016,0.497414,18617.482422
50,0.424604,0.521053,19466.109375
51,0.413347,0.515798,19848.746094
52,0.387489,0.584845,20264.705078
53,0.398592,0.585269,20464.361328
54,0.359179,0.573966,20664.000000
55,0.337687,0.573516,20980.130859
56,0.312190,0.536341,21296.181641
57,0.247146,0.533081,21828.587891
58,0.251527,0.512384,21995.009766
59,0.279623,0.574920,22261.181641
60,0.192793,0.548783,22610.605469
61,0.239198,0.530718,23142.910156
62,0.184400,0.524680,23608.775391
63,0.185897,0.515700,24057.988281
64,0.167779,0.515347,24207.783203
65,0.155367,0.517164,24374.199219
66,0.112504,0.539010,24507.242188
0,0.761693,0.521957,66.529541
1,0.733611,0.530080,399.296783
2,0.595432,0.675673,981.679626
3,0.680955,0.690130,1364.271484
4,0.636144,0.644786,1746.967896
5,0.659510,0.635650,1896.714478
6,0.647927,0.474547,2395.854004
7,0.673544,0.474363,2645.396484
8,0.692744,0.468471,2828.391113
9,0.718088,0.442323,3144.581787
10,0.792519,0.421370,3627.032227
11,0.797288,0.396537,3826.661377
12,0.741271,0.523882,4375.656738
13,0.754936,0.523097,4625.303711
14,0.720978,0.518175,4924.750488
15,0.777156,0.535157,5107.735352
16,0.777061,0.540014,5240.862305
17,0.988422,0.475288,5989.507324
18,0.998361,0.476497,6089.400391
19,0.988033,0.365022,6721.639160
20,0.213123,0.401326,8518.516602
21,0.231114,0.524420,8984.339844
22,0.262702,0.562627,9134.106445
23,0.178264,0.519358,9466.776367
24,0.188285,0.493749,9882.697266
25,0.200065,0.495866,9999.288086
26,0.094646,0.601772,10581.517578
27,0.095256,0.604048,10714.600586
28,0.099846,0.587497,10897.599609
29,0.080324,0.582317,11097.268555
30,0.104603,0.571951,11629.654297
31,0.072569,0.424635,12012.360352
32,0.077091,0.415143,12228.616211
33,0.088280,0.488223,12761.046875
34,0.120148,0.500493,13210.274414
35,0.125766,0.506422,13742.703125
36,0.146761,0.559155,13992.223633
37,0.131024,0.581572,14491.315430
38,0.130115,0.584287,14624.439453
39,0.127303,0.579318,14840.754883
40,0.115613,0.554254,15007.127930
41,0.331306,0.425203,15755.833984
42,0.343577,0.431009,15872.292969
43,0.424293,0.332094,16504.509766
44,0.446162,0.416746,16704.205078
45,0.461302,0.426200,16903.822266
46,0.471089,0.442156,17253.224609
47,0.455550,0.692593,17669.089844
48,0.394267,0.529538,18035.123047
49,0.307667,0.488363,18434.447266
50,0.250893,0.582312,18867.019531
51,0.182299,0.554243,19133.218750
52,0.203829,0.532051,19615.703125
53,0.178049,0.550813,20064.951172
54,0.183630,0.522258,20214.693359
55,0.187863,0.517028,20447.582031
56,0.150892,0.549486,21246.214844
57,0.190781,0.523095,21479.173828
58,0.814807,0.468763,23558.853516
59,0.703205,0.520216,23924.880859
60,0.827829,0.492986,24557.074219
0,0.769694,0.561102,332.889191
1,0.742437,0.531361,565.788635
2,0.690451,0.482620,1064.885254
3,0.619927,0.603119,1347.737061
4,0.619752,0.612173,1447.575562
5,0.619064,0.683612,1663.830566
6,0.607636,0.621908,2146.291504
7,0.496709,0.690939,2462.387939
8,0.447640,0.728949,2695.322998
9,0.393737,0.603741,3510.639893
10,0.391722,0.572853,3976.417480
11,0.407027,0.508286,4142.851074
12,0.386119,0.502675,4508.872559
13,0.271754,0.574943,5007.992188
14,0.264539,0.571950,5191.016602
15,0.252281,0.563999,5457.190430
16,0.258489,0.550327,5706.759277
17,0.324168,0.509027,5923.022461
18,0.471939,0.518028,6721.668945
19,0.605740,0.507827,7736.509766
20,0.660412,0.524351,8119.183105
21,0.684749,0.528720,8418.719727
22,0.727896,0.568595,8801.357422
23,0.778203,0.503121,9250.548828
24,0.802488,0.479836,9633.332031
25,0.837387,0.470506,10282.091797
26,0.829628,0.507189,10531.628906
27,0.885477,0.508540,10947.627930
28,0.908720,0.504298,11180.550781
29,0.917622,0.534905,11430.087891
30,0.945197,0.478792,11596.478516
31,0.945235,0.458910,11862.683594
32,0.938944,0.508507,12128.946289
33,0.979411,0.457848,12544.791992
34,0.002532,0.481176,12794.433594
35,0.032627,0.473783,13060.589844
36,0.050460,0.478882,13360.068359
37,0.077820,0.562419,13709.472656
38,0.095034,0.619816,13909.113281
39,0.105830,0.592568,14191.962891
40,0.097485,0.582349,14374.969727
41,0.112255,0.580178,14574.701172
42,0.122974,0.575346,14757.592773
43,0.127208,0.567316,15572.831055
44,0.110933,0.570178,15755.891602
45,0.122391,0.570171,16388.068359
46,0.111361,0.574620,16620.996094
47,0.110077,0.577074,17153.451172
48,0.119816,0.608521,17419.648438
49,0.129487,0.622557,17569.408203
50,0.123011,0.661547,17835.603516
51,0.111128,0.544053,18068.525391
52,0.116950,0.558027,18251.498047
53,0.111347,0.532300,18783.894531
54,0.105762,0.555059,18933.714844
55,0.129258,0.576931,19149.914062
56,0.125538,0.562569,19399.511719
57,0.125391,0.542882,19682.353516
58,0.121514,0.563561,20015.070312
59,0.204965,0.522573,21129.818359
60,0.281689,0.552452,21429.246094
61,0.296929,0.506595,21895.160156
62,0.313316,0.484036,22311.167969
63,0.442484,0.505986,22976.566406
64,0.531274,0.465746,23525.667969
65,0.565390,0.370217,23791.828125
66,0.563344,0.151626,24424.015625
0,0.838687,0.499788,83.242012
1,0.754341,0.544463,366.159790
2,0.716133,0.500444,682.192993
3,0.688371,0.493814,1064.883545
4,0.738025,0.463897,1297.862793
5,0.768810,0.439379,1497.429810
6,0.815256,0.432888,1697.139893
7,0.805491,0.421686,2013.210083
8,0.683446,0.497821,2395.846191
9,0.653829,0.535794,2612.188965
10,0.619199,0.625929,2895.058838
11,0.620085,0.684886,3111.308105
12,0.616572,0.701216,3261.022949
13,0.600492,0.707022,3360.849854
14,0.573414,0.695679,3643.749756
15,0.574452,0.663526,3860.034668
16,0.586407,0.474128,4275.894043
17,0.620243,0.472293,4525.537109
18,0.673671,0.491827,4791.767090
19,0.717614,0.538762,5074.496582
20,0.669889,0.480548,5473.826172
21,0.712566,0.490959,6006.314453
22,0.753251,0.568408,6255.813477
23,0.822335,0.522901,6921.318359
24,0.815319,0.511405,7370.503906
25,0.903050,0.577931,7703.236328
26,0.927222,0.494082,7902.885254
27,0.896475,0.450962,8285.562500
28,0.857059,0.403092,8551.826172
29,0.952797,0.450717,8967.734375
30,0.989131,0.464775,9350.470703
31,0.911701,0.534691,9766.363281
32,0.917915,0.538214,10032.558594
33,0.043933,0.589652,10448.423828
34,0.055709,0.579463,10664.770508
35,0.054148,0.579367,11014.147461
36,0.953487,0.556636,11280.375977
37,0.057974,0.714828,11712.904297
38,0.084595,0.688714,11929.198242
39,0.108914,0.674723,12677.875977
40,0.106521,0.663723,13609.599609
41,0.102076,0.659572,14208.552734
42,0.090628,0.657028,15040.443359
43,0.082632,0.636440,15622.741211
44,0.094906,0.643298,17386.355469
45,0.129371,0.520208,18484.453125
46,0.133348,0.469099,18617.548828
47,0.201815,0.563252,18933.636719
48,0.203146,0.578337,19216.482422
49,0.206466,0.574784,19349.576172
50,0.261705,0.653683,19699.013672
51,0.282723,0.579150,20314.556641
52,0.302875,0.527129,20564.125000
53,0.356929,0.526414,20763.800781
54,0.397428,0.619291,21013.310547
55,0.406955,0.677381,21329.416016
56,0.442484,0.554857,21645.582031
57,0.408007,0.503756,21978.343750
58,0.408796,0.498143,22211.226562
59,0.328450,0.484152,22477.410156
60,0.443733,0.543456,22710.375000
61,0.405935,0.694811,23475.677734
62,0.404194,0.673294,24673.607422
0,0.722267,0.495121,83.169029
1,0.764423,0.520407,332.757080
2,0.785689,0.554074,765.313293
3,0.805988,0.547899,1081.407104
4,0.742984,0.549997,1330.911865
5,0.731615,0.518829,1597.120483
6,0.756018,0.517627,2046.420166
7,0.760419,0.560490,2562.111816
8,0.797523,0.564058,2778.387451
9,0.749175,0.514526,3194.374756
10,0.739930,0.513409,3493.864746
11,0.759716,0.511986,4009.610840
12,0.757482,0.439187,4508.703125
13,0.658355,0.471192,4775.005859
14,0.627673,0.597045,4924.647949
15,0.613154,0.606005,5573.515137
16,0.612264,0.585872,5789.911133
17,0.423639,0.489038,6738.141602
18,0.429754,0.478981,7037.659180
19,0.396439,0.551044,7420.287109
20,0.456285,0.463758,7919.426270
21,0.412686,0.526474,8352.014648
22,0.401510,0.551395,8634.879883
23,0.421499,0.615612,9017.476562
24,0.389050,0.636311,9250.445312
25,0.278857,0.519656,9450.117188
26,0.192464,0.472580,10065.719727
27,0.199659,0.468656,10448.340820
28,0.223228,0.468879,11130.461914
29,0.202765,0.468255,11363.390625
30,0.202203,0.452140,11862.545898
31,0.138108,0.415794,12178.630859
32,0.105561,0.409219,12478.168945
33,0.106159,0.576395,12711.085938
34,0.116031,0.578131,12993.877930
35,0.083297,0.541289,13160.300781
36,0.077582,0.524627,13626.157227
37,0.074164,0.423379,14291.633789
38,0.099118,0.382913,14524.515625
39,0.123355,0.406174,14824.021484
40,0.132417,0.407539,15090.260742
41,0.264565,0.556556,15373.154297
42,0.260428,0.540731,15572.757812
43,0.266724,0.593086,15739.082031
44,0.347368,0.544840,16321.482422
45,0.347703,0.528504,16454.554688
46,0.706679,0.493668,17702.439453
47,0.760129,0.497315,18035.107422
48,0.774388,0.517552,18201.552734
49,0.848702,0.434652,18500.927734
50,0.843044,0.491378,18966.761719
51,0.937387,0.483758,19316.216797
52,0.926299,0.488963,19549.175781
53,0.128137,0.437706,20414.269531
54,0.129146,0.578977,20880.160156
55,0.096175,0.562326,21229.537109
56,0.084675,0.551491,21395.873047
57,0.093304,0.540159,21961.634766
58,0.124980,0.556709,22211.119141
59,0.113196,0.562162,23475.601562
60,0.910449,0.486132,24407.287109
0,0.727263,0.619176,249.567093
1,0.586264,0.632957,1214.556641
2,0.423423,0.823256,1530.706299
3,0.401932,0.800689,1763.564941
4,0.375561,0.606332,2279.349609
5,0.395077,0.551058,2528.927490
6,0.421979,0.497273,2728.575928
7,0.249849,0.626222,3344.169434
8,0.224408,0.629532,3493.931152
9,0.156218,0.678265,3760.114746
10,0.151368,0.566910,4009.687256
11,0.144465,0.702044,4741.721680
12,0.117840,0.670823,5057.846191
13,0.100576,0.641500,5257.451172
14,0.060848,0.707593,5556.953125
15,0.055680,0.647316,5773.298340
16,0.066375,0.598168,6072.735352
17,0.061597,0.446572,6704.956543
18,0.070281,0.410395,6871.307617
19,0.061952,0.611691,7520.213379
20,0.062134,0.584383,7669.950684
21,0.048292,0.577288,7803.055176
22,0.073404,0.563605,8252.234375
23,0.087216,0.558947,8402.061523
24,0.377632,0.505315,9450.125000
25,0.383652,0.491830,9716.379883
26,0.398254,0.473618,9899.338867
27,0.409166,0.596824,10282.045898
28,0.903807,0.467516,11513.247070
29,0.945519,0.440023,12145.491211
30,0.018056,0.438633,12428.345703
31,0.092791,0.526950,12694.544922
32,0.100598,0.433149,12977.322266
33,0.110204,0.569668,13176.964844
34,0.096397,0.572639,13293.498047
35,0.102110,0.562394,13459.790039
36,0.050710,0.482464,13742.671875
37,0.048268,0.454362,13992.185547
38,0.045122,0.422190,14175.257812
39,0.919935,0.456545,14657.711914
40,0.028124,0.460189,14973.822266
41,0.874194,0.426501,15489.610352
42,0.796121,0.410835,16005.348633
43,0.717886,0.485892,16388.064453
44,0.671876,0.490723,16986.962891
45,0.655198,0.499509,17169.960938
46,0.648219,0.498185,17303.062500
47,0.620796,0.491495,17486.082031
48,0.603014,0.483107,17652.564453
49,0.537311,0.508735,17985.253906
50,0.499029,0.474789,18484.361328
51,0.504366,0.474977,18634.083984
52,0.476029,0.470243,18833.777344
53,0.439059,0.470244,19099.929688
54,0.443803,0.466642,19183.125000
55,0.401143,0.460609,19599.080078
56,0.638588,0.608279,20430.929688
57,0.610702,0.620452,20580.771484
58,0.753939,0.502154,21179.736328
59,0.837036,0.574431,21578.955078
60,0.837678,0.597041,21712.025391
61,0.802201,0.514700,22044.804688
62,0.735341,0.481767,22843.390625
63,0.732204,0.495733,22959.896484
64,0.726633,0.505319,23276.007812
65,0.731772,0.425068,23874.927734
66,0.724026,0.421970,23974.767578
0,0.748395,0.498267,316.087036
1,0.761955,0.520614,549.050659
2,0.789882,0.548124,848.516602
3,0.741090,0.548202,1164.697632
4,0.725206,0.546293,1464.092041
5,0.761591,0.533302,1946.652466
6,0.805306,0.559971,2162.887207
7,0.676116,0.519172,2612.186768
8,0.640533,0.586001,2928.179688
9,0.634225,0.619775,3161.110107
10,0.748924,0.261470,3743.428711
11,0.761052,0.221933,3926.535889
12,0.783959,0.299426,4392.385742
13,0.808113,0.358099,4641.986328
14,0.838852,0.429008,4858.205078
15,0.871790,0.449988,5107.751465
16,0.910808,0.494588,5407.210449
17,0.913255,0.502017,5507.088379
18,0.912622,0.518643,5623.511230
19,0.942667,0.468515,5873.114258
20,0.050010,0.486338,6538.634277
21,0.090312,0.531001,6788.117188
22,0.101986,0.619494,7037.666504
23,0.100835,0.599913,7237.325195
24,0.087247,0.582965,7570.069824
25,0.117880,0.593185,8019.326660
26,0.106453,0.592052,9034.192383
27,0.120019,0.598490,9267.176758
28,0.122778,0.571219,9799.554688
29,0.205009,0.523120,10481.714844
30,0.267489,0.584054,11014.083984
31,0.275778,0.584072,11213.753906
32,0.280401,0.583626,11546.484375
33,0.312631,0.547412,11729.473633
34,0.373320,0.612618,12095.503906
35,0.413841,0.633039,12411.641602
36,0.444346,0.580734,12644.534180
37,0.424823,0.688092,13010.564453
38,0.469248,0.565690,13360.059570
39,0.450187,0.546320,13659.445312
40,0.442095,0.616456,14058.793945
41,0.463511,0.661569,14258.456055
42,0.458715,0.661745,14358.255859
43,0.443231,0.686705,14524.636719
44,0.548169,0.699469,14874.044922
45,0.603134,0.678100,15123.551758
46,0.546555,0.534753,15839.000000
47,0.523422,0.518286,16121.834961
48,0.470687,0.508359,16421.279297
49,0.459014,0.507804,16554.400391
50,0.421863,0.510133,16803.958984
51,0.371769,0.557277,17186.619141
52,0.264929,0.565477,17635.837891
53,0.185024,0.530434,17868.765625
54,0.182221,0.510373,18001.859375
55,0.180656,0.497358,18251.423828
56,0.104135,0.462135,18600.816406
57,0.063614,0.443365,18867.003906
58,0.023615,0.461065,19183.128906
59,0.032288,0.502032,19499.244141
60,0.051763,0.480175,19831.996094
61,0.881160,0.497595,20497.486328
62,0.749953,0.536649,21029.888672
63,0.750138,0.532410,21146.380859
64,0.732560,0.546711,21312.740234
65,0.705907,0.510595,21529.058594
66,0.655628,0.508137,21928.316406
67,0.626628,0.601820,22177.906250
68,0.586869,0.498699,22776.847656
69,0.517964,0.495076,23043.054688
70,0.442270,0.557569,23558.849609
71,0.456104,0.724503,23841.677734
72,0.466796,0.793414,24107.869141
73,0.608854,0.875673,24590.351562
74,0.609246,0.903665,24723.451172
0,0.760513,0.530046,482.546692
1,0.695721,0.489183,748.707520
2,0.662967,0.472300,948.408325
3,0.613673,0.600737,1414.258423
4,0.606888,0.675454,1663.713623
5,0.683425,0.755172,1896.638306
6,0.680942,0.704934,2146.253906
7,0.678885,0.690856,2262.662354
8,0.627451,0.500674,2462.353271
9,0.576327,0.508103,2961.504883
10,0.519695,0.523452,3127.941895
11,0.496880,0.521077,3344.171143
12,0.460445,0.527976,3593.711426
13,0.404569,0.563623,4059.556396
14,0.480276,0.615982,4658.478516
15,0.473240,0.542819,4991.232422
16,0.467416,0.520831,5157.683594
17,0.497092,0.483227,5423.814453
18,0.400270,0.555354,6272.333984
19,0.397511,0.586612,6405.429199
20,0.396679,0.604171,7187.485840
21,0.398260,0.592071,7320.598145
22,0.277950,0.617375,7719.829102
23,0.268860,0.534355,7969.420410
24,0.221993,0.543996,8335.456055
25,0.220362,0.516062,8501.807617
26,0.264382,0.594608,8817.882812
27,0.181823,0.528060,9183.928711
28,0.128237,0.606452,9500.042969
29,0.127536,0.553984,9799.541016
30,0.107761,0.469939,10065.808594
31,0.080409,0.464352,10315.305664
32,0.106628,0.457525,10781.107422
33,0.063701,0.453360,11130.551758
34,0.079747,0.436079,11413.432617
35,0.098629,0.633134,11662.948242
36,0.098296,0.595810,11945.780273
37,0.107467,0.494763,12261.987305
38,0.148508,0.484566,12544.805664
39,0.143104,0.565632,12727.755859
40,0.223683,0.515728,12910.734375
41,0.234748,0.496192,13176.973633
42,0.212346,0.495603,13409.885742
43,0.226742,0.511900,13659.433594
44,0.335991,0.517630,14141.962891
45,0.310805,0.501349,14674.329102
46,0.359578,0.506436,15023.778320
47,0.386691,0.513907,15306.628906
48,0.393524,0.502111,15905.602539
49,0.417756,0.502053,16155.088867
50,0.398932,0.517876,16687.458984
51,0.416026,0.497718,17203.240234
52,0.403591,0.486673,17619.164062
53,0.477423,0.507903,17852.173828
54,0.476727,0.514655,18101.744141
55,0.390130,0.604146,18351.228516
56,0.494549,0.522800,18667.404297
57,0.530922,0.495620,19066.708984
58,0.565034,0.520617,19416.076172
59,0.585711,0.563461,19782.173828
60,0.625279,0.631365,20114.851562
61,0.601700,0.674142,20381.017578
62,0.607487,0.732552,20697.185547
63,0.661262,0.748925,20896.800781
64,0.679846,0.651222,21113.113281
65,0.703277,0.510465,22477.375000
66,0.832753,0.502707,23176.156250
67,0.840307,0.550155,23375.775391
68,0.854545,0.513623,23708.548828
69,0.810360,0.558948,23974.769531
70,0.819173,0.527677,24207.666016
71,0.770653,0.414409,24540.449219
0,0.761105,0.532580,366.080200
1,0.370336,0.956251,1497.335571
2,0.402979,0.659968,3111.259521
3,0.412638,0.490732,3360.741211
4,0.411027,0.495950,3510.547363
5,0.438419,0.813167,4342.366699
6,0.426841,0.867649,4525.382812
7,0.406878,0.476034,5190.924316
8,0.419003,0.469288,6455.339355
9,0.391712,0.620764,7370.491211
10,0.392897,0.621754,7470.345215
11,0.410898,0.641887,7786.351074
12,0.500625,0.454626,8568.374023
13,0.752457,0.516322,9649.828125
14,0.696782,0.438433,9882.735352
15,0.813952,0.405750,10298.625977
16,0.702910,0.101188,11030.692383
17,0.718249,0.145801,11696.267578
18,0.913266,0.532027,12511.442383
19,0.131423,0.682432,13509.773438
20,0.108465,0.630305,13692.708008
21,0.079124,0.625998,13875.772461
22,0.105000,0.594390,14191.847656
23,0.211883,0.493733,14990.472656
24,0.093089,0.623152,15522.895508
25,0.094456,0.605161,15672.615234
26,0.093989,0.603559,15905.492188
27,0.109410,0.597399,16055.319336
28,0.292783,0.594356,16704.107422
29,0.291313,0.456335,17020.261719
30,0.181435,0.482897,17319.703125
31,0.196798,0.785659,17902.046875
32,0.897675,0.499455,19100.015625
33,0.827015,0.577008,19399.408203
34,0.811745,0.468108,19698.878906
35,0.816012,0.467211,19865.273438
36,0.804740,0.449678,20031.638672
37,0.724119,0.483226,20630.619141
38,0.755988,0.522718,21079.810547
39,0.660501,0.431616,21961.621094
40,0.434287,0.472829,22843.410156
41,0.388902,0.573879,23309.253906
42,0.379943,0.598338,23608.792969
43,0.408297,0.455518,24290.935547
44,0.385322,0.435671,24457.263672
45,0.269912,0.577881,24973.023438
0,0.824470,0.479117,149.779419
1,0.755348,0.526928,382.667999
2,0.981815,0.449749,1181.300049
3,0.570744,0.580112,2346.015625
4,0.611634,0.665657,2512.336426
5,0.499337,0.506437,2944.934570
6,0.416755,0.518748,3194.455566
7,0.403640,0.628476,3460.648682
8,0.448228,0.715789,3710.247559
9,0.399495,0.592356,4009.666260
10,0.399514,0.574906,4159.517090
11,0.396052,0.560570,4392.403320
12,0.395314,0.568920,4874.805176
13,0.265197,0.574706,5340.694824
14,0.256183,0.575802,5507.053223
15,0.399637,0.585190,5889.708496
16,0.407680,0.569453,6937.945312
17,0.186233,0.533089,7586.797852
18,0.193380,0.529483,7703.232422
19,0.404636,0.595794,8285.531250
20,0.401741,0.597857,8668.205078
21,0.399689,0.588033,8784.683594
22,0.390860,0.589597,9134.043945
23,0.103574,0.462655,10648.093750
24,0.081852,0.614368,10880.996094
25,0.085099,0.607036,11163.822266
26,0.105969,0.599142,11596.419922
27,0.993054,0.440681,12544.758789
28,0.087828,0.428983,12894.152344
29,0.116210,0.587155,13393.272461
30,0.205805,0.534750,13875.788086
31,0.245580,0.614591,14308.329102
32,0.467588,0.498783,15556.164062
33,0.585480,0.501001,15905.572266
34,0.679146,0.514263,16338.128906
35,0.677998,0.513818,16454.595703
36,0.729341,0.504655,16604.324219
37,0.780392,0.470156,17053.556641
38,0.761702,0.534976,17319.750000
39,0.794447,0.589529,17669.132812
40,0.788109,0.610275,18168.259766
41,0.796366,0.597448,18417.869141
42,0.856472,0.454235,18783.843750
43,0.898801,0.440764,19083.335938
44,0.821477,0.476992,19349.511719
45,0.628376,0.621207,19931.845703
46,0.604366,0.675244,20081.580078
47,0.648907,0.483561,20597.347656
48,0.650135,0.470987,20730.472656
49,0.662925,0.481058,20896.822266
50,0.790634,0.558269,21312.789062
51,0.803578,0.556992,21445.857422
52,0.802902,0.555787,21628.910156
53,0.753652,0.530282,22194.558594
54,0.746312,0.532747,22360.955078
55,0.449159,0.598346,23359.226562
56,0.400749,0.626942,23575.478516
57,0.386474,0.610248,23775.146484
58,0.485157,0.527408,24973.044922
0,0.759095,0.521896,332.722870
1,0.753283,0.491429,715.429016
2,0.752210,0.477994,915.063232
3,0.656178,0.538094,1480.713989
4,0.635155,0.591392,1830.151733
5,0.618776,0.639177,2246.079102
6,0.585194,0.662692,2512.231445
7,0.586770,0.664415,2612.104248
8,0.599389,0.692222,2845.014160
9,0.638046,0.655803,3360.774658
10,0.606598,0.650582,3726.775879
11,0.682864,0.674698,4508.800781
12,0.533723,0.525021,4858.193359
13,0.505699,0.498468,5290.730957
14,0.440524,0.551561,5590.249023
15,0.412158,0.545083,6039.459473
16,0.379515,0.585673,6422.074707
17,0.433248,0.650718,6871.299316
18,0.447678,0.703929,7137.529785
19,0.450543,0.693258,7253.974609
20,0.391245,0.594195,7619.984375
21,0.386930,0.612947,7753.082031
22,0.406584,0.533476,8052.588379
23,0.404383,0.511814,8169.055664
24,0.384388,0.471391,8518.436523
25,0.455167,0.480901,8917.776367
26,0.502532,0.496541,9317.014648
27,0.537967,0.491853,9583.224609
28,0.592232,0.489521,10315.278320
29,0.618381,0.485417,10747.875000
30,0.685631,0.497347,11213.708008
31,0.724726,0.506804,11479.948242
32,0.764185,0.543018,11746.129883
33,0.775170,0.539012,12078.893555
34,0.743442,0.546451,12411.639648
35,0.761266,0.548229,12727.720703
36,0.758795,0.551506,12910.737305
37,0.756803,0.557777,13077.140625
38,0.826488,0.523142,13576.248047
39,0.824644,0.518721,13775.902344
40,0.833762,0.474956,13909.006836
41,0.862912,0.449682,14208.467773
42,0.903292,0.450001,14524.641602
43,0.954977,0.441517,14790.809570
44,0.928865,0.493604,15106.912109
45,0.926655,0.500608,15273.311523
46,0.007533,0.459439,15572.776367
47,0.046747,0.451142,15855.618164
48,0.109029,0.428362,16254.917969
49,0.104185,0.419835,16554.378906
50,0.132345,0.429776,16837.250000
51,0.185964,0.429019,17103.412109
52,0.182220,0.437700,17352.996094
53,0.211388,0.440035,17519.376953
54,0.226582,0.435949,18001.847656
55,0.128071,0.567554,18451.080078
56,0.113715,0.576060,18783.806641
57,0.110514,0.571666,18883.632812
58,0.090111,0.579557,19066.632812
59,0.095759,0.566119,19465.966797
60,0.109566,0.551702,20231.283203
61,0.120125,0.538330,20647.390625
62,0.092368,0.553606,21179.626953
63,0.098222,0.545507,21512.367188
64,0.105172,0.535432,22111.335938
65,0.101026,0.537551,22610.457031
66,0.123337,0.524405,23259.324219
67,0.087193,0.493018,23791.726562
68,0.052195,0.468052,24091.242188
69,0.091149,0.448974,24307.496094
70,0.098243,0.384827,24573.685547
0,0.699928,0.483488,16.631939
1,0.735776,0.566614,349.391846
2,0.732285,0.569741,482.525208
3,0.821533,0.516669,715.419617
4,0.556212,0.737722,1464.101929
5,0.579900,0.668800,1730.297974
6,0.499174,0.534635,2246.065430
7,0.503534,0.543300,2429.136963
8,0.505997,0.548579,2578.827148
9,0.419924,0.630424,2811.753906
10,0.371177,0.671657,3394.068848
11,0.419404,0.850314,3793.369873
12,0.408622,0.845726,3992.986572
13,0.372227,0.620932,4259.225586
14,0.376814,0.608741,4359.030762
15,0.411454,0.437231,4608.627930
16,0.394265,0.430714,4841.539062
17,0.387479,0.574028,5207.549805
18,0.390726,0.546259,5423.846191
19,0.392925,0.533073,5623.482422
20,0.388429,0.524854,5706.693359
21,0.407924,0.525374,6222.439941
22,0.402978,0.595232,6871.311523
23,0.389186,0.792446,7769.744629
24,0.388822,0.784766,7869.592773
25,0.344412,0.615783,8135.775879
26,0.265786,0.616227,8352.048828
27,0.236340,0.597908,8684.851562
28,0.232557,0.603258,9017.564453
29,0.156969,0.570075,9383.588867
30,0.208059,0.596297,9882.750977
31,0.205971,0.559913,10049.085938
32,0.110010,0.692237,10431.805664
33,0.089334,0.666302,10648.068359
34,0.092593,0.636555,10864.321289
35,0.063929,0.650028,11097.278320
36,0.080690,0.606861,11513.194336
37,0.096826,0.588534,11746.153320
38,0.263752,0.581507,12611.279297
39,0.712602,0.550325,13875.772461
40,0.713169,0.546672,13975.584961
41,0.745374,0.586541,14191.876953
42,0.822524,0.498519,14591.186523
43,0.083133,0.637059,15589.407227
44,0.100168,0.660454,15922.171875
45,0.084882,0.616304,16155.132812
46,0.070331,0.595024,16288.199219
47,0.077848,0.602830,16571.037109
48,0.082298,0.617447,16670.861328
49,0.093429,0.574751,16903.781250
50,0.116842,0.523461,17319.730469
51,0.118325,0.517816,17419.529297
52,0.112569,0.511892,17719.060547
53,0.087807,0.528041,18101.679688
54,0.088986,0.604446,19199.771484
55,0.083556,0.620945,19366.138672
56,0.107371,0.557103,19665.621094
57,0.108893,0.538048,19815.375000
58,0.103742,0.535286,19948.468750
59,0.108472,0.531616,20181.390625
60,0.080821,0.354255,20697.154297
61,0.923914,0.628018,21395.929688
62,0.911301,0.628907,21662.126953
63,0.853486,0.545809,21845.160156
64,0.856441,0.545686,22044.794922
65,0.833712,0.554431,22227.814453
66,0.807854,0.596633,22427.457031
67,0.807960,0.567406,22627.125000
68,0.774842,0.586654,22993.136719
69,0.771739,0.567558,23159.513672
70,0.692956,0.668725,23359.160156
71,0.801188,0.516409,24057.933594
0,0.757305,0.510529,299.355255
1,0.688280,0.464240,715.270935
2,0.663850,0.481314,948.199951
3,0.826736,0.456746,1713.557129
4,0.847720,0.435074,1896.565430
5,0.828209,0.472032,2229.280273
6,0.922100,0.491009,2512.206299
7,0.945603,0.457176,2728.484131
8,0.964159,0.446202,3011.344971
9,0.927503,0.491797,3327.409668
10,0.966628,0.429132,3543.735840
11,0.995758,0.431685,3776.560547
12,0.097999,0.564982,4042.769531
13,0.115793,0.588812,4192.608398
14,0.132983,0.591170,4408.851074
15,0.125477,0.589745,4591.837891
16,0.105027,0.565887,4774.816895
17,0.116446,0.557459,5107.679199
18,0.086527,0.580750,5373.796875
19,0.111074,0.555772,5656.647949
20,0.211627,0.486457,6222.418457
21,0.281443,0.552128,6538.444824
22,0.290287,0.545056,6771.407715
23,0.234616,0.493851,7270.457031
24,0.330497,0.502776,7520.139160
25,0.405585,0.591541,7736.326660
26,0.419574,0.685968,7952.697754
27,0.442448,0.546464,8268.762695
28,0.439117,0.483435,8534.932617
29,0.434898,0.492185,8618.120117
30,0.463695,0.655191,9233.710938
31,0.404748,0.597672,9483.266602
32,0.877605,0.489260,10414.977539
33,0.793280,0.495253,10697.831055
34,0.602898,0.565755,11429.879883
35,0.576735,0.593628,11662.802734
36,0.552071,0.522036,11928.989258
37,0.526541,0.480491,12145.288086
38,0.469124,0.521241,12511.318359
39,0.542965,0.483490,13110.291016
40,0.716360,0.511507,13725.867188
41,0.764108,0.517862,14191.717773
42,0.710392,0.482001,14740.774414
43,0.700929,0.467958,14857.215820
44,0.916850,0.424482,15772.282227
45,0.941441,0.408779,16021.884766
46,0.987953,0.412963,16321.330078
47,0.055022,0.429329,16753.896484
48,0.079091,0.415231,16936.912109
49,0.105664,0.419334,17286.316406
50,0.132678,0.435726,17602.421875
51,0.155302,0.436167,18001.779297
52,0.153699,0.441786,18118.195312
53,0.173034,0.451201,18367.748047
54,0.164359,0.456928,18883.517578
55,0.104979,0.440359,19299.443359
56,0.024533,0.438562,19798.599609
57,0.995981,0.432918,19964.988281
58,0.814659,0.432403,20996.507812
59,0.813895,0.482976,21262.675781
60,0.748954,0.450080,21662.005859
61,0.737769,0.450286,21961.492188
62,0.692231,0.473010,22260.945312
63,0.657680,0.484820,22427.339844
64,0.663980,0.493672,22626.968750
65,0.678007,0.516910,22793.365234
66,0.658233,0.505245,22943.099609
67,0.663642,0.490826,23159.371094
68,0.665431,0.485991,23342.410156
69,0.759685,0.541391,24473.734375
70,0.752828,0.536691,24573.554688
0,0.733312,0.525698,316.066864
1,0.747915,0.545102,482.477448
2,0.689032,0.515464,731.989258
3,0.646277,0.501401,1114.650879
4,0.616617,0.507016,1380.843872
5,0.593872,0.640432,1663.770752
6,0.446813,0.502898,2129.592285
7,0.410951,0.503692,2412.348633
8,0.373324,0.584718,2578.766846
9,0.385728,0.618122,2745.197266
10,0.406699,0.629859,2928.166504
11,0.415673,0.590934,3377.394287
12,0.759930,0.523538,4641.914062
13,0.736400,0.513095,4824.812012
14,0.848798,0.485175,5024.502930
15,0.041536,0.513164,5839.711426
16,0.054614,0.483780,6006.175781
17,0.098563,0.598296,6172.478516
18,0.141223,0.617846,6505.270508
19,0.204233,0.624742,6771.442383
20,0.208188,0.510741,7120.860352
21,0.274145,0.585199,7836.246094
22,0.201128,0.723881,8285.454102
23,0.290631,0.621989,8535.110352
24,0.276842,0.591433,8718.086914
25,0.279789,0.570550,8984.281250
26,0.258766,0.584267,9317.038086
27,0.195890,0.508382,9982.479492
28,0.077278,0.462557,10415.114258
29,0.082750,0.436484,10581.463867
30,0.008062,0.438741,10814.453125
31,0.955325,0.430646,11064.060547
32,0.659001,0.498140,12378.386719
33,0.817747,0.442546,13326.722656
34,0.820610,0.437152,13443.144531
35,0.857225,0.442268,13709.394531
36,0.952307,0.438495,14241.757812
37,0.992047,0.436167,14524.553711
38,0.068371,0.442310,15040.298828
39,0.105795,0.411801,15439.625000
40,0.053736,0.104386,16288.146484
41,0.693631,0.105044,16870.441406
42,0.783816,0.261712,18500.923828
43,0.798216,0.243668,18850.359375
44,0.785810,0.243243,19282.890625
45,0.794101,0.352265,19782.019531
46,0.675523,0.111107,20264.517578
47,0.789597,0.215139,20464.156250
48,0.679598,0.442909,20896.753906
49,0.665999,0.465355,21029.841797
50,0.668584,0.547345,21212.873047
51,0.687100,0.495622,21944.904297
52,0.643386,0.463319,22344.218750
53,0.505026,0.497353,23126.166016
54,0.463154,0.506832,23508.839844
55,0.404644,0.497118,23775.082031
56,0.446881,0.393232,24257.529297
57,0.480339,0.384105,24457.187500
58,0.328269,0.397917,24972.949219
0,0.735834,0.499377,216.376999
1,0.765337,0.546104,615.582031
2,0.786662,0.595478,815.276672
3,0.793086,0.599640,1031.535522
4,0.795268,0.572647,1397.611450
5,0.769513,0.563718,1563.902954
6,0.785394,0.561293,1830.147949
7,0.905800,0.528273,2362.592529
8,0.923563,0.512328,2528.929688
9,0.936799,0.448784,2711.915771
10,0.830657,0.424008,3111.197998
11,0.838218,0.428767,3294.330078
12,0.807437,0.480109,3893.215820
13,0.758872,0.444901,4176.089355
14,0.793840,0.451276,4675.212891
15,0.769712,0.215481,5024.563477
16,0.761389,0.204742,5174.358398
17,0.862159,0.442814,5756.613281
18,0.881738,0.457240,5956.257812
19,0.949158,0.446897,6289.008789
20,0.975527,0.452341,6621.773438
21,0.028143,0.470296,7137.508789
22,0.083746,0.512946,7636.669434
23,0.095524,0.596964,7852.998047
24,0.093831,0.596534,8102.535645
25,0.104899,0.596508,8468.550781
26,0.112213,0.591258,8768.093750
27,0.202974,0.555154,9183.974609
28,0.208261,0.542051,9333.767578
29,0.121464,0.458072,9766.231445
30,0.395366,0.503264,11729.557617
31,0.376445,0.606709,12012.369141
32,0.397692,0.599958,12195.377930
33,0.303189,0.510388,12461.550781
34,0.225205,0.501299,12744.359375
35,0.266877,0.591357,12960.719727
36,0.265276,0.574516,13210.271484
37,0.426764,0.594027,13909.083984
38,0.419694,0.622196,14208.559570
39,0.467633,0.650175,14757.573242
40,0.481456,0.667641,15073.677734
41,0.589800,0.672632,15273.323242
42,0.617604,0.648438,15506.293945
43,0.611164,0.649143,15705.910156
44,0.505237,0.496972,16438.011719
45,0.388177,0.562580,16953.689453
46,0.391442,0.622109,17120.076172
47,0.407779,0.613225,17352.982422
48,0.401266,0.587346,17652.511719
49,0.404282,0.602456,18218.162109
50,0.412468,0.617594,18451.152344
51,0.387145,0.589960,18767.216797
52,0.271558,0.612915,19166.529297
53,0.254135,0.598469,19316.267578
54,0.262203,0.583902,19649.007812
55,0.279096,0.592020,20198.068359
56,0.258257,0.593751,20580.705078
57,0.244643,0.556330,20796.988281
58,0.592699,0.501833,22344.292969
59,0.503944,0.498287,23009.779297
60,0.583552,0.508031,23475.669922
61,0.629818,0.502144,23775.187500
62,0.694981,0.502528,24041.347656
63,0.764814,0.481818,24507.214844
0,0.758352,0.548933,382.692139
1,0.783308,0.533295,582.319275
2,0.620768,0.699386,931.749390
3,0.605556,0.696126,1247.806641
4,0.616525,0.603117,1447.489990
5,0.620121,0.479291,1746.961548
6,0.531509,0.491608,2562.282227
7,0.502274,0.506822,2795.097168
8,0.556703,0.482526,3194.441895
9,0.709249,0.485661,3726.857910
10,0.813343,0.444772,4292.499512
11,0.834406,0.487611,4891.451660
12,0.829475,0.490375,5007.935059
13,0.818171,0.487876,5240.876465
14,0.986014,0.443751,5673.451660
15,0.912068,0.509652,5939.645508
16,0.111212,0.587237,6522.051270
17,0.124425,0.571536,6954.557129
18,0.126199,0.571110,7104.249512
19,0.119708,0.570156,7237.359375
20,0.109775,0.571473,7753.145996
21,0.118364,0.575970,8318.808594
22,0.173379,0.449946,8817.973633
23,0.108938,0.595876,9350.314453
24,0.113895,0.575239,9699.785156
25,0.109988,0.633961,10298.665039
26,0.214386,0.486299,10631.419922
27,0.295230,0.569582,11180.477539
28,0.275878,0.570338,11330.217773
29,0.428866,0.474621,12411.689453
30,0.411077,0.566386,12578.059570
31,0.224830,0.532568,13343.354492
32,0.218901,0.537158,13493.073242
33,0.177539,0.535549,13726.000000
34,0.184622,0.523472,13809.185547
35,0.019093,0.445437,14674.403320
36,0.940923,0.465391,14907.269531
37,0.072908,0.500510,15306.629883
38,0.112162,0.403305,16105.241211
39,0.105757,0.410018,16254.963867
40,0.107953,0.425250,16571.033203
41,0.223199,0.488064,16870.582031
42,0.394354,0.593288,18384.564453
43,0.634175,0.493174,19299.599609
44,0.621627,0.682089,19599.097656
45,0.623724,0.656828,20064.978516
46,0.634304,0.510064,20264.660156
47,0.695974,0.491466,21146.445312
48,0.732370,0.486721,21445.875000
49,0.763963,0.623585,21994.916016
50,0.661580,0.529692,22227.855469
51,0.654299,0.533228,22327.652344
52,0.664878,0.512722,22593.869141
53,0.658326,0.490742,22776.955078
54,0.668448,0.479777,22959.923828
55,0.653433,0.489995,23309.376953
56,0.644473,0.573334,23642.000000
57,0.713066,0.736916,24706.867188
