Idx, longitude, latitude, start timestamp
0,0.750513,0.499118,366.045197
1,0.746634,0.492583,499.184448
2,0.798454,0.474776,732.022644
3,0.845804,0.479235,1297.807007
4,0.884325,0.474559,1913.364624
5,0.934479,0.464188,2495.589355
6,0.984767,0.488945,2911.587158
7,0.046973,0.516930,3776.698242
8,0.038354,0.505254,3876.583252
9,0.037831,0.493056,4076.300049
10,0.072323,0.496874,4359.125000
11,0.069749,0.487025,4858.228027
12,0.068367,0.476150,4974.545898
13,0.111999,0.500958,5274.161621
14,0.162502,0.518270,6022.782715
15,0.159679,0.517491,6322.294922
16,0.634336,0.474241,7869.543945
17,0.644241,0.470572,7986.064453
18,0.608115,0.459525,8185.619629
19,0.567334,0.462907,8518.443359
20,0.536543,0.485706,8701.386719
21,0.521231,0.736495,9150.616211
22,0.524220,0.777954,9366.967773
23,0.410268,0.793419,9649.783203
24,0.382293,0.760556,9882.741211
25,0.368149,0.483915,10448.357422
26,0.374385,0.462875,10664.732422
27,0.379131,0.458747,10764.495117
28,0.281431,0.522671,11313.684570
29,0.301630,0.489215,11812.735352
30,0.218625,0.461729,12112.092773
31,0.233418,0.512403,12577.907227
32,0.236894,0.520318,12827.604492
33,0.506719,0.492253,14640.991211
34,0.508330,0.503617,14890.655273
35,0.556928,0.485396,15406.365234
36,0.545054,0.491813,16155.003906
37,0.550092,0.492274,16354.668945
38,0.600711,0.469917,16654.089844
39,0.591390,0.474160,16853.845703
40,0.707243,0.477259,18634.046875
41,0.718498,0.582294,18900.166016
42,0.716835,0.579460,19133.179688
43,0.845516,0.915245,23275.859375
0,0.739184,0.518578,332.940460
1,0.810903,0.528010,698.786499
2,0.792599,0.509298,915.165161
3,0.844852,0.524573,1147.938354
4,0.884602,0.535723,1430.772217
5,0.883856,0.524304,1547.401611
6,0.931550,0.513739,1830.156494
7,0.954281,0.510654,2246.008789
8,0.971834,0.522687,2412.424072
9,0.974500,0.506763,2961.638428
10,0.907651,0.491303,3144.560303
11,0.863941,0.497966,3360.747803
12,0.801735,0.507846,3627.046631
13,0.771738,0.527153,3909.919922
14,0.759464,0.492166,4076.303467
15,0.722194,0.507128,4342.450195
16,0.702623,0.507416,4508.866699
17,0.722648,0.506261,4758.397461
18,0.693071,0.509342,4924.730957
19,0.688952,0.511092,5124.418457
20,0.621877,0.485394,5390.647949
21,0.594965,0.486502,5756.679199
22,0.703177,0.575828,6122.628418
23,0.563580,0.503010,6289.010254
24,0.558186,0.712099,6571.841797
25,0.567554,0.726065,6871.324707
26,0.538498,0.756462,7137.616211
27,0.537910,0.780005,7353.821777
28,0.495353,0.819393,7536.848145
29,0.470393,0.826416,7753.061035
30,0.495351,0.750963,8069.213379
31,0.447615,0.762713,8335.471680
32,0.403347,0.774505,8568.332031
33,0.356332,0.734573,8867.870117
34,0.369957,0.734110,9067.459961
35,0.375341,0.743354,9300.477539
36,0.366711,0.758856,9649.859375
37,0.373202,0.771024,9899.425781
38,0.392894,0.797631,10099.026367
39,0.486357,0.732536,10448.456055
40,0.588714,0.762160,11097.299805
41,0.559396,0.486487,11662.977539
42,0.554423,0.481523,11779.480469
43,0.494851,0.480241,12078.958984
44,0.619559,0.504223,12594.651367
45,0.630451,0.516470,12744.415039
46,0.629142,0.516218,13010.695312
47,0.380407,0.483201,15007.157227
48,0.385129,0.484419,15423.157227
49,0.371425,0.353534,15672.612305
50,0.391557,0.627227,16221.751953
51,0.387222,0.678710,16471.189453
52,0.212392,0.491696,17902.070312
53,0.212314,0.613324,18684.128906
54,0.196949,0.523333,18900.316406
55,0.111196,0.522746,19149.906250
56,0.115299,0.512422,19382.814453
57,0.243184,0.497213,20963.425781
58,0.101068,0.521296,22094.806641
59,0.069254,0.521318,22593.896484
60,0.068379,0.582108,22943.244141
61,0.072641,0.654400,23442.378906
62,0.086746,0.520936,24557.134766
0,0.698209,0.791678,-0.057046
1,0.699483,0.710201,216.233078
2,0.659693,0.590229,415.996918
3,0.658086,0.468499,798.524902
4,0.756460,0.520344,1098.151489
5,0.805486,0.499049,1696.891479
6,0.846579,0.512730,2063.022949
7,0.799494,0.476096,2612.006592
8,0.889349,0.512297,3160.992920
9,0.897049,0.499141,3393.962646
10,0.940305,0.503268,3843.185791
11,0.908286,0.517943,4225.912109
12,0.981621,0.516471,4458.786621
13,0.986419,0.505344,4791.529785
14,0.026731,0.525395,5140.955566
15,0.949370,0.586157,5473.636719
16,0.903086,0.494184,5856.268066
17,0.868557,0.473345,6139.128418
18,0.772919,0.483272,6588.388672
19,0.767440,0.471469,6754.777344
20,0.620101,0.481630,7203.871094
21,0.621605,0.480895,7287.159668
22,0.562164,0.471574,7536.708496
23,0.535725,0.474574,7852.758789
24,0.438091,0.480151,8368.619141
25,0.382279,0.475217,8751.200195
26,0.445767,0.489961,9250.269531
27,0.283496,0.466155,9732.891602
28,0.218669,0.466745,10182.036133
29,0.225605,0.463421,10681.125977
30,0.236010,0.457345,11030.496094
31,0.222094,0.470489,11346.625000
32,0.242406,0.479604,11629.498047
33,0.241116,0.558786,11912.305664
34,0.244688,0.510864,12294.972656
35,0.322948,0.494538,12644.283203
36,0.339199,0.342970,13110.141602
37,0.396016,0.471968,13376.412109
38,0.422965,0.490495,13576.066406
39,0.484122,0.663865,14507.722656
40,0.563459,0.493717,15023.500977
41,0.619600,0.490731,15489.322266
42,0.614452,0.466495,16404.355469
43,0.689882,0.331083,17036.554688
44,0.897903,0.486080,18234.552734
45,0.882715,0.481241,18500.636719
46,0.877977,0.480899,18700.248047
47,0.224658,0.524070,23292.261719
48,0.130801,0.492473,23541.742188
49,0.035228,0.473813,24506.689453
0,0.737087,0.489030,316.193787
1,0.750381,0.497436,449.255463
2,0.803740,0.479510,665.575928
3,0.843226,0.472152,915.204651
4,0.900890,0.455979,1331.119385
5,0.895694,0.462323,1430.801880
6,0.938185,0.441104,1863.424561
7,0.982431,0.438746,2196.168457
8,0.842733,0.496268,2894.877197
9,0.816514,0.495979,3077.891846
10,0.818498,0.490716,3194.425293
11,0.762347,0.499760,3360.729248
12,0.739084,0.506439,3543.778564
13,0.642924,0.511989,4042.836426
14,0.589128,0.515348,4508.696777
15,0.577689,0.510322,4641.843750
16,0.587335,0.703147,5157.674805
17,0.558572,0.718927,5473.701172
18,0.508194,0.744604,5823.044922
19,0.487801,0.752824,6056.089355
20,0.423871,0.761586,6455.298340
21,0.395994,0.714168,6688.315918
22,0.372392,0.719843,6954.491211
23,0.346958,0.729860,7070.954590
24,0.405602,0.488295,7386.978027
25,0.397878,0.460912,7520.152832
26,0.455815,0.473241,7802.847656
27,0.526732,0.451684,8102.405762
28,0.572815,0.450942,8302.156250
29,0.607815,0.449897,8601.607422
30,0.635803,0.447372,8917.632812
31,0.664613,0.451345,9183.895508
32,0.657498,0.553514,9366.854492
33,0.634389,0.591597,9516.604492
34,0.590572,0.600337,9799.468750
35,0.490372,0.637290,10415.018555
36,0.451401,0.554720,10581.514648
37,0.450686,0.521599,10764.484375
38,0.545372,0.604482,11280.166016
39,0.474574,0.615417,11712.809570
40,0.453193,0.505129,11945.619141
41,0.395764,0.500043,12328.375977
42,0.409211,0.594398,12611.063477
43,0.305820,0.571925,13060.346680
44,0.224987,0.500818,13559.527344
45,0.231546,0.527001,13925.457031
46,0.261574,0.634328,14391.320312
47,0.249453,0.552103,14940.403320
48,0.248047,0.459831,15206.529297
49,0.125998,0.509459,15772.228516
50,0.083234,0.502822,16038.403320
51,0.084916,0.503773,16171.573242
52,0.043007,0.504259,16337.947266
53,0.007627,0.496734,16653.974609
54,0.003305,0.522758,16886.970703
55,0.008153,0.543586,17103.244141
56,0.056000,0.486690,17319.488281
57,0.096821,0.505869,17635.667969
58,0.092337,0.549439,17868.589844
59,0.087264,0.592241,18084.822266
60,0.080194,0.615627,18251.148438
61,0.076033,0.627278,18417.642578
62,0.076099,0.623130,18617.134766
63,0.113840,0.464309,19582.105469
64,0.139370,0.471883,19998.095703
65,0.194264,0.496912,20247.599609
66,0.221882,0.503851,20430.761719
67,0.399064,0.795724,22526.898438
68,0.413032,0.455805,23259.037109
69,0.403040,0.626795,23758.156250
0,0.801257,0.770339,49.829681
1,0.037903,0.457127,1264.486694
2,0.095244,0.486405,1647.102539
3,0.130638,0.485629,1963.232788
4,0.166865,0.534058,2246.125488
5,0.137036,0.664244,2478.914307
6,0.085571,0.777226,2678.673584
7,0.087846,0.790364,2828.421631
8,0.993403,0.769301,3011.452637
9,0.998122,0.775718,3211.107666
10,0.579250,0.552156,4408.978027
11,0.427663,0.506340,5190.886719
12,0.378014,0.476632,5490.380859
13,0.409157,0.826966,6455.418457
14,0.383485,0.814908,7037.876465
15,0.480988,0.837717,7553.552734
16,0.521591,0.745397,8634.923828
17,0.461817,0.749048,8851.207031
18,0.389658,0.684886,9034.208008
19,0.391398,0.653374,9516.788086
20,0.337977,0.722551,9832.888672
21,0.393234,0.592845,10148.944336
22,0.299024,0.833985,10814.446289
23,0.438147,0.750941,11513.205078
24,0.936084,0.368040,18051.888672
25,0.939865,0.370733,18301.388672
26,0.854644,0.731828,19465.976562
27,0.819753,0.761834,20015.050781
28,0.903418,0.503395,21445.824219
29,0.940384,0.572667,22111.443359
30,0.941582,0.579392,22377.566406
31,0.213380,0.453169,24290.865234
0,0.748129,0.485896,282.868103
1,0.792828,0.447694,615.643005
2,0.877052,0.446482,1430.939331
3,0.813886,0.479345,1896.736694
4,0.743975,0.193509,2362.585205
5,0.664603,0.185526,2562.239990
6,0.657920,0.165873,2728.617920
7,0.578638,0.216431,3011.545166
8,0.613351,0.484288,3427.318115
9,0.625268,0.490594,3610.335693
10,0.568776,0.150502,4009.731689
11,0.553954,0.127809,4159.412598
12,0.521374,0.207514,5141.056152
13,0.522934,0.218007,5240.890625
14,0.524353,0.372274,5556.894043
15,0.539800,0.507827,5773.256348
16,0.593136,0.500165,6022.875977
17,0.496272,0.734257,6754.914062
18,0.508157,0.731114,6904.659180
19,0.431989,0.746211,7154.099609
20,0.459660,0.486141,7453.646973
21,0.499412,0.473311,7686.711914
22,0.554584,0.461815,7985.964844
23,0.497262,0.493600,8252.240234
24,0.498500,0.485467,8668.209961
25,0.502335,0.499847,9017.623047
26,0.549281,0.469180,9217.187500
27,0.435925,0.499261,10082.357422
28,0.389262,0.480680,10381.852539
29,0.390058,0.471566,10531.590820
30,0.395760,0.526951,10897.645508
31,0.436633,0.602294,11380.065430
32,0.397606,0.700624,11563.146484
33,0.451221,0.478002,12211.937500
34,0.386954,0.468026,12478.203125
35,0.389970,0.455414,12578.108398
36,0.287118,0.501318,13077.142578
37,0.220920,0.484539,13576.228516
38,0.219675,0.550233,14092.057617
39,0.232339,0.462287,14840.738281
40,0.228645,0.538815,15323.246094
41,0.267476,0.597006,15556.088867
42,0.080022,0.516606,16005.334961
43,0.137468,0.492140,16421.328125
44,0.088858,0.515098,16837.294922
45,0.095677,0.527065,16986.949219
46,0.083368,0.497107,17219.927734
47,0.038232,0.506429,17486.074219
48,0.042994,0.503057,17635.861328
49,0.038425,0.515190,17852.042969
50,0.060440,0.508945,18068.421875
51,0.141157,0.504472,18550.978516
52,0.134832,0.512080,18733.929688
53,0.153589,0.638629,19016.798828
54,0.141127,0.642170,19233.037109
55,0.124696,0.508922,19449.320312
56,0.183246,0.479143,19998.388672
57,0.996021,0.514291,20547.402344
58,0.948361,0.489897,20797.068359
59,0.890364,0.492034,21578.900391
60,0.901090,0.479078,21728.652344
61,0.957422,0.467849,22094.728516
62,0.970879,0.466715,22377.554688
63,0.025816,0.479539,22710.234375
64,0.034448,0.494004,22976.509766
65,0.030034,0.510509,23176.117188
66,0.899009,0.882109,24656.777344
0,0.745574,0.454935,249.599411
1,0.794454,0.432455,532.483826
2,0.811358,0.428804,665.507507
3,0.841360,0.442539,815.248169
4,0.894006,0.452549,1331.155518
5,0.886931,0.445067,1563.983887
6,0.937159,0.441902,1830.238647
7,0.937473,0.431765,1929.947021
8,0.932099,0.424132,2129.577393
9,0.982731,0.448962,2379.221680
10,0.033449,0.479374,2878.292969
11,0.047228,0.477009,3277.720459
12,0.074782,0.474637,3444.136719
13,0.116868,0.485837,3876.535645
14,0.118734,0.487034,4009.707031
15,0.158471,0.502747,4342.453613
16,0.163863,0.495540,4492.167480
17,0.158577,0.475002,4691.797852
18,0.199270,0.477370,4891.556641
19,0.197895,0.463757,4991.316895
20,0.267566,0.468417,5357.279785
21,0.261852,0.472998,5490.421875
22,0.322182,0.518334,6105.994141
23,0.254681,0.459936,6471.981445
24,0.252691,0.460684,6555.285156
25,0.230043,0.564049,6771.495605
26,0.134589,0.464788,7237.364258
27,0.138309,0.478692,7337.297363
28,0.092519,0.502495,7570.089355
29,0.058442,0.461233,7902.899414
30,0.062269,0.447506,8052.601074
31,0.956786,0.421826,8767.984375
32,0.022368,0.454163,8967.752930
33,0.875014,0.436395,9267.174805
34,0.866990,0.438403,9450.186523
35,0.817206,0.442622,9699.739258
36,0.798083,0.454277,9899.352539
37,0.739330,0.468279,10714.628906
38,0.635992,0.451724,11063.966797
39,0.607911,0.442154,11346.829102
40,0.577015,0.439493,11662.918945
41,0.546497,0.451843,12028.976562
42,0.593198,0.436619,12827.530273
43,0.498750,0.461204,13143.616211
44,0.444478,0.456320,13493.137695
45,0.391628,0.438022,13992.265625
46,0.388801,0.420122,14125.294922
47,0.299811,0.486012,14790.919922
48,0.295473,0.456234,14940.630859
49,0.393615,0.777759,15339.929688
50,0.426814,0.829638,15622.740234
51,0.441420,0.839540,15855.613281
52,0.337711,0.733076,16471.222656
53,0.536927,0.685838,17669.062500
54,0.622515,0.741495,18168.160156
55,0.650187,0.483169,20647.279297
56,0.706142,0.524045,21029.843750
57,0.930871,0.408086,23309.167969
58,0.982089,0.428551,23608.669922
59,0.986746,0.427678,23808.324219
0,0.775386,0.511093,49.950676
1,0.762080,0.483501,299.465424
2,0.809060,0.469690,898.447449
3,0.856918,0.483983,1197.930420
4,0.638485,0.464478,1713.693359
5,0.603946,0.457883,1996.552856
6,0.530155,0.479327,2479.084473
7,0.532065,0.477814,2628.753174
8,0.487604,0.502083,2795.162109
9,0.431338,0.523655,3177.764160
10,0.431497,0.519006,3294.225586
11,0.382650,0.493293,3660.248047
12,0.380510,0.484606,3843.267578
13,0.400216,0.734390,4192.697266
14,0.453411,0.745494,4475.507812
15,0.572461,0.681535,5390.583008
16,0.281079,0.506797,5972.926758
17,0.215435,0.518194,6288.988770
18,0.219238,0.492083,6555.242676
19,0.225733,0.550772,6804.778320
20,0.237200,0.455936,7070.965820
21,0.245179,0.447823,7703.183105
22,0.117836,0.523435,8052.581543
23,0.079158,0.532689,8252.238281
24,0.080137,0.544598,8401.978516
25,0.129904,0.512833,8801.283203
26,0.156942,0.631419,9183.925781
27,0.433409,0.471949,10365.208008
28,0.480332,0.498761,10697.981445
29,0.525583,0.489547,10930.890625
30,0.572104,0.475801,11280.266602
31,0.567110,0.475620,11596.399414
32,0.609149,0.469442,11829.317383
33,0.641213,0.469985,12045.602539
34,0.671294,0.476430,12345.078125
35,0.675441,0.475914,12661.227539
36,0.768680,0.491718,13010.608398
37,0.761228,0.488495,13293.433594
38,0.756163,0.489656,13476.441406
39,0.761137,0.483634,13709.376953
40,0.893712,0.496442,13925.692383
41,0.940338,0.490307,14491.327148
42,0.990124,0.503482,14923.911133
43,0.992792,0.497326,15140.195312
44,0.033257,0.517177,15356.479492
45,0.068066,0.541271,15606.062500
46,0.067314,0.537160,15988.737305
47,0.112811,0.562232,16188.392578
48,0.088423,0.635151,16670.865234
49,0.552102,0.733217,18201.505859
50,0.556577,0.728947,18301.394531
51,0.482237,0.775811,18617.449219
52,0.585479,0.748134,18800.476562
53,0.625248,0.716220,19133.246094
54,0.524513,0.736322,19349.527344
55,0.416344,0.762808,19599.066406
56,0.398510,0.762606,19815.371094
57,0.443751,0.754096,20064.958984
58,0.387699,0.702113,20414.328125
59,0.379659,0.711554,20796.998047
60,0.330608,0.758909,21063.179688
61,0.326178,0.762506,21163.021484
62,0.334103,0.736566,21279.496094
63,0.510734,0.727845,21712.058594
64,0.480742,0.717334,21895.095703
65,0.509977,0.473015,22444.132812
66,0.561456,0.461926,22627.105469
67,0.639901,0.300583,23059.726562
68,0.670948,0.295790,23226.078125
69,0.537681,0.475019,23708.609375
70,0.588669,0.480000,24157.787109
71,0.635900,0.478951,24407.337891
0,0.697030,0.537112,116.454918
1,0.640025,0.520179,366.000153
2,0.631222,0.464301,565.671265
3,0.603994,0.459313,815.249390
4,0.566323,0.464859,1131.365234
5,0.564602,0.461814,1364.290161
6,0.533548,0.485066,1663.760254
7,0.485522,0.510577,2246.093750
8,0.482870,0.506435,2445.764648
9,0.542275,0.762666,2728.569336
10,0.499252,0.827918,3111.243408
11,0.485500,0.835707,3360.811768
12,0.456870,0.832850,3527.176025
13,0.433973,0.840799,3809.982422
14,0.379473,0.796706,3976.380371
15,0.387943,0.456460,4492.134766
16,0.380981,0.416839,4658.616699
17,0.442833,0.453157,4908.108887
18,0.502726,0.490125,5240.887207
19,0.506230,0.496297,5357.325195
20,0.473711,0.505906,5623.494141
21,0.450666,0.498975,5856.487305
22,0.378963,0.458047,6089.337891
23,0.360444,0.463758,6305.656738
24,0.351992,0.476889,6555.196289
25,0.358303,0.491077,6838.023438
26,0.337951,0.495661,7137.509766
27,0.293970,0.488167,7470.312500
28,0.290350,0.467116,7620.017090
29,0.224238,0.447567,8268.854492
30,0.220750,0.438328,8535.128906
31,0.221335,0.431054,8651.631836
32,0.226354,0.574003,8851.218750
33,0.277267,0.685065,9067.514648
34,0.221602,0.700884,9317.093750
35,0.193430,0.529022,9649.853516
36,0.177879,0.503828,9799.518555
37,0.142875,0.482937,10082.422852
38,0.120176,0.483353,10248.756836
39,0.162548,0.502986,10498.291016
40,0.167918,0.507876,10648.059570
41,0.122020,0.502077,11097.252930
42,0.082695,0.488223,11330.264648
43,0.055762,0.490986,12245.293945
44,0.042298,0.473764,12528.087891
45,0.996292,0.461266,13310.143555
46,0.996648,0.463236,13726.034180
47,0.957027,0.435276,14191.916992
48,0.951736,0.417741,14341.589844
49,0.978823,0.466480,14607.791992
50,0.022739,0.518649,15023.723633
51,0.933727,0.459568,15489.564453
52,0.904993,0.426636,15639.340820
53,0.903463,0.402558,15822.377930
54,0.883202,0.427479,16071.987305
55,0.861222,0.421559,16238.311523
56,0.865451,0.398931,16454.556641
57,0.845602,0.402030,16853.886719
58,0.820477,0.380022,17219.927734
59,0.821549,0.372733,17336.353516
60,0.783157,0.405526,17635.828125
61,0.774129,0.376811,17818.884766
62,0.735211,0.414110,18584.257812
63,0.783008,0.409585,19033.369141
64,0.846033,0.492767,19698.945312
65,0.824780,0.665338,19948.433594
66,0.826768,0.735468,20114.832031
67,0.002614,0.216776,20880.193359
68,0.055896,0.253542,21096.480469
69,0.098918,0.286478,21479.134766
70,0.094785,0.520984,21761.974609
71,0.103564,0.550682,21911.708984
72,0.212405,0.277282,22410.835938
73,0.259779,0.259681,22593.818359
74,0.284558,0.209899,22810.214844
75,0.434272,0.795374,23508.904297
76,0.527907,0.869781,23775.193359
77,0.753415,0.734017,24590.396484
78,0.782892,0.724868,24790.025391
0,0.482819,0.372109,4525.423340
1,0.413570,0.860130,5340.572266
2,0.363407,0.762717,5773.250000
3,0.327363,0.867174,5972.871094
4,0.417595,0.811008,6222.464844
5,0.403344,0.787655,6605.061523
6,0.337797,0.667549,6954.434082
7,0.351934,0.605726,7203.984375
8,0.331414,0.730382,7486.841309
9,0.400483,0.463070,8152.353027
10,0.413777,0.396978,8934.318359
11,0.457594,0.350548,9333.663086
12,0.449818,0.378435,10015.717773
13,0.445280,0.390965,10115.629883
14,0.429648,0.400619,10348.503906
15,0.422442,0.404761,10531.606445
16,0.590151,0.600522,11263.611328
17,0.585902,0.603710,11446.604492
18,0.486880,0.761020,11729.455078
19,0.221986,0.490437,12478.146484
20,0.218777,0.455838,12627.899414
21,0.208809,0.406718,13110.316406
22,0.202690,0.393614,13226.847656
23,0.151130,0.424516,13443.070312
24,0.164932,0.336188,14291.691406
25,0.073191,0.434440,14474.692383
26,0.063330,0.401785,14591.058594
27,0.018467,0.411706,15040.355469
28,0.968655,0.498429,15556.068359
29,0.930490,0.561627,16071.835938
30,0.928364,0.524579,16338.005859
31,0.869407,0.454725,17003.556641
32,0.787708,0.492942,17652.447266
33,0.037714,0.373771,18983.423828
34,0.468382,0.400292,20813.562500
35,0.466603,0.413926,20930.072266
36,0.632141,0.341407,21362.566406
37,0.640027,0.346450,21545.640625
38,0.638301,0.357118,21628.765625
39,0.751594,0.342442,21944.992188
40,0.057206,0.409346,24523.755859
41,0.052348,0.424983,24690.167969
42,0.008582,0.444624,24989.574219
0,0.786375,0.461472,765.285706
1,0.902075,0.488544,1330.987549
2,0.934218,0.495046,1514.100220
3,0.605837,0.470728,2695.297607
4,0.578153,0.470308,2961.544189
5,0.540978,0.485812,3277.585205
6,0.493389,0.484608,3643.635742
7,0.439839,0.481389,4009.653809
8,0.395957,0.464325,4325.746582
9,0.528249,0.787475,5074.436523
10,0.509003,0.799867,5357.308105
11,0.468794,0.731538,5590.223633
12,0.452247,0.727397,5939.614258
13,0.375841,0.692224,6122.621582
14,0.387543,0.696274,6272.327637
15,0.352383,0.743254,6488.692871
16,0.279942,0.505044,6738.215332
17,0.222050,0.504025,7037.713867
18,0.225686,0.492227,7353.901367
19,0.124087,0.526455,7653.276367
20,0.128019,0.520272,7753.065430
21,0.082159,0.513862,8368.732422
22,0.045206,0.489721,8967.746094
23,0.014959,0.499182,9416.875000
24,0.009177,0.485646,9566.619141
25,0.204959,0.518625,10115.653320
26,0.238720,0.518093,10265.360352
27,0.260728,0.482579,10548.218750
28,0.313045,0.518947,10847.774414
29,0.402452,0.775607,11862.599609
30,0.402788,0.714422,12228.669922
31,0.489449,0.794149,12528.093750
32,0.529085,0.798908,12727.798828
33,0.577825,0.754655,13210.197266
34,0.613438,0.707497,13709.333984
35,0.609729,0.702568,13942.287109
36,0.581702,0.678934,14125.272461
37,0.585750,0.671278,14491.345703
38,0.587049,0.679185,14707.636719
39,0.578878,0.694592,14840.795898
40,0.512640,0.732101,15090.266602
41,0.468645,0.772885,15373.157227
42,0.462863,0.756407,15589.383789
43,0.389659,0.734560,15955.463867
44,0.400579,0.737048,16071.912109
45,0.395864,0.708201,16304.878906
46,0.591466,0.455749,17036.884766
47,0.653062,0.486784,17236.494141
48,0.748924,0.530915,17552.619141
49,0.757119,0.530231,17768.939453
50,0.793076,0.508765,18201.492188
51,0.850960,0.510700,19066.683594
52,0.836368,0.501542,19233.046875
53,0.887891,0.486897,19549.246094
54,0.931446,0.466652,20430.919922
55,0.764997,0.548207,20880.160156
56,0.729655,0.517892,21063.181641
57,0.738698,0.510325,21212.978516
0,0.750410,0.436537,149.688065
1,0.772235,0.499000,332.739197
2,0.801273,0.489003,515.797668
3,0.847116,0.501136,782.057922
4,0.856056,0.490169,964.983276
5,0.893058,0.476670,1197.869141
6,0.940554,0.461759,1530.714111
7,0.935226,0.455647,1697.102783
8,0.987005,0.476426,1930.001587
9,0.805524,0.443706,2445.727051
10,0.641416,0.436309,3177.854492
11,0.544095,0.761406,3593.713135
12,0.550773,0.420223,3909.794678
13,0.546210,0.429585,4042.949463
14,0.499860,0.787785,4508.741211
15,0.422301,0.808798,4758.372559
16,0.386607,0.722763,4991.363281
17,0.419929,0.450188,5207.562500
18,0.451799,0.481222,5507.028809
19,0.292824,0.454611,6239.159668
20,0.302382,0.455532,6355.544922
21,0.399932,0.670955,6588.435547
22,0.385009,0.797144,6854.653809
23,0.379461,0.790223,7070.981445
24,0.320106,0.804097,7220.703613
25,0.273734,0.505597,7486.903809
26,0.228079,0.410013,7736.505371
27,0.234018,0.399541,8019.310547
28,0.236648,0.406944,8119.169434
29,0.238584,0.426578,8252.257812
30,0.125410,0.475883,8668.143555
31,0.125046,0.472315,8901.131836
32,0.093219,0.461679,9067.462891
33,0.042844,0.438687,10082.351562
34,0.058973,0.451225,10381.803711
35,0.011495,0.443315,11047.364258
36,0.967231,0.414639,11280.288086
37,0.925270,0.396921,12095.494141
38,0.868634,0.417186,12611.353516
39,0.926649,0.444884,13226.838867
40,0.838286,0.442533,13592.865234
41,0.824091,0.416646,13842.433594
42,0.779180,0.398408,14125.345703
43,0.792930,0.429981,14674.338867
44,0.752218,0.448315,15522.842773
45,0.257899,0.995691,17036.843750
46,0.642812,0.431366,17818.863281
47,0.614068,0.403104,18234.785156
48,0.656833,0.437621,18534.238281
49,0.658673,0.457855,18733.900391
50,0.627101,0.435737,19000.109375
51,0.582714,0.430982,19299.580078
52,0.557071,0.778684,19782.074219
53,0.588619,0.760745,20164.734375
54,0.506145,0.840323,20713.791016
55,0.515603,0.711484,21079.777344
56,0.572408,0.596766,21529.005859
57,0.633377,0.622416,21994.871094
58,0.716669,0.571343,22277.699219
59,0.737976,0.593454,22577.167969
60,0.837290,0.478958,23059.656250
61,0.829519,0.471044,23159.476562
62,0.818083,0.464647,23259.341797
63,0.732418,0.508065,23525.507812
64,0.598888,0.493266,24324.134766
65,0.539107,0.440739,24640.253906
0,0.757756,0.523718,332.794098
1,0.805436,0.469835,598.981079
2,0.851839,0.516423,1064.776611
3,0.899260,0.525024,1530.596558
4,0.893782,0.527448,1630.482422
5,0.934014,0.498638,1780.261597
6,0.981636,0.477505,2229.364990
7,0.870015,0.541167,2595.507080
8,0.875276,0.524916,2711.860107
9,0.886754,0.705265,3477.234131
10,0.887304,0.703302,3593.690430
11,0.571233,0.556426,4608.540527
12,0.557677,0.554311,4824.875000
13,0.515413,0.593866,5074.447266
14,0.641192,0.510363,6122.564453
15,0.650572,0.543342,6355.527344
16,0.396760,0.494486,7703.215332
17,0.406735,0.554843,7952.727051
18,0.424316,0.741296,8351.969727
19,0.419907,0.787592,8585.063477
20,0.421471,0.759671,8784.624023
21,0.475226,0.730677,9134.021484
22,0.479522,0.651688,9433.470703
23,0.458594,0.514351,9683.021484
24,0.459957,0.540518,9832.690430
25,0.459980,0.529324,10531.650391
26,0.398582,0.516277,10764.424805
27,0.416536,0.815242,11496.573242
28,0.402253,0.761422,11662.904297
29,0.476486,0.826300,11879.190430
30,0.162260,0.558327,14474.641602
31,0.269602,0.522560,14890.647461
32,0.264333,0.467519,15123.560547
33,0.334706,0.500949,15456.286133
34,0.420685,0.485073,16071.879883
35,0.099873,0.072399,16920.365234
36,0.017921,0.122383,17103.361328
37,0.943801,0.120647,17286.337891
38,0.891142,0.159875,17602.460938
39,0.782703,0.528830,19183.048828
40,0.739321,0.575309,19349.511719
41,0.746474,0.553053,19632.285156
42,0.642391,0.500000,20181.261719
43,0.588529,0.535393,20647.121094
44,0.619730,0.823475,22394.097656
45,0.607035,0.831355,22593.769531
46,0.592948,0.561905,23841.585938
47,0.589811,0.550786,24041.216797
48,0.591525,0.544230,24290.875000
49,0.633748,0.543330,24540.294922
50,0.629486,0.552132,24773.292969
51,0.628428,0.600617,24923.042969
0,0.649607,0.364033,715.393799
1,0.758155,0.450858,965.007080
2,0.798041,0.444441,1380.904297
3,0.845212,0.480499,1996.464966
4,0.835717,0.487939,2246.029053
5,0.751931,0.435444,2795.158203
6,0.718862,0.426060,3194.449219
7,0.652361,0.386188,3410.669189
8,0.617356,0.367522,3710.139404
9,0.610612,0.363660,4242.585938
10,0.573353,0.362971,4475.527832
11,0.559280,0.358621,4641.873047
12,0.544841,0.360091,4774.976562
13,0.521270,0.345890,4991.244141
14,0.480032,0.344426,5640.145020
15,0.560917,0.759207,6338.958984
16,0.411323,0.838829,7337.202148
17,0.403520,0.818305,7520.224609
18,0.390436,0.375653,8385.314453
19,0.260838,0.389580,9267.228516
20,0.353522,0.687595,9982.561523
21,0.353820,0.776620,10132.250977
22,0.351202,0.790758,10448.371094
23,0.350934,0.781978,10631.389648
24,0.347634,0.801723,10814.419922
25,0.231946,0.762074,11097.333008
26,0.217675,0.862053,11363.458984
27,0.240052,0.944312,11579.791992
28,0.438416,0.946990,12062.243164
29,0.470086,0.953161,12211.990234
30,0.134074,0.585546,12594.654297
31,0.066459,0.426271,13243.540039
32,0.094842,0.434834,13659.458008
33,0.051162,0.442834,14008.851562
34,0.004586,0.436308,14441.425781
35,0.005375,0.438901,14524.611328
36,0.011928,0.443646,14657.724609
37,0.060044,0.466217,14957.156250
38,0.954467,0.425470,15522.868164
39,0.876001,0.398856,15905.554688
40,0.816158,0.383849,16338.163086
41,0.791082,0.396360,16903.757812
42,0.877826,0.402946,17802.207031
43,0.882104,0.396072,17918.632812
44,0.906590,0.425695,18151.666016
45,0.927164,0.408400,18634.111328
46,0.932501,0.404399,18833.720703
47,0.927576,0.401597,18983.453125
48,0.970813,0.418132,19149.853516
49,0.966730,0.422467,19449.312500
50,0.018491,0.442834,19831.960938
51,0.023295,0.443027,19998.351562
52,0.021922,0.446599,20098.189453
53,0.068244,0.473952,20397.667969
54,0.074331,0.485247,20580.667969
55,0.107291,0.520941,21146.343750
56,0.106908,0.509773,21246.169922
57,0.106171,0.474997,21412.541016
58,0.154878,0.479968,21928.322266
59,0.150675,0.480147,22127.953125
60,0.143512,0.652638,22444.064453
61,0.142144,0.653340,22743.541016
62,0.145502,0.456145,23043.019531
63,0.254986,0.422211,23525.515625
64,0.253437,0.528197,24091.207031
65,0.232286,0.748329,24423.951172
66,0.242620,0.530829,24723.441406
67,0.245210,0.434762,24972.984375
0,0.752933,0.495617,366.036285
1,0.783936,0.497925,865.160156
2,0.602460,0.492671,1380.912842
3,0.532122,0.526140,2329.269043
4,0.522647,0.537800,2495.652344
5,0.581908,0.707167,2878.331299
6,0.531007,0.750359,3077.989014
7,0.429422,0.809535,3493.895020
8,0.392892,0.796276,3760.131104
9,0.379655,0.793675,3943.153076
10,0.376178,0.745721,4242.650879
11,0.386321,0.725303,4458.894531
12,0.338022,0.753221,4824.929688
13,0.337335,0.761618,5107.776855
14,0.292735,0.491434,5623.519531
15,0.304878,0.547085,6122.733398
16,0.414452,0.479236,6455.476074
17,0.408105,0.592574,7004.521484
18,0.400205,0.626256,7204.116211
19,0.400764,0.546807,7753.095215
20,0.403299,0.462730,7986.048828
21,0.461046,0.499497,8435.270508
22,0.452371,0.629783,9034.201172
23,0.511464,0.497211,9317.073242
24,0.498999,0.638618,10032.467773
25,0.500479,0.613089,10248.766602
26,0.500724,0.505965,10664.725586
27,0.500378,0.477207,10814.472656
28,0.497685,0.480258,11463.290039
29,0.490447,0.604985,11729.499023
30,0.488026,0.639801,11912.511719
31,0.497085,0.491645,12445.012695
32,0.552071,0.479999,12727.748047
33,0.499719,0.475486,13093.864258
34,0.618710,0.476083,13543.043945
35,0.590148,0.468173,13809.226562
36,0.629691,0.473526,13975.681641
37,0.753959,0.499789,14624.474609
38,0.794815,0.487435,14973.839844
39,0.785294,0.482790,15140.207031
40,0.834721,0.491458,15356.520508
41,0.941578,0.486841,15972.138672
42,0.929578,0.483899,16088.571289
43,0.863255,0.471788,16304.835938
44,0.029670,0.505948,17186.667969
45,0.078788,0.502385,17502.738281
46,0.071363,0.498919,17635.839844
47,0.068750,0.500205,17852.152344
48,0.071052,0.662423,18151.611328
49,0.057999,0.679795,18384.527344
50,0.051373,0.667319,18634.083984
51,0.154069,0.484378,18950.210938
52,0.092466,0.510639,19282.964844
53,0.098684,0.496030,19449.355469
54,0.047113,0.497555,19981.750000
55,0.000443,0.521223,20663.892578
56,0.018335,0.690907,21229.558594
57,0.017593,0.671395,21479.152344
58,0.015852,0.645393,21728.677734
59,0.014786,0.596661,21978.238281
60,0.004299,0.501566,22460.759766
61,0.004324,0.469561,22860.039062
62,0.950312,0.480432,23176.179688
63,0.902287,0.491729,23874.921875
64,0.987076,0.590070,24241.000000
65,0.981747,0.577094,24407.369141
0,0.744156,0.425016,282.881287
1,0.839325,0.451238,748.733765
2,0.835547,0.450984,898.505920
3,0.794828,0.427078,1064.861084
4,0.788237,0.421815,1197.968628
5,0.739508,0.448036,1380.974365
6,0.697329,0.450461,1630.580200
7,0.630000,0.429348,2129.677734
8,0.606094,0.420441,2379.183350
9,0.645130,0.416481,2678.701416
10,0.649942,0.420279,2878.325928
11,0.573332,0.420650,3111.294434
12,0.534614,0.431757,3344.222168
13,0.532925,0.436832,3493.916992
14,0.481506,0.452194,3760.102539
15,0.480828,0.453552,4192.715332
16,0.439933,0.447793,4409.033203
17,0.503541,0.445814,4691.913574
18,0.619864,0.437297,5590.227051
19,0.628155,0.431737,5756.635254
20,0.586834,0.426161,5939.662109
21,0.596563,0.454226,6172.575684
22,0.619911,0.424508,6305.744141
23,0.662470,0.444995,6505.333984
24,0.590097,0.744480,6821.430176
25,0.555358,0.782459,6971.227051
26,0.495036,0.811606,7220.763672
27,0.535242,0.730558,7503.594238
28,0.555350,0.712480,7686.606445
29,0.584709,0.766147,7902.979980
30,0.497895,0.801613,8219.004883
31,0.434130,0.794400,8551.787109
32,0.421485,0.788861,8768.072266
33,0.462134,0.730303,9117.436523
34,0.387015,0.699381,9566.642578
35,0.392532,0.688721,9999.330078
36,0.395206,0.419497,10315.380859
37,0.393237,0.372886,10448.418945
38,0.452586,0.392640,10731.297852
39,0.516195,0.418972,10964.280273
40,0.566358,0.437051,11446.722656
41,0.450296,0.435655,11895.888672
42,0.396973,0.397952,12428.309570
43,0.287840,0.428506,13127.050781
44,0.416395,0.476531,13925.726562
45,0.298999,0.431126,14325.002930
46,0.288386,0.433338,14474.737305
47,0.293238,0.436423,14574.546875
48,0.225212,0.417719,14874.014648
49,0.216118,0.522528,15522.871094
50,0.232720,0.438126,15872.316406
51,0.237805,0.424089,15972.158203
52,0.202461,0.443843,16138.567383
53,0.115149,0.464569,16388.019531
54,0.079919,0.462170,16654.242188
55,0.081035,0.514573,17020.300781
56,0.080330,0.528498,17136.730469
57,0.088292,0.458436,17519.464844
58,0.043904,0.448536,17685.761719
59,0.044485,0.443344,17902.109375
60,0.998962,0.444952,18085.148438
61,0.947392,0.432727,18484.486328
62,0.953059,0.423436,18867.087891
63,0.895156,0.429083,19133.255859
64,0.845566,0.434551,19499.298828
65,0.801423,0.439250,19815.371094
66,0.863665,0.426313,20148.134766
67,0.866835,0.456331,20364.476562
68,0.857845,0.569289,20564.101562
69,0.904271,0.453691,20730.560547
70,0.917927,0.430243,20880.214844
71,0.850929,0.780491,21312.761719
72,0.821851,0.799810,21645.562500
73,0.861781,0.571449,22177.912109
74,0.869309,0.455848,22410.921875
75,0.866505,0.418255,22527.384766
76,0.865779,0.404034,22660.437500
77,0.866278,0.401018,22959.900391
78,0.862215,0.547565,23409.195312
79,0.860395,0.579396,23508.921875
80,0.871872,0.450369,24008.072266
81,0.874452,0.420957,24191.070312
82,0.822271,0.404865,24490.648438
83,0.771716,0.398242,24756.808594
0,0.757008,0.569321,133.172913
1,0.749435,0.522024,299.625153
2,0.751147,0.483275,482.534363
3,0.792369,0.467167,698.844543
4,0.848244,0.452084,1081.507324
5,0.895325,0.498986,1564.051025
6,0.935993,0.466871,2179.613037
7,0.994870,0.475412,2395.834229
8,0.985382,0.489595,2612.186768
9,0.037412,0.519220,2845.054443
10,0.036583,0.524680,3061.403320
11,0.082618,0.514572,3344.178711
12,0.124904,0.511179,3710.302002
13,0.121299,0.508630,3926.611084
14,0.162319,0.501462,4192.803711
15,0.161824,0.480051,4375.741211
16,0.159250,0.493376,4542.202637
17,0.262169,0.474204,4841.596191
18,0.264691,0.462678,4941.457031
19,0.257660,0.476283,5091.125488
20,0.330386,0.468974,5407.277832
21,0.329672,0.473341,5623.535645
22,0.327015,0.485076,5723.409668
23,0.421347,0.455059,6355.609863
24,0.428098,0.447443,6488.730957
25,0.422090,0.466763,6655.048828
26,0.477440,0.499930,7187.496094
27,0.462334,0.667888,7403.843750
28,0.593323,0.709942,8601.709961
29,0.568728,0.471257,8867.900391
30,0.554277,0.474243,9017.726562
31,0.600561,0.445539,9217.272461
32,0.634668,0.452107,9566.745117
33,0.599937,0.674865,9849.466797
34,0.605235,0.714585,10065.885742
35,0.564068,0.694875,10398.584961
36,0.534936,0.687688,10648.157227
37,0.466743,0.728191,10964.199219
38,0.279576,0.500255,12078.986328
39,0.227351,0.472049,12594.785156
40,0.129030,0.512941,13093.866211
41,0.101599,0.505830,13709.441406
42,0.052517,0.500317,14008.909180
43,0.994777,0.506833,14258.512695
44,0.949314,0.489752,14491.372070
45,0.861231,0.484033,14990.505859
46,0.783215,0.493780,15323.322266
47,0.768781,0.485475,15473.098633
48,0.771872,0.486864,15572.929688
49,0.732956,0.503051,15839.030273
50,0.730507,0.502195,15955.482422
51,0.612610,0.487610,16454.603516
52,0.704148,0.246629,17586.000000
53,0.733946,0.198986,17802.261719
54,0.657247,0.108614,18001.943359
55,0.661139,0.091147,18135.029297
56,0.680886,0.101881,18251.509766
57,0.557506,0.164082,18451.130859
58,0.661247,0.302860,18750.632812
59,0.680231,0.313710,18900.386719
60,0.624228,0.357515,19149.943359
61,0.675809,0.386275,19466.068359
62,0.652791,0.431279,19682.333984
63,0.654756,0.415145,19815.404297
64,0.835680,0.238947,20780.449219
65,0.732884,0.192543,21079.859375
66,0.738182,0.173894,21229.656250
67,0.844089,0.154892,21562.373047
68,0.872121,0.298602,21778.712891
69,0.833784,0.827565,22959.890625
70,0.041106,0.947985,23259.464844
71,0.116342,0.926227,23425.781250
72,0.526981,0.851091,23691.966797
73,0.587068,0.744561,24224.361328
74,0.576328,0.739220,24390.822266
75,0.509626,0.774500,24590.462891
76,0.532701,0.758244,24740.171875
0,0.748613,0.504570,366.020416
1,0.805216,0.474277,1181.348755
2,0.809967,0.468778,1397.592651
3,0.796491,0.462998,1630.456299
4,0.846308,0.491566,1963.227051
5,0.906666,0.490504,2778.434326
6,0.905787,0.501504,2894.928955
7,0.907672,0.506204,3161.154297
8,0.900466,0.496409,3310.834961
9,0.940384,0.478861,3626.963135
10,0.941234,0.465981,3760.135010
11,0.033009,0.520214,4226.035645
12,0.097890,0.511594,4675.178711
13,0.086649,0.527912,4908.126953
14,0.057735,0.607079,5157.713867
15,0.059416,0.599538,5274.160156
16,0.694329,0.548714,5989.608887
17,0.621811,0.496517,6471.988281
18,0.575282,0.486482,6821.429199
19,0.524591,0.493791,7087.699219
20,0.494533,0.498072,7436.972168
21,0.498210,0.496445,7603.360352
22,0.447003,0.492898,7919.562012
23,0.455385,0.731286,8385.321289
24,0.439189,0.723898,8917.819336
25,0.554297,0.489053,9533.355469
26,0.630504,0.495957,9733.029297
27,0.754128,0.485120,10598.108398
28,0.747736,0.487305,10781.161133
29,0.700457,0.494952,10997.481445
30,0.715095,0.574586,11363.472656
31,0.875677,0.493251,11912.483398
32,0.888046,0.479544,12295.138672
33,0.829820,0.480856,12494.870117
34,0.733711,0.482313,13010.595703
35,0.506493,0.758516,13942.270508
36,0.381537,0.723819,14641.154297
37,0.511128,0.723972,15356.449219
38,0.538978,0.737314,15672.626953
39,0.524281,0.691639,16271.557617
40,0.479820,0.717858,16737.373047
41,0.612613,0.720923,17552.617188
42,0.599516,0.725699,17669.126953
43,0.600365,0.676820,17902.083984
44,0.644464,0.475838,19349.482422
45,0.615940,0.481827,19831.980469
46,0.678492,0.598121,20281.189453
47,0.814883,0.594417,21196.304688
48,0.809096,0.586144,21312.736328
49,0.836981,0.487642,21578.927734
50,0.747510,0.490112,21878.427734
51,0.786874,0.470824,22277.699219
52,0.701821,0.513523,22943.234375
53,0.711480,0.583953,23259.326172
54,0.752345,0.519413,23575.441406
55,0.788658,0.478239,24141.169922
56,0.701724,0.535080,24507.152344
0,0.742710,0.554676,599.016602
1,0.789028,0.497294,848.600281
2,0.837994,0.509464,1380.928345
3,0.837572,0.512340,1563.924927
4,0.675082,0.527492,1813.503906
5,0.633271,0.499662,2046.440918
6,0.604873,0.492529,3028.059326
7,0.569176,0.493780,3377.413574
8,0.600098,0.755112,3710.185547
9,0.603051,0.794668,3959.815918
10,0.577866,0.795215,4226.016602
11,0.535414,0.853955,4508.782715
12,0.461051,0.827241,4824.998535
13,0.481290,0.813510,4908.135254
14,0.463498,0.852821,5257.455566
15,0.381892,0.799756,5556.951660
16,0.523173,0.827005,5823.183594
17,0.487758,0.407513,6655.131836
18,0.488592,0.406896,6937.880859
19,0.546825,0.373267,7170.812988
20,0.542048,0.371071,7320.522461
21,0.539280,0.382135,7803.044434
22,0.409911,0.443753,8169.111328
23,0.369434,0.426202,8385.418945
24,0.378011,0.401002,8634.927734
25,0.289023,0.474219,9283.752930
26,0.295767,0.432609,9616.556641
27,0.512437,0.558508,10415.143555
28,0.509445,0.537981,10614.781250
29,0.506191,0.531699,10764.510742
30,0.596070,0.549441,11047.368164
31,0.657906,0.558600,11579.760742
32,0.801875,0.542952,12045.611328
33,0.235084,0.437004,13659.503906
34,0.087122,0.590599,14341.603516
35,0.088429,0.571878,14474.703125
36,0.047274,0.540944,14790.810547
37,0.051610,0.515336,15007.104492
38,0.054144,0.511086,15140.230469
39,0.009314,0.539678,15356.501953
40,0.014637,0.518925,15456.320312
41,0.953246,0.510553,15972.069336
42,0.961112,0.508986,16188.374023
43,0.909651,0.485537,16620.949219
44,0.863682,0.502684,16970.343750
45,0.911577,0.655777,17369.628906
46,0.930668,0.692888,17535.998047
47,0.962554,0.532677,17818.845703
48,0.968909,0.498830,17951.939453
49,0.881348,0.225329,18634.080078
50,0.443099,0.954905,21129.753906
51,0.012125,0.320221,22044.820312
52,0.059926,0.457721,22577.205078
53,0.062454,0.479507,22843.445312
54,0.081992,0.499620,23043.046875
55,0.065176,0.521514,23375.796875
56,0.110233,0.499476,23658.654297
57,0.108276,0.513833,23858.386719
58,0.109219,0.508893,24324.148438
59,0.949466,0.547160,24956.371094
0,0.735313,0.473754,33.284660
1,0.741550,0.444949,249.563202
2,0.777946,0.404599,765.364014
3,0.782273,0.398052,865.207458
4,0.893570,0.443502,1597.215820
5,0.958911,0.474537,1830.176514
6,0.911745,0.438250,2312.657959
7,0.522108,0.488984,3843.365479
8,0.481981,0.465141,4392.340332
9,0.480941,0.788779,4774.973145
10,0.344524,0.784184,5207.605469
11,0.351291,0.775000,5290.742676
12,0.390108,0.360865,5989.562988
13,0.216732,0.424805,6721.566895
14,0.215456,0.552525,6971.132324
15,0.296608,0.463118,7270.607422
16,0.302006,0.456316,7370.438477
17,0.118143,0.463274,8002.655762
18,0.124410,0.464270,8152.502441
19,0.144429,0.643655,8451.939453
20,0.217821,0.432704,8851.251953
21,0.252688,0.387566,9134.013672
22,0.251287,0.366605,9533.358398
23,0.383589,0.431980,9816.235352
24,0.366056,0.443493,10082.418945
25,0.425275,0.413012,10531.674805
26,0.422382,0.391347,10681.349609
27,0.391634,0.621195,11197.090820
28,0.541892,0.469626,11679.692383
29,0.563106,0.442551,11829.364258
30,0.519988,0.401255,12095.616211
31,0.621783,0.424026,12411.684570
32,0.638034,0.427090,12627.917969
33,0.596745,0.392434,12827.598633
34,0.659900,0.409835,13360.010742
35,0.721306,0.463401,13859.127930
36,0.749902,0.459748,14125.375977
37,0.707393,0.450661,14358.267578
38,0.776552,0.428793,14807.544922
39,0.788298,0.425173,14923.936523
40,0.806150,0.445062,15223.375977
41,0.800149,0.446247,15356.492188
42,0.797256,0.426249,15672.640625
43,0.798457,0.420187,15905.593750
44,0.069958,0.473921,16870.626953
45,0.103492,0.481121,17169.966797
46,0.089825,0.629446,17469.478516
47,0.090814,0.456372,17835.535156
48,0.956386,0.427178,18301.398438
49,0.939543,0.414904,18451.103516
50,0.946633,0.415805,18567.562500
51,0.950752,0.417912,18867.058594
52,0.905854,0.417679,19033.402344
53,0.865450,0.439945,19648.998047
54,0.862541,0.445291,19798.712891
55,0.845134,0.563217,20081.566406
56,0.741341,0.686130,20331.150391
57,0.727882,0.684600,20530.810547
58,0.734955,0.665782,20663.884766
59,0.734238,0.658701,20880.164062
60,0.683826,0.592208,21179.671875
61,0.560957,0.744514,21545.685547
62,0.540939,0.763596,21761.970703
63,0.566184,0.732502,22061.457031
64,0.557974,0.794674,22261.097656
65,0.438247,0.837072,22943.232422
66,0.417062,0.839085,23176.160156
67,0.420221,0.822286,23275.976562
68,0.455014,0.717869,23658.636719
69,0.478752,0.657856,23825.025391
70,0.700777,0.162730,24973.017578
0,0.764488,0.798097,49.866943
1,0.756118,0.617325,399.302673
2,0.833691,0.409328,1630.379517
3,0.889829,0.430779,1946.631104
4,0.934779,0.401314,2412.482666
5,0.042916,0.446406,3111.213135
6,0.864652,0.386491,3527.239014
7,0.912086,0.405389,3743.433350
8,0.856590,0.406224,4225.965332
9,0.822300,0.396777,4608.520020
10,0.611813,0.422665,5473.850586
11,0.591837,0.422455,5673.413086
12,0.641440,0.385644,6072.621094
13,0.520964,0.484724,6505.304199
14,0.519349,0.468732,6721.522949
15,0.515768,0.451308,6871.308105
16,0.463708,0.517934,7137.519043
17,0.467842,0.500093,7303.901855
18,0.469629,0.482988,7403.720703
19,0.469622,0.458841,7686.542480
20,0.411184,0.516317,7869.636719
21,0.414125,0.499735,8152.351074
22,0.359198,0.497109,8352.142578
23,0.185330,0.517916,10381.793945
24,0.642508,0.459346,13093.769531
25,0.700272,0.645123,14141.852539
26,0.737520,0.445060,14591.125977
27,0.839395,0.400911,14873.971680
28,0.124423,0.412754,18550.828125
29,0.959703,0.376993,19765.423828
30,0.957313,0.387752,19965.023438
31,0.970105,0.434156,20447.542969
32,0.893985,0.395041,20713.775391
33,0.804598,0.400449,21678.779297
34,0.717332,0.413747,22443.957031
35,0.717434,0.417765,22543.830078
36,0.699198,0.407740,22993.121094
37,0.746989,0.411259,23225.990234
38,0.620315,0.408511,23675.183594
39,0.499413,0.895557,24972.943359
0,0.758181,0.510978,316.083130
1,0.753696,0.489572,449.183929
2,0.794811,0.464395,665.537537
3,0.842049,0.479374,931.681091
4,0.841394,0.484037,1164.646729
5,0.907740,0.473953,1397.588745
6,0.920662,0.474520,1580.599365
7,0.894037,0.483769,1846.806885
8,0.884994,0.481117,2096.369629
9,0.930234,0.472290,2695.324951
10,0.931121,0.456095,2928.232666
11,0.970895,0.468295,3094.610840
12,0.978211,0.479004,3227.700439
13,0.024120,0.486707,3510.524414
14,0.971887,0.481303,3760.073486
15,0.962721,0.484482,4109.476562
16,0.015350,0.486017,4342.392090
17,0.021447,0.492924,4475.500488
18,0.064028,0.483874,4708.419922
19,0.068134,0.488775,4991.287598
20,0.122731,0.474804,5207.541992
21,0.076863,0.625132,5540.321289
22,0.075579,0.675502,5756.596191
23,0.056895,0.522363,6239.131836
24,0.052149,0.505868,6405.464355
25,0.091940,0.492410,6854.690430
26,0.102130,0.495446,7087.618652
27,0.148523,0.495889,7287.251953
28,0.151472,0.597928,7753.115234
29,0.251928,0.467040,8202.314453
30,0.256958,0.528030,8435.255859
31,0.246235,0.470856,8634.885742
32,0.314024,0.467302,9134.034180
33,0.319601,0.500250,9350.302734
34,0.346966,0.478201,9633.163086
35,0.416199,0.443793,10049.110352
36,0.431518,0.710879,10747.869141
37,0.475216,0.727784,10930.904297
38,0.466507,0.758497,11197.092773
39,0.432890,0.765061,11380.090820
40,0.497837,0.768519,11646.314453
41,0.405575,0.754152,12261.889648
42,0.408599,0.751708,12378.361328
43,0.398705,0.674069,12810.941406
44,0.398515,0.488100,13160.345703
45,0.400834,0.461891,13293.413086
46,0.406422,0.518318,13659.445312
47,0.391509,0.465499,13842.463867
48,0.454121,0.477305,14341.585938
49,0.455755,0.493616,14474.698242
50,0.513251,0.480463,14973.829102
51,0.565728,0.465522,15572.785156
52,0.602207,0.458098,15789.044922
53,0.635805,0.454072,16021.972656
54,0.670102,0.450862,16338.128906
55,0.682998,0.481323,16687.523438
56,0.740244,0.481975,16920.427734
57,0.750781,0.473474,17402.955078
58,0.712824,0.482093,17685.757812
59,0.727107,0.566745,18068.441406
60,0.724698,0.571682,18168.251953
61,0.617933,0.503445,18500.992188
62,0.614327,0.487672,18684.005859
63,0.579502,0.486920,18983.496094
64,0.613913,0.705240,19532.533203
65,0.603300,0.741411,19698.888672
66,0.589211,0.744968,19848.644531
67,0.592715,0.687888,20181.376953
68,0.556964,0.688563,20530.783203
69,0.515690,0.736705,20880.179688
70,0.561944,0.679947,21179.642578
71,0.535822,0.683147,21529.054688
72,0.501703,0.691693,21761.953125
73,0.514208,0.704299,22111.376953
74,0.451064,0.691114,22410.835938
75,0.464811,0.721817,22710.302734
76,0.444802,0.752260,23126.236328
77,0.421950,0.778682,23425.736328
78,0.398965,0.707603,23725.203125
79,0.384031,0.730146,24157.806641
80,0.351921,0.737047,24340.789062
81,0.345172,0.740350,24540.453125
82,0.353119,0.712238,24773.375000
0,0.748491,0.488463,415.986359
1,0.793202,0.464324,682.187378
2,0.845580,0.485130,998.259827
3,0.655913,0.447076,1380.983887
4,0.759321,0.735526,1780.273926
5,0.734198,0.782513,2096.356445
6,0.722964,0.648832,2296.031982
7,0.746899,0.504908,2612.103516
8,0.766724,0.446830,2845.088867
9,0.834460,0.468935,3127.946533
10,0.832096,0.444002,3527.212646
11,0.887885,0.454748,3810.026855
12,0.886691,0.438032,4142.878906
13,0.885670,0.432602,4375.739746
14,0.882402,0.432958,4775.085449
15,0.933064,0.440771,5290.868652
16,0.931680,0.450883,5490.455078
17,0.969054,0.534361,5673.458984
18,0.975942,0.526250,6089.357910
19,0.951378,0.554075,6289.069824
20,0.887056,0.829255,6505.293457
21,0.953258,0.815971,6971.205566
22,0.905664,0.748634,7437.135254
23,0.955880,0.679792,7719.842773
24,0.917819,0.726339,8036.000488
25,0.013238,0.647613,8335.432617
26,0.017229,0.818317,8801.333008
27,0.066094,0.490358,9233.967773
28,0.082169,0.471401,9400.282227
29,0.081561,0.457534,9749.683594
30,0.072228,0.449221,9949.390625
31,0.113051,0.500748,10931.000977
32,0.107773,0.514466,11014.135742
33,0.152493,0.523796,11380.197266
34,0.144628,0.524657,11479.937500
35,0.220435,0.537230,12095.599609
36,0.261059,0.518087,12395.082031
37,0.256623,0.509418,12511.569336
38,0.251798,0.476222,12777.675781
39,0.250403,0.488645,12877.552734
40,0.316926,0.533973,13559.649414
41,0.312466,0.500809,13909.121094
42,0.985375,0.172974,15057.033203
43,0.947895,0.188900,15256.749023
44,0.921990,0.126441,15539.551758
45,0.863304,0.088347,15722.599609
46,0.571159,0.519289,17003.660156
47,0.574501,0.537549,17203.328125
48,0.532408,0.511885,17386.283203
49,0.537254,0.492234,17502.785156
50,0.542767,0.694363,17752.349609
51,0.516465,0.740222,17935.404297
52,0.539338,0.771514,18118.421875
53,0.551169,0.437285,18800.515625
54,0.598182,0.424043,19565.869141
55,0.592990,0.417757,19798.769531
56,0.498858,0.455153,20031.742188
57,0.492886,0.778070,20364.449219
58,0.483146,0.842325,20630.675781
59,0.445077,0.787402,21246.208984
60,0.539284,0.677771,21662.242188
61,0.540780,0.749402,21928.398438
62,0.455646,0.755503,22144.669922
63,0.510843,0.424537,22627.132812
64,0.522278,0.392707,22860.062500
65,0.539822,0.770715,23226.107422
66,0.458658,0.800903,23442.396484
67,0.460781,0.750087,23725.228516
68,0.590183,0.752741,24224.341797
69,0.602767,0.767356,24573.716797
70,0.743234,0.642242,24956.421875
0,0.755069,0.372941,416.036163
1,0.803137,0.337333,732.098938
2,0.813272,0.353312,865.185669
3,0.873907,0.343355,1380.985596
4,0.875214,0.357639,1613.910767
5,0.872917,0.376439,1763.630127
6,0.916363,0.343959,1979.880493
7,0.913026,0.358460,2096.388184
8,0.916425,0.361389,2279.437256
9,0.917759,0.370109,2412.499268
10,0.964881,0.377028,2845.072021
11,0.966312,0.378489,2961.498535
12,0.882806,0.447792,3327.530273
13,0.831525,0.491132,3593.740723
14,0.814393,0.490375,3776.785645
15,0.794746,0.523508,3959.789551
16,0.774744,0.486321,4226.032227
17,0.744795,0.530347,4475.585449
18,0.800843,0.451483,4791.681152
19,0.653100,0.579552,5240.895508
20,0.621468,0.576490,5507.118164
21,0.620736,0.560372,5623.601562
22,0.590250,0.568207,5839.868652
23,0.590312,0.550605,5989.621094
24,0.632868,0.571727,6205.854492
25,0.654645,0.469885,6422.130371
26,0.552931,0.544750,6804.803223
27,0.535439,0.537637,7104.262695
28,0.556911,0.493481,7387.209961
29,0.507851,0.511810,8019.320312
30,0.405922,0.481052,8651.599609
31,0.408588,0.449970,8801.347656
32,0.405583,0.799149,9183.959961
33,0.431038,0.811956,9666.561523
34,0.298434,0.451056,10049.192383
35,0.229800,0.471003,10398.538086
36,0.233240,0.591905,10797.828125
37,0.120764,0.505998,11546.604492
38,0.132133,0.481987,11746.215820
39,0.138174,0.482002,11862.667969
40,0.094348,0.514367,12062.304688
41,0.108617,0.617313,12561.483398
42,0.196666,0.757892,12927.441406
43,0.288844,0.870608,13093.846680
44,0.463630,0.820534,13742.696289
45,0.479479,0.821847,13992.242188
46,0.513371,0.837486,14324.985352
47,0.568919,0.839592,14574.575195
48,0.500084,0.796679,14857.418945
49,0.498266,0.761022,15173.513672
50,0.498373,0.752847,15339.890625
51,0.497520,0.793391,15572.853516
52,0.622476,0.750934,15922.193359
53,0.614265,0.751166,16038.701172
54,0.632030,0.715914,16188.413086
55,0.658058,0.444187,16704.166016
56,0.679704,0.485083,17003.644531
57,0.566792,0.438518,17303.123047
58,0.507665,0.430830,17585.957031
59,0.567675,0.458798,17852.152344
60,0.567510,0.456332,18434.472656
61,0.568356,0.478551,18617.500000
62,0.574477,0.450679,19066.695312
63,0.615236,0.459278,19316.263672
64,0.640704,0.465547,19632.390625
65,0.670256,0.482537,19965.130859
66,0.664706,0.488080,20247.996094
67,0.462755,0.501635,20680.548828
68,0.449671,0.502971,20830.277344
69,0.398862,0.453944,21362.691406
70,0.399841,0.441042,21479.175781
71,0.397762,0.420247,21645.525391
72,0.304594,0.477559,21945.023438
73,0.304089,0.485702,22061.474609
74,0.239005,0.493524,22444.164062
75,0.235738,0.462719,22710.365234
76,0.238254,0.435048,22876.734375
77,0.142571,0.518031,23575.486328
78,0.136231,0.530851,23741.894531
79,0.142200,0.508893,23891.617188
80,0.093254,0.512423,24590.410156
0,0.664093,0.674079,33.285751
1,0.670270,0.675226,116.431526
2,0.735839,0.582760,299.465637
3,0.774390,0.491723,515.733948
4,0.761756,0.475011,648.859619
5,0.807062,0.478896,964.966125
6,0.859603,0.494906,1430.817749
7,0.858662,0.551639,1880.031494
8,0.859017,0.551518,2029.756348
9,0.913761,0.474367,2329.298828
10,0.914704,0.470393,2478.978760
11,0.909158,0.470007,2745.175049
12,0.619727,0.440272,3627.049072
13,0.627513,0.482068,3876.586670
14,0.522790,0.465819,4309.123047
15,0.519614,0.467756,4458.839355
16,0.512202,0.781877,5074.520020
17,0.405446,0.795006,5307.398438
18,0.424369,0.801280,5390.575684
19,0.344952,0.756543,5706.629395
20,0.348657,0.714807,5972.831543
21,0.335588,0.766847,6355.624023
22,0.309282,0.751068,6655.081055
23,0.352160,0.731842,6987.742676
24,0.358228,0.695361,7104.242188
25,0.401535,0.448370,7470.267578
26,0.403382,0.408070,7586.707031
27,0.396922,0.401486,7703.202148
28,0.444743,0.499626,8235.657227
29,0.438741,0.475241,8518.396484
30,0.423706,0.583813,9084.115234
31,0.490283,0.436287,9500.083008
32,0.578312,0.444692,10049.049805
33,0.612210,0.457809,11030.659180
34,0.637474,0.481239,11213.807617
35,0.604204,0.694506,11563.066406
36,0.784901,0.506350,12528.114258
37,0.724252,0.757530,12777.627930
38,0.712151,0.792554,13226.868164
39,0.820626,0.481367,13725.981445
40,0.817389,0.471087,13842.460938
41,0.804213,0.516457,14141.944336
42,0.010899,0.517228,15106.904297
43,0.046251,0.524519,15256.673828
44,0.058728,0.528817,15622.703125
45,0.095122,0.513238,15905.500000
46,0.087143,0.505011,16620.951172
47,0.076994,0.616027,16803.964844
48,0.074852,0.610882,17053.521484
49,0.070119,0.791849,17303.093750
50,0.071888,0.825746,17569.255859
51,0.081090,0.438958,18001.947266
52,0.084977,0.454107,18284.685547
53,0.079082,0.517686,18484.322266
54,0.129435,0.532928,18733.886719
55,0.229301,0.485645,19332.851562
56,0.217222,0.665433,19998.326172
57,0.217284,0.570060,20514.166016
58,0.215632,0.529810,20763.669922
59,0.219476,0.603213,20946.667969
60,0.214932,0.656230,21129.699219
61,0.219913,0.695528,21429.212891
62,0.087384,0.533962,21778.619141
63,0.109333,0.504442,21961.593750
64,0.974909,0.521655,23043.044922
65,0.975441,0.494122,23209.416016
66,0.913176,0.464828,23492.242188
67,0.796883,0.482440,24257.568359
68,0.784657,0.477980,24507.154297
69,0.753495,0.479228,24656.896484
0,0.743353,0.472533,33.289909
1,0.734327,0.477685,332.782837
2,0.636748,0.493570,632.267273
3,0.613499,0.486270,881.796631
4,0.607859,0.481061,1014.912109
5,0.569639,0.469983,1264.552612
6,0.552298,0.471937,1480.825317
7,0.500392,0.471917,1946.687500
8,0.498502,0.483709,2079.810059
9,0.579116,0.480652,2662.048584
10,0.562124,0.469194,2911.574219
11,0.555591,0.471964,3061.405029
12,0.630167,0.461531,3394.100342
13,0.677683,0.463195,3859.914551
14,0.656038,0.475012,4076.202881
15,0.615077,0.482469,4225.988770
16,0.644610,0.478532,4758.368652
17,0.853196,0.484862,5873.088379
18,0.815891,0.461399,6605.145996
19,0.838599,0.466868,6771.489258
20,0.847033,0.458706,7403.751465
21,0.964986,0.495850,7902.894531
22,0.089863,0.470916,9084.147461
23,0.118698,0.472544,9516.711914
24,0.139629,0.472094,9782.930664
25,0.163513,0.468986,10049.167969
26,0.170197,0.466174,10315.328125
27,0.196052,0.469735,10531.614258
28,0.171817,0.488698,10947.583984
29,0.159001,0.492520,11163.880859
30,0.228364,0.493739,11380.166992
31,0.238191,0.491608,11563.167969
32,0.346208,0.467311,12544.739258
33,0.367472,0.475744,12844.242188
34,0.377942,0.477578,12944.086914
35,0.457696,0.461736,13825.842773
36,0.529894,0.470214,14424.852539
37,0.420049,0.710332,15107.005859
38,0.508408,0.726005,15489.676758
39,0.507183,0.680809,16105.257812
40,0.521737,0.469586,16404.671875
41,0.512122,0.388027,16604.322266
42,0.521716,0.608631,16870.511719
43,0.506981,0.613337,17236.601562
44,0.553335,0.632155,17436.210938
45,0.385127,0.740037,18434.490234
46,0.381038,0.709925,18600.919922
47,0.386478,0.701060,18700.703125
48,0.335835,0.735320,18916.994141
49,0.458510,0.753099,19133.273438
50,0.471901,0.774675,19382.857422
51,0.484768,0.743679,19599.134766
52,0.539148,0.427764,20131.558594
53,0.562372,0.407059,20281.222656
54,0.289011,0.501452,21063.191406
55,0.226770,0.485671,21429.210938
56,0.196555,0.501494,21695.466797
57,0.238389,0.451951,21961.650391
58,0.018683,0.511038,22627.195312
59,0.999158,0.507604,22793.550781
60,0.951249,0.502614,23059.714844
61,0.912415,0.491990,23475.656250
62,0.907830,0.486984,23558.865234
63,0.916551,0.470711,23775.150391
64,0.859012,0.498572,24041.402344
65,0.817980,0.496296,24340.841797
66,0.769660,0.492174,24806.681641
67,0.757782,0.492127,24956.417969
0,0.700548,0.679980,33.232693
1,0.755863,0.641965,282.878204
2,0.748806,0.523139,798.590149
3,0.801359,0.488863,1014.861084
4,0.787173,0.489180,1231.132568
5,0.834128,0.474889,1480.719727
6,0.718168,0.545063,1913.272461
7,0.691383,0.537616,2761.829590
8,0.713578,0.611386,3077.898926
9,0.730803,0.549890,3743.393555
10,0.880763,0.507197,4325.841797
11,0.872926,0.491350,4708.407227
12,0.934720,0.476113,5174.243652
13,0.924982,0.481698,5357.285645
14,0.979957,0.476421,5590.301758
15,0.031374,0.478021,6039.394043
16,0.075248,0.497590,6388.902832
17,0.071093,0.482902,6887.951660
18,0.115418,0.486741,7054.319336
19,0.113141,0.501465,7287.235840
20,0.111196,0.579124,7503.503418
21,0.109431,0.557467,7620.096191
22,0.121759,0.631872,7902.820312
23,0.101059,0.533205,8119.115723
24,0.099418,0.524752,8235.587891
25,0.099877,0.506755,8318.772461
26,0.146803,0.516758,8634.971680
27,0.243754,0.508113,9084.188477
28,0.151112,0.605365,9317.018555
29,0.145270,0.697136,9782.857422
30,0.149311,0.680125,10065.698242
31,0.099735,0.722193,10298.637695
32,0.160972,0.702546,10548.192383
33,0.129525,0.532807,10947.531250
34,0.245866,0.485130,11546.457031
35,0.240431,0.519862,11912.526367
36,0.317915,0.502865,12162.043945
37,0.313039,0.491060,12361.724609
38,0.237780,0.497428,12943.987305
39,0.279331,0.671139,13493.091797
40,0.249862,0.680775,13842.504883
41,0.235592,0.536983,14291.651367
42,0.240273,0.500751,14674.430664
43,0.237376,0.496524,14840.709961
44,0.423246,0.480708,15306.599609
45,0.422345,0.468729,15506.211914
46,0.468974,0.488378,15822.335938
47,0.468084,0.502554,16404.671875
48,0.519881,0.496901,16737.472656
49,0.515404,0.490970,16920.425781
50,0.537906,0.602673,17685.744141
51,0.511709,0.588661,17901.998047
52,0.559252,0.503279,18184.869141
53,0.546711,0.503246,18451.023438
54,0.497783,0.624892,18817.095703
55,0.494879,0.618668,19116.539062
56,0.562609,0.679918,19382.748047
57,0.607585,0.663928,19665.619141
58,0.595305,0.538403,19965.107422
59,0.586219,0.485017,20164.765625
60,0.587420,0.496193,20447.656250
61,0.628050,0.488258,20697.121094
62,0.660976,0.498134,20996.632812
63,0.771982,0.482557,21346.054688
64,0.740419,0.492855,21712.085938
65,0.752922,0.473358,21895.021484
66,0.641412,0.340611,22543.892578
67,0.506050,0.417558,23708.523438
0,0.742451,0.702865,66.538689
1,0.744695,0.481699,515.847717
2,0.745665,0.500200,648.913940
3,0.898615,0.551784,1347.742676
4,0.886311,0.579654,1547.292725
5,0.928719,0.540056,1979.890503
6,0.980674,0.544952,2279.417969
7,0.978759,0.549351,2379.212646
8,0.049744,0.551018,2944.882812
9,0.073950,0.541142,3161.214111
10,0.068392,0.551803,3444.008057
11,0.121280,0.549727,3643.720703
12,0.103560,0.548704,3826.672119
13,0.140964,0.526884,4542.078613
14,0.052520,0.548405,5057.896484
15,0.044059,0.533248,5373.951660
16,0.005864,0.527671,5673.397461
17,0.012527,0.540867,5823.170410
18,0.027917,0.582279,6189.212402
19,0.026789,0.575674,6372.242188
20,0.608793,0.511786,7353.838867
21,0.540324,0.491703,7553.470703
22,0.532393,0.504053,7736.504883
23,0.477597,0.852226,8817.925781
24,0.447007,0.802830,9084.132812
25,0.465003,0.778944,9516.724609
26,0.468036,0.788479,9666.456055
27,0.362075,0.768210,9882.719727
28,0.377021,0.711305,10298.662109
29,0.310458,0.804140,10631.411133
30,0.313691,0.808081,10997.462891
31,0.322811,0.798991,11097.284180
32,0.407632,0.843136,11313.567383
33,0.448655,0.792414,11845.998047
34,0.485909,0.829190,12095.543945
35,0.450703,0.735475,12644.578125
36,0.413478,0.705077,13010.590820
37,0.450121,0.532740,13975.612305
38,0.396211,0.479223,14258.414062
39,0.396430,0.488416,14458.065430
40,0.392109,0.474639,14740.912109
41,0.392760,0.555629,15040.371094
42,0.440952,0.522223,15489.612305
43,0.455712,0.600221,15805.713867
44,0.458611,0.644881,15972.086914
45,0.507530,0.778653,16537.767578
46,0.486129,0.813400,16837.265625
47,0.440889,0.786740,17286.468750
48,0.513381,0.746421,17602.560547
49,0.554596,0.711144,17885.406250
50,0.583053,0.780706,18268.064453
51,0.611117,0.785877,18550.910156
52,0.617337,0.706018,19066.683594
53,0.613281,0.711113,19366.148438
54,0.582409,0.719216,19615.724609
55,0.578053,0.728293,20048.292969
56,0.518238,0.793827,20813.646484
57,0.496135,0.806251,20996.654297
58,0.461870,0.838206,21279.484375
59,0.455982,0.848284,21412.591797
60,0.483514,0.881023,22344.294922
61,0.391090,0.848980,22710.304688
62,0.475705,0.774797,23142.892578
63,0.399806,0.749869,23508.914062
64,0.379983,0.696280,24324.152344
0,0.750400,0.475530,299.532959
1,0.786436,0.466178,449.216797
2,0.809351,0.442863,682.192444
3,0.878597,0.478562,1281.130859
4,0.937835,0.474150,1697.124756
5,0.934790,0.477485,1830.174316
6,0.938413,0.474920,1963.278931
7,0.936053,0.481377,2063.091309
8,0.992035,0.487649,2429.105469
9,0.007406,0.490620,2711.933594
10,0.041591,0.502590,2911.585205
11,0.108753,0.517815,3327.508301
12,0.125445,0.523460,3527.184326
13,0.108781,0.528275,3943.231445
14,0.158167,0.528041,4242.591309
15,0.158669,0.525770,4342.404785
16,0.271289,0.497739,4808.358398
17,0.329385,0.532264,5124.409668
18,0.325842,0.524329,5224.256836
19,0.436963,0.511066,6072.804688
20,0.424101,0.497669,6222.526367
21,0.415206,0.484964,6521.981934
22,0.478082,0.577616,6738.237305
23,0.439750,0.785623,7387.093750
24,0.446235,0.782470,7536.852539
25,0.438406,0.699609,7686.572266
26,0.564070,0.728578,8135.787109
27,0.624566,0.741164,8352.122070
28,0.544292,0.437310,9000.922852
29,0.589463,0.432966,9683.117188
30,0.592239,0.436680,9816.233398
31,0.596871,0.439939,9899.425781
32,0.638255,0.437103,10348.643555
33,0.624873,0.454933,10481.686523
34,0.632606,0.494759,11014.132812
35,0.623594,0.456742,11330.253906
36,0.590368,0.465499,11712.854492
37,0.582411,0.448683,11979.146484
38,0.491540,0.498939,12278.543945
39,0.488215,0.497916,12428.272461
40,0.490633,0.489483,12561.398438
41,0.491917,0.473138,12777.670898
42,0.441171,0.507841,12960.740234
43,0.439554,0.493649,13160.366211
44,0.438909,0.503885,13326.773438
45,0.378198,0.494541,13859.117188
46,0.378858,0.481588,14025.489258
47,0.398457,0.566461,14690.996094
48,0.422479,0.658408,15140.280273
49,0.414947,0.748502,15722.569336
50,0.401471,0.743254,16005.458984
51,0.384027,0.728115,16205.006836
52,0.411688,0.713798,16604.359375
53,0.461706,0.731193,16920.435547
54,0.715501,0.504239,17669.125000
55,0.756119,0.521964,17852.164062
56,0.767652,0.521382,18018.527344
57,0.778172,0.506600,18251.505859
58,0.808468,0.475989,18484.400391
59,0.807339,0.469114,18617.476562
60,0.844848,0.470145,18817.138672
61,0.839822,0.469612,19016.775391
62,0.638514,0.488082,19615.794922
63,0.724693,0.479362,19848.677734
64,0.717351,0.477907,20064.982422
65,0.718003,0.468850,20181.402344
66,0.728846,0.548732,20580.812500
67,0.720997,0.539208,21229.632812
68,0.750086,0.545800,21495.869141
69,0.753325,0.529589,21695.468750
70,0.555056,0.479502,22643.814453
71,0.542354,0.507379,22843.421875
72,0.562515,0.473056,23026.445312
73,0.517406,0.470276,23808.402344
74,0.536919,0.455746,24107.876953
0,0.694859,0.500031,16.709776
1,0.732126,0.548103,316.214142
2,0.760247,0.511337,648.956482
3,0.757696,0.501703,898.528381
4,0.651923,0.486670,1913.384399
5,0.686103,0.522473,2079.794678
6,0.642968,0.487533,2445.821289
7,0.633452,0.491001,2562.336182
8,0.512812,0.474579,3044.790039
9,0.472568,0.454769,3261.017822
10,0.527606,0.491674,3760.167236
11,0.524722,0.508409,3876.627441
12,0.426052,0.416418,4309.283691
13,0.415316,0.424893,4458.971191
14,0.329129,0.384536,5141.080566
15,0.279868,0.382809,6388.983887
16,0.275979,0.354547,6538.669922
17,0.327886,0.767657,7403.798340
18,0.342555,0.774017,7553.550781
19,0.558237,0.833668,8202.476562
20,0.497339,0.633528,9200.654297
21,0.488297,0.650706,9317.152344
22,0.491886,0.671707,9450.243164
23,0.622325,0.740111,9766.338867
24,0.597611,0.691819,10099.100586
25,0.623421,0.719653,10398.579102
26,0.578956,0.648005,10681.398438
27,0.553431,0.658641,10947.613281
28,0.533006,0.711634,11180.550781
29,0.494135,0.724262,11646.419922
30,0.474299,0.686002,11862.672852
31,0.449421,0.698591,12345.164062
32,0.404133,0.709261,12594.715820
33,0.403832,0.646058,12794.408203
34,0.415460,0.647041,13143.776367
35,0.364342,0.669670,13509.780273
36,0.373535,0.659938,13825.896484
37,0.360820,0.682279,14025.557617
38,0.411595,0.738726,14374.961914
39,0.424649,0.715978,14624.499023
40,0.460578,0.731044,15223.450195
41,0.513165,0.719052,15556.207031
42,0.572071,0.710419,16188.452148
43,0.606158,0.701898,16487.912109
44,0.581142,0.657072,16720.837891
45,0.573627,0.630984,17103.503906
46,0.586121,0.723160,17303.162109
47,0.608334,0.687909,17519.474609
48,0.741911,0.678027,18700.720703
49,0.740130,0.671661,18800.535156
50,0.737352,0.665731,19083.380859
51,0.103952,0.478166,21329.488281
52,0.143976,0.508549,21612.296875
53,0.038076,0.536175,22959.935547
54,0.038439,0.517715,23093.023438
55,0.061405,0.642507,23492.328125
56,0.039509,0.510643,24191.140625
57,0.040855,0.499408,24307.607422
58,0.042147,0.492812,24440.689453
0,0.795597,0.509281,16.611595
1,0.765261,0.497845,349.375031
2,0.786949,0.474317,532.428833
3,0.738214,0.513140,964.935730
4,0.745406,0.499904,1647.135376
5,0.793907,0.493517,2329.331787
6,0.840651,0.495924,2861.697021
7,0.894313,0.492025,3360.788330
8,0.938427,0.481508,3676.872803
9,0.939119,0.484205,3809.997559
10,0.982089,0.495028,4109.541016
11,0.024410,0.497571,4508.773926
12,0.057929,0.491128,4908.150879
13,0.962492,0.497947,5274.097168
14,0.919472,0.493093,5623.521973
15,0.965139,0.489221,6006.147461
16,0.599218,0.531834,7320.514648
17,0.618158,0.502786,7536.879395
18,0.506591,0.758975,8102.517090
19,0.511091,0.757825,8202.323242
20,0.470002,0.768754,8401.953125
21,0.435929,0.789027,8668.147461
22,0.404209,0.770721,9017.567383
23,0.431108,0.786719,9283.763672
24,0.388855,0.506023,10015.848633
25,0.300327,0.532638,10381.900391
26,0.239040,0.531521,10814.507812
27,0.313277,0.516752,11513.174805
28,0.467880,0.503492,12345.081055
29,0.472983,0.707630,12877.517578
30,0.468360,0.739178,13010.587891
31,0.484137,0.764429,13160.376953
32,0.486313,0.782845,13709.331055
33,0.486338,0.847154,14058.751953
34,0.449115,0.908470,14424.857422
35,0.485573,0.960937,14691.039062
36,0.497782,0.928991,15073.681641
37,0.569403,0.750543,15539.474609
38,0.603085,0.715099,15822.322266
39,0.653416,0.635127,16188.411133
40,0.684084,0.536430,16404.625000
41,0.681455,0.506251,16587.726562
42,0.637269,0.500248,16853.871094
43,0.764351,0.483366,17436.189453
44,0.763156,0.493220,17552.638672
45,0.795103,0.490970,17868.818359
46,0.752072,0.514360,18284.681641
47,0.718007,0.520310,18767.177734
48,0.843646,0.479974,19133.275391
49,0.971024,0.201794,19865.289062
50,0.973844,0.175710,20015.021484
51,0.068318,0.194804,20347.785156
52,0.904086,0.159665,20547.474609
53,0.882671,0.199919,20863.513672
54,0.821393,0.485913,21429.246094
55,0.880212,0.496120,21645.472656
56,0.881054,0.498591,22061.505859
57,0.036666,0.495315,22593.869141
58,0.067599,0.470281,22860.048828
59,0.107222,0.476929,23126.230469
60,0.105149,0.496659,23342.595703
61,0.144300,0.512397,23741.849609
62,0.143077,0.535573,24008.113281
63,0.120681,0.583923,24207.677734
64,0.118346,0.592911,24340.767578
65,0.110083,0.605512,24457.263672
66,0.096619,0.545211,24690.169922
0,0.791258,0.510940,316.231415
1,0.773420,0.492750,532.474487
2,0.657421,0.435348,881.960571
3,0.633656,0.445941,1331.122681
4,0.637107,0.446282,1580.725708
5,0.728230,0.523814,1846.898560
6,0.724523,0.506059,2179.627686
7,0.722137,0.504524,2279.403320
8,0.704054,0.593983,2595.651611
9,0.722914,0.511206,3044.776367
10,0.705096,0.594780,3311.060303
11,0.761469,0.527420,3726.986572
12,0.765354,0.526521,3976.495605
13,0.808707,0.516407,4292.631348
14,0.812545,0.498625,4492.328125
15,0.870205,0.556725,4741.855957
16,0.865095,0.545688,4841.594238
17,0.852745,0.510746,4974.709961
18,0.893709,0.517327,5207.664062
19,0.867995,0.481717,5906.445801
20,0.895588,0.490072,6156.042969
21,0.842329,0.448789,6405.546875
22,0.869855,0.477811,6888.148926
23,0.924590,0.470255,7170.910156
24,0.937987,0.489652,7403.799805
25,0.944516,0.444690,7719.921387
26,0.981379,0.485548,7936.216309
27,0.032053,0.513601,8917.811523
28,0.026465,0.519548,9500.148438
29,0.076283,0.523512,9749.711914
30,0.087003,0.537267,10248.817383
31,0.073787,0.521668,10548.313477
32,0.053548,0.614794,10814.504883
33,0.049949,0.597418,11296.996094
34,0.061459,0.589505,11496.651367
35,0.016495,0.554144,11812.765625
36,0.029551,0.483392,12162.163086
37,0.035834,0.485898,12345.177734
38,0.111021,0.495701,12611.371094
39,0.154537,0.508755,13243.604492
40,0.130311,0.622289,13626.259766
41,0.148718,0.510692,13992.334961
42,0.149167,0.494570,14108.750977
43,0.152471,0.472853,14341.663086
44,0.202018,0.482493,14591.268555
45,0.229255,0.510269,14874.065430
46,0.261597,0.480697,15240.092773
47,0.261332,0.489128,15622.769531
48,0.226025,0.494414,15872.362305
49,0.228842,0.475582,16105.267578
50,0.243874,0.549480,16338.174805
51,0.241607,0.546839,16504.572266
52,0.249515,0.522806,16787.423828
53,0.319184,0.517458,17070.244141
54,0.324831,0.498740,17403.005859
55,0.232810,0.496738,17785.687500
56,0.234522,0.494741,17885.494141
57,0.329611,0.496781,18085.136719
58,0.324595,0.472203,18368.003906
59,0.424290,0.521420,18600.916016
60,0.428020,0.502157,18883.759766
61,0.380872,0.717558,19382.914062
62,0.503280,0.751619,20065.011719
63,0.577928,0.730365,20447.683594
64,0.581105,0.717405,20547.513672
65,0.529588,0.681442,20797.062500
66,0.588154,0.761853,21462.566406
67,0.462931,0.733910,22061.537109
68,0.434254,0.757153,22394.292969
69,0.391384,0.699121,22727.039062
70,0.387007,0.707356,23076.414062
71,0.351735,0.747414,23442.453125
72,0.489679,0.736538,23741.929688
73,0.519355,0.776389,24407.427734
74,0.474212,0.803166,24673.626953
0,0.751292,0.499072,465.814789
1,0.804692,0.473755,748.684509
2,0.781081,0.958345,1630.509521
3,0.932630,0.432548,2695.259521
4,0.870016,0.469879,3011.349121
5,0.864456,0.475249,3194.367920
6,0.818036,0.481642,3427.360596
7,0.868242,0.473278,3909.854492
8,0.817131,0.492669,4175.989746
9,0.812523,0.492099,4408.983398
10,0.793248,0.510051,4808.275391
11,0.793943,0.503544,4957.925293
12,0.777535,0.455274,5373.922363
13,0.782172,0.460476,5490.335938
14,0.981290,0.469768,6072.729980
15,0.042668,0.477095,6571.818848
16,0.023992,0.484785,6771.440918
17,0.065180,0.474352,7104.189453
18,0.063718,0.481002,7353.751465
19,0.079189,0.492765,7669.891113
20,0.056440,0.479906,8135.747070
21,0.058319,0.663355,8734.666016
22,0.110893,0.498225,9050.793945
23,0.101217,0.486175,9366.889648
24,0.095353,0.577715,9949.226562
25,0.092875,0.552144,10182.153320
26,0.093274,0.487718,10481.622070
27,0.140464,0.489650,11047.305664
28,0.128749,0.682776,11995.633789
29,0.258177,0.469702,12444.871094
30,0.318830,0.470877,13077.087891
31,0.315443,0.474165,13193.560547
32,0.413728,0.452782,13642.763672
33,0.424799,0.746421,13992.152344
34,0.560241,0.657110,14774.110352
35,0.573855,0.625461,15339.807617
36,0.609627,0.668773,16105.151367
37,0.602001,0.421213,16437.882812
38,0.596195,0.408447,16554.365234
39,0.603887,0.402817,16720.720703
40,0.577729,0.409681,16937.033203
41,0.603794,0.390269,17535.960938
42,0.544514,0.448204,17735.617188
43,0.543265,0.438644,18218.111328
44,0.500033,0.488651,18417.755859
45,0.495211,0.478521,18650.681641
46,0.496913,0.463733,18950.156250
47,0.521520,0.586180,19216.349609
48,0.502081,0.454021,19565.748047
49,0.498744,0.446284,19698.853516
50,0.495860,0.438913,19848.607422
51,0.442128,0.467936,20148.058594
52,0.445107,0.455239,20264.539062
53,0.448539,0.459395,20464.187500
54,0.450765,0.451831,20597.271484
55,0.509977,0.410027,20830.197266
56,0.505605,0.413310,20979.937500
57,0.499198,0.407167,21196.238281
58,0.483519,0.391022,21479.105469
59,0.339329,0.493602,21628.804688
60,0.288672,0.513452,21928.289062
61,0.408836,0.423883,22444.066406
62,0.404395,0.425494,22527.251953
63,0.403084,0.409286,22660.343750
64,0.392990,0.384555,23359.126953
65,0.226720,0.470095,23824.986328
66,0.229756,0.445153,24041.257812
67,0.239345,0.534609,24290.853516
68,0.235511,0.519149,24507.111328
0,0.805938,0.373126,366.020050
1,0.786006,0.363855,532.475830
2,0.723495,0.409155,831.879578
3,0.522966,0.469790,1597.254639
4,0.541727,0.818263,2179.506348
5,0.440720,0.821475,2678.700928
6,0.374356,0.772165,2878.367188
7,0.388785,0.437151,3244.398926
8,0.373314,0.386724,3493.904785
9,0.275572,0.422514,3793.371338
10,0.205319,0.418285,4109.486328
11,0.212991,0.421740,4209.292969
12,0.219090,0.391961,4342.394043
13,0.633582,0.446375,5590.226074
14,0.585609,0.409588,5839.778809
15,0.529986,0.409183,6155.870605
16,0.566000,0.773183,6555.187500
17,0.475617,0.804595,6821.395508
18,0.491944,0.812255,7004.449707
19,0.387528,0.736620,7220.698242
20,0.326557,0.759352,7536.858887
21,0.408928,0.367762,7719.815918
22,0.032734,0.103951,8867.851562
23,0.784987,0.487386,9782.867188
24,0.731505,0.501402,10082.425781
25,0.787638,0.458365,10465.004883
26,0.838865,0.459739,10880.944336
27,0.893510,0.491317,11479.920898
28,0.934276,0.442669,11762.859375
29,0.937294,0.444525,12078.943359
30,0.991691,0.451978,12578.037109
31,0.980783,0.436091,12727.709961
32,0.036175,0.457373,12977.338867
33,0.067732,0.496453,13609.523438
34,0.109917,0.504800,13892.417969
35,0.161985,0.521910,14241.841797
36,0.158505,0.521384,14358.250977
37,0.166245,0.729381,14641.074219
38,0.252669,0.372478,15223.397461
39,0.208266,0.391790,15572.781250
40,0.701894,0.516382,18717.320312
41,0.630754,0.509700,18933.550781
42,0.595192,0.490833,19266.312500
43,0.602747,0.468492,19416.082031
44,0.648609,0.498548,19832.054688
45,0.654758,0.486692,20214.664062
46,0.658301,0.490749,20364.423828
47,0.659903,0.493073,20464.314453
48,0.623525,0.477350,20747.083984
49,0.594094,0.457989,21046.541016
50,0.594823,0.462553,21179.675781
51,0.591903,0.459185,21279.441406
52,0.554947,0.456081,21662.107422
53,0.558546,0.456362,21944.998047
54,0.559583,0.475392,22094.740234
55,0.503839,0.451752,22593.851562
56,0.507650,0.424323,22743.568359
57,0.509651,0.420250,23043.128906
58,0.457219,0.481363,23525.535156
59,0.520677,0.482855,23708.541016
60,0.518488,0.480812,23841.642578
61,0.476416,0.466837,24074.558594
62,0.461096,0.450579,24240.939453
63,0.462691,0.448184,24490.505859
64,0.406602,0.407790,24789.994141
0,0.796307,0.477093,948.368408
1,0.629842,0.515284,1181.313354
2,0.635296,0.509317,1347.683472
3,0.644150,0.549587,1680.444580
4,0.613680,0.639286,2678.729248
5,0.576844,0.632873,3111.248779
6,0.544452,0.640134,3377.470459
7,0.535774,0.822956,3810.079590
8,0.464223,0.792839,6305.686035
9,0.588000,0.870350,6605.189941
10,0.485001,0.519949,7370.470215
11,0.497463,0.502868,7686.588867
12,0.435682,0.505734,7886.257812
13,0.382654,0.638822,8335.491211
14,0.366659,0.643211,8634.929688
15,0.413529,0.634056,9350.382812
16,0.432862,0.509623,10631.482422
17,0.437619,0.493936,10881.041016
18,0.440041,0.495798,11080.661133
19,0.611301,0.480148,11596.427734
20,0.556763,0.481373,11829.410156
21,0.638888,0.490161,12528.145508
22,0.669538,0.495862,12993.979492
23,0.667228,0.496411,13177.004883
24,0.583486,0.460273,13476.516602
25,0.763061,0.516639,14042.179688
26,0.809309,0.512716,14291.714844
27,0.806228,0.506141,14424.831055
28,0.849703,0.509252,14724.312500
29,0.846347,0.500158,14807.497070
30,0.891118,0.486127,15223.435547
31,0.896787,0.511287,15822.405273
32,0.902695,0.514999,15988.768555
33,0.940747,0.469501,16205.044922
34,0.985488,0.457308,16754.089844
35,0.981782,0.458207,16937.095703
36,0.041580,0.477878,18417.843750
37,0.030944,0.457824,18617.552734
38,0.972565,0.462435,19283.009766
39,0.911910,0.439547,19698.953125
40,0.877454,0.373132,19915.216797
41,0.837802,0.457908,20331.158203
42,0.881188,0.455583,20564.087891
43,0.877346,0.459145,20763.755859
44,0.927258,0.438307,21262.904297
45,0.914208,0.478522,21512.431641
46,0.872819,0.477676,21945.060547
47,0.919231,0.459505,22227.867188
48,0.874272,0.476196,22460.779297
49,0.827986,0.489707,22727.005859
50,0.822709,0.485943,22910.027344
51,0.757793,0.454751,23359.224609
52,0.754204,0.456880,23525.615234
53,0.780469,0.477950,23841.687500
54,0.785885,0.484554,23941.523438
55,0.772365,0.479191,24207.718750
56,0.774857,0.472744,24523.853516
57,0.780378,0.492305,24640.298828
0,0.720593,0.521093,332.747162
1,0.732998,0.528389,482.450073
2,0.623990,0.516545,1031.514648
3,0.553603,0.527839,1514.010864
4,0.534286,0.550346,1663.791260
5,0.790800,0.434973,2562.157227
6,0.871962,0.510058,3127.860840
7,0.922179,0.484790,3344.169434
8,0.916240,0.496665,3493.924561
9,0.917894,0.490475,3726.819092
10,0.969539,0.498121,3926.446533
11,0.966432,0.504026,4026.301025
12,0.018949,0.526552,4508.792969
13,0.056107,0.520575,4824.919434
14,0.057715,0.683196,5457.127441
15,0.090688,0.497193,5756.591309
16,0.090817,0.488343,5922.996094
17,0.092678,0.491823,6056.081055
18,0.137071,0.489398,6322.304688
19,0.135132,0.494866,6455.396973
20,0.139202,0.518940,6588.493652
21,0.144722,0.675925,6821.392090
22,0.233474,0.452580,7570.075684
23,0.305661,0.466894,7919.514648
24,0.301161,0.471595,8002.663086
25,0.326048,0.718028,8285.529297
26,0.364803,0.799242,8535.103516
27,0.405888,0.798555,8701.440430
28,0.411861,0.745461,8950.991211
29,0.289420,0.490342,9832.770508
30,0.290908,0.483629,9982.523438
31,0.293545,0.489804,10132.262695
32,0.221155,0.480976,10465.013672
33,0.949442,0.499041,11895.850586
34,0.892553,0.523686,12162.070312
35,0.897001,0.511819,12278.505859
36,0.805143,0.547530,12794.281250
37,0.808081,0.533546,12944.026367
38,0.763288,0.531548,13226.870117
39,0.731780,0.540762,13542.984375
40,0.741677,0.691219,13909.009766
41,0.737413,0.700578,14008.825195
42,0.740349,0.707866,14491.357422
43,0.492206,0.519792,15589.438477
44,0.440214,0.573802,15822.313477
45,0.591813,0.850537,16404.621094
46,0.551775,0.847876,16620.917969
47,0.609203,0.772402,16853.931641
48,0.589803,0.785023,17070.142578
49,0.606548,0.415717,17702.376953
50,0.917631,0.493267,19332.871094
51,0.017582,0.568565,19782.101562
52,0.011816,0.566190,19915.179688
53,0.054182,0.563399,20098.197266
54,0.073223,0.241686,20564.041016
55,0.029062,0.163179,20896.841797
56,0.123254,0.550849,21279.455078
57,0.146580,0.562360,21395.925781
58,0.134939,0.746584,21678.755859
59,0.123430,0.798131,21944.976562
60,0.092235,0.466882,22410.814453
61,0.141779,0.471352,22593.871094
62,0.135500,0.483544,22693.654297
63,0.039482,0.469198,23043.048828
64,0.899810,0.425827,23924.867188
65,0.862905,0.450898,24257.568359
66,0.858335,0.452808,24407.318359
0,0.763112,0.465930,366.008301
1,0.763200,0.491355,632.317505
2,0.814505,0.515508,898.459900
3,0.550954,0.471184,2329.290527
4,0.493466,0.477998,2861.699951
5,0.553941,0.477464,3310.866699
6,0.607128,0.473783,3726.891846
7,0.596553,0.471817,3876.594727
8,0.637599,0.478087,4209.287109
9,0.842101,0.485877,5257.527344
10,0.934887,0.486598,5823.184570
11,0.991629,0.515911,6339.022949
12,0.986518,0.495951,6538.589355
13,0.039933,0.529306,6821.431641
14,0.972357,0.466741,7337.213867
15,0.973118,0.452334,7520.184570
16,0.124890,0.545482,8252.246094
17,0.121424,0.537264,8385.333984
18,0.160569,0.536871,8851.211914
19,0.975539,0.466535,9450.187500
20,0.971148,0.470613,9733.019531
21,0.966224,0.475061,9932.620117
22,0.028527,0.504864,10365.231445
23,0.897144,0.461242,11014.064453
24,0.914655,0.455468,11180.492188
25,0.909097,0.460774,11413.375000
26,0.856660,0.452307,11646.408203
27,0.862827,0.453240,11746.131836
28,0.875214,0.466761,11962.499023
29,0.819215,0.469093,12245.282227
30,0.821422,0.475103,12394.996094
31,0.740594,0.469294,13027.231445
32,0.789582,0.489528,13376.667969
33,0.537875,0.487638,14225.171875
34,0.485609,0.487810,14491.355469
35,0.492067,0.487837,14757.608398
36,0.429605,0.488677,14923.942383
37,0.417716,0.728773,15739.197266
38,0.401416,0.694114,15988.733398
39,0.556981,0.738593,16338.123047
40,0.485495,0.726935,16770.753906
41,0.483084,0.706807,16953.724609
42,0.616522,0.470110,17502.750000
43,0.617525,0.452627,17719.015625
44,0.664651,0.484606,17918.683594
45,0.682494,0.461120,18318.003906
46,0.983407,0.495737,18966.835938
47,0.039092,0.519324,19848.677734
48,0.094814,0.549396,20181.439453
49,0.120290,0.588888,20331.199219
50,0.116064,0.574201,20497.509766
51,0.982342,0.484066,21063.230469
52,0.990089,0.495373,21895.080078
53,0.983854,0.500127,22360.900391
54,0.929030,0.436706,22926.630859
55,0.820650,0.442628,23642.021484
56,0.889752,0.465695,23891.613281
57,0.883489,0.457440,24074.648438
0,0.752552,0.508119,415.948975
1,0.809452,0.478519,715.422241
2,0.848634,0.483965,948.341309
3,0.893617,0.482107,1247.781494
4,0.932103,0.469575,1530.639404
5,0.925647,0.468192,1713.656250
6,0.871069,0.481130,1896.688354
7,0.790156,0.470775,2661.960449
8,0.769517,0.465842,2795.126953
9,0.604807,0.468741,3527.139404
10,0.535891,0.476135,3793.324951
11,0.534671,0.497803,3959.804688
12,0.541562,0.747388,4442.241699
13,0.539462,0.742936,4991.262695
14,0.547981,0.750747,5174.329590
15,0.391417,0.491142,5723.401367
16,0.393109,0.466876,5939.563477
17,0.293428,0.490728,6505.322266
18,0.216353,0.482130,6704.972168
19,0.228966,0.470976,6804.742188
20,0.460027,0.530214,7287.238281
21,0.470057,0.511716,7453.617188
22,0.523297,0.504503,7719.858887
23,0.514796,0.495578,7836.294922
24,0.564074,0.483706,8169.039551
25,0.597457,0.477228,8518.445312
26,0.643966,0.470767,8851.156250
27,0.628444,0.484188,9034.179688
28,0.655919,0.489061,9350.279297
29,0.599712,0.546299,9683.065430
30,0.596558,0.547768,9899.327148
31,0.638948,0.537544,10248.731445
32,0.655688,0.488868,10581.467773
33,0.797047,0.485519,11197.092773
34,0.845382,0.478409,11413.353516
35,0.987969,0.467759,12178.710938
36,0.976567,0.481098,12378.344727
37,0.971325,0.487333,12528.085938
38,0.027893,0.490399,12677.830078
39,0.069565,0.483346,12977.271484
40,0.156566,0.491122,13576.247070
41,0.250356,0.468784,13942.306641
42,0.239449,0.463244,14358.205078
43,0.309332,0.462492,14607.793945
44,0.130391,0.495994,15073.621094
45,0.047997,0.479469,15356.471680
46,0.947957,0.472567,15822.334961
47,0.953491,0.476376,15938.791016
48,0.914310,0.474722,16404.630859
49,0.872988,0.482762,16620.898438
50,0.875193,0.485975,17070.175781
51,0.815669,0.476458,17552.615234
52,0.772255,0.467899,17802.214844
53,0.731546,0.488690,18101.652344
54,0.694137,0.495422,18517.587891
55,0.699248,0.496140,18817.109375
56,0.712042,0.576551,19183.130859
57,0.608876,0.501595,19482.582031
58,0.570030,0.497992,19848.664062
59,0.537071,0.500058,20048.263672
60,0.428610,0.767355,21096.441406
61,0.392840,0.701853,21462.474609
62,0.428745,0.762622,21811.878906
63,0.389621,0.507552,22211.171875
64,0.381029,0.484066,22344.269531
65,0.457056,0.476437,22627.128906
66,0.515714,0.484368,23076.314453
67,0.570044,0.485365,23791.732422
68,0.635921,0.469138,24274.236328
69,0.671017,0.475233,24557.044922
0,0.742393,0.496086,282.860657
1,0.765936,0.503943,449.359009
2,0.793093,0.484927,732.106873
3,0.839763,0.475791,1164.653442
4,0.887397,0.477782,1630.506470
5,0.884733,0.482286,1763.650635
6,0.857948,0.729536,2196.386475
7,0.853360,0.731100,2295.949707
8,0.871645,0.711619,2512.368896
9,0.935916,0.649823,2795.309570
10,0.936595,0.485894,3094.623291
11,0.935878,0.474523,3194.508545
12,0.981408,0.481047,3676.944824
13,0.040460,0.500339,4225.925781
14,0.035892,0.498507,4475.671387
15,0.074936,0.500422,4891.591797
16,0.076549,0.499128,5041.151855
17,0.074325,0.497496,5190.964844
18,0.071537,0.495228,5423.958008
19,0.119633,0.505513,5706.760254
20,0.118778,0.504326,5823.139160
21,0.156426,0.512621,6056.134766
22,0.052589,0.267020,6888.052246
23,0.034077,0.232954,7087.653809
24,0.892994,0.226382,7470.233887
25,0.857099,0.486700,7803.047363
26,0.763927,0.481144,8252.221680
27,0.737080,0.494452,8535.087891
28,0.703902,0.509081,8684.893555
29,0.711757,0.585708,9317.149414
30,0.644993,0.488796,9616.606445
31,0.615105,0.472794,9982.561523
32,0.582034,0.472747,10481.678711
33,0.545823,0.483029,10831.126953
34,0.500763,0.493791,11596.474609
35,0.451863,0.508970,12078.937500
36,0.393550,0.493935,12894.228516
37,0.399179,0.525286,13493.126953
38,0.287195,0.518179,13925.696289
39,0.291662,0.510896,14042.175781
40,0.224608,0.498620,14391.486328
41,0.419019,0.713710,15123.674805
42,0.430461,0.722072,15239.964844
43,0.464090,0.748513,15456.365234
44,0.506085,0.752693,15872.259766
45,0.551092,0.754049,16088.577148
46,0.618300,0.728416,16404.765625
47,0.616467,0.723988,16654.273438
48,0.633157,0.678746,16903.830078
49,0.675828,0.791030,17436.253906
50,0.661789,0.341551,19116.521484
51,0.527310,0.237916,20148.201172
52,0.497333,0.523266,20846.906250
53,0.398485,0.470041,21811.906250
54,0.292557,0.495939,22377.476562
55,0.371195,0.503798,22810.144531
56,0.455486,0.508257,23059.703125
57,0.418832,0.293263,23558.810547
58,0.571142,0.499037,24606.916016
59,0.564713,0.500856,24806.613281
