Idx, longitude, latitude, start timestamp
0,0.721445,0.520865,349.489777
1,0.738560,0.142422,1164.681885
2,0.688669,0.064365,1297.771729
3,0.505420,0.028190,1480.765625
4,0.391646,0.058416,1680.384888
5,0.320350,0.081729,1863.324341
6,0.270281,0.093899,2395.811523
7,0.412907,0.130918,2745.244629
8,0.551118,0.354670,3094.576172
9,0.542777,0.626043,3577.022217
10,0.589249,0.493614,4325.676758
11,0.511089,0.457670,4824.789551
12,0.455769,0.449780,5207.469727
13,0.478095,0.531754,5939.521484
14,0.489853,0.468544,6122.497559
15,0.361366,0.478968,6421.937012
16,0.319154,0.466437,6721.484375
17,0.323130,0.476919,6904.478027
18,0.335042,0.473226,7087.419434
19,0.318331,0.454233,7353.707520
20,0.334037,0.534716,7852.842773
21,0.334928,0.498536,8235.434570
22,0.338251,0.459620,8551.556641
23,0.343641,0.613688,9250.421875
24,0.343452,0.644363,9433.341797
25,0.236938,0.517687,9782.738281
26,0.133130,0.456658,10464.858398
27,0.144593,0.430143,10764.299805
28,0.247743,0.219130,12810.769531
29,0.498838,0.619335,14474.491211
30,0.631750,0.472818,15555.842773
31,0.648117,0.558204,17119.769531
32,0.799253,0.445925,18550.583984
33,0.903037,0.491840,19182.841797
34,0.065489,0.451207,21029.505859
35,0.917329,0.221209,22876.355469
36,0.002407,0.527953,23441.955078
37,0.975520,0.542224,24290.505859
0,0.732616,0.348496,182.922043
1,0.702041,0.224525,615.545959
2,0.298747,0.011147,1297.650757
3,0.920289,0.066501,1530.681885
4,0.992791,0.363947,2312.504883
5,0.996577,0.444220,2612.023193
6,0.029153,0.680853,2961.492676
7,0.020347,0.733263,3227.733154
8,0.084671,0.924578,3660.243164
9,0.401364,0.862911,5024.445312
10,0.473277,0.852019,5473.783203
11,0.513898,0.847958,5706.561523
12,0.535252,0.802774,6006.128906
13,0.555724,0.802778,6222.446289
14,0.552507,0.752791,6638.361816
15,0.567846,0.786868,6854.664551
16,0.495008,0.394440,7703.235840
17,0.384956,0.396665,8152.465820
18,0.293356,0.846695,8884.411133
19,0.382262,0.340376,9483.435547
20,0.441039,0.235775,10215.410156
21,0.504337,0.515966,10498.323242
22,0.533374,0.459171,10681.334961
23,0.535988,0.222898,10880.886719
24,0.564112,0.954916,12062.287109
25,0.518181,0.936480,12178.653320
26,0.511461,0.921811,12311.755859
27,0.490603,0.893985,12661.144531
28,0.470729,0.888219,13110.370117
29,0.500075,0.876110,13409.831055
30,0.698035,0.233473,15206.753906
31,0.724162,0.526810,16704.041016
32,0.624053,0.141955,19782.029297
33,0.581081,0.167952,20064.914062
34,0.589727,0.294422,20514.113281
35,0.602312,0.611070,21529.037109
0,0.729870,0.480053,366.009888
1,0.703739,0.316485,848.504517
2,0.684075,0.260855,1014.852478
3,0.672242,0.187158,1297.761475
4,0.672634,0.139134,1447.498169
5,0.010703,0.213535,3310.958008
6,0.004170,0.318494,3710.165527
7,0.996673,0.488646,4741.698730
8,0.047505,0.554094,5390.541992
9,0.130858,0.469965,5923.050293
10,0.056012,0.119142,7886.216309
11,0.127138,0.089652,8119.084961
12,0.492540,0.460644,12727.809570
13,0.538749,0.462863,13426.508789
14,0.489477,0.458364,13709.370117
15,0.875073,0.461913,17902.046875
16,0.905205,0.469008,18134.947266
17,0.833324,0.382725,18384.580078
18,0.894260,0.231490,19349.507812
19,0.840104,0.150025,19798.626953
20,0.820042,0.155870,20031.640625
0,0.730010,0.508595,99.813904
1,0.751738,0.445233,482.491394
2,0.689403,0.143988,1114.741089
3,0.664694,0.099802,1380.920898
4,0.923481,0.224633,2212.714355
5,0.921753,0.235159,2312.608643
6,0.829970,0.589888,3078.002930
7,0.772001,0.488342,3294.190430
8,0.583360,0.488145,4059.609375
9,0.511253,0.457149,4325.800293
10,0.523625,0.458388,4508.796875
11,0.613827,0.491916,4708.482422
12,0.621279,0.400797,4974.667480
13,0.657889,0.331381,5390.600098
14,0.717610,0.362405,5606.780762
15,0.835044,0.418112,6105.981934
16,0.858642,0.409540,6488.748535
17,0.905729,0.434265,6771.552734
18,0.995708,0.436538,7004.381836
19,0.992783,0.434906,7137.548828
20,0.997646,0.418829,7270.667969
21,0.983409,0.496651,7686.549805
22,0.989492,0.558881,7886.129883
23,0.982036,0.459125,8135.779785
24,0.983348,0.360201,8368.662109
25,0.975668,0.386184,8668.179688
26,0.984728,0.514769,8967.645508
27,0.199627,0.567002,10831.072266
28,0.982824,0.497700,11862.596680
29,0.991741,0.603823,12145.450195
30,0.977766,0.460600,12561.337891
31,0.978068,0.415613,12810.901367
32,0.975658,0.395625,13043.836914
33,0.980613,0.363193,13276.800781
34,0.989964,0.356413,13576.305664
35,0.986052,0.459583,13775.920898
36,0.013068,0.323960,14308.247070
37,0.002444,0.520797,15007.002930
38,0.027290,0.702729,15489.517578
39,0.241500,0.499075,17469.519531
40,0.215373,0.382615,17768.828125
41,0.222991,0.301617,18001.816406
42,0.969280,0.514919,19931.785156
43,0.807702,0.498989,21196.273438
44,0.667871,0.126401,22693.625000
45,0.674579,0.115567,22893.287109
0,0.719698,0.502082,432.620728
1,0.720815,0.419277,615.578186
2,0.713145,0.357922,831.862610
3,0.714133,0.316661,1064.922119
4,0.714153,0.288565,1247.856445
5,0.719445,0.268600,1430.861206
6,0.724414,0.211206,1630.495972
7,0.718398,0.161035,1830.216431
8,0.723703,0.123080,1979.949097
9,0.701160,0.092357,2212.854248
10,0.705452,0.073746,2312.613281
11,0.756646,0.067089,2429.097168
12,0.755758,0.073511,2545.579102
13,0.785726,0.067281,2678.604492
14,0.968224,0.183168,3028.047363
15,0.004788,0.287489,3493.936768
16,0.000544,0.313461,3677.015381
17,0.992464,0.477865,4109.566895
18,0.990356,0.482535,4242.631348
19,0.985375,0.489578,4475.538086
20,0.012417,0.534182,5041.148438
21,0.046883,0.638925,5440.567871
22,0.146112,0.490917,6272.382812
23,0.175144,0.478026,6488.635742
24,0.183220,0.457718,6621.716309
25,0.210554,0.473833,7104.241699
26,0.239825,0.494775,7270.603027
27,0.221602,0.487259,7836.341309
28,0.264026,0.342040,8268.803711
29,0.259403,0.241803,9000.918945
30,0.112904,0.331736,10481.690430
31,0.961047,0.469714,11762.808594
32,0.940931,0.406231,11995.639648
33,0.734873,0.303055,13958.958984
34,0.717832,0.465948,14940.609375
35,0.724911,0.483586,15056.945312
36,0.724703,0.517306,15373.067383
37,0.641324,0.516548,15655.949219
38,0.629297,0.510657,15905.635742
39,0.592381,0.501958,16155.067383
40,0.599009,0.412863,16654.160156
41,0.608228,0.498125,17103.476562
42,0.612110,0.493091,17219.958984
43,0.600211,0.296618,17835.380859
44,0.599175,0.236334,18068.427734
45,0.572912,0.231253,18351.255859
46,0.595969,0.226304,18550.914062
47,0.485256,0.290583,19033.363281
48,0.477716,0.499130,19565.773438
49,0.486811,0.496572,19765.349609
50,0.474661,0.492193,20015.031250
51,0.540479,0.490671,20497.458984
52,0.516555,0.491409,20830.251953
53,0.374508,0.474377,21712.003906
54,0.344603,0.516073,22993.095703
55,0.337535,0.475814,23242.730469
56,0.366886,0.469175,23475.531250
57,0.360799,0.552886,23725.226562
58,0.390729,0.219125,24390.703125
59,0.403015,0.214126,24656.908203
60,0.389591,0.204507,24989.625000
0,0.741289,0.108276,432.639771
1,0.637789,0.156392,698.825867
2,0.584293,0.180880,865.208557
3,0.548386,0.177180,1148.036987
4,0.559832,0.147535,1580.635986
5,0.572040,0.152850,1713.746094
6,0.626456,0.199886,1930.036377
7,0.635264,0.195040,2096.385986
8,0.638978,0.199677,2345.950928
9,0.658610,0.204836,2545.595947
10,0.667081,0.217048,2711.977783
11,0.610167,0.208352,2978.185303
12,0.534958,0.166990,3294.276855
13,0.518046,0.156697,3543.881348
14,0.534563,0.221561,3993.086182
15,0.427396,0.290454,4259.292480
16,0.300973,0.146237,4508.871582
17,0.311056,0.126561,4874.865723
18,0.302654,0.136064,5041.226562
19,0.401613,0.172605,5690.140625
20,0.441748,0.178916,5856.484375
21,0.462914,0.223467,6155.954102
22,0.456661,0.225301,6322.364746
23,0.526807,0.216426,6638.443848
24,0.536649,0.271378,6987.845215
25,0.392270,0.179969,7437.058105
26,0.344534,0.191190,7852.997070
27,0.390391,0.157761,8252.289062
28,0.348291,0.155087,8601.681641
29,0.325320,0.178122,9117.454102
30,0.279493,0.169787,9317.091797
31,0.309561,0.205589,9716.413086
32,0.284546,0.199366,9899.429688
33,0.273112,0.185062,11047.439453
34,0.285666,0.248196,11263.706055
35,0.285746,0.272898,11463.359375
36,0.128909,0.175369,11962.488281
37,0.276715,0.204780,12628.000000
38,0.300642,0.283771,12844.253906
39,0.313685,0.287348,13310.152344
40,0.408420,0.169038,13892.427734
41,0.345464,0.111485,14058.833008
42,0.348123,0.167817,14308.391602
43,0.356389,0.204412,14541.327148
44,0.464145,0.194326,14940.609375
45,0.491501,0.215986,15123.638672
46,0.991087,0.074231,15789.122070
47,0.598442,0.545980,17502.824219
48,0.608772,0.655961,17818.914062
49,0.608151,0.677917,18035.189453
50,0.584013,0.702629,18268.123047
51,0.573447,0.690311,18467.759766
52,0.551121,0.650771,18700.691406
53,0.527161,0.560411,18867.066406
54,0.521693,0.478700,19050.101562
55,0.528424,0.474123,19399.468750
56,0.530614,0.453922,19765.511719
57,0.464689,0.474842,20114.904297
58,0.480329,0.471125,20397.746094
59,0.492765,0.461169,20530.861328
60,0.390105,0.505127,21146.417969
61,0.363707,0.433656,21911.759766
62,0.360537,0.411638,22128.060547
63,0.341373,0.513427,22510.724609
64,0.261944,0.530614,22893.363281
65,0.241482,0.525387,23126.304688
66,0.227456,0.432582,23608.785156
67,0.148472,0.497226,23958.167969
68,0.153270,0.480082,24191.121094
69,0.118718,0.501217,24374.117188
70,0.102472,0.505802,24557.173828
0,0.766553,0.473713,266.158875
1,0.736748,0.427467,499.060638
2,0.737107,0.360381,865.167908
3,0.869909,0.369899,1347.542725
4,0.954301,0.471864,1929.884888
5,0.994426,0.478667,2146.168945
6,0.997116,0.412563,2495.557373
7,0.008079,0.253810,3044.580811
8,0.005775,0.218697,3227.598389
9,0.977134,0.158219,3527.082764
10,0.079176,0.288055,4225.839844
11,0.124844,0.314468,4475.408691
12,0.132842,0.358442,4841.483398
13,0.147779,0.381848,5323.934082
14,0.114678,0.300117,5473.691895
15,0.104139,0.292014,5739.862793
16,0.107670,0.392288,6039.371582
17,0.192144,0.444545,6305.565918
18,0.180740,0.458569,6471.943848
19,0.264729,0.464013,6754.785156
20,0.251616,0.467119,6937.781738
21,0.236827,0.295083,7386.999512
22,0.217407,0.523060,7669.844727
23,0.152235,0.494381,8185.623047
24,0.154634,0.474761,8285.444336
25,0.158817,0.485765,8501.716797
26,0.177078,0.602455,8751.293945
27,0.168267,0.604993,9183.864258
28,0.135596,0.588960,9400.155273
29,0.103009,0.659417,9865.987305
30,0.003987,0.713153,10082.315430
31,0.981539,0.710426,10281.926758
32,0.712784,0.412248,11280.186523
33,0.634497,0.464643,11612.970703
34,0.593971,0.469340,11929.070312
35,0.598187,0.474182,12045.531250
36,0.599771,0.402644,12361.652344
37,0.634799,0.414392,12927.297852
38,0.559830,0.468349,13476.353516
39,0.528111,0.473318,13642.754883
40,0.531676,0.462504,13759.185547
41,0.527077,0.452006,13942.191406
42,0.476129,0.459304,14258.318359
43,0.514510,0.346215,14707.541992
44,0.603070,0.319590,14940.458008
45,0.621358,0.308608,15190.060547
46,0.623287,0.288534,15456.208984
47,0.650707,0.272612,15689.171875
48,0.715680,0.267937,15922.087891
49,0.732215,0.199118,16371.293945
50,0.793616,0.221378,16787.234375
51,0.807620,0.213800,17020.166016
52,0.725443,0.274623,17286.376953
53,0.745206,0.260570,17785.503906
54,0.827291,0.206604,18001.775391
55,0.813396,0.206286,18251.335938
56,0.783094,0.112810,18617.363281
57,0.765608,0.077855,18883.560547
58,0.763868,0.058468,19083.220703
59,0.604284,0.127829,19499.166016
60,0.638631,0.209116,19865.189453
61,0.649982,0.220729,20064.835938
62,0.688873,0.289897,20297.781250
63,0.697147,0.356742,20464.140625
64,0.704034,0.399086,20630.505859
65,0.717469,0.395043,20896.722656
66,0.715161,0.399456,21063.117188
67,0.598027,0.459745,21628.792969
68,0.604242,0.466755,21861.679688
69,0.655106,0.489986,22227.728516
70,0.711042,0.495401,23092.894531
71,0.723617,0.361463,23775.029297
72,0.837837,0.410024,24124.406250
73,0.865692,0.410464,24407.238281
74,0.857289,0.389596,24656.810547
0,0.722669,0.476549,382.671356
1,0.585589,0.485734,1114.755127
2,0.533724,0.457289,1281.102661
3,0.506673,0.451887,1563.883789
4,0.477850,0.462106,1780.164062
5,0.474967,0.454604,2229.377686
6,0.499331,0.444975,2462.299561
7,0.564885,0.167654,3044.626953
8,0.608201,0.142059,3244.277832
9,0.653988,0.101052,3510.472900
10,0.761770,0.092722,3743.399658
11,0.786274,0.100277,3959.784912
12,0.811302,0.190172,4192.619141
13,0.953544,0.281749,5007.918945
14,0.999074,0.351983,5190.905273
15,0.005015,0.419568,5523.672363
16,0.982178,0.478924,5806.476074
17,0.972289,0.446667,6089.384277
18,0.057401,0.422685,6588.492188
19,0.055092,0.422401,6671.656738
20,0.985127,0.496119,7087.596191
21,0.775708,0.502438,8019.264160
22,0.750997,0.501731,8302.207031
23,0.702959,0.482503,8551.673828
24,0.595316,0.474786,9084.087891
25,0.577097,0.482343,9317.041992
26,0.553064,0.475887,9683.069336
27,0.560405,0.471515,10032.410156
28,0.421370,0.506811,10348.553711
29,0.390675,0.488748,10531.533203
30,0.349908,0.474045,10731.187500
31,0.308967,0.480346,11030.689453
32,0.241874,0.465652,11513.168945
33,0.227126,0.535558,11746.123047
34,0.207098,0.501153,11929.186523
35,0.174751,0.455690,12145.512695
36,0.166108,0.427634,12361.702148
37,0.210963,0.466992,12611.313477
38,0.196811,0.527101,12810.886719
39,0.185382,0.575462,12960.672852
40,0.145279,0.668871,13226.861328
41,0.202545,0.795513,13459.749023
42,0.863925,0.987691,13809.243164
43,0.628667,0.951550,14008.796875
44,0.272992,0.866801,14391.460938
45,0.352799,0.794223,14607.801758
46,0.392015,0.752121,14840.740234
47,0.460493,0.761489,15256.662109
48,0.622057,0.840919,15938.794922
49,0.595122,0.863078,16537.759766
50,0.557468,0.839304,16770.691406
51,0.592420,0.851772,17253.185547
52,0.556845,0.790197,17519.443359
53,0.585856,0.808933,17918.640625
54,0.601307,0.832707,18118.308594
55,0.322224,0.870657,18617.427734
56,0.227198,0.815340,18883.623047
57,0.323392,0.846788,19133.267578
58,0.716403,0.958409,19649.007812
59,0.615452,0.855177,19882.003906
60,0.583343,0.783656,20414.332031
61,0.553291,0.783143,20763.707031
62,0.590765,0.826963,20946.777344
63,0.582643,0.860046,21196.232422
64,0.972539,0.881841,22011.525391
65,0.963223,0.807383,22377.521484
66,0.849551,0.775051,22793.443359
67,0.625573,0.591834,23575.462891
68,0.562182,0.819047,23974.769531
69,0.556010,0.848008,24174.394531
70,0.559397,0.859191,24324.117188
71,0.553936,0.821876,24557.033203
72,0.559553,0.806297,24906.474609
0,0.728232,0.468905,499.174164
1,0.722151,0.354581,732.084167
2,0.715539,0.312697,915.023804
3,0.711143,0.191470,1264.543457
4,0.710497,0.161389,1447.476318
5,0.693933,0.095595,1680.425171
6,0.665032,0.081799,1830.088257
7,0.539865,0.042564,1996.549927
8,0.322822,0.025713,2429.090332
9,0.595269,0.149618,3244.326416
10,0.614921,0.148694,3344.058838
11,0.679499,0.148174,3560.494629
12,0.780563,0.138977,3776.701416
13,0.100565,0.089526,4192.713867
14,0.065615,0.197767,4508.842773
15,0.012847,0.428834,5739.959961
16,0.002245,0.450891,5939.550781
17,0.007906,0.655232,6322.255371
18,0.004473,0.713105,6655.069824
19,0.886445,0.387290,7636.672363
20,0.823877,0.414218,8402.022461
21,0.797714,0.474175,8651.506836
22,0.703134,0.353038,9633.111328
23,0.705663,0.302853,10381.863281
24,0.625546,0.342019,10614.741211
25,0.602888,0.355001,10864.312500
26,0.580362,0.382846,11063.939453
27,0.270786,0.316081,12944.026367
28,0.272512,0.399512,13343.304688
29,0.011026,0.576759,18950.205078
30,0.985935,0.495342,19199.648438
31,0.978348,0.479762,19449.283203
32,0.968800,0.346927,19931.757812
33,0.264601,0.518893,21212.898438
34,0.267336,0.471471,21429.123047
35,0.251793,0.527629,22161.257812
36,0.291827,0.670230,22776.736328
37,0.295637,0.677616,22893.240234
38,0.253898,0.344911,23442.363281
39,0.261751,0.328749,23891.486328
40,0.271623,0.247269,24124.494141
41,0.270952,0.254884,24207.576172
42,0.238200,0.298929,24623.601562
43,0.231971,0.268531,24856.484375
44,0.235663,0.240126,24972.931641
0,0.751104,0.574615,1397.587769
1,0.737170,0.492329,1680.462769
2,0.700888,0.423088,1830.259521
3,0.692266,0.365072,2063.116699
4,0.697451,0.368181,2462.395020
5,0.671179,0.428678,2712.046143
6,0.668653,0.435820,2895.017334
7,0.664738,0.500276,3094.680420
8,0.639515,0.495859,3244.435547
9,0.581683,0.536748,3527.245117
10,0.598258,0.340661,4425.662598
11,0.661055,0.292981,4625.303711
12,0.680380,0.253639,4791.662598
13,0.978236,0.371861,5573.648438
14,0.006926,0.400413,5756.659180
15,0.996291,0.474124,6155.959961
16,0.993873,0.462231,6305.709961
17,0.030105,0.401313,6538.613770
18,0.050930,0.427475,6821.454102
19,0.069805,0.457499,7187.480469
20,0.049305,0.485854,7486.979980
21,0.996437,0.454847,7736.539062
22,0.985334,0.432118,7986.108398
23,0.980710,0.435238,8185.744629
24,0.983076,0.424828,9100.807617
25,0.005818,0.485229,9566.674805
26,0.096800,0.505846,9949.322266
27,0.124789,0.467364,10148.977539
28,0.114837,0.400460,10348.651367
29,0.165824,0.442713,10731.299805
30,0.167603,0.431390,10897.708008
31,0.113448,0.302860,11163.877930
32,0.244730,0.351487,11563.162109
33,0.253631,0.258220,11762.811523
34,0.258753,0.209375,11929.206055
35,0.262241,0.192382,12128.858398
36,0.343572,0.222010,12395.058594
37,0.373658,0.167085,12611.342773
38,0.390943,0.163700,12711.181641
39,0.441526,0.338837,13043.916016
40,0.489594,0.374092,13293.480469
41,0.483801,0.383784,13376.660156
42,0.489555,0.354460,13559.701172
43,0.488977,0.336358,13759.335938
44,0.459141,0.230433,13992.258789
45,0.447580,0.185077,14191.903320
46,0.450698,0.150964,14408.207031
47,0.078137,0.051873,15373.179688
48,0.968860,0.039451,15572.836914
49,0.932078,0.038895,15722.579102
50,0.911781,0.121237,15955.494141
51,0.952557,0.288477,16554.453125
52,0.959558,0.383608,16770.738281
53,0.965163,0.401478,16920.507812
54,0.971254,0.453226,17053.578125
55,0.968917,0.471071,17253.240234
56,0.999041,0.545124,17486.177734
57,0.133875,0.449195,18101.792969
58,0.144833,0.436007,18384.587891
59,0.154564,0.453398,18950.273438
60,0.171398,0.489564,19116.642578
61,0.181658,0.484377,19283.042969
62,0.254610,0.458292,19532.593750
63,0.270926,0.454685,19848.734375
64,0.252755,0.422817,20114.882812
65,0.246788,0.424665,20231.357422
66,0.372550,0.456713,20780.402344
67,0.385022,0.469493,20913.501953
68,0.255175,0.362525,21279.568359
69,0.236583,0.328417,21545.726562
70,0.769887,0.427264,22876.736328
71,0.704409,0.433708,23176.205078
72,0.693381,0.454816,23342.580078
73,0.700663,0.503829,23558.892578
74,0.653793,0.538819,23874.996094
75,0.654220,0.505559,24224.380859
76,0.711314,0.485551,24507.222656
77,0.700127,0.410607,24806.701172
78,0.688740,0.388668,24973.091797
0,0.742515,0.570378,332.792236
1,0.750600,0.561190,698.761658
2,0.796255,0.706545,1264.440063
3,0.718086,0.558355,1447.563354
4,0.713166,0.511045,1697.003662
5,0.707343,0.467483,1996.498535
6,0.696509,0.296022,2296.004150
7,0.684959,0.273192,2545.531982
8,0.696507,0.211921,2978.132812
9,0.705142,0.193512,3260.987793
10,0.702771,0.149975,3527.234619
11,0.698507,0.126677,3760.129150
12,0.693328,0.114663,4126.122559
13,0.518897,0.108987,4325.788574
14,0.511827,0.093864,4475.502441
15,0.436346,0.052367,4741.782715
16,0.255868,0.055397,4958.026855
17,0.205666,0.077846,5124.368164
18,0.183980,0.081129,5307.424805
19,0.158653,0.078312,5390.558105
20,0.061995,0.075348,5706.714355
21,0.555597,0.078440,6056.086914
22,0.600383,0.457188,7104.319336
23,0.641638,0.501112,7287.307617
24,0.629650,0.570907,7570.074707
25,0.601309,0.563377,8002.689453
26,0.596166,0.714773,8318.860352
27,0.595683,0.403396,8651.601562
28,0.588319,0.384351,8817.920898
29,0.611434,0.349828,9483.436523
30,0.606998,0.248186,9716.336914
31,0.682150,0.276839,10182.199219
32,0.676253,0.256537,10415.127930
33,0.707459,0.320728,10564.852539
34,0.676804,0.170810,10881.076172
35,0.600892,0.182230,11113.935547
36,0.492648,0.270208,11446.747070
37,0.477412,0.323378,11646.344727
38,0.477661,0.538112,11929.153320
39,0.501884,0.534402,12128.814453
40,0.452901,0.510809,12378.350586
41,0.454709,0.519401,12494.892578
42,0.456728,0.514763,12628.016602
43,0.483383,0.290405,12993.982422
44,0.481364,0.179480,13176.958008
45,0.473091,0.107459,13343.325195
46,0.446999,0.054964,13592.933594
47,0.479109,0.021075,13742.679688
48,0.483815,0.055431,14308.344727
49,0.466859,0.107389,15090.295898
50,0.464210,0.121543,15356.498047
51,0.333755,0.092754,16754.107422
52,0.336453,0.520996,17602.544922
53,0.392627,0.551228,17852.166016
54,0.376663,0.399137,18168.259766
55,0.362194,0.283752,18367.927734
56,0.343313,0.233109,18534.314453
57,0.334112,0.121011,18800.486328
58,0.242668,0.110928,19050.042969
59,0.199068,0.107427,19233.064453
60,0.180286,0.132978,19449.369141
61,0.244965,0.269650,20031.642578
62,0.247241,0.381009,20364.386719
63,0.230433,0.544504,20963.353516
64,0.230357,0.551499,21113.222656
65,0.238131,0.490806,21412.583984
66,0.162045,0.526998,21761.978516
67,0.124446,0.447469,21994.876953
68,0.123467,0.362553,22261.126953
69,0.120277,0.294452,22743.578125
70,0.132528,0.212198,23325.904297
71,0.130424,0.208905,23508.898438
72,0.050287,0.164398,23708.580078
73,0.948696,0.494594,24557.083984
74,0.949225,0.532433,24723.441406
0,0.727965,0.414455,449.194702
1,0.706375,0.320019,615.524658
2,0.555939,0.097929,2362.473877
3,0.556469,0.342411,2695.222412
4,0.594610,0.535473,3244.345459
5,0.599117,0.428170,3610.361328
6,0.608753,0.380565,3959.684326
7,0.528729,0.516242,4325.716309
8,0.734458,0.112917,6438.693848
9,0.705319,0.051592,7387.095215
10,0.871981,0.065499,7919.527832
11,0.833076,0.130308,8485.141602
12,0.842361,0.102651,8751.340820
13,0.839871,0.097516,8934.341797
14,0.853161,0.078440,9133.982422
15,0.054349,0.022661,9333.676758
16,0.329730,0.051385,9633.112305
17,0.317217,0.056178,9766.245117
18,0.346120,0.094070,10681.300781
19,0.623290,0.194729,12877.499023
20,0.553267,0.179376,13676.089844
21,0.502070,0.289915,14025.447266
22,0.504641,0.263390,14275.083008
23,0.499418,0.265082,14441.370117
24,0.466581,0.387711,15023.690430
25,0.416955,0.191789,15406.355469
26,0.431493,0.215073,16188.319336
27,0.426385,0.228766,16304.845703
28,0.418043,0.217790,16487.822266
29,0.391677,0.221459,16637.548828
30,0.395152,0.270057,17402.880859
31,0.398600,0.237118,18134.931641
32,0.380752,0.183582,19282.939453
33,0.389007,0.182964,19399.394531
34,0.422812,0.160229,19748.771484
35,0.416069,0.216048,20048.240234
36,0.370911,0.206677,20297.853516
37,0.337468,0.170857,20514.099609
38,0.238122,0.198742,20697.115234
39,0.219614,0.129845,21146.371094
40,0.167626,0.147227,21362.609375
41,0.082553,0.219667,21712.027344
42,0.079047,0.221193,21911.640625
43,0.069186,0.265276,22211.248047
44,0.962889,0.419396,22959.865234
45,0.961381,0.408890,23159.537109
46,0.037672,0.401507,23525.587891
47,0.056776,0.414950,23725.162109
48,0.225783,0.481562,24374.025391
49,0.249268,0.480018,24690.154297
0,0.762953,0.529679,16.716757
1,0.761609,0.555784,648.917114
2,0.514214,0.353887,2928.236328
3,0.505383,0.335369,3111.335205
4,0.556431,0.388488,3427.389893
5,0.379906,0.443747,3993.117188
6,0.330435,0.365656,4575.390625
7,0.230108,0.352297,4858.309570
8,0.871610,0.047557,7254.038574
9,0.890144,0.382818,9050.860352
10,0.960794,0.342434,9466.860352
11,0.945107,0.249784,9749.740234
12,0.972150,0.247650,9966.046875
13,0.963380,0.283105,10115.689453
14,0.139915,0.275489,13010.713867
15,0.864730,0.331849,16288.252930
16,0.954310,0.273530,17136.857422
17,0.815966,0.475747,18118.445312
18,0.810182,0.464706,18284.816406
19,0.805163,0.330801,18867.111328
20,0.807390,0.333600,19382.857422
21,0.805394,0.493630,21246.244141
22,0.805519,0.493914,21395.986328
23,0.808259,0.499350,21529.068359
24,0.914006,0.748509,21778.707031
25,0.819984,0.438083,22311.101562
26,0.818343,0.414393,22577.328125
27,0.826566,0.451546,22710.390625
28,0.820817,0.464932,23825.103516
29,0.798277,0.673029,24357.447266
30,0.833547,0.611353,24706.878906
31,0.838519,0.641622,24973.099609
0,0.759433,0.405252,49.933895
1,0.713408,0.370907,366.071472
2,0.718549,0.291986,698.787659
3,0.732071,0.202117,865.162781
4,0.984526,0.182349,1663.802856
5,0.008695,0.498641,2462.358643
6,0.012997,0.517962,2645.365967
7,0.978825,0.461226,2845.061523
8,0.999841,0.533315,3077.970459
9,0.872520,0.606825,3577.109375
10,0.809558,0.584811,3909.835693
11,0.871553,0.456357,4159.454102
12,0.901506,0.476642,4525.442383
13,0.981805,0.462866,4991.292480
14,0.985179,0.472783,5207.562500
15,0.983149,0.440119,5556.996094
16,0.977386,0.421039,5739.968750
17,0.055370,0.436954,6322.356934
18,0.032168,0.464675,6721.618164
19,0.130080,0.466788,6971.155762
20,0.151398,0.453462,7137.520996
21,0.130571,0.565971,7503.559570
22,0.091136,0.640984,7769.800781
23,0.982051,0.512358,8036.013184
24,0.969819,0.504813,8302.271484
25,0.548751,0.494636,9317.093750
26,0.502500,0.472907,9550.063477
27,0.498583,0.384626,9749.685547
28,0.502291,0.287414,9949.318359
29,0.488003,0.175066,10331.995117
30,0.479106,0.133152,10498.356445
31,0.471570,0.238144,10764.519531
32,0.664732,0.200066,10997.457031
33,0.706406,0.302202,11247.037109
34,0.776857,0.308537,11380.159180
35,0.700568,0.437617,11829.428711
36,0.702180,0.281014,12095.544922
37,0.946796,0.432818,12944.064453
38,0.892609,0.466451,13376.704102
39,0.828114,0.481504,13559.709961
40,0.831665,0.498338,13792.561523
41,0.827875,0.485658,13925.694336
42,0.770523,0.560991,14208.558594
43,0.775037,0.599080,14474.731445
44,0.773219,0.589176,14674.411133
45,0.771437,0.538708,14923.910156
46,0.628119,0.506059,15489.637695
47,0.579711,0.465316,15855.650391
48,0.565222,0.460740,16288.212891
49,0.561086,0.672185,16604.375000
50,0.620490,0.732273,16837.263672
51,0.055527,0.647945,18584.220703
52,0.051926,0.631809,18883.750000
53,0.105166,0.738792,19183.146484
54,0.099914,0.756614,19366.156250
55,0.148674,0.722734,19682.263672
56,0.197126,0.544889,20231.322266
57,0.230420,0.473298,20830.251953
58,0.214361,0.473868,20996.671875
59,0.240547,0.409598,21213.044922
60,0.189427,0.514012,21562.380859
61,0.195060,0.515350,21712.093750
62,0.156017,0.431850,21928.398438
63,0.741111,0.150625,23076.335938
64,0.654494,0.156375,23325.896484
65,0.398044,0.124046,23941.505859
66,0.272030,0.072160,24124.515625
67,0.230160,0.064126,24290.929688
68,0.358019,0.066066,24573.835938
69,0.355144,0.060526,24756.738281
0,0.731574,0.640528,349.445129
1,0.632346,0.515231,732.070312
2,0.629330,0.475566,1064.881592
3,0.572614,0.481120,1347.704590
4,0.579122,0.470580,1564.024780
5,0.522680,0.461982,1763.693359
6,0.905711,0.476580,2545.587158
7,0.993390,0.470694,2978.208008
8,0.969584,0.372301,3294.247803
9,0.984728,0.358782,3493.941895
10,0.988504,0.185340,4059.593750
11,0.996602,0.103168,4458.936523
12,0.084799,0.042449,4675.256836
13,0.049481,0.014539,4791.639160
14,0.852417,0.002009,5240.895020
15,0.721131,0.054478,5507.095703
16,0.685689,0.090749,5690.076660
17,0.802606,0.056862,5923.051758
18,0.707018,0.081888,6106.070801
19,0.783178,0.058514,6289.033203
20,0.724828,0.075628,6438.763672
21,0.772407,0.067860,6555.229004
22,0.697760,0.107740,6871.375977
23,0.799684,0.068159,7503.569824
24,0.132115,0.403508,8768.048828
25,0.196611,0.454899,9084.202148
26,0.173147,0.455045,9283.860352
27,0.182739,0.583053,9599.963867
28,0.172747,0.561614,9849.459961
29,0.209689,0.492550,10015.908203
30,0.230807,0.459497,10282.106445
31,0.207550,0.461096,10598.178711
32,0.101369,0.485520,10897.738281
33,0.957684,0.417656,12012.383789
34,0.820994,0.396196,12827.596680
35,0.823285,0.304622,13376.655273
36,0.745107,0.315932,13642.845703
37,0.703681,0.317785,13842.512695
38,0.692175,0.376167,14158.602539
39,0.706286,0.381904,14441.444336
40,0.719315,0.374701,14757.577148
41,0.596562,0.512046,15090.320312
42,0.553865,0.471052,15256.690430
43,0.630133,0.499989,15639.363281
44,0.625034,0.478093,15839.022461
45,0.629437,0.515679,16088.558594
46,0.632887,0.509070,16288.250977
47,0.659877,0.491269,16637.611328
48,0.593476,0.575303,16887.181641
49,0.469790,0.515826,17752.337891
50,0.475277,0.459808,17935.392578
51,0.481776,0.441121,18484.392578
52,0.386142,0.455236,18684.029297
53,0.350395,0.448760,19050.050781
54,0.351697,0.459080,19149.925781
55,0.332034,0.450745,19366.285156
56,0.355034,0.509302,19649.011719
57,0.404177,0.442309,20231.404297
58,0.420712,0.400231,20381.072266
59,0.414305,0.378043,20530.802734
60,0.516012,0.218651,21113.177734
61,0.510281,0.170219,21279.568359
62,0.492782,0.281045,21795.285156
63,0.489684,0.326141,22128.025391
64,0.484901,0.292335,22327.705078
65,0.478882,0.375489,22710.337891
66,0.650540,0.185923,23492.388672
67,0.698389,0.178197,23708.636719
68,0.857207,0.257225,24207.759766
69,0.872042,0.338746,24623.662109
0,0.742824,0.606318,149.819962
1,0.737979,0.598829,266.306427
2,0.644285,0.506980,782.041504
3,0.647098,0.497513,881.768982
4,0.678401,0.392527,1048.302612
5,0.699093,0.350633,1231.251099
6,0.674479,0.304798,1464.129883
7,0.592740,0.332569,1713.800659
8,0.575209,0.290707,1846.801514
9,0.567617,0.264581,2079.851807
10,0.498450,0.271078,2312.675537
11,0.468807,0.242139,2479.044922
12,0.461984,0.177937,2728.631348
13,0.442699,0.162412,2895.029785
14,0.447854,0.113347,3078.071045
15,0.448767,0.099085,3261.013428
16,0.410089,0.063995,3477.375488
17,0.871939,0.284197,4409.039551
18,0.933910,0.440681,5024.610840
19,0.004561,0.403652,5340.725098
20,0.008846,0.437174,5540.372070
21,0.001720,0.459823,5756.722656
22,0.048668,0.701773,6621.780762
23,0.063617,0.738725,6804.786621
24,0.067982,0.765181,7054.438965
25,0.176379,0.447023,7803.006348
26,0.174142,0.453086,7902.931641
27,0.259974,0.345788,8402.056641
28,0.263311,0.311886,8634.887695
29,0.252362,0.207531,9134.217773
30,0.212148,0.161036,9333.842773
31,0.227891,0.110307,9516.756836
32,0.176240,0.095338,9699.724609
33,0.148187,0.149004,9999.275391
34,0.160227,0.512195,11014.112305
35,0.964178,0.405979,11712.811523
36,0.978295,0.409574,11829.419922
37,0.991060,0.490012,12062.400391
38,0.377966,0.909259,13526.400391
39,0.386695,0.439967,18800.437500
40,0.221691,0.260718,20264.541016
41,0.238324,0.242680,20697.197266
42,0.256974,0.278889,20946.673828
43,0.224233,0.221202,21229.546875
44,0.212562,0.180145,21662.169922
45,0.117671,0.335546,22394.158203
46,0.129645,0.393165,23259.353516
47,0.126426,0.387731,23392.416016
48,0.105720,0.337586,23675.255859
49,0.033240,0.373229,23924.843750
50,0.988357,0.511020,24956.365234
0,0.741989,0.404005,332.764130
1,0.724228,0.345137,515.817017
2,0.705196,0.291028,665.529602
3,0.667942,0.098192,4775.044434
4,0.716686,0.303682,5723.399902
5,0.725486,0.416032,5956.334961
6,0.725202,0.306136,6239.123047
7,0.753370,0.165332,6422.250977
8,0.842808,0.288962,6688.398438
9,0.833887,0.350724,6838.077637
10,0.827942,0.220473,7170.925781
11,0.839068,0.232596,7420.480469
12,0.851661,0.332278,7669.992188
13,0.835123,0.352686,7919.535645
14,0.814860,0.343071,8185.696777
15,0.842347,0.349780,8501.850586
16,0.838253,0.253177,8768.105469
17,0.819938,0.232695,8984.331055
18,0.700500,0.363123,9250.547852
19,0.684819,0.373555,9483.476562
20,0.674397,0.357394,9599.901367
21,0.695732,0.241215,9882.746094
22,0.676654,0.252864,10232.185547
23,0.691715,0.232708,10514.983398
24,0.855388,0.452425,10930.912109
25,0.905009,0.392482,11163.852539
26,0.927744,0.359104,11363.498047
27,0.992819,0.376679,11812.727539
28,0.993854,0.362597,12395.015625
29,0.990070,0.310128,12544.762695
30,0.986062,0.239941,12761.089844
31,0.059798,0.283429,13043.931641
32,0.225704,0.236419,15273.360352
33,0.114079,0.164468,16255.030273
34,0.065659,0.132960,16388.083984
35,0.265275,0.060993,16937.083984
36,0.299635,0.107102,17153.419922
37,0.261770,0.173915,17419.685547
38,0.249314,0.190480,17585.951172
39,0.243243,0.179192,17735.730469
40,0.275026,0.324353,18035.187500
41,0.325228,0.480051,18268.181641
42,0.303237,0.577155,18484.406250
43,0.277651,0.593183,18684.044922
44,0.263508,0.543882,18900.347656
45,0.194884,0.146248,19382.892578
46,0.160787,0.130510,19649.070312
47,0.124354,0.121880,19782.162109
48,0.036753,0.117889,20064.978516
49,0.017554,0.134888,20231.345703
50,0.593727,0.481047,22327.708984
51,0.604736,0.474392,22593.958984
52,0.469908,0.444825,23309.326172
53,0.385044,0.447675,23791.869141
54,0.342860,0.455453,24041.449219
55,0.361269,0.330579,24324.224609
56,0.500514,0.126681,24790.070312
0,0.757884,0.437156,16.686945
1,0.723573,0.441296,382.695679
2,0.693260,0.310568,715.434204
3,0.702212,0.234109,931.803345
4,0.682893,0.128862,1746.996216
5,0.783043,0.084023,2196.174316
6,0.865252,0.288034,2678.750244
7,0.951217,0.379373,3028.057373
8,0.992177,0.393379,3344.205566
9,0.970939,0.411079,3676.949219
10,0.976963,0.492446,3926.466309
11,0.867766,0.472686,4325.822266
12,0.713899,0.512454,5007.955566
13,0.505827,0.431008,6039.428223
14,0.499337,0.371851,6388.935059
15,0.477467,0.420042,6721.611816
16,0.496076,0.409930,7120.921387
17,0.601507,0.451287,8152.408691
18,0.595520,0.441752,8385.451172
19,0.597482,0.326403,8618.283203
20,0.706377,0.343790,9050.896484
21,0.882919,0.449654,9999.235352
22,0.873855,0.441240,10132.383789
23,0.882241,0.559650,10548.264648
24,0.998600,0.388555,11330.210938
25,0.056462,0.248322,12045.636719
26,0.143743,0.281284,12378.364258
27,0.135912,0.272338,12528.186523
28,0.115995,0.334707,12844.212891
29,0.122142,0.334550,13093.841797
30,0.260671,0.389255,13459.799805
31,0.244537,0.514795,13742.644531
32,0.240372,0.501686,13942.337891
33,0.240681,0.459206,14141.939453
34,0.184724,0.483216,14458.089844
35,0.194857,0.474506,15073.736328
36,0.139651,0.466931,15572.814453
37,0.097545,0.575592,16005.375000
38,0.838504,0.752571,17386.326172
39,0.722759,0.639195,18035.144531
40,0.731619,0.625027,18234.916016
41,0.731190,0.611472,18367.953125
42,0.625162,0.621303,18717.310547
43,0.631502,0.552435,19149.892578
44,0.626422,0.403706,19316.236328
45,0.574716,0.515717,19931.867188
46,0.582810,0.489973,20098.203125
47,0.589611,0.469955,20214.759766
48,0.605625,0.440939,20381.103516
49,0.584007,0.560825,20697.162109
50,0.605494,0.554824,21046.550781
51,0.660408,0.439480,21412.693359
52,0.664504,0.440616,21712.044922
53,0.730741,0.451393,22061.445312
54,0.767470,0.473424,22793.517578
55,0.832781,0.458649,23226.199219
56,0.847957,0.356120,23492.337891
57,0.852711,0.316418,23708.593750
58,0.960618,0.259046,24440.730469
0,0.748774,0.451224,282.739594
1,0.706046,0.472033,532.407410
2,0.632534,0.474322,964.930481
3,0.597383,0.473043,1247.772583
4,0.576361,0.478138,1563.856812
5,0.583320,0.481893,1763.518311
6,0.526980,0.457867,1979.848389
7,0.576677,0.395607,2412.414307
8,0.616212,0.331074,2612.089111
9,0.637953,0.276384,2828.380615
10,0.659088,0.276046,3094.540039
11,0.721385,0.334199,3360.766357
12,0.744649,0.329404,3543.727051
13,0.734592,0.313762,3726.725342
14,0.722626,0.366095,3876.522461
15,0.712150,0.365892,4076.164795
16,0.704111,0.395880,4392.225098
17,0.701037,0.398960,4525.360352
18,0.821731,0.352096,4891.459961
19,0.847265,0.348598,5141.042480
20,0.846276,0.418248,5440.461426
21,0.865507,0.418429,5723.283691
22,0.031592,0.330802,6405.395020
23,0.963966,0.236972,6771.481445
24,0.952726,0.234384,7054.287109
25,0.988011,0.480118,7653.247070
26,0.028783,0.602986,7969.356934
27,0.033041,0.629746,8102.452148
28,0.023990,0.671579,8351.971680
29,0.990403,0.531757,8684.758789
30,0.984591,0.484829,8917.750977
31,0.981285,0.474422,9050.833008
32,0.747221,0.522196,9982.470703
33,0.704185,0.498593,10248.742188
34,0.724917,0.406612,10731.247070
35,0.442414,0.472179,11247.000977
36,0.369130,0.465640,11712.784180
37,0.284861,0.440428,11978.962891
38,0.286294,0.447688,12062.168945
39,0.243056,0.450038,12245.181641
40,0.272561,0.360490,12544.733398
41,0.167490,0.401164,12944.012695
42,0.177732,0.445880,13759.238281
43,0.196330,0.435718,13992.119141
44,0.275278,0.233852,14424.843750
45,0.273305,0.258389,15023.672852
46,0.264487,0.357347,15323.122070
47,0.386546,0.300290,16055.220703
48,0.388463,0.436529,16288.149414
49,0.369301,0.499413,16537.714844
50,0.393690,0.381188,16937.031250
51,0.504294,0.377797,18501.011719
52,0.512299,0.477713,18800.402344
53,0.535807,0.480926,19149.812500
54,0.543637,0.478182,19782.083984
55,0.568072,0.504455,20197.970703
56,0.611798,0.507036,20763.660156
57,0.628644,0.421727,21163.013672
58,0.635096,0.353321,21479.074219
59,0.633541,0.309871,21645.404297
60,0.624624,0.297504,21895.005859
61,0.685017,0.328457,22227.765625
62,0.704478,0.347637,22444.031250
63,0.723608,0.398136,22643.705078
64,0.641751,0.497492,23109.568359
65,0.651741,0.506625,23359.121094
66,0.675630,0.461144,23575.464844
67,0.723697,0.509848,23858.226562
68,0.775430,0.500610,24290.806641
0,0.734375,0.637075,99.858047
1,0.739735,0.670063,249.581802
2,0.660271,0.375103,715.450012
3,0.725219,0.359866,1048.219971
4,0.820723,0.372570,1530.683838
5,0.829898,0.392958,1846.857788
6,0.848467,0.325715,2129.672607
7,0.836732,0.320028,2362.567871
8,0.732836,0.311033,2711.988037
9,0.621758,0.397399,3211.032471
10,0.578290,0.418919,3394.046387
11,0.567661,0.412945,3643.645508
12,0.570288,0.403355,3793.455322
13,0.544788,0.363672,4675.129395
14,0.504938,0.336836,5007.871094
15,0.438690,0.402213,5606.854004
16,0.355462,0.465044,5873.151367
17,0.324853,0.407378,6189.280762
18,0.330117,0.318321,6638.363770
19,0.336476,0.330153,6788.153809
20,0.305684,0.247191,6971.122070
21,0.359942,0.092307,7952.810547
22,0.375637,0.074879,8135.812012
23,0.397158,0.082991,8368.689453
24,0.682633,0.176135,8634.933594
25,0.705816,0.292046,9450.190430
26,0.698962,0.377719,9666.512695
27,0.705135,0.446561,9899.527344
28,0.712530,0.445550,10265.423828
29,0.683785,0.408251,10847.693359
30,0.610257,0.419040,11080.666992
31,0.620216,0.420941,11230.443359
32,0.576863,0.413905,11413.437500
33,0.569788,0.413989,11629.653320
34,0.575525,0.415294,11845.990234
35,0.545198,0.423430,12062.309570
36,0.504156,0.401893,12345.123047
37,0.455929,0.419634,12577.986328
38,0.462697,0.416565,12910.786133
39,0.467823,0.390953,13360.058594
40,0.470678,0.409585,13792.596680
41,0.605610,0.294501,14724.237305
42,0.973122,0.417698,16238.290039
43,0.950661,0.599939,16903.820312
44,0.989403,0.711761,17236.568359
45,0.966801,0.113711,18467.636719
46,0.971881,0.101440,18600.802734
47,0.870102,0.146693,18900.246094
48,0.864037,0.180411,19066.646484
49,0.895352,0.197065,19349.572266
50,0.910550,0.427700,19665.658203
51,0.867304,0.488124,19898.537109
52,0.847419,0.486394,20048.226562
53,0.808489,0.178535,20364.345703
54,0.806268,0.068305,20863.476562
55,0.810296,0.093656,21079.873047
56,0.678235,0.111461,21362.574219
57,0.720762,0.062671,21612.261719
58,0.993104,0.394462,22926.652344
59,0.980568,0.379657,23043.119141
60,0.978086,0.415145,23409.091797
61,0.054879,0.322048,23675.300781
62,0.036580,0.246025,23958.048828
63,0.908442,0.307461,24157.845703
64,0.854657,0.375215,24374.074219
65,0.854460,0.368629,24473.828125
66,0.687793,0.487478,24956.312500
0,0.754576,0.666844,332.787964
1,0.729442,0.676893,515.843811
2,0.720113,0.736115,715.455688
3,0.741743,0.756265,948.445129
4,0.840294,0.756818,1181.293579
5,0.951684,0.772471,1630.585815
6,0.996674,0.720754,1896.823486
7,0.014881,0.695545,2096.463623
8,0.001804,0.623439,2345.956055
9,0.987861,0.467073,2911.655762
10,0.987040,0.398560,3144.547119
11,0.901900,0.399311,3643.672363
12,0.876149,0.412034,3943.127441
13,0.814283,0.382019,4275.908203
14,0.834728,0.308581,4608.621094
15,0.833137,0.397890,4958.092285
16,0.839250,0.340215,5307.502930
17,0.847167,0.348107,5740.020996
18,0.726860,0.302500,6056.185059
19,0.728974,0.308339,6139.319336
20,0.703444,0.355566,6322.354980
21,0.693846,0.308130,6771.560059
22,0.728337,0.521784,7054.467285
23,0.633256,0.522764,7420.378418
24,0.631843,0.533898,7503.668945
25,0.610345,0.501421,7670.035645
26,0.588504,0.496756,8651.614258
27,0.507852,0.487536,8884.485352
28,0.527015,0.435749,9217.290039
29,0.525137,0.453620,9400.333008
30,0.540949,0.466813,9916.019531
31,0.526224,0.480524,10248.777344
32,0.525293,0.478348,10431.892578
33,0.488755,0.502022,11296.955078
34,0.507263,0.495261,11762.809570
35,0.561127,0.548400,12029.003906
36,0.576884,0.558590,12212.030273
37,0.613092,0.513674,12444.956055
38,0.618031,0.496415,12611.350586
39,0.621254,0.368714,13077.191406
40,0.611360,0.322441,13243.553711
41,0.652867,0.265618,13676.156250
42,0.582896,0.302816,13925.677734
43,0.601219,0.294076,14108.701172
44,0.748170,0.304356,14508.022461
45,0.736839,0.306050,14607.824219
46,0.729269,0.312736,14724.282227
47,0.712209,0.401914,14973.862305
48,0.706363,0.420604,15140.249023
49,0.711346,0.473653,15306.618164
50,0.628300,0.492782,15606.092773
51,0.588718,0.459305,15872.313477
52,0.512468,0.373271,16121.846680
53,0.489161,0.365267,16338.136719
54,0.496431,0.268774,16704.207031
55,0.490317,0.190213,17036.933594
56,0.483533,0.474223,17619.267578
57,0.492692,0.473426,17719.107422
58,0.518690,0.496011,17952.005859
59,0.469797,0.524422,18118.380859
60,0.397588,0.516633,18501.039062
61,0.389109,0.461777,18684.031250
62,0.384584,0.364090,18983.509766
63,0.375738,0.529251,19366.214844
64,0.275282,0.415950,19948.490234
65,0.270134,0.312277,20198.066406
66,0.389014,0.159625,20597.361328
67,0.479412,0.108662,20780.394531
68,0.502894,0.116994,20963.410156
69,0.485147,0.077411,21163.041016
70,0.519277,0.182209,21512.437500
71,0.644688,0.217879,21861.824219
72,0.720518,0.160491,22194.652344
73,0.704558,0.144782,22394.246094
74,0.765305,0.168633,22876.722656
75,0.773983,0.290108,23226.113281
76,0.905880,0.453893,24141.181641
77,0.926609,0.521145,24390.734375
78,0.908946,0.449809,24607.033203
0,0.842635,0.791140,149.832886
1,0.756691,0.759655,332.840607
2,0.740002,0.471318,632.306885
3,0.698852,0.333083,865.277832
4,0.689238,0.291359,1247.863159
5,0.677678,0.226319,1613.950439
6,0.637822,0.121861,2395.878906
7,0.525394,0.061983,3261.042725
8,0.971458,0.492099,4592.104980
9,0.978804,0.411927,4858.308105
10,0.645213,0.549620,6089.430176
11,0.516521,0.538185,6754.934570
12,0.523292,0.502585,6921.279297
13,0.455485,0.304473,7553.586914
14,0.336153,0.326296,8019.458496
15,0.266918,0.177362,8551.865234
16,0.179970,0.093507,9017.685547
17,0.177251,0.132334,9433.591797
18,0.282736,0.375567,9616.643555
19,0.256108,0.270812,9882.769531
20,0.227431,0.209323,10165.721680
21,0.268685,0.550197,10747.937500
22,0.347207,0.606327,11064.047852
23,0.256681,0.510145,11546.583984
24,0.239289,0.487313,11779.541992
25,0.270174,0.354458,11979.213867
26,0.392323,0.410769,12261.956055
27,0.354977,0.602066,12544.879883
28,0.400124,0.610338,12844.314453
29,0.433096,0.551848,13293.501953
30,0.430192,0.548080,13609.601562
31,0.373277,0.455999,13909.068359
32,0.482977,0.418000,14275.122070
33,0.487663,0.588142,14691.031250
34,0.475796,0.583255,15023.855469
35,0.487061,0.586942,15206.893555
36,0.643426,0.598567,15722.675781
37,0.706461,0.448899,16171.884766
38,0.699808,0.452226,16271.672852
39,0.748655,0.556202,16504.611328
40,0.748937,0.559178,16737.554688
41,0.833955,0.479154,17103.501953
42,0.766152,0.661498,17502.781250
43,0.753589,0.722617,18001.998047
44,0.763980,0.717464,18101.742188
45,0.703598,0.674369,18617.634766
46,0.612522,0.603573,18883.796875
47,0.669418,0.734428,19632.468750
48,0.527393,0.539072,20164.863281
49,0.566600,0.405943,20464.300781
50,0.563620,0.431227,20580.759766
51,0.496486,0.375844,21096.507812
52,0.615161,0.397953,21678.876953
53,0.654193,0.528700,21978.308594
54,0.647397,0.535916,22244.515625
55,0.660947,0.505352,22427.527344
56,0.577357,0.551315,22926.648438
57,0.591020,0.532168,23325.953125
58,0.612540,0.523367,23758.539062
59,0.606312,0.695302,23958.181641
60,0.594504,0.682438,24290.943359
61,0.607088,0.556863,24673.595703
0,0.745142,0.590902,565.675049
1,0.762822,0.509566,848.542969
2,0.745628,0.459560,1098.084961
3,0.647347,0.508148,1447.496826
4,0.637434,0.502443,1663.752563
5,0.639156,0.496446,1780.333984
6,0.603208,0.487373,1946.646606
7,0.565371,0.505554,2329.254150
8,0.704054,0.326090,2928.232178
9,0.726505,0.292044,3111.213135
10,0.725762,0.274021,3344.247314
11,0.745641,0.231857,3776.721191
12,0.737866,0.120698,4259.239258
13,0.799106,0.024236,4858.152832
14,0.992356,0.455090,6089.391113
15,0.795703,0.510481,7104.253418
16,0.802781,0.499915,7220.760742
17,0.990552,0.397844,7769.760254
18,0.985824,0.431622,8185.765137
19,0.988507,0.385857,8601.666016
20,0.044689,0.353077,8901.095703
21,0.038719,0.288948,9283.813477
22,0.978511,0.306913,9483.410156
23,0.910452,0.305742,9799.605469
24,0.885486,0.338146,9982.591797
25,0.870271,0.506578,10265.458984
26,0.846500,0.481278,10514.992188
27,0.808231,0.481481,10781.185547
28,0.788794,0.504003,10980.874023
29,0.758570,0.528760,11313.608398
30,0.709133,0.520914,11629.695312
31,0.649728,0.517504,11929.180664
32,0.636296,0.501653,12145.484375
33,0.701201,0.386165,12428.319336
34,0.697663,0.348711,12727.769531
35,0.698858,0.305450,13093.860352
36,0.708148,0.276399,13443.158203
37,0.849543,0.323312,14008.886719
38,0.883001,0.364644,14258.407227
39,0.906668,0.392218,14424.885742
40,0.830361,0.370183,14707.650391
41,0.828611,0.390035,14840.738281
42,0.645431,0.281424,15622.705078
43,0.604897,0.319680,15822.362305
44,0.588109,0.419086,16038.655273
45,0.501935,0.396491,16604.316406
46,0.498896,0.385835,16687.500000
47,0.532902,0.477685,16887.150391
48,0.495945,0.515529,17203.259766
49,0.394981,0.473114,17552.640625
50,0.357901,0.471775,17785.574219
51,0.353469,0.372403,18101.689453
52,0.277622,0.363043,18534.289062
53,0.254146,0.314573,18767.220703
54,0.235666,0.291797,18950.203125
55,0.245930,0.373109,19233.048828
56,0.243349,0.508374,19632.394531
57,0.157306,0.495195,20015.013672
58,0.222482,0.506457,20297.892578
59,0.257330,0.473229,20447.597656
60,0.263004,0.436186,20797.009766
61,0.281186,0.312409,21079.832031
62,0.282831,0.242521,21229.570312
63,0.301969,0.217167,21479.138672
64,0.287780,0.203537,21678.777344
65,0.401600,0.240026,21961.619141
66,0.480280,0.379461,22909.955078
67,0.499500,0.347093,23209.435547
68,0.519576,0.361508,23542.185547
69,0.551961,0.482412,23825.072266
70,0.590223,0.502071,24207.691406
0,0.720557,0.372264,465.856018
1,0.796334,0.414937,848.597351
2,0.836738,0.354268,1064.805786
3,0.735380,0.280855,1397.602051
4,0.721632,0.273154,1680.386719
5,0.716469,0.375913,2096.395264
6,0.651588,0.498124,2462.387939
7,0.586688,0.349015,2828.433594
8,0.584833,0.338124,2911.687988
9,0.494038,0.354459,3394.054932
10,0.493519,0.249425,3626.999756
11,0.500033,0.228501,3826.647461
12,0.505458,0.214162,4192.704102
13,0.499147,0.178503,4392.335449
14,0.996963,0.440654,5606.883789
15,0.996715,0.388363,5839.784180
16,0.986542,0.224597,6205.854004
17,0.077037,0.345289,6555.210938
18,0.072783,0.339841,6671.678223
19,0.053279,0.285489,6921.258789
20,0.120620,0.393881,7254.002441
21,0.143080,0.393247,7620.038574
22,0.145260,0.309452,8019.327637
23,0.891593,0.372486,8901.119141
24,0.828554,0.322818,9383.610352
25,0.840315,0.394949,9866.091797
26,0.825610,0.385632,10282.038086
27,0.764561,0.503930,10764.510742
28,0.737442,0.351279,11247.009766
29,0.748820,0.347369,11380.109375
30,0.783366,0.383375,11696.240234
31,0.766583,0.600909,12078.881836
32,0.737245,0.689258,12428.283203
33,0.748649,0.788249,12794.331055
34,0.735011,0.808791,12993.970703
35,0.731385,0.777419,13160.342773
36,0.728330,0.589589,13326.711914
37,0.718625,0.377792,13759.317383
38,0.714116,0.356715,14008.875000
39,0.725479,0.443455,15173.491211
40,0.733426,0.437800,15972.084961
41,0.729308,0.395285,17020.271484
42,0.719652,0.344162,17219.949219
43,0.717557,0.295932,17552.667969
44,0.720256,0.373623,18534.283203
45,0.701825,0.381821,19033.416016
46,0.591049,0.489217,20015.029297
47,0.594101,0.486511,20264.597656
48,0.595390,0.561820,20896.806641
49,0.671797,0.534364,21179.666016
50,0.633135,0.490248,21695.423828
51,0.643005,0.487607,22128.005859
52,0.634637,0.495960,22527.302734
53,0.635034,0.505596,22693.697266
54,0.614778,0.420569,22860.062500
0,0.738571,0.502242,166.399963
1,0.755689,0.411748,582.319458
2,0.790560,0.333253,798.653381
3,0.834830,0.304709,1048.174561
4,0.853084,0.236617,1247.836060
5,0.819680,0.165945,1547.305786
6,0.776839,0.127462,1713.717529
7,0.796784,0.080064,2013.205566
8,0.746068,0.055433,2279.343506
9,0.778894,0.042264,2479.089111
10,0.997850,0.183722,3211.093018
11,0.979001,0.235438,3543.794434
12,0.006356,0.285931,4226.056641
13,0.045713,0.477984,4991.325684
14,0.028243,0.527598,5507.063477
15,0.067044,0.468774,5823.160645
16,0.136204,0.385868,6621.794922
17,0.124532,0.336199,6788.171875
18,0.033211,0.373495,7204.161133
19,0.051584,0.310445,7403.760742
20,0.991255,0.356039,7786.460449
21,0.967041,0.351678,8052.589844
22,0.897412,0.335267,8485.230469
23,0.873523,0.327897,8784.668945
24,0.858181,0.320987,9000.925781
25,0.877330,0.186048,9416.906250
26,0.836473,0.184602,9749.655273
27,0.508570,0.372117,10598.173828
28,0.463498,0.490668,11064.023438
29,0.394813,0.468838,11396.753906
30,0.369162,0.452389,11629.684570
31,0.356710,0.431379,11945.812500
32,0.410567,0.388283,12228.641602
33,0.404480,0.360446,12511.493164
34,0.502964,0.515045,13210.266602
35,0.543308,0.520525,13493.176758
36,0.565592,0.536081,13975.591797
37,0.564186,0.527965,14092.113281
38,0.592217,0.533034,14325.048828
39,0.578101,0.509738,14574.571289
40,0.634279,0.513908,15456.414062
41,0.657377,0.521690,15739.226562
42,0.726825,0.428720,16388.019531
43,0.744911,0.389004,16571.042969
44,0.732649,0.354918,16986.976562
45,0.729868,0.339875,17153.402344
46,0.746599,0.303350,17469.507812
47,0.743652,0.295514,17852.121094
48,0.740642,0.300104,17985.263672
49,0.823070,0.314078,18501.009766
50,0.987437,0.386285,19499.251953
51,0.993420,0.334630,19782.095703
52,0.937142,0.281471,20231.302734
53,0.960204,0.099359,20846.898438
54,0.945230,0.112297,21046.564453
55,0.834537,0.171718,21512.447266
56,0.830099,0.202130,21878.455078
57,0.751726,0.186376,22527.310547
58,0.701971,0.172688,23392.455078
59,0.525427,0.219501,24157.800781
60,0.507592,0.193963,24440.708984
61,0.512398,0.194064,24557.109375
0,0.591395,0.477427,898.463196
1,0.538345,0.466495,1147.999878
2,0.625784,0.474926,1514.044067
3,0.599005,0.477934,1846.869751
4,0.619624,0.475080,2329.274414
5,0.625759,0.396160,2612.114746
6,0.619120,0.302717,3028.075439
7,0.598047,0.214950,3310.956299
8,0.582542,0.114519,3660.290527
9,0.701922,0.107911,3993.051025
10,0.494486,0.157060,4309.144043
11,0.481073,0.480271,5107.773926
12,0.484311,0.464358,5324.093750
13,0.508717,0.526841,5490.433594
14,0.864228,0.533368,6555.219238
15,0.922653,0.587755,7054.348145
16,0.841895,0.320248,7370.478516
17,0.719691,0.390658,7936.179199
18,0.715631,0.480659,8285.568359
19,0.629384,0.490518,8801.303711
20,0.368669,0.477134,9683.113281
21,0.582171,0.471517,10581.523438
22,0.609576,0.448786,11430.081055
23,0.477950,0.455029,12095.596680
24,0.361565,0.469179,12494.828125
25,0.359035,0.466292,12611.303711
26,0.411299,0.460893,12894.166992
27,0.366761,0.332541,13576.292969
28,0.238435,0.498077,14025.495117
29,0.040126,0.471414,14907.307617
30,0.988450,0.478318,15156.861328
31,0.983640,0.437878,15373.206055
32,0.131896,0.271254,16521.166016
33,0.103696,0.362707,16870.562500
34,0.295946,0.233724,18018.578125
35,0.267329,0.186247,18351.390625
36,0.218763,0.230414,18567.660156
37,0.240947,0.246136,18783.863281
38,0.265623,0.360080,19199.861328
39,0.259801,0.347370,19416.109375
40,0.273481,0.329327,20231.406250
41,0.293043,0.234915,20663.900391
42,0.369478,0.258209,20896.861328
43,0.440337,0.234297,21628.867188
44,0.509974,0.307678,22627.175781
45,0.416893,0.493811,23409.125000
46,0.351654,0.508826,23908.255859
47,0.397827,0.392261,24340.904297
48,0.244845,0.486257,24973.052734
0,0.749862,0.686007,49.844826
1,0.750667,0.597862,382.558411
2,0.711419,0.357429,881.723938
3,0.710874,0.369204,1014.940857
4,0.770418,0.324150,1513.954224
5,0.772014,0.263867,1846.717896
6,0.635349,0.462389,2462.301758
7,0.637438,0.505474,2711.833008
8,0.593552,0.458663,3111.168213
9,0.586939,0.462352,3560.473389
10,0.530310,0.383887,4059.523682
11,0.522125,0.409971,4209.286621
12,0.517103,0.433777,4492.132324
13,0.473457,0.474794,4824.865723
14,0.468352,0.444622,5124.345215
15,0.393257,0.519610,5573.632812
16,0.395818,0.476088,5873.047852
17,0.351912,0.485487,6072.721191
18,0.364601,0.381379,6405.486328
19,0.377314,0.324441,6654.937500
20,0.408715,0.247502,7004.367676
21,0.527575,0.295546,7486.829590
22,0.526520,0.327266,7736.388672
23,0.528917,0.322551,7936.038086
24,0.538926,0.335966,8152.427734
25,0.564427,0.289680,8501.736328
26,0.637859,0.388391,9300.362305
27,0.654159,0.372064,9466.715820
28,0.681426,0.481002,10182.118164
29,0.761716,0.307158,10797.767578
30,0.793933,0.482266,11646.256836
31,0.857829,0.542031,12245.189453
32,0.918723,0.523295,12711.041992
33,0.946558,0.601105,12860.789062
34,0.952393,0.605984,13160.242188
35,0.957847,0.593690,13293.400391
36,0.947434,0.613536,13459.758789
37,0.954132,0.583704,13842.409180
38,0.020228,0.546498,14108.607422
39,0.073809,0.511315,14424.753906
40,0.072344,0.495889,14557.832031
41,0.095703,0.438523,14824.047852
42,0.098412,0.424520,14957.109375
43,0.116072,0.470981,15140.112305
44,0.167210,0.572117,15406.386719
45,0.189941,0.618071,15922.095703
46,0.186290,0.628720,16221.635742
47,0.234536,0.546997,16487.783203
48,0.214590,0.551440,16704.101562
49,0.213697,0.482586,16920.343750
50,0.245963,0.576210,17486.072266
51,0.233271,0.636182,17835.416016
52,0.278618,0.287334,18334.638672
53,0.278840,0.326004,18617.382812
54,0.300569,0.226086,19016.699219
55,0.317704,0.220735,19133.154297
56,0.306319,0.283494,19382.753906
57,0.290311,0.338230,19732.113281
58,0.329567,0.297970,20613.916016
59,0.396965,0.310853,20946.652344
60,0.301908,0.517537,21279.445312
61,0.387280,0.078742,22394.121094
62,0.457632,0.134317,22543.968750
63,0.495707,0.148088,22843.322266
64,0.513616,0.211617,23076.294922
65,0.486349,0.253950,23325.861328
66,0.469661,0.248006,23608.666016
67,0.512785,0.348079,23775.031250
68,0.526799,0.353124,23974.673828
69,0.524089,0.375608,24324.093750
70,0.514614,0.377736,24407.310547
71,0.522289,0.378387,24557.054688
72,0.530517,0.377090,24640.230469
73,0.484825,0.397457,24873.132812
0,0.741348,0.578176,33.337666
1,0.730219,0.551880,232.964813
2,0.635805,0.499761,582.456177
3,0.630154,0.475692,848.613770
4,0.589223,0.480778,1114.753540
5,0.594221,0.478534,1364.343262
6,0.520788,0.508329,1597.313110
7,0.520560,0.484566,1863.484863
8,0.487537,0.473341,2412.495117
9,0.483354,0.485332,2861.730469
10,0.396187,0.502712,3028.075928
11,0.396839,0.495461,3211.078125
12,0.579459,0.222526,3893.224609
13,0.784556,0.171962,4592.026367
14,0.914326,0.097190,5141.048340
15,0.957886,0.128884,5523.717773
16,0.102522,0.115677,5806.561523
17,0.129248,0.105032,5956.291992
18,0.999400,0.179254,6255.763184
19,0.437106,0.010841,6521.979492
20,0.998256,0.305483,7170.830078
21,0.991466,0.312345,7303.939453
22,0.989993,0.391319,7520.213867
23,0.986077,0.456996,7803.088379
24,0.962850,0.538457,8302.200195
25,0.904139,0.591390,8684.860352
26,0.824024,0.498542,9233.954102
27,0.729456,0.517055,9716.386719
28,0.736639,0.511326,9899.396484
29,0.699979,0.499371,10148.989258
30,0.690712,0.391239,10764.560547
31,0.541400,0.479083,11596.431641
32,0.477311,0.481759,12212.030273
33,0.472633,0.467876,12494.865234
34,0.384020,0.504049,12810.976562
35,0.387221,0.503974,12927.456055
36,0.340338,0.505720,13160.360352
37,0.343586,0.513855,13626.241211
38,0.241877,0.537204,13892.454102
39,0.245727,0.537829,14075.466797
40,0.210443,0.917454,15090.356445
41,0.489857,0.961426,15290.004883
42,0.660636,0.955275,15606.084961
43,0.394479,0.944059,15872.296875
44,0.586647,0.919860,16354.795898
45,0.751447,0.914965,17120.136719
46,0.602735,0.933799,17402.994141
47,0.579740,0.900948,17552.728516
48,0.573323,0.857688,18101.742188
49,0.591352,0.840353,18384.605469
50,0.577840,0.769750,18617.486328
51,0.721841,0.772565,19283.013672
52,0.661789,0.649524,19815.429688
53,0.474161,0.673753,20447.636719
54,0.489091,0.527698,20846.935547
55,0.495745,0.524023,21146.425781
56,0.306027,0.697748,21595.623047
57,0.249846,0.737525,21928.404297
58,0.211124,0.734636,22227.855469
59,0.130170,0.779913,22627.158203
60,0.071231,0.824842,22976.535156
61,0.016411,0.822435,23625.400391
62,0.157075,0.530777,24523.855469
63,0.183623,0.501948,24806.681641
0,0.752968,0.537874,332.716675
1,0.759152,0.530062,549.019226
2,0.905354,0.469646,1098.052124
3,0.918209,0.457328,1314.341187
4,0.998526,0.477815,1630.521851
5,0.999740,0.459250,1830.118286
6,0.998165,0.453346,1979.830322
7,0.039196,0.468777,2162.831787
8,0.075835,0.472536,2412.460449
9,0.117908,0.451484,2678.697266
10,0.125794,0.394399,2845.022705
11,0.177456,0.461784,3244.363037
12,0.209321,0.517477,3610.337646
13,0.243898,0.498848,3809.977783
14,0.257484,0.475249,4026.295410
15,0.259535,0.466926,4425.594238
16,0.224680,0.494558,4808.211426
17,0.249045,0.356312,5174.330078
18,0.255413,0.355659,5340.613281
19,0.275558,0.338277,5523.692383
20,0.261270,0.273122,5739.944824
21,0.271474,0.244231,5906.331543
22,0.281788,0.333258,6372.197754
23,0.267393,0.340527,6638.386719
24,0.593304,0.438325,8651.560547
25,0.584187,0.461601,8884.477539
26,0.512665,0.449842,9400.209961
27,0.484603,0.444922,9599.879883
28,0.475415,0.444772,9866.080078
29,0.415712,0.474054,10115.606445
30,0.397373,0.459964,10365.198242
31,0.357083,0.461805,10631.371094
32,0.345140,0.455105,10880.968750
33,0.376425,0.399388,11147.165039
34,0.425851,0.500187,11679.568359
35,0.611724,0.480594,12677.819336
36,0.638621,0.444911,13043.940430
37,0.704059,0.394405,13310.089844
38,0.717802,0.376079,13459.808594
39,0.730683,0.340009,13676.087891
40,0.713329,0.298564,13875.720703
41,0.704498,0.274789,14474.690430
42,0.599483,0.327844,14740.905273
43,0.526448,0.258847,15622.666992
44,0.765839,0.218388,16371.396484
45,0.961777,0.410434,17269.826172
46,0.003093,0.475301,17719.031250
47,0.999098,0.484475,17952.033203
48,0.027760,0.345056,18268.103516
49,0.055874,0.254003,18484.386719
50,0.083832,0.183683,18667.427734
51,0.084459,0.151368,18983.501953
52,0.132582,0.118758,19166.494141
53,0.091985,0.075773,19349.580078
54,0.063179,0.029556,19482.621094
55,0.380600,0.014416,19682.287109
56,0.427837,0.040980,19931.789062
57,0.457720,0.068423,20131.498047
58,0.482208,0.069492,20381.015625
59,0.501067,0.099674,20547.458984
60,0.406449,0.119126,20930.083984
61,0.519279,0.137079,21329.386719
62,0.569412,0.093802,22776.828125
63,0.592741,0.088688,22959.849609
64,0.361653,0.100319,23375.871094
65,0.417021,0.072461,23542.171875
66,0.343313,0.136671,23775.154297
67,0.354743,0.186114,24091.255859
68,0.448782,0.296260,24324.148438
69,0.481354,0.354715,24540.431641
0,0.769213,0.383137,33.231922
1,0.735899,0.340099,399.217468
2,0.769433,0.858853,1098.067383
3,0.789763,0.870642,1330.958008
4,0.138989,0.944332,1580.551636
5,0.138557,0.872690,1963.180664
6,0.049425,0.951240,2312.560059
7,0.596051,0.364947,3161.043213
8,0.440937,0.168821,3926.426270
9,0.386055,0.150404,4159.395020
10,0.293120,0.088966,4442.157715
11,0.109273,0.071759,4957.913574
12,0.337901,0.071740,5140.970215
13,0.486900,0.493978,5972.887207
14,0.543296,0.436973,6189.097168
15,0.607020,0.326813,6788.038086
16,0.587252,0.467220,7037.698730
17,0.854112,0.285786,7869.530273
18,0.896563,0.369044,8185.635742
19,0.994124,0.481269,8834.582031
20,0.998734,0.499644,9017.521484
21,0.013382,0.607612,9300.333984
22,0.991229,0.647961,9499.992188
23,0.993838,0.567762,9766.169922
24,0.027406,0.290189,9982.558594
25,0.030458,0.251520,10232.015625
26,0.074865,0.320567,10498.250977
27,0.140135,0.330564,10781.105469
28,0.133625,0.320287,10964.105469
29,0.192899,0.490508,11479.887695
30,0.357139,0.084904,12245.200195
31,0.340469,0.095471,12395.020508
32,0.382638,0.042714,12760.954102
33,0.281042,0.057619,12910.764648
34,0.400655,0.124242,13276.745117
35,0.362107,0.393469,13792.477539
36,0.379739,0.594797,13992.193359
37,0.377437,0.580132,14208.427734
38,0.398330,0.417398,14474.628906
39,0.391019,0.303729,14840.663086
40,0.347737,0.485087,15090.265625
41,0.262149,0.593576,15423.012695
42,0.229283,0.429730,16105.144531
43,0.162012,0.488489,16338.048828
44,0.074295,0.328026,16787.238281
45,0.076428,0.314782,16920.363281
46,0.018219,0.292500,17086.744141
47,0.997474,0.244665,17436.150391
48,0.991580,0.326048,17719.035156
49,0.973436,0.455254,18051.750000
50,0.958197,0.418900,18218.115234
51,0.806794,0.353521,18933.521484
52,0.793246,0.346147,19249.628906
53,0.773325,0.330249,19449.308594
54,0.713785,0.408282,19782.019531
55,0.712175,0.490334,20098.208984
56,0.678406,0.306466,20647.195312
57,0.612740,0.501564,21096.376953
58,0.574024,0.367971,21429.130859
59,0.642159,0.469557,21678.742188
60,0.635402,0.504134,22211.123047
61,0.515939,0.478885,22660.316406
62,0.418797,0.209211,23259.289062
63,0.355193,0.182686,23908.128906
64,0.522089,0.127442,24157.740234
65,0.485409,0.254436,24590.281250
66,0.477389,0.237638,24706.751953
67,0.476506,0.264842,24939.693359
0,0.794432,0.737835,632.166626
1,0.757105,0.550142,948.339661
2,0.708869,0.523138,1114.678711
3,0.652404,0.537018,1447.417603
4,0.672272,0.464117,2096.261963
5,0.686184,0.390721,2362.500244
6,0.597770,0.488114,2795.081299
7,0.604197,0.498423,3061.275391
8,0.608955,0.495040,3344.107666
9,0.617225,0.520400,3776.683350
10,0.596113,0.502718,4342.364746
11,0.537562,0.525696,4625.200684
12,0.480717,0.470831,5091.084961
13,0.474803,0.462441,5423.824219
14,0.477567,0.419885,5823.100098
15,0.503038,0.377397,6222.397461
16,0.565736,0.416592,6921.216309
17,0.601007,0.399481,7170.770508
18,0.595116,0.483630,7836.272949
19,0.583305,0.373974,8867.829102
20,0.586011,0.331204,9034.159180
21,0.586580,0.309156,9400.191406
22,0.581190,0.280661,9766.220703
23,0.575386,0.270895,10015.773438
24,0.567638,0.261166,10598.091797
25,0.567746,0.244064,11014.020508
26,0.608841,0.201796,11330.143555
27,0.629411,0.190677,11662.890625
28,0.625397,0.165167,11945.726562
29,0.622903,0.149920,12128.762695
30,0.584843,0.129704,12345.058594
31,0.635014,0.111440,12661.198242
32,0.764009,0.082361,13576.209961
33,0.794301,0.122761,14225.076172
34,0.862055,0.116208,14541.204102
35,0.873576,0.104586,14690.934570
36,0.945908,0.059843,15289.892578
37,0.905642,0.203935,15805.657227
38,0.890985,0.212745,15922.125977
39,0.949980,0.348852,17253.132812
40,0.911903,0.278505,18085.013672
41,0.928966,0.236307,18351.195312
42,0.937972,0.244728,18600.789062
43,0.973668,0.322392,19366.111328
44,0.019948,0.267968,19665.576172
45,0.998222,0.299574,19898.513672
46,0.801162,0.388312,20647.212891
47,0.774558,0.432025,21079.763672
48,0.799557,0.354128,22028.113281
49,0.797689,0.326402,22360.876953
50,0.788008,0.314719,22793.445312
51,0.747519,0.342442,23076.289062
52,0.720408,0.377971,23292.560547
53,0.719044,0.369743,23592.064453
54,0.768576,0.323548,23991.343750
55,0.737563,0.356636,24972.976562
0,0.723195,0.496460,316.102631
1,0.766137,0.527059,648.851074
2,0.465216,0.916330,2329.224854
3,0.515113,0.906007,2711.926758
4,0.542206,0.885584,3094.601807
5,0.543153,0.797280,3410.684814
6,0.578413,0.841251,3843.274658
7,0.587479,0.855882,3959.721436
8,0.112053,0.889293,4725.105957
9,0.345561,0.514343,5873.046387
10,0.352060,0.501658,5972.877441
11,0.370815,0.374490,6255.734375
12,0.247361,0.522238,6571.835449
13,0.253383,0.522036,6754.875000
14,0.221811,0.421815,6971.138672
15,0.233389,0.375833,7170.770996
16,0.462224,0.215865,7586.733398
17,0.619967,0.264567,8468.517578
18,0.697878,0.100770,8884.466797
19,0.691240,0.061169,9050.832031
20,0.742355,0.056731,9383.576172
21,0.690067,0.021739,9599.874023
22,0.712423,0.237294,10182.216797
23,0.707405,0.406501,10398.525391
24,0.710740,0.498188,10847.688477
25,0.620139,0.523732,11213.718750
26,0.634482,0.506607,11396.733398
27,0.706042,0.580052,11662.934570
28,0.707174,0.572559,11829.333008
29,0.008231,0.495757,13043.848633
30,0.984076,0.634836,13609.523438
31,0.063930,0.475978,13925.657227
32,0.135533,0.446317,14241.769531
33,0.130611,0.389904,14541.243164
34,0.184583,0.477923,14857.335938
35,0.226502,0.533361,15339.862305
36,0.259966,0.506644,15572.784180
37,0.057376,0.369598,16088.545898
38,0.082824,0.354987,16304.817383
39,0.999676,0.319334,16554.380859
40,0.963739,0.308484,16787.310547
41,0.877199,0.314951,17336.339844
42,0.887578,0.307990,17486.089844
43,0.954456,0.516737,18467.707031
44,0.999085,0.498171,18883.648438
45,0.993808,0.484865,19083.318359
46,0.960737,0.350501,19599.078125
47,0.796005,0.331881,20297.884766
48,0.808702,0.394440,20497.488281
49,0.695448,0.373234,21262.841797
50,0.560908,0.482723,21761.962891
51,0.493858,0.497109,22094.724609
52,0.504128,0.491588,22227.835938
53,0.466324,0.482651,22494.009766
54,0.355627,0.469138,23159.503906
55,0.362954,0.465635,23325.888672
56,0.352961,0.512488,23592.113281
57,0.235945,0.541843,23958.117188
58,0.261910,0.652421,24523.791016
0,0.692137,0.420771,332.834686
1,0.693523,0.381624,648.890747
2,0.683172,0.172058,1214.577637
3,0.652479,0.111943,1397.552002
4,0.447448,0.049138,1880.085205
5,0.473472,0.136100,2196.181885
6,0.480918,0.467637,2978.166748
7,0.556194,0.542625,3377.463623
8,0.556917,0.531125,3560.463623
9,0.914524,0.416079,4691.808105
10,0.945872,0.361579,4924.772949
11,0.977558,0.339886,5141.054199
12,0.995345,0.435215,5340.656738
13,0.070596,0.411159,5839.788574
14,0.050842,0.332368,6239.135254
15,0.003899,0.299964,6438.751953
16,0.966837,0.330420,6688.340820
17,0.983778,0.414833,7070.983887
18,0.996893,0.475717,7320.577148
19,0.079666,0.499599,7586.738770
20,0.054163,0.615251,8002.689941
21,0.019803,0.631596,8335.431641
22,0.989841,0.624817,8551.718750
23,0.992691,0.525148,8784.661133
24,0.020850,0.476801,9050.858398
25,0.052207,0.424319,9333.714844
26,0.086281,0.376218,9583.287109
27,0.092078,0.316953,9749.632812
28,0.044954,0.283063,9982.609375
29,0.114927,0.384483,10381.863281
30,0.181072,0.451928,10814.510742
31,0.227861,0.462758,11230.432617
32,0.264698,0.483126,11513.321289
33,0.258742,0.482653,11613.110352
34,0.256049,0.441898,11746.232422
35,0.225899,0.361586,12062.316406
36,0.226228,0.329036,12261.914062
37,0.508821,0.389254,14657.816406
38,0.484813,0.356839,14824.102539
39,0.515520,0.275347,15173.477539
40,0.511417,0.180468,15456.400391
41,0.504862,0.123603,15655.975586
42,0.499729,0.121154,15822.444336
43,0.418220,0.277862,16171.772461
44,0.473158,0.334521,16654.306641
45,0.457816,0.329637,16754.093750
46,0.397943,0.394624,16953.779297
47,0.530536,0.505963,17669.134766
48,0.549199,0.476498,17818.947266
49,0.544458,0.462138,17985.230469
50,0.614638,0.501834,18268.142578
51,0.254968,0.463846,19532.533203
52,0.197410,0.863802,20214.716797
53,0.142537,0.793127,20497.589844
54,0.166765,0.453027,21096.501953
55,0.129964,0.170128,21762.013672
56,0.199164,0.131377,21944.978516
57,0.299681,0.096398,22227.898438
58,0.284492,0.095349,22494.082031
59,0.333351,0.197915,22710.382812
60,0.330355,0.326712,23092.980469
61,0.316301,0.289960,23359.232422
0,0.632674,0.468578,898.469299
1,0.590617,0.469176,1197.960205
2,0.581549,0.469284,1497.402954
3,0.510655,0.460101,1880.099731
4,0.464320,0.461507,2129.677490
5,0.473913,0.456621,2412.536865
6,0.366249,0.468833,2612.200439
7,0.351942,0.455014,2778.500732
8,0.355132,0.463355,2878.371338
9,0.333936,0.457318,3061.450439
10,0.346040,0.463936,3244.366455
11,0.489828,0.483074,3810.105713
12,0.592318,0.483432,4458.912109
13,0.666676,0.504300,5257.504395
14,0.673798,0.501398,5357.321777
15,0.740058,0.496016,5906.417969
16,0.700306,0.293653,6272.403320
17,0.724672,0.215195,6738.244141
18,0.804770,0.161984,6921.298340
19,0.866533,0.116081,7353.945801
20,0.902789,0.103058,7603.392090
21,0.044687,0.344045,8152.466797
22,0.053890,0.545434,8901.271484
23,0.050873,0.563557,9050.981445
24,0.040900,0.568053,9134.103516
25,0.007627,0.651502,9533.434570
26,0.029315,0.706092,9766.353516
27,0.053324,0.702220,9932.679688
28,0.138489,0.633818,10265.498047
29,0.141777,0.593783,10581.564453
30,0.155540,0.543015,10881.054688
31,0.181850,0.438156,11180.545898
32,0.178439,0.357540,11446.697266
33,0.249732,0.456701,11663.010742
34,0.243424,0.462524,11796.120117
35,0.259782,0.326655,12045.636719
36,0.105101,0.199119,12727.818359
37,0.076710,0.105137,13160.476562
38,0.035989,0.119232,13426.618164
39,0.031049,0.098616,13992.294922
40,0.290366,0.026016,14691.138672
41,0.192160,0.143783,14940.650391
42,0.185222,0.189051,15123.713867
43,0.267200,0.165969,15456.402344
44,0.259298,0.252131,16304.872070
45,0.343949,0.195007,16587.769531
46,0.411387,0.120712,16853.960938
47,0.469933,0.167157,17086.828125
48,0.488689,0.160280,17203.337891
49,0.405304,0.203732,17486.144531
50,0.270349,0.213355,17719.087891
51,0.241434,0.184501,17918.822266
52,0.227619,0.135079,18118.425781
53,0.303284,0.137517,18534.404297
54,0.194285,0.085441,18734.029297
55,0.112644,0.131652,19000.216797
56,0.923658,0.495097,19981.880859
57,0.874379,0.376575,20896.863281
58,0.911948,0.344144,21196.384766
59,0.923665,0.299919,21445.925781
60,0.917714,0.689723,22128.099609
61,0.624918,0.471700,24041.390625
0,0.744341,0.645509,282.788269
1,0.598622,0.901593,1663.688599
2,0.607988,0.862024,1863.330078
3,0.635310,0.506918,2429.077881
4,0.583456,0.863502,2978.114746
5,0.553000,0.826199,3510.539307
6,0.548716,0.685293,3776.750488
7,0.556045,0.567812,4325.811523
8,0.515549,0.484186,4625.178223
9,0.485305,0.155383,5490.328125
10,0.492999,0.106129,5689.973633
11,0.557140,0.033957,5922.908691
12,0.680158,0.023197,6122.570801
13,0.698715,0.153860,6488.620605
14,0.724171,0.210366,6904.514160
15,0.498778,0.187270,7403.726074
16,0.521844,0.292728,7786.383789
17,0.756994,0.309015,8401.952148
18,0.747131,0.321256,8535.030273
19,0.006454,0.472054,9566.640625
20,0.995077,0.371687,9915.968750
21,0.985263,0.307481,10132.217773
22,0.110971,0.304603,10714.574219
23,0.132313,0.220839,11113.837891
24,0.133161,0.308656,11479.925781
25,0.991368,0.502092,11979.043945
26,0.984511,0.658325,12361.727539
27,0.982875,0.648132,12444.887695
28,0.777972,0.513387,13276.719727
29,0.695989,0.537857,13476.380859
30,0.701023,0.269139,14258.339844
31,0.707336,0.221072,14458.001953
32,0.176010,0.369973,15106.962891
33,0.207150,0.382412,15239.993164
34,0.243186,0.384101,15739.132812
35,0.261814,0.382844,16188.346680
36,0.265054,0.282797,16387.976562
37,0.215614,0.475259,16937.091797
38,0.578607,0.471782,18584.126953
39,0.489859,0.477065,18950.171875
40,0.495145,0.472116,19133.250000
41,0.472614,0.469565,19299.578125
42,0.358543,0.492745,19815.335938
43,0.260261,0.243811,20763.656250
44,0.240802,0.236053,21279.457031
45,0.263005,0.447981,21745.292969
46,0.252443,0.615598,22244.455078
47,0.192959,0.536917,22593.804688
48,0.196424,0.524913,22810.044922
49,0.213752,0.494928,23159.562500
50,0.186969,0.447088,23658.626953
51,0.269449,0.323375,23941.501953
52,0.266858,0.271742,24606.908203
