Idx, longitude, latitude, start timestamp
0,0.714850,0.396780,515.925964
1,0.721678,0.335880,665.528748
2,0.723001,0.315386,798.610901
3,0.685554,0.364208,1264.591064
4,0.580205,0.242610,1747.019775
5,0.573568,0.139077,2046.484619
6,0.587109,0.085605,2229.506836
7,0.471702,0.256163,2595.510498
8,0.496112,0.346481,2861.730225
9,0.508301,0.335644,2994.867920
10,0.510495,0.329330,3094.647705
11,0.426877,0.107009,3493.998047
12,0.732237,0.367899,4275.974609
13,0.730422,0.335653,4409.066406
14,0.931252,0.333744,5107.836914
15,0.930743,0.332609,5290.837402
16,0.923341,0.328333,5390.768066
17,0.034719,0.404441,6072.812988
18,0.040064,0.426541,6289.076660
19,0.055693,0.425527,6705.107422
20,0.022748,0.505229,6904.666992
21,0.052003,0.441892,7220.759766
22,0.043848,0.446421,7353.873535
23,0.099663,0.318818,7786.385742
24,0.048263,0.369100,8085.890625
25,0.048161,0.392207,8402.030273
26,0.963748,0.590310,8851.257812
27,0.029739,0.581675,9050.863281
28,0.753180,0.499007,10082.477539
29,0.749176,0.440425,10332.016602
30,0.680553,0.522559,10764.544922
31,0.563846,0.524092,11396.844727
32,0.511917,0.475382,11696.341797
33,0.500346,0.453216,12112.193359
34,0.508761,0.442286,12578.084961
35,0.504096,0.441767,12810.907227
36,0.462833,0.437126,13077.170898
37,0.461835,0.438394,13576.300781
38,0.474592,0.515392,13825.908203
39,0.005259,0.522034,16587.697266
40,0.014450,0.491596,16887.208984
41,0.070481,0.361564,17902.083984
42,0.064046,0.360212,18101.666016
43,0.226483,0.356713,20880.128906
44,0.236637,0.349059,21079.738281
45,0.228098,0.382543,21379.248047
46,0.196238,0.439334,21645.513672
47,0.726108,0.338834,23791.730469
48,0.678019,0.395132,24374.050781
49,0.671873,0.393455,24540.443359
50,0.673396,0.386211,24789.921875
0,0.743071,0.583883,299.468353
1,0.641845,0.556091,765.368103
2,0.566829,0.424188,1380.927124
3,0.528940,0.303462,1763.500977
4,0.497086,0.351842,1996.544556
5,0.490531,0.374044,2212.784912
6,0.491391,0.393352,2312.664062
7,0.512071,0.385446,2578.782715
8,0.377348,0.201688,2878.222900
9,0.363157,0.156165,3011.347168
10,0.361938,0.111521,3227.596436
11,0.536346,0.065102,3710.125000
12,0.364513,0.599279,4758.320801
13,0.340350,0.583674,4958.000000
14,0.439193,0.573068,5274.111816
15,0.520544,0.567367,5789.873535
16,0.575505,0.556009,5989.428223
17,0.757364,0.556108,6838.005859
18,0.783838,0.537123,7137.416504
19,0.776657,0.512533,7353.921875
20,0.719159,0.299595,7786.316895
21,0.713424,0.279825,7936.065430
22,0.863206,0.296083,8884.398438
23,0.913303,0.326703,9333.666016
24,0.991429,0.351031,10548.184570
25,0.989520,0.346785,10797.794922
26,0.021061,0.490890,13493.143555
27,0.021170,0.401675,13859.120117
28,0.040867,0.382641,14042.130859
29,0.040141,0.363085,14241.700195
30,0.048045,0.350718,16271.556641
31,0.248695,0.554223,16970.306641
32,0.221723,0.401403,17519.291016
33,0.220504,0.375578,17968.552734
34,0.219774,0.358221,18101.648438
35,0.207882,0.385572,18484.269531
36,0.116995,0.322836,19282.882812
37,0.413766,0.062709,22227.773438
38,0.757793,0.506604,23941.445312
39,0.800032,0.531864,24174.386719
0,0.769535,0.505574,482.445404
1,0.789162,0.419268,798.448914
2,0.794372,0.331686,998.194824
3,0.801540,0.290664,1414.127075
4,0.802528,0.307583,1630.429932
5,0.833481,0.294708,1863.346313
6,0.884982,0.260008,2129.508057
7,0.859895,0.604963,2944.759033
8,0.857675,0.588906,3127.751221
9,0.931614,0.658292,3443.866699
10,0.031426,0.611725,3893.249268
11,0.048100,0.463329,4292.417969
12,0.039261,0.481218,4442.135742
13,0.018565,0.536183,4724.977051
14,0.047672,0.417052,5107.654785
15,0.065885,0.380298,5307.305664
16,0.073068,0.359400,5473.658203
17,0.030882,0.481185,5789.707520
18,0.030751,0.486770,6155.895996
19,0.033891,0.550512,6288.939941
20,0.999780,0.343757,6754.833008
21,0.993098,0.294905,6954.447266
22,0.068614,0.366883,7220.608887
23,0.069333,0.403203,7653.244141
24,0.033123,0.534443,8202.211914
25,0.045030,0.419962,8468.466797
26,0.756302,0.541144,9599.919922
27,0.739023,0.549261,9816.029297
28,0.732775,0.342244,10198.724609
29,0.723645,0.304324,10331.831055
30,0.725905,0.331658,10647.935547
31,0.727112,0.274863,10814.320312
32,0.671250,0.564599,11363.383789
33,0.733731,0.309500,11795.901367
34,0.739772,0.288107,12045.531250
35,0.725508,0.326611,12428.159180
36,0.724730,0.357618,12860.808594
37,0.734820,0.419798,13609.525391
38,0.732922,0.375674,13792.534180
39,0.874025,0.340635,14474.631836
40,0.847822,0.402628,15073.647461
41,0.589647,0.707366,16720.710938
42,0.227647,0.356209,21395.892578
43,0.227208,0.367481,21595.556641
44,0.231795,0.390240,21828.429688
45,0.228597,0.487315,22161.152344
46,0.238051,0.625947,23109.474609
47,0.245017,0.718578,23558.736328
0,0.749403,0.486270,332.708221
1,0.732072,0.361927,1563.767334
2,0.473239,0.094313,2079.634521
3,0.405601,0.065134,2212.697021
4,0.259038,0.067663,2429.052246
5,0.268711,0.111016,2678.430420
6,0.256787,0.104190,2894.868652
7,0.276329,0.087634,3127.671631
8,0.271119,0.100448,3327.322998
9,0.358819,0.170966,3743.312256
10,0.361836,0.222443,3893.058105
11,0.367512,0.230217,4076.038818
12,0.354107,0.190201,4209.104980
13,0.365698,0.131701,5407.030273
14,0.347517,0.098205,5656.639648
15,0.415439,0.091443,6155.730957
16,0.437435,0.115594,6455.212891
17,0.858275,0.099635,7220.486816
18,0.751359,0.092563,7503.330566
19,0.772600,0.099777,7836.036133
20,0.997344,0.039953,8185.495117
21,0.674767,0.033583,8518.145508
22,0.096648,0.251051,8884.297852
23,0.110410,0.409408,9200.290039
24,0.203009,0.326507,11579.455078
25,0.202283,0.319346,11745.771484
26,0.006049,0.400193,16620.550781
27,0.052113,0.276956,17568.843750
28,0.052927,0.283587,17718.673828
29,0.657081,0.298630,20264.179688
30,0.625567,0.234746,20497.078125
31,0.628350,0.180702,20730.017578
32,0.546166,0.120833,21362.166016
33,0.507250,0.452732,23425.203125
34,0.442833,0.391923,23974.320312
0,0.779579,0.517093,332.710114
1,0.732942,0.306410,598.955261
2,0.725086,0.282861,765.277466
3,0.749995,0.552439,1098.025269
4,0.762043,0.583754,1247.829224
5,0.820076,0.556535,1580.546753
6,0.872941,0.513634,1813.382812
7,0.880921,0.236315,2262.669678
8,0.877923,0.244998,2479.004883
9,0.944796,0.266390,2695.336426
10,0.933142,0.512959,3077.851562
11,0.011498,0.515314,3493.931885
12,0.035843,0.452342,3776.771484
13,0.056393,0.446983,4026.206543
14,0.086159,0.340686,4325.721191
15,0.080447,0.316805,4508.716309
16,0.075680,0.323744,4691.681641
17,0.128557,0.396547,5057.881348
18,0.159503,0.412161,5440.404785
19,0.170119,0.405140,5673.307617
20,0.159920,0.167406,6039.367676
21,0.153903,0.134083,6205.849609
22,0.121178,0.079311,6422.007324
23,0.095488,0.074395,6621.613281
24,0.263197,0.390334,6987.604980
25,0.260934,0.519073,7353.815918
26,0.273322,0.540513,7569.946777
27,0.284884,0.474389,7869.433594
28,0.327113,0.493775,8285.321289
29,0.361958,0.514788,8518.317383
30,0.357717,0.529567,8634.824219
31,0.298706,0.602040,9017.432617
32,0.254374,0.573246,9200.432617
33,0.250607,0.546731,9466.647461
34,0.281500,0.474244,10098.871094
35,0.376699,0.319047,10664.466797
36,0.385747,0.295005,10864.104492
37,0.397179,0.264468,11146.981445
38,0.401055,0.220819,11496.357422
39,0.477645,0.252397,11945.555664
40,0.424302,0.074802,12261.664062
41,0.441158,0.070193,12527.980469
42,0.220234,0.242304,13027.054688
43,0.068133,0.095649,13426.258789
44,0.093720,0.090513,13675.875000
45,0.996727,0.103952,13892.155273
46,0.953748,0.113750,14175.023438
47,0.948312,0.101410,14258.123047
48,0.916307,0.159928,14507.834961
49,0.869108,0.232906,14807.270508
50,0.835160,0.292094,15106.603516
51,0.832061,0.292562,15339.650391
52,0.825545,0.252482,15589.114258
53,0.843347,0.130598,15938.495117
54,0.770577,0.345161,16337.821289
55,0.764528,0.337286,16653.970703
56,0.704025,0.301128,16870.257812
57,0.709156,0.293623,17036.572266
58,0.627767,0.259161,17435.875000
59,0.594030,0.214159,17668.748047
60,0.575938,0.178113,17935.056641
61,0.535163,0.088176,18217.871094
62,0.525214,0.082978,18367.691406
63,0.668746,0.405681,18766.837891
64,0.705538,0.539751,19149.501953
65,0.733896,0.582779,19349.248047
66,0.773957,0.554481,19631.937500
67,0.788508,0.537195,19931.439453
68,0.762553,0.545059,20330.787109
69,0.764919,0.549123,20829.902344
70,0.778332,0.525879,21079.427734
71,0.781692,0.528979,21312.335938
72,0.777508,0.526213,21512.005859
73,0.774628,0.514732,21628.535156
74,0.776002,0.513012,21977.861328
75,0.769758,0.497763,22659.984375
76,0.760265,0.459520,22892.962891
77,0.790180,0.361892,23192.365234
78,0.811928,0.300278,23358.763672
79,0.882220,0.243953,23608.396484
80,0.891551,0.236630,23774.742188
81,0.891774,0.537085,24090.812500
82,0.853341,0.581875,24357.046875
83,0.829171,0.606570,24706.414062
0,0.761708,0.487206,282.881866
1,0.717643,0.362530,831.873169
2,0.674237,0.387681,1114.778076
3,0.712105,0.339159,1314.398560
4,0.866629,0.360490,1813.662842
5,0.870977,0.292011,2196.288086
6,0.837144,0.263600,2395.908203
7,0.771247,0.318692,2712.023682
8,0.783000,0.349135,2878.410400
9,0.686082,0.346715,3294.434570
10,0.627390,0.350719,3477.410645
11,0.588186,0.325967,3743.497070
12,0.515556,0.177095,4176.142090
13,0.503637,0.151935,4508.948730
14,0.424484,0.225708,5107.901367
15,0.494685,0.372659,6006.179199
16,0.506304,0.463738,6971.171875
17,0.410082,0.508795,9982.663086
18,0.352590,0.493573,10248.930664
19,0.323321,0.496362,10448.500000
20,0.286123,0.494261,10748.086914
21,0.145933,0.425917,12445.004883
22,0.100930,0.206334,13227.002930
23,0.052215,0.213506,13692.909180
24,0.051818,0.225603,13809.356445
25,0.023321,0.393580,14175.370117
26,0.036853,0.499717,14691.140625
27,0.023116,0.496785,14940.711914
28,0.017008,0.438085,15423.193359
29,0.014290,0.464570,15722.550781
30,0.004795,0.506654,15972.204102
31,0.949526,0.639101,16987.042969
32,0.881520,0.548828,17735.771484
33,0.881942,0.391836,18251.529297
34,0.912164,0.353421,19000.291016
35,0.932250,0.346258,19199.919922
36,0.986929,0.412489,19449.421875
37,0.045983,0.491824,20231.414062
38,0.052527,0.391459,21212.986328
39,0.049481,0.383606,21462.640625
40,0.220464,0.445502,21961.755859
41,0.551375,0.416589,24956.476562
0,0.758803,0.386668,332.844452
1,0.726995,0.218848,798.662231
2,0.730223,0.226124,1048.121094
3,0.624289,0.154076,1647.177979
4,0.539688,0.143700,1813.495239
5,0.527682,0.081339,2046.399902
6,0.308378,0.030663,2528.914062
7,0.187905,0.038441,2695.246582
8,0.266334,0.115812,2944.957031
9,0.391485,0.103386,3493.864258
10,0.286087,0.309959,4009.589111
11,0.260327,0.201442,4275.905273
12,0.255796,0.216175,4475.485352
13,0.320738,0.138571,4824.856934
14,0.236686,0.290190,5140.951172
15,0.251852,0.275987,5423.913574
16,0.252337,0.355635,5690.113770
17,0.242862,0.329857,5939.579590
18,0.237390,0.322406,6039.446289
19,0.235936,0.261710,6189.150879
20,0.271766,0.380322,6688.308594
21,0.244444,0.282081,6854.716309
22,0.242045,0.231314,7087.573730
23,0.245763,0.213669,7303.940918
24,0.266420,0.230299,7719.807617
25,0.490983,0.160771,8401.894531
26,0.811364,0.332374,9766.232422
27,0.884689,0.217388,10165.456055
28,0.931379,0.230382,10448.392578
29,0.884389,0.192250,10831.020508
30,0.895899,0.193064,10947.436523
31,0.962309,0.237825,11130.439453
32,0.909564,0.254855,11429.933594
33,0.928290,0.287026,11646.214844
34,0.991173,0.322531,12062.182617
35,0.064966,0.344838,12661.186523
36,0.093193,0.300554,12810.986328
37,0.018080,0.397274,12993.958008
38,0.022718,0.400789,13143.676758
39,0.035009,0.399287,13576.162109
40,0.042386,0.455547,13809.178711
41,0.037570,0.338272,14724.250977
42,0.066926,0.293436,15672.482422
43,0.952919,0.080564,16920.388672
44,0.223466,0.244088,18650.675781
45,0.222234,0.251688,19183.046875
46,0.230537,0.271559,19382.662109
47,0.191437,0.461396,19965.080078
0,0.765908,0.493479,316.143524
1,0.683227,0.309505,732.126099
2,0.689860,0.358542,981.686218
3,0.573827,0.238081,1247.858521
4,0.591549,0.103634,1697.175293
5,0.580382,0.080758,1896.797485
6,0.887837,0.331629,2894.929199
7,0.014341,0.503984,3926.405518
8,0.053596,0.481297,4092.821289
9,0.060964,0.389699,4392.356445
10,0.050177,0.386372,4492.182617
11,0.051078,0.462188,4775.016113
12,0.126034,0.480735,5057.851074
13,0.065427,0.157550,5606.909180
14,0.246142,0.416766,6671.637207
15,0.238782,0.375020,6871.462402
16,0.261116,0.370307,7170.729492
17,0.259227,0.336437,7470.239746
18,0.210637,0.521057,7653.273438
19,0.279037,0.624112,8085.866211
20,0.158148,0.517030,8368.683594
21,0.111296,0.538376,8651.561523
22,0.912883,0.697171,9699.664062
23,0.874188,0.720762,9982.612305
24,0.862649,0.715814,10331.992188
25,0.617952,0.561184,12345.050781
26,0.605961,0.522996,13043.866211
27,0.468078,0.671584,14075.376953
28,0.451370,0.684416,14541.148438
29,0.455819,0.797230,14824.108398
30,0.410887,0.876636,15373.113281
31,0.408123,0.877939,15556.067383
32,0.360145,0.855099,15855.612305
33,0.362323,0.876175,16504.453125
34,0.235528,0.494623,18767.119141
35,0.251107,0.516338,19016.783203
36,0.261408,0.468516,19299.513672
37,0.289223,0.195000,21212.843750
38,0.295760,0.190528,21445.763672
39,0.291709,0.121222,21795.195312
40,0.528421,0.320586,22926.599609
41,0.523502,0.439448,23708.486328
42,0.455833,0.476636,24290.847656
43,0.191472,0.462749,24972.931641
0,0.755102,0.476878,299.500336
1,0.732127,0.272161,781.985596
2,0.729665,0.238149,948.348755
3,0.727881,0.247488,1131.345093
4,0.733502,0.280734,1447.502930
5,0.732614,0.343542,1613.824951
6,0.806112,0.346170,2162.862549
7,0.885708,0.289857,2362.448242
8,0.899533,0.272861,2595.484375
9,0.847141,0.345903,2911.554443
10,0.844487,0.573058,3161.105957
11,0.849458,0.461944,3626.935547
12,0.749784,0.454709,4159.346191
13,0.755940,0.472032,4275.857910
14,0.628180,0.391434,4841.532227
15,0.619198,0.292059,5041.196289
16,0.591680,0.234182,5207.572754
17,0.581976,0.140290,5390.632812
18,0.556573,0.119952,5556.987793
19,0.507918,0.069889,5756.537109
20,0.393196,0.030286,5939.533691
21,0.181446,0.022483,6072.620117
22,0.319861,0.103542,6338.938965
23,0.343913,0.097554,6788.143555
24,0.379940,0.199756,7087.538086
25,0.450090,0.503756,7437.006348
26,0.429825,0.595608,7653.262695
27,0.434083,0.564152,7819.623047
28,0.419794,0.509015,8235.606445
29,0.565618,0.658893,9117.389648
30,0.606271,0.719066,9300.351562
31,0.890962,0.754098,10548.218750
32,0.881028,0.720835,10697.919922
33,0.067154,0.419953,11596.389648
34,0.046179,0.370637,11945.794922
35,0.055417,0.336808,12178.682617
36,0.048526,0.329583,12394.883789
37,0.204288,0.127870,13675.993164
38,0.215131,0.381288,14640.970703
39,0.212644,0.379683,14774.114258
40,0.286354,0.510983,14990.384766
41,0.237867,0.495572,16354.724609
42,0.116186,0.522021,16604.214844
43,0.649709,0.429361,18451.046875
44,0.265216,0.303502,20364.246094
45,0.529532,0.074326,21761.851562
46,0.586053,0.071168,21895.003906
47,0.754366,0.462143,24440.580078
48,0.732085,0.453348,24972.910156
0,0.740613,0.479632,365.977814
1,0.740405,0.414035,698.731018
2,0.729528,0.360840,848.461670
3,0.715254,0.325461,1131.323730
4,0.758217,0.286353,1447.501221
5,0.737167,0.304321,1846.673096
6,0.709046,0.305430,2146.205322
7,0.630412,0.303625,2445.667969
8,0.595472,0.284118,2628.764648
9,0.552354,0.114594,3044.601807
10,0.507347,0.099092,3310.821289
11,0.435849,0.197627,3643.529297
12,0.417503,0.178046,3943.071045
13,0.411518,0.245626,4408.926758
14,0.341687,0.448283,5107.670410
15,0.416174,0.506288,5390.479004
16,0.457470,0.488713,5706.691895
17,0.623326,0.329709,6388.769043
18,0.806660,0.327805,7137.338379
19,0.843050,0.317340,7337.077637
20,0.856794,0.310238,7503.379395
21,0.059732,0.333338,8168.988281
22,0.024804,0.395501,8418.572266
23,0.038622,0.241332,8801.226562
24,0.052345,0.185626,8967.559570
25,0.050591,0.178561,9200.465820
26,0.052806,0.191895,9366.791992
27,0.132859,0.300425,9849.349609
28,0.199273,0.309726,10148.841797
29,0.219195,0.303969,10431.674805
30,0.195073,0.339086,10581.440430
31,0.214637,0.316407,10830.898438
32,0.242640,0.357005,11030.652344
33,0.248474,0.402802,11296.794922
34,0.222765,0.452952,11579.633789
35,0.296225,0.312344,11945.639648
36,0.285043,0.147896,12511.389648
37,0.261519,0.136205,12627.749023
38,0.154785,0.072162,13126.992188
39,0.150948,0.062434,13393.173828
40,0.236266,0.048698,13742.519531
41,0.279537,0.104257,13858.980469
42,0.008900,0.416906,14374.735352
43,0.020692,0.366266,14591.098633
44,0.013749,0.396794,14807.363281
45,0.018256,0.342609,15140.130859
46,0.016213,0.356372,15372.973633
47,0.991884,0.482717,15772.395508
48,0.968135,0.510339,16021.882812
49,0.959688,0.405498,16737.318359
50,0.006131,0.419044,17186.691406
51,0.020159,0.439532,17619.056641
52,0.995746,0.445399,17835.462891
53,0.787693,0.577967,18584.039062
54,0.757808,0.556106,18817.044922
55,0.749710,0.473186,19049.912109
56,0.766755,0.334369,19648.962891
57,0.762119,0.318205,19815.314453
58,0.701015,0.462578,20464.144531
59,0.666577,0.472557,21146.269531
60,0.632894,0.449285,21362.546875
61,0.605536,0.469137,21612.146484
62,0.593637,0.417345,21878.404297
63,0.648684,0.342134,22410.792969
64,0.643601,0.313907,22810.052734
65,0.618594,0.288473,23026.457031
66,0.595676,0.260351,23259.234375
67,0.640065,0.279171,23442.228516
68,0.636439,0.299234,23558.763672
69,0.608215,0.316303,24157.783203
0,0.755697,0.451323,316.181061
1,0.740572,0.277914,831.938416
2,0.730430,0.239711,1048.249512
3,0.729424,0.250664,1347.657959
4,0.735459,0.281358,1530.659302
5,0.731955,0.355154,2379.289551
6,0.859696,0.263575,3161.151367
7,0.846568,0.261708,3310.927002
8,0.881892,0.294225,3677.014893
9,0.907372,0.433680,3926.532227
10,0.926581,0.545641,4109.508789
11,0.998338,0.483130,4458.942383
12,0.014701,0.415034,4625.237305
13,0.018240,0.290363,5074.504395
14,0.013975,0.262629,5240.839844
15,0.000886,0.219587,5590.238281
16,0.958242,0.276384,5773.282715
17,0.953911,0.264578,6239.181152
18,0.440223,0.111252,7686.576172
19,0.410966,0.109320,7869.574219
20,0.410960,0.096500,8501.864258
21,0.425640,0.080515,8668.195312
22,0.440906,0.085379,8901.124023
23,0.474456,0.080381,9034.217773
24,0.371664,0.173502,9549.959961
25,0.352805,0.152081,9949.262695
26,0.364126,0.064529,10148.916992
27,0.415502,0.028116,10381.910156
28,0.340504,0.121194,10747.908203
29,0.482733,0.292756,11662.954102
30,0.520915,0.315960,11879.262695
31,0.517962,0.310180,12062.349609
32,0.534670,0.298632,12195.349609
33,0.516195,0.279818,12511.461914
34,0.519301,0.258138,12644.561523
35,0.513150,0.233612,12910.803711
36,0.509162,0.235281,13226.923828
37,0.522477,0.224868,13426.575195
38,0.458580,0.534438,14108.679688
39,0.308784,0.495890,14740.900391
40,0.313484,0.488051,14890.673828
41,0.293930,0.416045,15073.706055
42,0.273453,0.367319,15290.000977
43,0.317650,0.365434,15705.908203
44,0.349581,0.370792,15922.177734
45,0.365530,0.421986,16155.093750
46,0.399601,0.473578,16853.867188
47,0.438137,0.543453,17203.259766
48,0.646059,0.501570,18068.406250
49,0.767579,0.507283,18351.279297
50,0.759923,0.502763,18501.029297
51,0.806024,0.467360,18717.308594
52,0.878103,0.397885,19083.312500
53,0.905722,0.281880,19449.361328
54,0.897547,0.261359,19582.486328
55,0.899029,0.228981,19881.931641
56,0.967021,0.313098,20214.660156
57,0.996072,0.305393,20430.941406
58,0.010966,0.298578,20514.164062
59,0.929878,0.312915,20846.910156
60,0.134110,0.352036,21545.765625
61,0.203559,0.365044,22094.710938
62,0.015143,0.084962,23126.271484
63,0.029617,0.136428,23359.216797
64,0.031929,0.080214,23725.292969
65,0.063740,0.119643,24041.332031
66,0.092974,0.185669,24540.486328
67,0.083006,0.181501,24640.294922
0,0.758803,0.386668,332.844452
1,0.726995,0.218848,798.662231
2,0.730223,0.226124,1048.121094
3,0.624289,0.154076,1647.177979
4,0.539688,0.143700,1813.495239
5,0.527682,0.081339,2046.399902
6,0.308378,0.030663,2528.914062
7,0.187905,0.038441,2695.246582
8,0.266334,0.115812,2944.957031
9,0.391485,0.103386,3493.864258
10,0.286087,0.309959,4009.589111
11,0.260327,0.201442,4275.905273
12,0.255796,0.216175,4475.485352
13,0.320738,0.138571,4824.856934
14,0.236686,0.290190,5140.951172
15,0.251852,0.275987,5423.913574
16,0.252337,0.355635,5690.113770
17,0.242862,0.329857,5939.579590
18,0.237390,0.322406,6039.446289
19,0.235936,0.261710,6189.150879
20,0.271766,0.380322,6688.308594
21,0.244444,0.282081,6854.716309
22,0.242045,0.231314,7087.573730
23,0.245763,0.213669,7303.940918
24,0.266420,0.230299,7719.807617
25,0.490983,0.160771,8401.894531
26,0.811364,0.332374,9766.232422
27,0.884689,0.217388,10165.456055
28,0.931379,0.230382,10448.392578
29,0.884389,0.192250,10831.020508
30,0.895899,0.193064,10947.436523
31,0.962309,0.237825,11130.439453
32,0.909564,0.254855,11429.933594
33,0.928290,0.287026,11646.214844
34,0.991173,0.322531,12062.182617
35,0.064966,0.344838,12661.186523
36,0.093193,0.300554,12810.986328
37,0.018080,0.397274,12993.958008
38,0.022718,0.400789,13143.676758
39,0.035009,0.399287,13576.162109
40,0.042386,0.455547,13809.178711
41,0.037570,0.338272,14724.250977
42,0.066926,0.293436,15672.482422
43,0.952919,0.080564,16920.388672
44,0.223466,0.244088,18650.675781
45,0.222234,0.251688,19183.046875
46,0.230537,0.271559,19382.662109
47,0.191437,0.461396,19965.080078
0,0.740665,0.524497,565.801697
1,0.702720,0.351377,1014.872986
2,0.684160,0.324126,1247.916504
3,0.669690,0.295962,1397.682983
4,0.665311,0.292102,1913.397095
5,0.656019,0.305007,2129.683350
6,0.899454,0.276777,3094.555420
7,0.965771,0.463774,3394.059814
8,0.030324,0.431914,3843.359375
9,0.034982,0.296822,4076.270264
10,0.037375,0.348257,4275.967285
11,0.045012,0.436540,4525.520996
12,0.045928,0.421546,4758.527832
13,0.051874,0.292590,5507.107422
14,0.041672,0.306634,5839.773438
15,0.039221,0.565499,6322.242188
16,0.104508,0.532344,6871.480469
17,0.043987,0.093362,7586.729492
18,0.006390,0.119289,7769.737793
19,0.018282,0.094828,8052.650879
20,0.009606,0.073169,8302.128906
21,0.012397,0.152217,8518.515625
22,0.300487,0.593083,9250.489258
23,0.335293,0.396351,9683.088867
24,0.215830,0.585460,10065.747070
25,0.149078,0.589667,10365.291016
26,0.110232,0.575239,10564.816406
27,0.708380,0.571263,12095.613281
28,0.496184,0.376460,14042.125977
29,0.454733,0.067590,14358.287109
30,0.485662,0.056568,14474.811523
31,0.403056,0.162575,14757.534180
32,0.298963,0.534623,15289.995117
33,0.266544,0.564925,15739.093750
34,0.668392,0.015800,16853.818359
35,0.666901,0.006414,17086.857422
36,0.514001,0.429060,19050.058594
37,0.049470,0.694616,21262.740234
38,0.038142,0.636844,21562.222656
39,0.039892,0.564885,21762.017578
40,0.125747,0.682994,23142.837891
41,0.100146,0.162112,23775.097656
42,0.043126,0.461104,24972.968750
0,0.761470,0.589871,16.725857
1,0.733554,0.501217,299.521667
2,0.712384,0.443103,565.750549
3,0.701019,0.398531,815.315430
4,0.717591,0.375972,1031.628540
5,0.746067,0.348443,1181.331177
6,0.646308,0.281731,1830.270020
7,0.601584,0.259306,1996.583862
8,0.563937,0.244317,2196.248291
9,0.525364,0.214782,2379.273926
10,0.476495,0.154841,2612.225098
11,0.458602,0.144659,2845.095459
12,0.384642,0.195302,3111.301270
13,0.367753,0.219841,3344.206055
14,0.329534,0.203122,3593.832764
15,0.357283,0.285817,3743.536133
16,0.324709,0.310323,4176.081055
17,0.144586,0.216835,4592.073242
18,0.115025,0.196578,4808.387207
19,0.114581,0.285708,5124.459961
20,0.244263,0.475606,5357.362305
21,0.261520,0.407594,5806.562500
22,0.232866,0.409544,6289.102539
23,0.271722,0.464983,6472.086914
24,0.230939,0.409390,6937.942871
25,0.242212,0.490670,7603.456055
26,0.262006,0.466393,7853.018555
27,0.223567,0.403212,8202.392578
28,0.356444,0.288893,8801.315430
29,0.385986,0.238204,9001.007812
30,0.408491,0.171282,9184.010742
31,0.426799,0.145755,9400.299805
32,0.509500,0.140483,9616.575195
33,0.547999,0.133464,9799.614258
34,0.565675,0.096984,9982.592773
35,0.531034,0.100780,10065.780273
36,0.528810,0.111564,10315.414062
37,0.783243,0.355863,11047.509766
38,0.824361,0.337833,11213.771484
39,0.683385,0.384067,11413.452148
40,0.883524,0.326611,12062.371094
41,0.748248,0.523367,13143.812500
42,0.888427,0.726310,14141.982422
43,0.055326,0.643767,14624.500000
44,0.071658,0.530293,14857.437500
45,0.072923,0.385981,15290.043945
46,0.071562,0.362934,15639.418945
47,0.015652,0.343154,15938.948242
48,0.992067,0.333767,16121.852539
49,0.063983,0.379277,16504.589844
50,0.066577,0.421146,16754.085938
51,0.013668,0.506797,17086.873047
52,0.007292,0.487048,17236.626953
53,0.053908,0.475765,17602.611328
54,0.059821,0.390820,17835.550781
55,0.239486,0.420489,18700.734375
56,0.235745,0.357965,18933.613281
57,0.232281,0.344434,19050.109375
58,0.121741,0.243018,19599.171875
59,0.099785,0.174586,19798.873047
60,0.039891,0.183405,20031.769531
61,0.028391,0.201213,20248.072266
62,0.017847,0.432750,21079.890625
63,0.029774,0.408562,21296.150391
64,0.977542,0.368994,21945.111328
65,0.030920,0.438163,22244.521484
66,0.098326,0.452224,22510.783203
67,0.035611,0.450752,22760.285156
68,0.007727,0.489831,22943.361328
69,0.984088,0.429420,23276.085938
70,0.981298,0.361017,23558.935547
71,0.931032,0.339404,23808.443359
72,0.910223,0.330111,24024.765625
73,0.902540,0.326639,24224.400391
74,0.856917,0.330104,24440.652344
0,0.764504,0.535447,282.850281
1,0.751242,0.514659,532.447693
2,0.738104,0.482459,715.417603
3,0.738486,0.435410,915.093445
4,0.739143,0.364356,1131.426514
5,0.736238,0.335773,1297.717163
6,0.735391,0.305639,1530.646484
7,0.735583,0.330831,1730.305664
8,0.733838,0.377145,2562.264160
9,0.741909,0.347353,2911.600342
10,0.743829,0.388708,3493.964355
11,0.682772,0.326317,4176.069336
12,0.698639,0.353480,4442.337402
13,0.673526,0.362421,4608.647949
14,0.679074,0.386406,5274.138672
15,0.692566,0.391498,5789.888184
16,0.703523,0.387860,6322.344727
17,0.708674,0.376411,6954.507324
18,0.714732,0.366613,7669.935547
19,0.767332,0.500515,8218.954102
20,0.786718,0.533205,8385.426758
21,0.848629,0.550840,8768.019531
22,0.857720,0.530528,8917.802734
23,0.871044,0.535988,9150.666016
24,0.882752,0.376914,9416.854492
25,0.891954,0.333807,9599.973633
26,0.943301,0.363328,10148.964844
27,0.947424,0.350734,10298.653320
28,0.958129,0.349331,10498.318359
29,0.931955,0.341695,10864.377930
30,0.968690,0.558882,11296.910156
31,0.035665,0.602179,11513.300781
32,0.053445,0.552302,11746.168945
33,0.057947,0.466119,11995.704102
34,0.060476,0.401082,12195.367188
35,0.061322,0.381453,12378.355469
36,0.040959,0.441963,12777.668945
37,0.040558,0.486127,13060.609375
38,0.063517,0.544880,13276.781250
39,0.144746,0.587396,13542.977539
40,0.176466,0.545051,13909.007812
41,0.230964,0.545203,14158.636719
42,0.262556,0.524052,14408.181641
43,0.281922,0.512215,14657.732422
44,0.251008,0.450615,14940.599609
45,0.237967,0.400894,15156.833984
46,0.227902,0.390974,15456.338867
47,0.267190,0.391751,15689.258789
48,0.190248,0.392569,16088.591797
49,0.154081,0.335660,16288.209961
50,0.143101,0.268885,16454.572266
51,0.135515,0.227309,16637.599609
52,0.130257,0.179504,16853.861328
53,0.121265,0.179570,17136.720703
54,0.067553,0.187135,17402.939453
55,0.059496,0.151836,17602.589844
56,0.123659,0.117695,17852.126953
57,0.062774,0.108626,18068.421875
58,0.997057,0.130169,18268.066406
59,0.951769,0.128620,18550.921875
60,0.816969,0.031188,18867.023438
61,0.591047,0.020219,19083.308594
62,0.999319,0.008046,19166.523438
63,0.530446,0.059695,19715.568359
64,0.605362,0.229193,20364.404297
65,0.645229,0.310079,20547.427734
66,0.675143,0.364934,20863.576172
67,0.671548,0.317574,21046.576172
68,0.475272,0.226398,21695.423828
69,0.438800,0.212897,21828.566406
70,0.438749,0.181113,22111.375000
71,0.492166,0.378855,22327.679688
72,0.511678,0.385695,22494.060547
73,0.527505,0.467309,23026.425781
74,0.488689,0.522335,23192.796875
75,0.513741,0.473835,23375.810547
76,0.509156,0.460147,23608.746094
77,0.518309,0.458830,23908.250000
78,0.508045,0.465228,24257.603516
79,0.535580,0.465918,24540.457031
0,0.749516,0.441567,249.583115
1,0.750330,0.386217,465.895966
2,0.736677,0.342738,632.330322
3,0.727809,0.338518,798.641235
4,0.726350,0.309426,981.660095
5,0.714666,0.349258,1397.580200
6,0.688368,0.387391,1613.926392
7,0.665546,0.340712,1880.082031
8,0.689689,0.346574,2162.940918
9,0.687175,0.483542,2711.964844
10,0.716295,0.390263,3360.895264
11,0.644329,0.273054,3760.078857
12,0.642203,0.276342,3893.220947
13,0.606677,0.243325,4042.953613
14,0.651834,0.261900,4309.129395
15,0.632886,0.209907,4708.467285
16,0.592736,0.159480,4957.995605
17,0.570539,0.109022,5124.414551
18,0.569402,0.072418,5324.029785
19,0.618721,0.061241,5473.854980
20,0.594563,0.221600,6039.429688
21,0.607371,0.306869,6322.270020
22,0.620214,0.371704,6472.075195
23,0.625449,0.456838,6638.416016
24,0.604677,0.519966,6838.045898
25,0.642336,0.471258,7237.352051
26,0.729056,0.461877,7520.253418
27,0.826991,0.452347,8019.344238
28,0.858125,0.410282,8268.880859
29,0.859129,0.397357,8435.272461
30,0.903344,0.432272,8634.962891
31,0.874527,0.310050,9100.820312
32,0.000748,0.371754,9550.032227
33,0.030678,0.431807,9782.899414
34,0.059614,0.435932,9965.964844
35,0.045433,0.435180,10481.731445
36,0.052250,0.454140,11014.132812
37,0.113548,0.431945,11263.648438
38,0.147700,0.459464,11663.008789
39,0.144249,0.454515,11812.712891
40,0.147971,0.500681,11962.429688
41,0.199802,0.480020,12295.208984
42,0.220951,0.469337,12544.741211
43,0.255079,0.411952,12844.315430
44,0.240826,0.402005,13043.881836
45,0.233743,0.397502,13226.952148
46,0.273042,0.386749,13659.484375
47,0.289044,0.409778,13975.565430
48,0.322575,0.398399,14258.524414
49,0.365657,0.304826,14707.626953
50,0.360061,0.313636,14807.480469
51,0.379309,0.267408,15007.114258
52,0.395872,0.219971,15190.149414
53,0.409802,0.177479,15406.460938
54,0.425165,0.153755,15572.779297
55,0.406793,0.162410,15755.832031
56,0.403031,0.117077,16071.917969
57,0.370250,0.472760,16687.566406
58,0.314898,0.501598,16887.160156
59,0.278316,0.460157,17269.814453
60,0.283180,0.453365,17519.435547
61,0.272019,0.448141,17669.136719
62,0.243281,0.436603,18018.515625
63,0.222729,0.430831,18401.259766
64,0.220383,0.389388,18667.414062
65,0.265140,0.438798,19016.771484
66,0.199181,0.474797,19748.802734
67,0.183756,0.477579,19865.291016
68,0.219144,0.420792,20530.783203
69,0.225437,0.379731,20863.537109
70,0.269656,0.367160,21212.921875
71,0.264873,0.372747,21495.798828
72,0.241965,0.459349,21645.544922
73,0.242374,0.465760,21811.869141
74,0.299320,0.463512,22111.345703
75,0.342553,0.430037,22377.658203
76,0.336796,0.434780,22577.328125
77,0.359902,0.433180,22726.980469
78,0.357167,0.437610,22860.044922
79,0.348962,0.419525,23176.158203
80,0.407509,0.438646,23375.876953
81,0.435604,0.439322,23675.355469
82,0.432931,0.434959,23874.964844
83,0.467312,0.473802,24224.333984
84,0.492813,0.430852,24457.306641
0,0.792817,0.850794,332.766968
1,0.787743,0.866642,615.639587
2,0.768613,0.774845,1014.911194
3,0.785170,0.744600,1380.944824
4,0.853087,0.542548,1979.881104
5,0.824695,0.494290,2212.843994
6,0.781795,0.476632,2379.236328
7,0.717810,0.414701,2628.835205
8,0.715487,0.352742,2795.154297
9,0.720350,0.355945,2894.974609
10,0.725905,0.329179,3011.462158
11,0.872589,0.326241,3743.509766
12,0.822869,0.372404,4309.168945
13,0.593548,0.382782,4924.788574
14,0.598618,0.415522,5107.842773
15,0.613191,0.481005,5407.225098
16,0.582019,0.514978,5606.884277
17,0.579314,0.501889,5756.716797
18,0.581004,0.500374,6006.171387
19,0.545378,0.506255,6339.041504
20,0.520741,0.496732,6571.936035
21,0.492920,0.528054,6938.012695
22,0.489203,0.412833,7204.175781
23,0.517966,0.333183,7520.198242
24,0.520485,0.304201,7669.948730
25,0.503493,0.314348,8002.747559
26,0.539702,0.317935,8335.497070
27,0.586139,0.201124,8518.484375
28,0.578227,0.179673,8718.144531
29,0.562606,0.147220,8934.438477
30,0.605418,0.095736,9134.156250
31,0.603648,0.095507,9333.744141
32,0.516961,0.201271,9600.001953
33,0.522267,0.320322,9999.256836
34,0.519543,0.378156,10232.116211
35,0.550479,0.389824,10648.089844
36,0.689999,0.335379,11130.637695
37,0.743133,0.394813,11380.116211
38,0.921943,0.381845,12178.745117
39,0.928403,0.377924,12278.558594
40,0.016827,0.418888,12877.523438
41,0.082499,0.414533,13060.529297
42,0.080978,0.407120,13143.719727
43,0.153032,0.300186,13692.759766
44,0.143814,0.252237,13842.513672
45,0.090395,0.220547,14092.045898
46,0.057735,0.186524,14258.448242
47,0.153758,0.182686,14691.007812
48,0.188921,0.523373,15223.430664
49,0.246560,0.448070,16321.500000
50,0.136994,0.526751,16571.056641
51,0.109204,0.550141,16754.060547
52,0.023016,0.474299,17219.953125
53,0.029677,0.424139,17486.126953
54,0.048001,0.385170,17752.335938
55,0.051824,0.369459,18001.908203
56,0.996756,0.530450,18434.478516
57,0.043714,0.608731,18733.937500
58,0.744181,0.532539,19682.302734
59,0.711974,0.510800,19948.468750
60,0.651145,0.523176,20214.679688
61,0.899710,0.788123,20863.568359
62,0.448194,0.554224,22826.791016
63,0.455725,0.545053,22926.621094
64,0.499735,0.676405,23275.998047
65,0.547534,0.700914,23558.867188
66,0.571963,0.610128,23858.312500
67,0.621559,0.543938,24157.814453
68,0.656886,0.525084,24307.517578
0,0.760921,0.508297,415.931274
1,0.746305,0.384758,865.244446
2,0.727974,0.335940,1031.515503
3,0.680855,0.365512,1464.166382
4,0.731802,0.306355,1730.351807
5,0.700074,0.352272,2146.343750
6,0.719450,0.364743,2512.304443
7,0.711226,0.403370,2911.569336
8,0.689229,0.436295,3360.798584
9,0.598428,0.353962,3943.149902
10,0.591477,0.340432,4126.234375
11,0.586583,0.300775,4325.765137
12,0.558310,0.153428,4924.701660
13,0.555701,0.117009,5057.818848
14,0.539745,0.108896,5207.594238
15,0.524472,0.094870,5290.843750
16,0.504081,0.080456,5407.303223
17,0.478661,0.126686,5723.337402
18,0.429083,0.150493,5972.962891
19,0.389233,0.177983,6405.560059
20,0.519554,0.437376,7087.689941
21,0.513316,0.509789,7303.882324
22,0.509291,0.522651,7403.700684
23,0.513679,0.489528,7753.162109
24,0.533043,0.473877,7952.759766
25,0.532154,0.474434,8052.649902
26,0.539957,0.467037,8767.986328
27,0.603399,0.505174,9150.684570
28,0.757800,0.507876,10132.379883
29,0.791798,0.494649,10315.291016
30,0.829668,0.500189,10514.955078
31,0.855404,0.434696,10731.240234
32,0.892502,0.317524,11047.455078
33,0.890215,0.316041,11496.541992
34,0.912144,0.336450,11995.771484
35,0.930208,0.335459,12261.925781
36,0.971406,0.365581,12478.177734
37,0.947683,0.426009,12711.091797
38,0.003567,0.376407,12977.322266
39,0.001943,0.367970,13160.366211
40,0.056667,0.401723,13576.246094
41,0.066253,0.408757,13859.083008
42,0.053238,0.460152,14042.101562
43,0.064675,0.411956,14308.354492
44,0.107247,0.430024,14574.567383
45,0.102671,0.439891,14757.593750
46,0.055538,0.548553,14990.450195
47,0.021690,0.557710,15156.881836
48,0.050664,0.491576,15456.380859
49,0.140552,0.283174,16071.906250
50,0.152401,0.237770,16238.313477
51,0.142521,0.191248,16504.548828
52,0.166114,0.135391,16670.839844
53,0.071983,0.169712,17186.708984
54,0.155810,0.146069,17336.359375
55,0.173615,0.337367,17719.117188
56,0.228631,0.447237,18051.804688
57,0.240448,0.505760,18218.185547
58,0.245713,0.532909,18417.802734
59,0.262362,0.524474,18667.414062
60,0.192236,0.520586,19050.107422
61,0.190018,0.514434,19166.597656
62,0.026528,0.590210,20098.236328
63,0.986521,0.462628,20464.328125
64,0.918228,0.595858,20896.800781
65,0.777578,0.523811,22144.679688
66,0.764193,0.476431,22494.027344
67,0.760575,0.486064,22577.181641
68,0.734392,0.434003,22826.792969
69,0.715837,0.377678,23043.068359
70,0.720493,0.368747,23242.689453
71,0.687458,0.375143,23442.365234
72,0.734182,0.335794,23775.167969
73,0.735224,0.301937,23924.847656
74,0.631787,0.287966,24390.703125
75,0.624669,0.277289,24523.796875
76,0.629403,0.270557,24723.449219
0,0.748991,0.480151,349.439819
1,0.766860,0.466275,515.850708
2,0.769424,0.464289,698.817688
3,0.722289,0.358424,1014.927124
4,0.716041,0.334779,1114.806641
5,0.713623,0.326762,1430.850708
6,0.726574,0.354016,1747.038940
7,0.663704,0.374343,2113.068359
8,0.652989,0.370084,2246.152588
9,0.691659,0.371903,2462.396484
10,0.696022,0.364948,2612.101807
11,0.686753,0.367175,2811.752197
12,0.665347,0.352604,3177.817871
13,0.653973,0.316562,3394.132080
14,0.619416,0.305475,3626.999023
15,0.645867,0.295689,3826.676270
16,0.595372,0.260127,4192.726074
17,0.571088,0.213978,4375.712402
18,0.554876,0.183893,4592.093262
19,0.540246,0.168597,4791.637695
20,0.516991,0.154043,4974.661133
21,0.544955,0.151426,5523.685547
22,0.523353,0.155907,6222.468262
23,0.508157,0.141378,6388.916992
24,0.549752,0.136984,6754.962402
25,0.574043,0.167621,7187.438477
26,0.503848,0.191069,7486.985352
27,0.489929,0.186225,7570.130859
28,0.588367,0.331772,8036.080566
29,0.611000,0.369549,8235.659180
30,0.541466,0.397840,8418.725586
31,0.516550,0.396939,8551.828125
32,0.518237,0.381993,8901.208008
33,0.560067,0.475398,9150.708984
34,0.523539,0.366999,9333.693359
35,0.534082,0.365877,9766.318359
36,0.500323,0.385282,9932.631836
37,0.543623,0.470356,10548.333984
38,0.531463,0.476388,10731.254883
39,0.508559,0.489602,10947.556641
40,0.510369,0.470314,11147.178711
41,0.499930,0.463931,11796.083008
42,0.466711,0.476707,11962.469727
43,0.490416,0.521037,12178.700195
44,0.530851,0.480578,12444.965820
45,0.563475,0.471758,12744.382812
46,0.497080,0.459700,12977.367188
47,0.530630,0.429862,13176.998047
48,0.572113,0.480946,13726.136719
49,0.464094,0.538055,14175.283203
50,0.474277,0.535095,14441.493164
51,0.446427,0.533380,14591.229492
52,0.444406,0.547265,14890.737305
53,0.429942,0.389160,15073.676758
54,0.386308,0.315852,15522.895508
55,0.368559,0.263246,15739.246094
56,0.381013,0.210027,15889.000977
57,0.381905,0.189286,16121.864258
58,0.368062,0.247145,16437.943359
59,0.368047,0.243592,16571.074219
60,0.369897,0.307431,16737.419922
61,0.365328,0.346312,17053.546875
62,0.344942,0.428039,17269.841797
63,0.360580,0.503518,17536.113281
64,0.344077,0.538361,17868.796875
65,0.337201,0.546938,18068.500000
66,0.279380,0.442300,18234.800781
67,0.254146,0.434021,18417.808594
68,0.272619,0.537798,18867.019531
69,0.240127,0.536127,19199.785156
70,0.225177,0.455034,19449.435547
71,0.221162,0.411161,19665.664062
72,0.248009,0.397680,19998.390625
73,0.199791,0.414083,20231.306641
74,0.222880,0.400905,20713.841797
75,0.228181,0.398637,21479.130859
76,0.222914,0.383732,21828.531250
77,0.253064,0.383520,22527.337891
78,0.248460,0.497928,22860.056641
79,0.251978,0.511751,23076.332031
80,0.260457,0.469984,23359.173828
81,0.194282,0.524370,23708.576172
82,0.153510,0.545693,24207.701172
83,0.138633,0.543752,24390.716797
84,0.143056,0.361106,24790.041016
0,0.747715,0.511411,465.844452
1,0.774884,0.491528,848.488708
2,0.779532,0.436897,1148.064331
3,0.756756,0.351106,1347.641968
4,0.738579,0.330722,1530.702759
5,0.736806,0.310361,1763.654419
6,0.891852,0.328058,2612.188477
7,0.942740,0.384095,2811.761963
8,0.840205,0.548769,3244.392822
9,0.815852,0.532705,3493.879639
10,0.746261,0.508976,3676.890625
11,0.728249,0.514518,3943.155029
12,0.732276,0.517888,4092.835693
13,0.737401,0.538289,4275.845703
14,0.656653,0.549766,4592.058594
15,0.665317,0.551995,4841.528809
16,0.660282,0.579893,4974.732910
17,0.602050,0.561911,5224.194824
18,0.606034,0.561792,5357.315918
19,0.576982,0.545711,5507.049316
20,0.588903,0.513241,5823.147461
21,0.557966,0.530301,6022.789062
22,0.537601,0.527290,6255.790527
23,0.528179,0.444093,6538.644531
24,0.539048,0.331423,6721.626953
25,0.527822,0.449372,6971.197754
26,0.515150,0.463691,7170.813965
27,0.519744,0.457049,7470.385742
28,0.522250,0.462351,7553.567383
29,0.525056,0.463856,7703.183594
30,0.496219,0.483653,7852.949219
31,0.499773,0.466730,8052.622070
32,0.509448,0.452306,8302.180664
33,0.499659,0.470176,8551.712891
34,0.507823,0.456006,8951.072266
35,0.514127,0.450421,9250.532227
36,0.500747,0.335135,9583.224609
37,0.532326,0.330303,10381.859375
38,0.523611,0.340500,10465.115234
39,0.602097,0.243592,10681.324219
40,0.685142,0.312108,11014.137695
41,0.676338,0.303272,11280.276367
42,0.268927,0.585397,12095.588867
43,0.231367,0.512051,12445.003906
44,0.233240,0.488242,12694.504883
45,0.254592,0.514281,13160.333008
46,0.367375,0.397425,13975.633789
47,0.228803,0.540343,14508.053711
48,0.236778,0.622596,14740.928711
49,0.256872,0.568894,15140.301758
50,0.222094,0.526301,15905.561523
51,0.214850,0.496144,16138.486328
52,0.211542,0.477214,16554.392578
53,0.246011,0.562303,16870.515625
54,0.227369,0.592826,17236.525391
55,0.214576,0.571565,17436.203125
56,0.407977,0.475242,18018.529297
57,0.398086,0.423132,18234.808594
58,0.445678,0.546112,18966.878906
59,0.522710,0.520008,19283.013672
60,0.744576,0.574758,20214.662109
61,0.774704,0.579740,20414.359375
62,0.768438,0.563537,20597.380859
63,0.779235,0.561840,20813.603516
64,0.814283,0.577805,21296.138672
65,0.838428,0.581047,21462.478516
66,0.874326,0.587598,21712.128906
67,0.911498,0.557755,21945.050781
68,0.895505,0.498199,22161.367188
69,0.878112,0.638035,22677.048828
70,0.892570,0.683912,22860.119141
71,0.074503,0.432382,24240.992188
72,0.067865,0.443907,24390.712891
73,0.049645,0.474623,24640.318359
0,0.829595,0.687119,149.733902
1,0.752399,0.515375,349.359894
2,0.715147,0.360353,765.312195
3,0.702594,0.314213,998.233887
4,0.676830,0.375461,1364.228882
5,0.693980,0.486649,1780.184692
6,0.888260,0.345811,2562.157959
7,0.874425,0.307780,2728.616455
8,0.853170,0.420505,3344.173096
9,0.783468,0.489956,3560.365723
10,0.764745,0.505293,3759.999268
11,0.755667,0.512900,4092.775635
12,0.765907,0.508178,4558.600098
13,0.780706,0.489747,4874.739258
14,0.797484,0.462483,5074.452148
15,0.008000,0.355072,5956.189941
16,0.069869,0.388533,6422.085449
17,0.060402,0.355421,7037.665039
18,0.058115,0.372205,7320.451172
19,0.039816,0.533168,7636.683594
20,0.053293,0.392348,7902.864258
21,0.047585,0.380561,8069.185059
22,0.026400,0.551952,8302.063477
23,0.021144,0.514699,8551.698242
24,0.127861,0.489699,8901.083008
25,0.044816,0.366389,9300.329102
26,0.039392,0.343831,9549.963867
27,0.047146,0.366581,9666.373047
28,0.050473,0.387687,9949.232422
29,0.063314,0.204195,10531.547852
30,0.086387,0.182012,10697.922852
31,0.046359,0.165765,11063.973633
32,0.041129,0.187165,11180.501953
33,0.258031,0.514312,12045.585938
34,0.251114,0.413286,12311.751953
35,0.240138,0.380375,12478.089844
36,0.267622,0.443415,12711.035156
37,0.216886,0.471210,13143.662109
38,0.198686,0.470859,13409.858398
39,0.229295,0.395170,13592.927734
40,0.222227,0.365796,13958.852539
41,0.171066,0.464411,14324.915039
42,0.145238,0.514928,14591.088867
43,0.147922,0.475915,14790.751953
44,0.139340,0.423740,14923.860352
45,0.249662,0.402732,15173.382812
46,0.194728,0.417222,15506.144531
47,0.027034,0.434457,15855.546875
48,0.024499,0.394847,15988.750977
49,0.026671,0.368405,16304.767578
50,0.846653,0.520323,16937.013672
51,0.918772,0.778547,17569.271484
52,0.937026,0.790781,17818.812500
53,0.725549,0.495320,18683.947266
54,0.609065,0.372109,19282.931641
55,0.612788,0.360002,19416.060547
56,0.516907,0.171412,19915.123047
57,0.501731,0.101542,20214.582031
58,0.481880,0.084036,20397.621094
59,0.515201,0.199466,20597.298828
60,0.414063,0.137741,20996.566406
61,0.508362,0.325595,21379.277344
62,0.498514,0.332275,21562.273438
63,0.523151,0.347770,21878.363281
64,0.474217,0.462521,22078.015625
65,0.459235,0.486908,22244.380859
66,0.469950,0.444647,22427.388672
67,0.399505,0.207368,22776.804688
68,0.398834,0.125511,22959.783203
69,0.394817,0.127666,23309.240234
70,0.389835,0.159985,23542.179688
71,0.366734,0.271295,23924.775391
72,0.400290,0.354587,24207.636719
73,0.437520,0.384110,24373.986328
0,0.747455,0.479177,299.531738
1,0.737800,0.442870,715.467346
2,0.716265,0.359200,981.613770
3,0.721585,0.293781,1114.725098
4,0.730482,0.313742,1297.789795
5,0.725364,0.277446,1464.127686
6,0.692780,0.372780,2262.717773
7,0.527939,0.023063,3028.053955
8,0.577416,0.026829,3260.954346
9,0.928011,0.011940,3543.814697
10,0.312080,0.026462,3926.564941
11,0.285794,0.054579,4126.178223
12,0.304665,0.082651,4408.970215
13,0.312768,0.079026,4941.426758
14,0.367380,0.081575,5207.631836
15,0.405387,0.082747,5357.423828
16,0.775327,0.534903,6721.608887
17,0.874712,0.330775,6987.834961
18,0.874953,0.288972,7154.183594
19,0.044685,0.434399,8135.787598
20,0.055673,0.483188,8352.123047
21,0.037546,0.523038,8634.954102
22,0.054706,0.498558,8851.191406
23,0.100274,0.355119,9583.249023
24,0.146921,0.221996,10032.465820
25,0.150720,0.123266,10248.782227
26,0.083435,0.096990,10448.400391
27,0.164069,0.107401,10681.364258
28,0.182095,0.529226,11147.247070
29,0.228068,0.546344,11330.208984
30,0.267398,0.425084,11646.322266
31,0.241285,0.385422,11962.482422
32,0.312107,0.482143,12445.057617
33,0.382355,0.463782,12761.079102
34,0.383922,0.365241,12994.019531
35,0.364667,0.247654,13243.528320
36,0.383746,0.194208,13409.943359
37,0.436774,0.139405,13726.075195
38,0.462795,0.104766,13842.483398
39,0.460767,0.144556,14125.331055
40,0.623451,0.088678,14424.813477
41,0.611604,0.094224,14541.260742
42,0.634712,0.112014,14691.012695
43,0.619743,0.205945,14973.873047
44,0.503840,0.357357,15539.524414
45,0.530120,0.325182,15938.886719
46,0.554305,0.541555,16171.779297
47,0.478438,0.519588,16687.541016
48,0.429065,0.525097,17036.939453
49,0.317013,0.471882,17652.550781
50,0.289780,0.419996,17802.314453
51,0.212354,0.402990,18517.664062
52,0.156245,0.459739,18783.880859
53,0.110201,0.508552,19133.287109
54,0.927226,0.361951,20048.335938
55,0.560279,0.671960,23791.855469
56,0.672414,0.609756,24806.740234
0,0.760457,0.487506,416.031708
1,0.748258,0.501830,831.976379
2,0.736633,0.402854,1697.080566
3,0.664161,0.387250,2146.251709
4,0.633576,0.435266,2329.286865
5,0.544744,0.505585,2845.076904
6,0.554506,0.495375,3144.632080
7,0.468361,0.493959,3560.466064
8,0.461044,0.439728,3893.255859
9,0.469800,0.432401,4059.645752
10,0.449580,0.426406,4309.192383
11,0.327029,0.495556,4708.502441
12,0.340756,0.496936,4908.092773
13,0.334792,0.496268,5041.259277
14,0.328537,0.465335,5307.384277
15,0.331353,0.466853,5440.519531
16,0.372122,0.423498,5839.836914
17,0.466721,0.385238,6305.777832
18,0.796380,0.403234,7536.940918
19,0.882231,0.494897,7836.323242
20,0.879479,0.498265,8002.734375
21,0.872396,0.496930,8102.517090
22,0.957072,0.491757,8418.740234
23,0.025265,0.492168,8867.908203
24,0.052070,0.416825,9367.024414
25,0.042080,0.375138,9616.527344
26,0.157103,0.377158,10548.241211
27,0.150269,0.380302,10664.719727
28,0.170986,0.361884,10897.652344
29,0.139301,0.305737,11213.739258
30,0.140634,0.268871,11496.610352
31,0.133092,0.277417,11646.375000
32,0.115417,0.261198,11829.355469
33,0.107414,0.222431,12112.207031
34,0.220743,0.184336,12494.919922
35,0.148268,0.175950,12960.689453
36,0.109502,0.156443,13160.360352
37,0.125676,0.235804,13709.488281
38,0.105147,0.273324,14025.615234
39,0.106210,0.157342,15106.987305
40,0.059122,0.083135,15655.979492
41,0.209612,0.338400,16654.294922
42,0.196537,0.347734,16787.351562
43,0.999194,0.460704,17635.876953
44,0.006148,0.446060,17752.361328
45,0.934304,0.351363,18118.406250
46,0.909261,0.328447,18284.736328
47,0.909116,0.313780,18700.695312
48,0.887210,0.192222,19083.373047
49,0.849695,0.163245,19266.398438
50,0.851929,0.175035,19532.568359
51,0.588747,0.164248,19965.119141
52,0.530642,0.106520,20464.289062
53,0.532891,0.096535,20597.396484
54,0.568884,0.528839,21678.816406
55,0.567453,0.520345,21828.552734
56,0.562507,0.516681,21978.322266
57,0.634842,0.511210,22294.435547
58,0.773002,0.496587,23142.921875
59,0.758251,0.499842,23292.751953
60,0.897121,0.512188,24041.337891
61,0.985864,0.524635,24590.367188
0,0.759038,0.461031,316.145416
1,0.925707,0.464167,1081.485596
2,0.915611,0.471833,1164.729614
3,0.848500,0.312704,1880.170410
4,0.915026,0.295396,2129.662109
5,0.848746,0.306924,2395.879395
6,0.649073,0.397346,3427.400146
7,0.689873,0.355783,3760.253906
8,0.693775,0.338745,3959.842773
9,0.684232,0.339218,4275.974121
10,0.542358,0.400383,4641.966797
11,0.498346,0.342064,4941.430176
12,0.483854,0.340001,5091.163086
13,0.489249,0.322109,5357.386719
14,0.473213,0.486850,5873.153320
15,0.456628,0.450315,6056.128906
16,0.380311,0.372101,6705.040039
17,0.321234,0.353145,7004.476074
18,0.303943,0.280630,7353.874512
19,0.259020,0.416463,7603.425781
20,0.220364,0.398026,7819.728027
21,0.253297,0.387029,8385.391602
22,0.208032,0.469042,8668.271484
23,0.251991,0.480277,9184.011719
24,0.276376,0.477242,9633.246094
25,0.264710,0.381200,10099.062500
26,0.452757,0.180893,11163.898438
27,0.441900,0.190025,11346.895508
28,0.502701,0.156321,11563.196289
29,0.577296,0.160472,11879.307617
30,0.590374,0.176180,12311.873047
31,0.613030,0.178903,12561.417969
32,0.684898,0.259030,12927.462891
33,0.772256,0.344313,13310.121094
34,0.744629,0.338509,13709.467773
35,0.777126,0.325021,14058.831055
36,0.899650,0.325511,14208.586914
37,0.938143,0.329005,14707.710938
38,0.961987,0.336767,15023.822266
39,0.017501,0.340060,15406.456055
40,0.066239,0.358528,15839.063477
41,0.052697,0.347699,16238.347656
42,0.108072,0.328141,16621.005859
43,0.029678,0.394911,17036.957031
44,0.034227,0.458144,17369.691406
45,0.232692,0.423638,18051.843750
46,0.238393,0.352769,18218.224609
47,0.238128,0.340185,18318.080078
48,0.262607,0.337599,18451.166016
49,0.282585,0.464125,18750.611328
50,0.281561,0.638993,19316.300781
51,0.274356,0.672943,19782.142578
52,0.223976,0.834533,20198.103516
53,0.098272,0.787789,20813.701172
54,0.074689,0.820336,21029.974609
55,0.050105,0.849098,21196.347656
56,0.044791,0.803774,21396.003906
57,0.030322,0.649350,21728.748047
58,0.018151,0.571552,22011.578125
59,0.029239,0.545729,22410.888672
60,0.046920,0.468917,22677.082031
61,0.041769,0.421318,22943.289062
62,0.034835,0.366349,23093.050781
63,0.038693,0.351530,23292.669922
64,0.098718,0.305474,24191.148438
65,0.115530,0.267215,24407.388672
66,0.120909,0.228427,24607.074219
0,0.737096,0.616857,382.702393
1,0.746503,0.478954,632.262878
2,0.698283,0.291528,915.135193
3,0.689038,0.218754,1563.955811
4,0.688468,0.145311,1929.988281
5,0.570526,0.087362,2379.221924
6,0.531273,0.153017,2795.230713
7,0.487535,0.086350,2994.848145
8,0.397653,0.151573,3626.994873
9,0.535135,0.143163,3893.196777
10,0.525473,0.188596,4808.257812
11,0.379852,0.216874,5141.081055
12,0.352229,0.202961,5324.055664
13,0.409305,0.349191,5856.516113
14,0.364814,0.195926,6056.081055
15,0.373205,0.201599,6189.192383
16,0.509846,0.358330,6555.302246
17,0.493505,0.475456,6854.693848
18,0.474064,0.358769,7403.736816
19,0.517138,0.344991,7703.249023
20,0.510424,0.595141,7986.049316
21,0.517515,0.661073,8451.885742
22,0.550797,0.591985,9000.932617
23,0.617381,0.397510,9500.068359
24,0.611016,0.397897,9666.497070
25,0.657035,0.284111,9949.271484
26,0.710022,0.477696,10448.414062
27,0.708448,0.495260,10698.014648
28,0.665280,0.323666,10930.882812
29,0.587739,0.294159,11197.094727
30,0.619848,0.566857,11712.865234
31,0.411119,0.516986,12644.611328
32,0.327529,0.551528,13060.548828
33,0.272549,0.589819,13343.377930
34,0.209169,0.456552,13726.018555
35,0.240833,0.659636,14075.450195
36,0.243369,0.729357,14358.283203
37,0.240743,0.715927,14541.257812
38,0.241918,0.707527,15140.193359
39,0.168839,0.602483,15423.045898
40,0.134103,0.437777,16055.282227
41,0.099940,0.278720,16238.344727
42,0.994133,0.138128,17536.058594
43,0.055947,0.494089,17985.226562
44,0.894410,0.374369,19066.716797
45,0.882213,0.272255,19366.189453
46,0.878901,0.255871,19632.347656
47,0.878064,0.262758,19981.775391
48,0.875817,0.271327,20098.224609
49,0.822289,0.541224,20464.246094
50,0.829432,0.269453,20930.080078
51,0.831907,0.258821,21113.109375
52,0.893210,0.253758,21346.095703
53,0.963440,0.664752,22211.189453
54,0.895303,0.831628,22860.042969
55,0.773644,0.567715,23325.898438
56,0.727805,0.578395,23558.839844
57,0.741454,0.575969,23725.261719
58,0.742381,0.593591,23825.027344
59,0.698874,0.503242,24424.001953
60,0.995535,0.620096,24939.753906
0,0.737209,0.334515,815.318359
1,0.734424,0.302353,1014.917664
2,0.735672,0.313727,1480.776001
3,0.894473,0.315376,1846.784180
4,0.897686,0.330573,2096.438721
5,0.855109,0.472640,2928.231934
6,0.805790,0.497944,3144.603027
7,0.754077,0.484171,3427.453857
8,0.571660,0.340677,4142.818848
9,0.554641,0.301579,4408.980957
10,0.518593,0.337257,4592.060059
11,0.501527,0.338996,4908.118652
12,0.558119,0.110106,5606.909180
13,0.424833,0.133044,5889.734863
14,0.397417,0.193427,6155.920410
15,0.270761,0.438000,7403.817871
16,0.246093,0.429238,7669.943359
17,0.210788,0.483570,8052.659668
18,0.321543,0.562838,8501.824219
19,0.460834,0.513266,8867.962891
20,0.458088,0.505370,8984.333008
21,0.501235,0.508023,9233.904297
22,0.558979,0.527450,9799.555664
23,0.602397,0.515433,10265.452148
24,0.603212,0.525132,10465.159180
25,0.649145,0.551633,10847.732422
26,0.702461,0.616973,11097.378906
27,0.940289,0.539099,12045.671875
28,0.995625,0.522363,12328.477539
29,0.039144,0.469633,12594.674805
30,0.064230,0.414741,12827.592773
31,0.066437,0.369058,13043.925781
32,0.975656,0.367883,13809.228516
33,0.985629,0.364060,14657.742188
34,0.052825,0.358361,14957.255859
35,0.045115,0.572025,15506.278320
36,0.965048,0.578315,15988.745117
37,0.218555,0.487572,16770.712891
38,0.258175,0.462721,17070.214844
39,0.247814,0.373299,17436.230469
40,0.241899,0.344710,17669.152344
41,0.316052,0.485162,18301.408203
42,0.282424,0.482393,18567.572266
43,0.238011,0.507017,18850.431641
44,0.238809,0.420133,19066.716797
45,0.268893,0.418184,19249.738281
46,0.121218,0.152684,20530.824219
47,0.094043,0.202973,20763.728516
48,0.742509,0.502382,21878.482422
49,0.611152,0.554196,22444.134766
50,0.609691,0.552794,22560.595703
51,0.613143,0.541823,22660.439453
52,0.527286,0.544565,22943.281250
53,0.494190,0.551388,23242.761719
54,0.461363,0.528030,23542.246094
55,0.438709,0.524795,24057.992188
56,0.412119,0.537730,24440.658203
0,0.733907,0.476236,66.616920
1,0.741592,0.467144,266.197723
2,0.734107,0.240199,515.705627
3,0.700126,0.238135,698.833069
4,0.582137,0.158263,1281.084717
5,0.562730,0.148558,1547.278809
6,0.335600,0.129747,3044.669434
7,0.802723,0.383591,6272.321777
8,0.690442,0.422877,7553.441406
9,0.046139,0.401226,9317.071289
10,0.070008,0.263194,9716.314453
11,0.048117,0.292963,10065.624023
12,0.039583,0.398246,10315.258789
13,0.037273,0.405584,10448.402344
14,0.081865,0.458744,11230.383789
15,0.276975,0.452102,14408.109375
16,0.261965,0.560851,15389.705078
17,0.257672,0.545989,15639.305664
18,0.197637,0.701397,15922.168945
19,0.769744,0.456374,21978.150391
20,0.829489,0.454399,22227.693359
21,0.885271,0.631515,23924.755859
22,0.885793,0.615758,24157.636719
23,0.881680,0.608862,24407.238281
24,0.860484,0.617091,24972.908203
0,0.771609,0.479354,332.823181
1,0.769565,0.489600,599.008057
2,0.773080,0.480264,798.692688
3,0.726947,0.374014,1131.504761
4,0.715172,0.326856,1380.994873
5,0.713831,0.322974,1547.383789
6,0.875488,0.291597,2029.850220
7,0.902908,0.284467,2246.127197
8,0.889376,0.302338,2412.533691
9,0.735607,0.344648,3078.030029
10,0.599316,0.276068,4625.283203
11,0.616115,0.194660,4874.922363
12,0.548236,0.118173,5057.973633
13,0.512727,0.103180,5307.423828
14,0.439578,0.159576,5623.566895
15,0.674932,0.391534,6039.549316
16,0.511347,0.376205,6488.734375
17,0.510584,0.357836,6638.443848
18,0.483316,0.326864,7021.213867
19,0.486783,0.537755,7736.575195
20,0.466483,0.514904,8052.760742
21,0.469998,0.518142,8219.130859
22,0.812966,0.874759,9300.449219
23,0.929386,0.718753,10215.596680
24,0.918646,0.722167,10381.939453
25,0.906078,0.717898,10515.113281
26,0.895223,0.720345,10764.567383
27,0.907596,0.722034,11130.583008
28,0.065323,0.759810,11995.756836
29,0.053643,0.583040,12328.541016
30,0.048860,0.580401,12445.007812
31,0.029919,0.438762,12844.318359
32,0.037232,0.357809,13093.894531
33,0.050631,0.376713,13326.845703
34,0.160464,0.421669,13593.029297
35,0.190296,0.445982,13842.567383
36,0.216786,0.419851,14075.457031
37,0.222338,0.383152,14325.127930
38,0.135430,0.289049,14657.862305
39,0.087378,0.261518,14824.154297
40,0.000133,0.222145,15306.698242
41,0.047415,0.112207,15606.150391
42,0.013427,0.187633,15805.824219
43,0.933442,0.213912,17219.958984
44,0.897483,0.175643,17452.869141
45,0.865691,0.168828,17735.783203
46,0.858182,0.128232,18001.906250
47,0.822611,0.113091,18467.791016
48,0.712056,0.050138,18684.070312
49,0.714974,0.347054,19382.849609
50,0.715605,0.357696,19499.292969
51,0.666912,0.359850,19782.150391
52,0.612819,0.354653,20081.634766
53,0.594729,0.358201,20281.287109
54,0.521704,0.380858,20663.949219
55,0.506320,0.349960,20830.318359
56,0.499254,0.550315,21445.925781
57,0.463027,0.535422,21795.318359
58,0.401289,0.513621,22460.804688
59,0.369189,0.417720,22976.599609
60,0.330633,0.416462,23209.519531
61,0.389980,0.193617,23825.072266
62,0.403067,0.176920,24041.378906
63,0.481028,0.209469,24457.339844
64,0.538009,0.266257,24673.587891
0,0.737061,0.294651,465.825653
1,0.776892,0.442632,831.816467
2,0.729734,0.251612,1031.524902
3,0.720965,0.226657,1247.747925
4,0.735396,0.237781,1513.975342
5,0.724445,0.234470,1846.734131
6,0.693705,0.283639,2179.507324
7,0.681428,0.299912,2495.660156
8,0.667167,0.282042,2728.526611
9,0.574252,0.513014,3227.694824
10,0.554457,0.505835,3527.143555
11,0.567961,0.368629,3793.338867
12,0.539547,0.260618,4109.527832
13,0.558059,0.128037,4575.279297
14,0.655591,0.017614,5207.500488
15,0.869021,0.022997,5357.266113
16,0.313047,0.062799,5590.207520
17,0.274811,0.057790,5723.318359
18,0.075283,0.025420,5939.558105
19,0.582349,0.047498,6239.018066
20,0.773322,0.056919,6588.469727
21,0.404780,0.038476,6871.314941
22,0.767725,0.025848,7137.567871
23,0.827856,0.033106,7270.645020
24,0.858934,0.113850,7753.039551
25,0.856195,0.300084,10148.876953
26,0.864518,0.290129,10248.689453
27,0.062635,0.410081,10997.389648
28,0.059156,0.413986,11180.409180
29,0.037205,0.495517,11513.157227
30,0.037591,0.507002,11696.179688
31,0.038801,0.514901,11962.380859
32,0.038834,0.337880,12461.504883
33,0.040102,0.327313,12594.598633
34,0.039551,0.305713,12744.345703
35,0.051039,0.343953,13010.546875
36,0.060065,0.354439,13326.655273
37,0.051203,0.335954,13542.951172
38,0.054567,0.387781,13875.701172
39,0.220714,0.105152,14690.939453
40,0.200614,0.086130,15073.608398
41,0.253416,0.394783,15606.045898
42,0.258385,0.381830,16005.308594
43,0.269466,0.493287,16155.041992
44,0.261118,0.557698,16437.912109
45,0.227565,0.514677,16637.527344
46,0.231335,0.321972,17003.548828
47,0.200440,0.433340,17402.867188
48,0.157551,0.460506,17768.886719
49,0.130460,0.486538,18251.396484
50,0.129463,0.534327,18500.949219
51,0.132701,0.500821,18733.878906
52,0.117984,0.526803,19016.730469
53,0.115201,0.528448,19183.113281
54,0.132197,0.554700,19765.402344
55,0.138160,0.471995,20131.427734
56,0.133030,0.484490,20447.562500
57,0.140518,0.575122,20880.125000
58,0.135427,0.506124,21162.988281
59,0.135079,0.474334,21595.548828
60,0.120249,0.508174,22127.970703
61,0.116794,0.509322,22261.039062
62,0.135313,0.522418,22577.171875
63,0.171887,0.489815,23475.593750
64,0.236265,0.493030,23841.626953
65,0.270523,0.444487,24390.654297
0,0.730110,0.450334,166.349442
1,0.761996,0.478958,399.352081
2,0.750940,0.309009,748.705627
3,0.811051,0.492065,1830.157837
4,0.817681,0.492966,1929.961670
5,0.889262,0.462912,2162.898682
6,0.896038,0.232519,2745.179443
7,0.893701,0.223528,2911.624756
8,0.983870,0.311323,3211.046387
9,0.956306,0.275125,3493.931885
10,0.924592,0.259099,3776.710205
11,0.062005,0.401521,4525.443848
12,0.012916,0.622012,4891.461426
13,0.028380,0.477830,5141.007812
14,0.038466,0.394971,5290.755371
15,0.871320,0.227455,5922.996094
16,0.878380,0.246953,6155.927246
17,0.835927,0.322278,7004.440430
18,0.940911,0.301510,7254.000977
19,0.085159,0.089077,8651.529297
20,0.041228,0.096935,8901.091797
21,0.218081,0.536984,9666.431641
22,0.216006,0.518528,9816.151367
23,0.274127,0.491372,9982.545898
24,0.286428,0.458209,10548.257812
25,0.273659,0.480885,10681.343750
26,0.173622,0.693484,11313.582031
27,0.119060,0.569670,11579.740234
28,0.038264,0.497006,12278.532227
29,0.040657,0.493734,12544.722656
30,0.019676,0.608907,12910.769531
31,0.944232,0.544491,13409.915039
32,0.947406,0.556158,13559.637695
33,0.867644,0.530301,14191.861328
34,0.804873,0.495084,14641.071289
35,0.752230,0.478877,15106.916016
36,0.745927,0.275286,15456.330078
37,0.720694,0.258596,15655.973633
38,0.609459,0.282796,16088.562500
39,0.587997,0.238239,16354.738281
40,0.576828,0.180988,16554.419922
41,0.556918,0.157637,16803.957031
42,0.458909,0.153739,17585.939453
43,0.481237,0.148026,17702.390625
44,0.506797,0.321965,17935.310547
45,0.501040,0.369057,18134.949219
46,0.436449,0.494977,19898.542969
47,0.431606,0.410980,20214.667969
48,0.457287,0.437416,20580.673828
49,0.492283,0.458146,20863.515625
50,0.516358,0.478273,21096.433594
51,0.509091,0.475450,21495.753906
52,0.538260,0.491341,21878.427734
53,0.531063,0.470539,22327.626953
54,0.555379,0.326931,23192.798828
55,0.560172,0.261461,23475.638672
56,0.775031,0.561195,24473.900391
57,0.770505,0.544136,24573.716797
0,0.768873,0.502041,415.935272
1,0.780446,0.508644,815.281067
2,0.763694,0.456656,1231.190552
3,0.706356,0.352002,1730.332397
4,0.704099,0.348037,1913.347168
5,0.693840,0.339144,2162.881592
6,0.708209,0.371772,2479.072754
7,0.866113,0.293641,3011.437256
8,0.873787,0.293624,3227.685059
9,0.862528,0.521029,4109.475586
10,0.766291,0.541034,4558.686035
11,0.781676,0.525669,4691.777832
12,0.815089,0.513032,5340.685059
13,0.839974,0.513867,6022.813477
14,0.950191,0.507511,6655.114746
15,0.944013,0.516166,6804.771484
16,0.989731,0.476658,7553.500977
17,0.029839,0.461792,7919.571777
18,0.997399,0.385629,8352.048828
19,0.989307,0.340479,8784.656250
20,0.974877,0.342803,9017.585938
21,0.962991,0.343055,9283.776367
22,0.054531,0.386638,9749.632812
23,0.069721,0.355473,10049.114258
24,0.151055,0.421224,10564.892578
25,0.142081,0.428232,10814.476562
26,0.158985,0.479809,10980.848633
27,0.190032,0.455727,11446.688477
28,0.125665,0.269629,11829.322266
29,0.110350,0.218136,12095.513672
30,0.112498,0.189871,12245.302734
31,0.106751,0.174408,12411.686523
32,0.129424,0.237166,12694.544922
33,0.107135,0.403478,13110.412109
34,0.163139,0.515635,13526.359375
35,0.051570,0.490815,14424.828125
36,0.055988,0.486955,14558.000977
37,0.042271,0.471897,14707.659180
38,0.044652,0.406922,15073.682617
39,0.047621,0.397469,15306.604492
40,0.160075,0.471930,15789.093750
41,0.178434,0.469921,15955.520508
42,0.193151,0.467952,16088.621094
43,0.259215,0.451541,16438.011719
44,0.327373,0.426754,18151.683594
45,0.452000,0.321728,18417.800781
46,0.454624,0.535096,18900.320312
47,0.459057,0.290859,19299.652344
48,0.453421,0.265305,19565.820312
49,0.526586,0.363870,19998.437500
50,0.540058,0.365949,20281.251953
51,0.278560,0.456429,21196.312500
52,0.303386,0.496163,21662.162109
53,0.260057,0.447111,21978.298828
54,0.236143,0.465564,22311.054688
55,0.227797,0.411813,23043.060547
56,0.268355,0.393632,23791.748047
57,0.226889,0.387469,24124.562500
58,0.144132,0.379463,24390.703125
0,0.759299,0.499822,316.225555
1,0.719215,0.369309,1014.969299
2,0.672017,0.376442,1214.709595
3,0.728480,0.331879,1464.164551
4,0.633601,0.312234,1863.500122
5,0.586907,0.335395,2013.197998
6,0.636390,0.110800,2379.314941
7,0.570188,0.196077,2811.843750
8,0.673518,0.309663,3061.444336
9,0.663326,0.304883,3261.071289
10,0.539770,0.502862,3843.383301
11,0.506111,0.481581,4076.305908
12,0.515814,0.434748,4558.796387
13,0.511190,0.423743,4691.924316
14,0.499278,0.433991,4891.558594
15,0.458574,0.473488,5490.469727
16,0.420327,0.481187,5839.895996
17,0.438052,0.499810,6122.770508
18,0.976888,0.507983,8485.258789
19,0.993480,0.493214,8668.243164
20,0.849314,0.369359,9184.033203
21,0.793995,0.452891,9416.974609
22,0.126211,0.481500,10448.517578
23,0.094733,0.400847,10831.170898
24,0.028594,0.495714,11213.798828
25,0.169968,0.468414,11663.040039
26,0.169882,0.326892,11962.499023
27,0.086403,0.188886,12228.700195
28,0.073387,0.194466,12561.459961
29,0.125976,0.159058,12910.879883
30,0.073796,0.400790,13476.554688
31,0.086179,0.534361,13692.797852
32,0.134724,0.532792,14008.964844
33,0.076551,0.192110,14973.891602
34,0.244666,0.384744,15955.595703
35,0.207504,0.396683,16255.007812
36,0.218132,0.486349,16571.146484
37,0.205216,0.439274,16770.810547
38,0.212076,0.405540,17519.460938
39,0.208650,0.388703,17818.925781
40,0.204259,0.399348,18251.527344
41,0.237978,0.407539,18817.248047
42,0.124976,0.168771,19332.960938
43,0.110738,0.153140,19549.259766
44,0.981244,0.358648,20480.939453
45,0.934580,0.345141,21595.697266
46,0.003351,0.499940,21945.039062
47,0.028063,0.482025,22227.890625
48,0.004330,0.504441,22544.025391
49,0.052012,0.564436,22793.591797
50,0.372989,0.519358,24457.322266
51,0.387555,0.529035,24856.669922
0,0.731647,0.510127,665.520996
1,0.758950,0.503772,848.470947
2,0.811194,0.470544,1197.871704
3,0.736690,0.405491,1730.356689
4,0.753038,0.386672,1996.497559
5,0.881737,0.462429,2894.884521
6,0.895580,0.437738,3144.495850
7,0.899006,0.441480,3610.411621
8,0.957361,0.483391,4092.851318
9,0.839563,0.541066,4359.030273
10,0.756129,0.571307,4591.934082
11,0.729452,0.428562,4774.930664
12,0.733782,0.447532,4891.478516
13,0.597256,0.304875,6139.254883
14,0.579287,0.238965,6372.202148
15,0.527526,0.121103,6638.380371
16,0.474721,0.133823,6887.912598
17,0.542476,0.209849,7370.431641
18,0.592575,0.211608,7536.760254
19,0.640490,0.330950,7936.065918
20,0.655712,0.282611,8152.422363
21,0.521118,0.310589,9067.458984
22,0.376505,0.095628,9583.191406
23,0.510856,0.360427,10448.395508
24,0.392722,0.357796,11080.570312
25,0.321348,0.323875,11945.736328
26,0.202856,0.419540,13110.366211
27,0.116354,0.173928,13859.053711
28,0.132260,0.173870,13942.233398
29,0.080324,0.285296,14291.643555
30,0.026211,0.418202,15056.974609
31,0.029896,0.382099,15239.997070
32,0.034125,0.428655,16138.409180
33,0.992588,0.354942,16521.091797
34,0.034705,0.369568,16720.724609
35,0.040911,0.383254,16887.111328
36,0.995308,0.473509,17169.927734
37,0.015475,0.515989,17436.138672
38,0.263423,0.564048,18517.574219
39,0.339479,0.553497,18733.876953
40,0.499300,0.540067,20081.523438
41,0.507005,0.484736,21113.076172
42,0.749407,0.522142,22543.882812
43,0.740245,0.481041,22810.101562
44,0.796640,0.507268,23059.640625
45,0.793980,0.496783,23226.052734
46,0.866448,0.472324,23425.673828
47,0.899905,0.471002,23708.529297
48,0.926403,0.557772,24124.455078
0,0.767442,0.299167,382.820007
1,0.721413,0.240772,1131.429932
2,0.712102,0.244861,1597.245728
3,0.896820,0.255766,2029.874634
4,0.906888,0.249516,2162.958252
5,0.896040,0.250664,2296.070801
6,0.896520,0.259286,2595.570557
7,0.937319,0.263298,2878.388428
8,0.863254,0.566221,3360.938965
9,0.749103,0.477484,4209.419922
10,0.582907,0.159963,4891.518066
11,0.589168,0.141285,6072.766113
12,0.482900,0.446959,6605.202148
13,0.461556,0.341518,7337.223145
14,0.463623,0.348342,7486.978027
15,0.557155,0.493066,7886.289551
16,0.567727,0.514465,8052.679688
17,0.517197,0.416853,8551.777344
18,0.514094,0.430148,8651.659180
19,0.476676,0.206543,8901.176758
20,0.516964,0.217905,9217.278320
21,0.551712,0.418174,10198.938477
22,0.540286,0.379711,10465.122070
23,0.499493,0.379371,10731.318359
24,0.503948,0.352068,10864.407227
25,0.511531,0.336718,11330.252930
26,0.513089,0.332361,11663.038086
27,0.512483,0.331656,12361.812500
28,0.510467,0.341398,12528.174805
29,0.542773,0.339906,12694.534180
30,0.527047,0.331041,13060.565430
31,0.503270,0.356110,13243.560547
32,0.501284,0.371797,13676.172852
33,0.504461,0.362393,13825.907227
34,0.487951,0.451879,14175.284180
35,0.450940,0.426202,14408.203125
36,0.224304,0.438391,15240.113281
37,0.230703,0.429874,15339.904297
38,0.561070,0.082674,19466.035156
39,0.106823,0.368211,20946.810547
40,0.100834,0.384656,21262.927734
41,0.060005,0.489921,21462.535156
42,0.066263,0.503077,21911.765625
43,0.015187,0.549134,22128.054688
44,0.995816,0.504256,22494.076172
45,0.846009,0.803316,23192.865234
46,0.748646,0.400765,23858.375000
47,0.732134,0.395659,24058.007812
48,0.624829,0.672519,24640.365234
0,0.675587,0.549141,66.570511
1,0.728497,0.550681,349.378906
2,0.762825,0.502433,515.771362
3,0.774031,0.493535,781.965637
4,0.829953,0.516164,1048.141724
5,0.851478,0.525294,1247.833984
6,0.810691,0.521417,1497.359863
7,0.765997,0.487431,1697.031006
8,0.779809,0.484004,2063.053467
9,0.789022,0.380665,2329.273926
10,0.739864,0.357304,2528.926514
11,0.726977,0.353708,2728.581787
12,0.719275,0.340878,2861.675049
13,0.722741,0.325329,3127.878906
14,0.729638,0.327655,3510.527588
15,0.662597,0.341616,3743.461670
16,0.650959,0.343722,3959.824951
17,0.555754,0.461113,4558.748535
18,0.540033,0.486152,4741.732422
19,0.496049,0.477108,4974.687012
20,0.487670,0.429489,5141.037109
21,0.506355,0.432588,5357.318848
22,0.496128,0.427310,5557.025879
23,0.464801,0.416077,5773.216309
24,0.455518,0.415787,5922.950684
25,0.448966,0.417488,6122.617188
26,0.476933,0.485169,6538.592285
27,0.946223,0.472645,7803.008789
28,0.017344,0.393315,8352.063477
29,0.068750,0.404429,8768.035156
30,0.049343,0.619244,9100.770508
31,0.069356,0.700240,9350.336914
32,0.080489,0.731630,9732.998047
33,0.123220,0.711722,9915.999023
34,0.011655,0.546321,10182.197266
35,0.021788,0.531635,10348.568359
36,0.023815,0.536819,10581.501953
37,0.027527,0.523203,10764.507812
38,0.973616,0.486761,10980.823242
39,0.934485,0.479759,11346.902344
40,0.908669,0.467193,11563.147461
41,0.855686,0.470742,11796.101562
42,0.668551,0.484243,12594.641602
43,0.408776,0.485421,13376.609375
44,0.376720,0.470485,13592.951172
45,0.386390,0.426039,13792.585938
46,0.315428,0.475120,14042.167969
47,0.281090,0.469699,14291.711914
48,0.250623,0.473627,14541.296875
49,0.221089,0.484853,14790.819336
50,0.202757,0.481938,14923.904297
51,0.196797,0.456459,15156.893555
52,0.244481,0.405860,15539.582031
53,0.274196,0.386078,15789.072266
54,0.228590,0.371207,16071.889648
55,0.384065,0.388304,16504.583984
56,0.426603,0.168770,17402.927734
57,0.493292,0.160370,17602.552734
58,0.569488,0.113561,17985.275391
59,0.599989,0.092180,18168.257812
60,0.540292,0.058706,18933.628906
61,0.013248,0.404679,20181.425781
62,0.070518,0.396343,20381.107422
63,0.058734,0.389605,20564.044922
64,0.110356,0.434413,20913.474609
65,0.142547,0.489961,21246.238281
66,0.158605,0.532305,21479.179688
67,0.160625,0.620458,21778.648438
68,0.326742,0.956002,23142.988281
69,0.251438,0.932000,23342.589844
70,0.774538,0.464479,24307.554688
71,0.764809,0.471875,24507.214844
0,0.753139,0.682826,432.697235
1,0.757161,0.729654,765.466858
2,0.725064,0.780192,948.384521
3,0.743782,0.733395,1380.965698
4,0.746339,0.709054,1780.282104
5,0.729092,0.689874,2046.501587
6,0.701184,0.629318,2479.065186
7,0.687231,0.604136,2745.343506
8,0.699203,0.598502,2994.795654
9,0.690962,0.581526,3194.478760
10,0.732020,0.625343,3643.749023
11,0.758214,0.639194,3993.121094
12,0.754417,0.666172,4325.872070
13,0.756315,0.698522,4691.916992
14,0.759994,0.729912,4908.096680
15,0.826979,0.741221,5157.766113
16,0.835501,0.761247,5423.919434
17,0.836086,0.761221,5523.727539
18,0.801394,0.751895,5673.553711
19,0.812135,0.719399,5873.181641
20,0.774620,0.706490,6155.943848
21,0.765337,0.667276,6405.605957
22,0.756304,0.653390,6705.008789
23,0.772011,0.537076,7154.179688
24,0.757244,0.455571,7387.108398
25,0.797140,0.386563,7753.208496
26,0.802178,0.387730,8069.243652
27,0.626882,0.330362,8485.220703
28,0.588568,0.212658,8851.220703
29,0.542477,0.173556,9150.747070
30,0.469508,0.149193,9350.333984
31,0.478678,0.140354,9466.840820
32,0.420362,0.172390,9666.502930
33,0.461100,0.308865,9916.028320
34,0.517496,0.336654,10348.679688
35,0.498270,0.343872,10614.895508
36,0.467927,0.509837,10980.876953
37,0.487859,0.463733,11280.320312
38,0.467796,0.473820,11679.641602
39,0.518232,0.460980,12029.066406
40,0.531956,0.463328,12395.036133
41,0.525420,0.459247,12511.564453
42,0.541245,0.460397,12794.322266
43,0.489307,0.475850,13093.807617
44,0.497198,0.461806,13443.325195
45,0.498376,0.463174,13559.732422
46,0.613659,0.520899,14025.546875
47,0.609737,0.521916,14241.832031
48,0.673833,0.445843,14624.445312
49,0.685906,0.364973,14874.044922
50,0.697792,0.372174,15539.610352
51,0.687016,0.389575,15905.587891
52,0.678402,0.337000,16271.639648
53,0.642293,0.347872,16504.494141
54,0.657478,0.295664,16770.748047
55,0.875208,0.305600,17170.015625
56,0.878952,0.320608,17403.052734
57,0.870518,0.347401,17918.699219
58,0.936798,0.334948,18101.712891
59,0.933221,0.329893,18318.050781
60,0.946453,0.333643,18501.099609
61,0.942276,0.484068,18850.404297
62,0.943886,0.453006,19033.548828
63,0.045825,0.437343,19382.830078
64,0.066740,0.428075,19582.470703
65,0.070513,0.380505,19798.738281
66,0.065189,0.372179,19965.187500
67,0.058932,0.356981,20098.318359
68,0.019313,0.514457,20397.703125
69,0.005124,0.506709,20663.980469
70,0.030181,0.583043,21079.876953
71,0.059477,0.625817,21645.640625
72,0.070238,0.416158,22078.203125
73,0.115254,0.346670,22277.769531
74,0.176470,0.328357,22593.968750
75,0.176483,0.290460,22876.716797
76,0.162621,0.236192,23142.908203
77,0.130444,0.187209,23409.140625
78,0.121866,0.166296,23558.855469
79,0.192192,0.516594,24024.824219
80,0.194243,0.506808,24157.792969
81,0.242039,0.452967,24357.498047
82,0.274195,0.425028,24607.013672
0,0.764468,0.490500,366.067993
1,0.666414,0.939692,1197.897217
2,0.658921,0.922845,1397.552002
3,0.516793,0.451958,2412.441406
4,0.493752,0.460607,2595.490234
5,0.494405,0.346286,3028.089600
6,0.492861,0.365843,3377.429688
7,0.524487,0.350520,3843.278564
8,0.499511,0.197858,4176.065918
9,0.508119,0.145214,4392.351562
10,0.451535,0.125601,4625.328125
11,0.405471,0.149977,5141.039062
12,0.435834,0.110630,5324.018555
13,0.508429,0.073226,5540.352051
14,0.454641,0.515838,6372.270020
15,0.454440,0.523289,6472.006348
16,0.472767,0.429367,6655.017090
17,0.592404,0.348221,7154.177246
18,0.693067,0.301501,7353.891602
19,0.746364,0.350126,7886.270996
20,0.796135,0.353673,8135.807617
21,0.757920,0.512072,8485.149414
22,0.770847,0.492878,8784.646484
23,0.803969,0.348470,9050.930664
24,0.800089,0.341228,9217.230469
25,0.885366,0.299938,9882.732422
26,0.832368,0.557411,10232.196289
27,0.841145,0.507690,10448.467773
28,0.931291,0.489420,10980.881836
29,0.984598,0.510147,11313.635742
30,0.982340,0.515302,11446.707031
31,0.885543,0.690388,11912.532227
32,0.022666,0.518981,12295.202148
33,0.066213,0.392054,12544.765625
34,0.070532,0.370280,12860.931641
35,0.994177,0.354219,13243.509766
36,0.990090,0.364428,13559.696289
37,0.162694,0.362756,14258.404297
38,0.161328,0.368926,14374.888672
39,0.124834,0.218811,14790.800781
40,0.078861,0.186232,15057.019531
41,0.109936,0.146799,15306.572266
42,0.165065,0.141758,15539.524414
43,0.089800,0.191477,16022.028320
44,0.080111,0.330935,16554.378906
45,0.055081,0.418129,16903.841797
46,0.058147,0.372179,17103.496094
47,0.057255,0.398569,17536.046875
48,0.060817,0.375814,18118.394531
49,0.039834,0.564045,18351.248047
50,0.047909,0.524186,18667.451172
51,0.989123,0.380077,19016.742188
52,0.979147,0.360641,19332.957031
53,0.056030,0.359019,20114.865234
54,0.058051,0.361686,20264.603516
55,0.022547,0.576173,20497.509766
56,0.870885,0.542481,21113.105469
57,0.913864,0.786393,21994.921875
58,0.749723,0.490988,22710.318359
59,0.352361,0.475894,23958.125000
60,0.290283,0.508369,24141.162109
61,0.292888,0.495642,24290.914062
62,0.244382,0.492362,24473.916016
63,0.223648,0.421816,24789.990234
0,0.774111,0.447104,465.980652
1,0.678035,0.083156,1796.949707
2,0.452440,0.544985,2412.493652
3,0.544244,0.409981,2845.063965
4,0.522156,0.439785,3510.573486
5,0.465183,0.439754,3909.896484
6,0.531850,0.320685,4508.923828
7,0.573054,0.292981,4941.422852
8,0.545963,0.284116,5190.985352
9,0.397220,0.339537,5606.903320
10,0.338491,0.337797,5823.215332
11,0.483750,0.548365,6405.498047
12,0.075213,0.393524,8501.879883
13,0.074726,0.369267,8684.848633
14,0.053560,0.418300,9317.109375
15,0.069522,0.385633,9782.972656
16,0.078623,0.344991,10015.923828
17,0.080688,0.336264,10132.361328
18,0.106216,0.575510,10614.835938
19,0.020411,0.557807,10947.593750
20,0.731795,0.509575,11712.893555
21,0.696017,0.428032,11995.732422
22,0.908796,0.768191,12827.621094
23,0.885045,0.763889,13093.850586
24,0.246666,0.468720,13676.131836
25,0.265247,0.399746,13942.347656
26,0.171671,0.219661,14325.007812
27,0.174179,0.114129,14657.740234
28,0.086165,0.120616,14923.975586
29,0.374558,0.182365,15456.373047
30,0.431513,0.074941,15888.963867
31,0.328396,0.524794,16537.775391
32,0.233735,0.387410,17086.875000
33,0.214485,0.396828,17402.955078
34,0.221839,0.406771,17569.367188
35,0.448987,0.443222,18051.878906
36,0.492906,0.499205,18218.199219
37,0.362762,0.140046,18966.896484
38,0.368424,0.217615,19299.673828
39,0.284286,0.432649,20813.708984
40,0.226766,0.429634,21312.812500
41,0.038616,0.395587,21995.017578
42,0.760239,0.394245,24274.320312
43,0.760427,0.291111,24973.083984
0,0.725781,0.584300,16.586945
1,0.745698,0.447979,382.604462
2,0.762489,0.417368,715.376709
3,0.848074,0.821032,1563.897583
4,0.037507,0.601595,2196.131348
5,0.034504,0.547537,2645.357422
6,0.047240,0.537337,2778.449707
7,0.061804,0.560331,2978.083008
8,0.667630,0.355935,4275.796875
9,0.698633,0.273434,4508.720703
10,0.694043,0.269891,4741.652832
11,0.712879,0.377661,5174.231445
12,0.797035,0.501369,7120.821289
13,0.729085,0.528757,7403.664551
14,0.735353,0.519954,7536.749512
15,0.535098,0.675968,8218.920898
16,0.303463,0.361259,9666.367188
17,0.297659,0.519801,9899.311523
18,0.240794,0.428625,10315.260742
19,0.247019,0.404790,10498.284180
20,0.221411,0.374255,10731.182617
21,0.234244,0.603321,10997.386719
22,0.226208,0.492181,11296.896484
23,0.255747,0.323705,11712.833984
24,0.369427,0.203847,12045.582031
25,0.461837,0.115924,12528.031250
26,0.489010,0.091250,12744.330078
27,0.133268,0.539606,15256.641602
28,0.196772,0.513245,16404.607422
29,0.713432,0.718755,17935.275391
30,0.728563,0.511850,18268.019531
31,0.730066,0.513611,18534.251953
32,0.708551,0.482460,18767.160156
33,0.743980,0.434846,19000.085938
34,0.747807,0.422198,19233.052734
35,0.805640,0.520430,19599.017578
36,0.830761,0.529244,19831.978516
37,0.863318,0.489174,20231.261719
38,0.918325,0.542744,20480.808594
39,0.937417,0.602917,20930.062500
40,0.996716,0.595215,21129.689453
41,0.032700,0.533143,21512.367188
42,0.003878,0.495164,21828.445312
43,0.970170,0.418246,22011.453125
44,0.618334,0.798249,23142.824219
45,0.532192,0.573056,23808.378906
46,0.529413,0.733304,24091.164062
47,0.766954,0.403494,24806.583984
0,0.758401,0.504062,382.698700
1,0.779392,0.417427,615.570557
2,0.734808,0.345427,831.949951
3,0.737193,0.344879,1064.872559
4,0.681558,0.349861,1397.560669
5,0.688150,0.362589,1730.338745
6,0.703644,0.363760,2112.992432
7,0.574027,0.139391,2612.089600
8,0.569376,0.101486,2761.810303
9,0.594274,0.266806,3327.593018
10,0.597738,0.202351,3793.345215
11,0.575708,0.140254,4009.659424
12,0.589305,0.111615,4192.712891
13,0.521321,0.286989,4492.218262
14,0.483619,0.312604,4708.412598
15,0.450487,0.287136,4941.422852
16,0.394927,0.189034,5190.954590
17,0.385727,0.173782,5407.208984
18,0.377790,0.220702,5723.394531
19,0.410123,0.458373,6289.070801
20,0.412654,0.452120,6438.779297
21,0.286318,0.449520,6937.854004
22,0.235447,0.388825,7453.661133
23,0.138276,0.243716,8152.428223
24,0.142191,0.187055,8318.861328
25,0.171413,0.157033,8535.041992
26,0.177744,0.521768,9300.417969
27,0.239084,0.409243,9666.457031
28,0.276056,0.400726,9949.272461
29,0.269224,0.515605,10281.994141
30,0.261266,0.516033,10415.102539
31,0.044151,0.352080,11263.666992
32,0.051070,0.361912,11430.001953
33,0.025242,0.451019,11646.325195
34,0.026017,0.461959,11796.079102
35,0.961896,0.383933,12078.962891
36,0.928872,0.348291,12295.151367
37,0.923721,0.334964,12444.953125
38,0.904499,0.329720,12744.392578
39,0.860654,0.303636,12993.944336
40,0.839136,0.343350,13376.611328
41,0.876695,0.345172,13609.526367
42,0.773612,0.465936,13958.909180
43,0.761991,0.467219,14258.431641
44,0.796934,0.460913,14840.720703
45,0.771669,0.477487,15306.560547
46,0.755279,0.487261,15506.196289
47,0.737407,0.460014,16071.916992
48,0.297767,0.413243,17951.929688
49,0.353054,0.266321,18251.408203
50,0.398844,0.247620,18451.085938
51,0.380061,0.172683,18750.558594
52,0.465836,0.400331,19133.218750
53,0.495487,0.314365,19282.941406
54,0.558295,0.156449,19565.773438
55,0.600290,0.117538,19765.437500
56,0.526988,0.022951,19998.363281
57,0.243319,0.008400,20181.371094
58,0.815350,0.031182,20564.037109
59,0.844821,0.015876,20763.710938
60,0.784648,0.048544,20963.355469
61,0.752849,0.083154,21262.830078
62,0.872711,0.263765,22044.789062
63,0.920335,0.310567,22211.183594
64,0.915228,0.323154,22327.628906
65,0.878533,0.345501,22743.560547
66,0.883206,0.328032,23292.589844
67,0.944372,0.357683,24008.019531
68,0.952692,0.343646,24473.878906
69,0.006076,0.363502,24756.705078
0,0.749041,0.498971,549.157104
1,0.748783,0.357199,1281.151123
2,0.635381,0.335691,1547.434814
3,0.672459,0.299886,1813.625610
4,0.616358,0.202020,2079.786865
5,0.680876,0.277039,2462.461182
6,0.596151,0.114908,2795.201904
7,0.555805,0.106227,2961.541748
8,0.462050,0.106372,3294.334473
9,0.423105,0.139244,3643.694336
10,0.445867,0.166275,3993.097168
11,0.404801,0.230724,4176.164551
12,0.419235,0.407893,4442.296387
13,0.476696,0.519699,4858.317383
14,0.724466,0.438974,5706.777832
15,0.773287,0.478015,6006.267578
16,0.881887,0.348958,6522.049316
17,0.945177,0.376168,6871.457031
18,0.950818,0.406671,7137.704102
19,0.978038,0.451764,7387.238770
20,0.039991,0.467900,7719.930664
21,0.065703,0.442831,7886.258789
22,0.068593,0.397886,8152.489258
23,0.050348,0.383230,8385.444336
24,0.031702,0.452434,8668.275391
25,0.002757,0.507956,8951.159180
26,0.010391,0.520106,9283.864258
27,0.062682,0.412877,9716.453125
28,0.060023,0.380965,9932.694336
29,0.101046,0.339807,10132.362305
30,0.172305,0.274860,10598.228516
31,0.190260,0.211519,10797.871094
32,0.263955,0.481670,11646.397461
33,0.237225,0.364455,12245.347656
34,0.900605,0.726212,14241.895508
35,0.873117,0.721655,14624.533203
36,0.894278,0.717361,15456.429688
37,0.664167,0.512442,16338.160156
38,0.547169,0.502027,16887.226562
39,0.476583,0.491179,17170.076172
40,0.461041,0.419644,17486.167969
41,0.444751,0.426171,17769.103516
42,0.508816,0.359932,17985.277344
43,0.519398,0.364248,18201.632812
44,0.547807,0.362971,18417.890625
45,0.514426,0.349853,18750.625000
46,0.531808,0.357919,19066.763672
47,0.539288,0.358796,19515.962891
48,0.618793,0.293908,20048.347656
49,0.682156,0.242619,20514.210938
50,0.692844,0.248801,20797.062500
51,0.538135,0.161539,21296.205078
52,0.496910,0.151066,21429.263672
53,0.553467,0.105966,21728.753906
54,0.405931,0.214464,22643.804688
55,0.369944,0.387198,22943.335938
56,0.375746,0.478360,23142.953125
57,0.422539,0.508618,23325.970703
58,0.413772,0.506589,23775.173828
59,0.473460,0.525380,24091.296875
60,0.474352,0.506457,24357.507812
61,0.479934,0.506964,24490.599609
62,0.475052,0.506476,24640.320312
63,0.597681,0.529174,24973.126953
0,0.762613,0.501332,349.534576
1,0.720455,0.207974,649.078491
2,0.707938,0.203683,798.719849
3,0.569285,0.182596,1198.027222
4,0.849716,0.214417,3144.648438
5,0.930848,0.233818,3527.272705
6,0.924688,0.229039,3660.375000
7,0.991071,0.262349,3959.938965
8,0.007097,0.255618,4192.793945
9,0.059953,0.290224,4675.305176
10,0.030895,0.497876,4924.858887
11,0.882639,0.786951,6355.763672
12,0.259511,0.342656,7636.811523
13,0.205209,0.327394,7903.025879
14,0.204817,0.285263,8036.194824
15,0.260734,0.439920,8302.357422
16,0.352551,0.175328,8967.821289
17,0.809461,0.080196,11097.475586
18,0.613822,0.114112,11563.286133
19,0.549471,0.130816,11896.041992
20,0.539327,0.168847,12345.259766
21,0.529299,0.171485,12727.880859
22,0.894242,0.258425,13892.540039
23,0.784098,0.249252,14291.807617
24,0.700393,0.217949,14940.672852
25,0.715835,0.222473,15073.769531
26,0.705449,0.214274,15423.271484
27,0.705759,0.220520,15656.106445
28,0.623986,0.151943,16188.537109
29,0.558159,0.183216,16621.103516
30,0.505718,0.164025,16820.757812
31,0.855294,0.501951,18717.421875
32,0.844545,0.502608,18867.154297
33,0.833156,0.508395,19066.814453
34,0.519767,0.447844,20065.052734
35,0.504568,0.365566,20314.613281
36,0.473075,0.368494,20497.683594
37,0.439435,0.390603,20713.921875
38,0.441133,0.397412,20813.775391
39,0.514714,0.372639,20996.771484
40,0.497250,0.370189,21163.140625
41,0.493877,0.385507,21412.785156
42,0.503821,0.397083,21878.566406
43,0.488397,0.394613,22727.056641
44,0.492782,0.269912,23376.009766
45,0.379093,0.098874,23758.578125
46,0.286131,0.026972,24041.468750
47,0.325044,0.130140,24607.115234
