Idx, longitude, latitude, start timestamp
0,0.785016,0.479474,66.624466
1,0.796732,0.478417,349.541443
2,0.793316,0.462158,499.212555
3,0.790418,0.438714,732.270264
4,0.784015,0.415035,931.914001
5,0.854382,0.456813,1264.600586
6,0.834706,0.408643,1530.700073
7,0.825589,0.402604,1713.851196
8,0.808042,0.410448,2063.234375
9,0.858049,0.397421,3094.723633
10,0.886294,0.405745,3427.446289
11,0.897675,0.401155,3643.691895
12,0.887988,0.394840,3943.185059
13,0.908449,0.357483,4159.581055
14,0.921972,0.320702,4342.523438
15,0.691724,0.270291,5457.280762
16,0.622670,0.370105,5706.795410
17,0.601507,0.413440,6072.794434
18,0.638870,0.403205,6422.249512
19,0.638047,0.383016,7304.000000
20,0.636910,0.362018,7487.037598
21,0.635739,0.339186,7686.589844
22,0.628795,0.465439,8235.721680
23,0.616812,0.508247,8568.486328
24,0.600610,0.513224,8984.345703
25,0.640295,0.409518,9600.002930
26,0.643371,0.409269,9716.459961
27,0.627666,0.483831,10465.188477
28,0.618367,0.423022,10714.658203
29,0.613222,0.386387,10964.318359
30,0.613202,0.377295,11213.816406
31,0.430273,0.414070,12494.941406
32,0.396297,0.429334,12694.549805
33,0.333643,0.424662,13476.525391
34,0.387543,0.450071,13909.111328
35,0.383498,0.442380,14158.658203
36,0.383072,0.420428,14408.250000
37,0.352167,0.409031,14940.580078
38,0.274355,0.371134,15373.207031
39,0.266691,0.402512,15705.935547
40,0.264264,0.418220,15922.250977
41,0.255381,0.460195,16221.736328
42,0.265832,0.474132,16471.367188
43,0.265047,0.506553,16754.054688
44,0.262123,0.547562,17103.558594
45,0.258760,0.532091,17436.318359
46,0.257484,0.520085,17685.822266
47,0.783095,0.626360,20314.548828
48,0.771555,0.498388,20813.660156
49,0.795868,0.888143,21728.759766
50,0.991258,0.847345,22261.068359
51,0.252139,0.486437,23741.970703
52,0.246613,0.463436,23941.583984
53,0.244239,0.477436,24424.076172
0,0.758360,0.492209,282.890076
1,0.738286,0.507128,465.924286
2,0.649110,0.060917,948.324768
3,0.884912,0.040685,1281.131348
4,0.855047,0.503958,2562.175537
5,0.893699,0.508503,2811.704834
6,0.818239,0.492587,3028.099365
7,0.812600,0.470771,3310.824951
8,0.645627,0.467042,4542.088379
9,0.656208,0.477339,4991.317383
10,0.506678,0.382825,5739.901855
11,0.236949,0.532727,8019.245605
12,0.242606,0.481893,8235.583008
13,0.251223,0.460450,8767.964844
14,0.969535,0.461713,14757.445312
15,0.941031,0.307664,15273.235352
16,0.837310,0.231833,16254.819336
17,0.838015,0.224810,16504.433594
18,0.820619,0.459598,18051.648438
19,0.821617,0.457449,18251.287109
20,0.821969,0.453928,18550.804688
21,0.802053,0.608673,19049.894531
22,0.800990,0.601361,19233.009766
23,0.799986,0.596183,19599.013672
24,0.832069,0.538796,20131.367188
25,0.998076,0.517410,20996.501953
26,0.995405,0.515512,21112.966797
27,0.756892,0.553823,22543.841797
28,0.675615,0.539126,22810.052734
29,0.703547,0.520261,23309.171875
30,0.702108,0.526318,24457.144531
0,0.722665,0.681942,482.551941
1,0.770685,0.554814,831.868286
2,0.748270,0.351643,1746.982300
3,0.724762,0.243607,2146.347900
4,0.720859,0.202049,2296.009766
5,0.878271,0.505598,3260.968506
6,0.967578,0.466665,4009.732910
7,0.985796,0.527164,4275.978516
8,0.981640,0.530472,4375.708496
9,0.818066,0.493686,4991.311035
10,0.816926,0.480054,5274.207520
11,0.746938,0.493424,5823.192871
12,0.759857,0.523114,6172.551758
13,0.646619,0.492938,6771.579590
14,0.594071,0.487378,6987.826172
15,0.561137,0.518172,7270.701172
16,0.626086,0.464704,7486.936523
17,0.615884,0.481359,7786.401855
18,0.622072,0.462750,7936.191895
19,0.633865,0.459798,8119.258301
20,0.628079,0.398945,8934.396484
21,0.627085,0.447378,9500.176758
22,0.621804,0.467514,9649.916992
23,0.629240,0.466352,9949.393555
24,0.621817,0.452637,10315.409180
25,0.628965,0.450981,10564.869141
26,0.353294,0.498060,12444.999023
27,0.354887,0.464020,12627.976562
28,0.307299,0.496502,12811.031250
29,0.293108,0.527707,13143.676758
30,0.260211,0.549326,13393.338867
31,0.237829,0.537665,13576.311523
32,0.229675,0.534731,13842.597656
33,0.237301,0.519585,14075.479492
34,0.215395,0.503599,14258.443359
35,0.175745,0.424133,14508.147461
36,0.161143,0.366235,14790.977539
37,0.166550,0.361144,14990.617188
38,0.170701,0.542360,15406.446289
39,0.202820,0.558399,15689.345703
40,0.223490,0.539881,16005.459961
41,0.243353,0.525952,16155.179688
42,0.265870,0.501795,16388.072266
43,0.259463,0.384836,16571.167969
44,0.262153,0.327118,16737.576172
45,0.262985,0.321435,16953.757812
46,0.301559,0.355940,17103.533203
47,0.357829,0.379824,17552.755859
48,0.393216,0.520100,17852.234375
49,0.318117,0.524389,18234.921875
50,0.239084,0.534515,18534.404297
51,0.231669,0.519924,18734.035156
52,0.184751,0.749070,19399.595703
53,0.658389,0.474707,21495.884766
54,0.621539,0.439076,21678.919922
55,0.626872,0.448609,21795.388672
56,0.614045,0.449076,21978.351562
57,0.607351,0.450092,22643.833984
58,0.775403,0.496155,23309.345703
59,0.826768,0.466193,23625.449219
60,0.990641,0.498365,24290.982422
61,0.092592,0.518045,24573.804688
0,0.765512,0.526316,0.034389
1,0.749230,0.527559,465.860504
2,0.768422,0.535242,682.106628
3,0.842457,0.533562,981.600525
4,0.836882,0.537560,1198.010010
5,0.835509,0.498563,1314.401978
6,0.827928,0.487450,1513.967041
7,0.892307,0.530711,2096.426025
8,0.934423,0.564853,2279.385742
9,0.928174,0.560740,2395.708496
10,0.972479,0.545345,2612.116943
11,0.970681,0.593854,2894.846436
12,0.910889,0.623514,3161.111084
13,0.876630,0.632192,3394.133301
14,0.881098,0.522992,3577.176270
15,0.894701,0.486480,3843.264160
16,0.808834,0.480856,4192.620117
17,0.806272,0.466875,4392.363770
18,0.750463,0.454990,5041.231934
19,0.821950,0.499349,5473.706543
20,0.827708,0.523004,5723.291504
21,0.045901,0.622632,7719.793457
22,0.138153,0.576242,8019.253418
23,0.193883,0.394743,8468.506836
24,0.187791,0.586154,9200.483398
25,0.251291,0.561776,9732.975586
26,0.252525,0.544003,9982.475586
27,0.245721,0.592301,10265.393555
28,0.247067,0.531997,10914.280273
29,0.294064,0.525621,11197.131836
30,0.335715,0.523167,11879.264648
31,0.341222,0.507845,12178.696289
32,0.477854,0.553619,13875.676758
33,0.522995,0.530732,14108.578125
34,0.553994,0.467483,15057.090820
35,0.579967,0.491179,16038.644531
36,0.570352,0.562696,16288.210938
37,0.557006,0.558505,16521.166016
38,0.623511,0.517803,16754.076172
39,0.642927,0.508107,17036.916016
40,0.660646,0.518647,17336.400391
41,0.669671,0.526372,17818.871094
42,0.644442,0.495432,18051.783203
43,0.643458,0.489671,18201.585938
44,0.632040,0.485782,18367.865234
45,0.678070,0.482041,18950.292969
46,0.826674,0.474493,23691.974609
47,0.646344,0.479754,24923.078125
0,0.769311,0.517828,182.985748
1,0.785748,0.506655,449.304535
2,0.755893,0.413696,781.991699
3,0.668300,0.104891,1430.887939
4,0.595474,0.128032,1763.574219
5,0.556542,0.265547,2013.200317
6,0.479321,0.447936,2894.993652
7,0.468667,0.422975,3127.952148
8,0.407557,0.442560,3527.254395
9,0.357795,0.447450,3793.497314
10,0.305803,0.443890,4126.177246
11,0.510902,0.617477,4775.029785
12,0.468043,0.544518,4991.264648
13,0.562337,0.628833,5324.001465
14,0.619072,0.673024,5590.200195
15,0.690303,0.671017,5889.711426
16,0.802183,0.499389,6471.958496
17,0.863163,0.492481,6704.927246
18,0.929629,0.508503,7037.677246
19,0.820590,0.434620,7287.174316
20,0.829071,0.431673,7553.424316
21,0.994753,0.493313,7869.534668
22,0.062973,0.496895,8218.864258
23,0.113309,0.443805,8717.976562
24,0.135545,0.417625,9000.859375
25,0.194709,0.380366,9266.980469
26,0.235519,0.470219,9566.489258
27,0.273509,0.492975,10032.418945
28,0.325387,0.452430,10265.361328
29,0.286800,0.457683,10664.598633
30,0.215375,0.187373,11546.407227
31,0.203075,0.173802,11746.003906
32,0.120063,0.244297,12045.535156
33,0.073536,0.293123,12278.397461
34,0.083653,0.490345,12810.724609
35,0.815941,0.470840,14990.311523
36,0.779911,0.468220,15223.146484
37,0.712539,0.406150,15705.659180
38,0.505156,0.022365,17269.628906
39,0.149231,0.795602,20314.240234
40,0.260484,0.528781,22194.183594
41,0.233723,0.525550,24024.250000
42,0.152722,0.376801,24473.552734
0,0.815317,0.886154,182.948654
1,0.760966,0.380185,665.423157
2,0.764859,0.368602,815.235901
3,0.759757,0.289691,1031.425415
4,0.759494,0.298638,1197.799561
5,0.955454,0.430828,3460.506104
6,0.206305,0.361238,5007.922852
7,0.061485,0.914232,6172.505859
8,0.927789,0.944340,8634.837891
9,0.754686,0.790209,9599.804688
10,0.180663,0.875426,11030.700195
11,0.152061,0.881965,11263.573242
12,0.726205,0.422881,12195.323242
13,0.352557,0.689000,15389.782227
14,0.332054,0.743003,15639.261719
15,0.243265,0.529702,16587.632812
16,0.902002,0.670025,20231.291016
17,0.172836,0.456291,23409.025391
18,0.187961,0.390629,23691.900391
19,0.210728,0.321257,23908.171875
20,0.207474,0.266409,24340.763672
21,0.211339,0.271740,24457.259766
22,0.227077,0.303473,24956.345703
0,0.749959,0.523599,482.416016
1,0.746520,0.523261,582.202393
2,0.763959,0.483786,781.942017
3,0.786686,0.444421,1081.280273
4,0.778701,0.446945,1214.434692
5,0.869963,0.487909,1464.083984
6,0.871303,0.486864,1580.401733
7,0.915484,0.487491,1946.489868
8,0.970470,0.496702,2196.117432
9,0.969666,0.474434,2545.384766
10,0.040162,0.498040,2828.304443
11,0.182136,0.408881,3693.437500
12,0.175148,0.361984,3876.363281
13,0.191670,0.522509,4708.405762
14,0.263085,0.523529,5307.291504
15,0.277543,0.512384,5523.567871
16,0.273629,0.472716,5806.446289
17,0.263158,0.545718,6006.101562
18,0.260896,0.629776,6305.563477
19,0.264298,0.642748,6421.973145
20,0.270317,0.734008,6621.733398
21,0.264007,0.725509,6788.082520
22,0.249018,0.576355,7004.362793
23,0.255022,0.506225,7386.975098
24,0.701083,0.741350,8767.936523
25,0.716349,0.753377,8917.635742
26,0.450909,0.489825,9982.399414
27,0.391290,0.471105,10581.368164
28,0.373250,0.435398,10781.055664
29,0.545578,0.475551,11413.288086
30,0.631094,0.466217,11712.732422
31,0.644459,0.430682,12012.231445
32,0.777680,0.455310,12710.960938
33,0.843992,0.487467,13143.660156
34,0.833679,0.469030,13492.942383
35,0.829750,0.454698,13592.808594
36,0.771172,0.444305,13892.245117
37,0.885157,0.476241,14674.198242
38,0.928858,0.473381,14923.775391
39,0.899822,0.487583,15140.098633
40,0.888375,0.485443,15506.095703
41,0.905452,0.458256,16171.691406
42,0.986080,0.473318,16704.121094
43,0.032293,0.484989,17020.148438
44,0.070451,0.477341,17336.234375
45,0.103353,0.448807,17635.787109
46,0.100080,0.417370,17835.384766
47,0.083624,0.388630,18101.503906
48,0.073425,0.353925,18367.736328
49,0.117335,0.322425,18600.703125
50,0.054759,0.277338,18783.781250
51,0.810265,0.357638,19565.613281
52,0.764093,0.406652,19732.015625
0,0.753088,0.482790,16.610727
1,0.774734,0.520701,332.750275
2,0.812666,0.487991,565.787903
3,0.789885,0.431869,765.358459
4,0.899493,0.460305,1081.499756
5,0.938205,0.507879,1314.366455
6,0.991932,0.521075,1730.301392
7,0.010832,0.509455,1913.385986
8,0.065176,0.531687,2229.485840
9,0.075377,0.696473,2661.966309
10,0.020945,0.799844,2994.913574
11,0.966354,0.861404,3211.026123
12,0.929176,0.915555,3410.652100
13,0.949378,0.889246,3826.635010
14,0.979963,0.786189,3976.441895
15,0.894267,0.638375,4425.558594
16,0.898483,0.638396,4558.650391
17,0.892416,0.522225,4841.573730
18,0.823179,0.531044,5124.419434
19,0.066454,0.624205,5922.851562
20,0.037909,0.581811,6189.106934
21,0.611818,0.531316,7187.343750
22,0.581629,0.511370,7387.079590
23,0.587616,0.291902,7936.120117
24,0.579953,0.191549,8135.726074
25,0.634214,0.171542,8352.086914
26,0.503834,0.567421,9317.092773
27,0.501802,0.644526,9533.286133
28,0.474108,0.770251,9866.024414
29,0.413503,0.793498,10148.897461
30,0.324209,0.802840,10598.025391
31,0.335095,0.647042,10980.863281
32,0.439693,0.387054,11712.839844
33,0.418469,0.356854,11929.180664
34,0.275821,0.285840,12494.783203
35,0.277124,0.153416,12727.815430
36,0.304969,0.120322,12910.754883
37,0.298337,0.106589,13027.090820
38,0.308500,0.111176,13243.485352
39,0.112049,0.522421,14125.203125
40,0.198505,0.447198,14574.497070
41,0.198978,0.419431,14824.059570
42,0.456467,0.100162,16038.606445
43,0.464186,0.082410,16387.941406
44,0.385894,0.556508,17319.660156
45,0.350653,0.541156,17469.451172
46,0.339606,0.493728,17735.708984
47,0.400008,0.480665,18151.525391
48,0.533815,0.521793,18733.908203
49,0.618887,0.244535,19382.763672
50,0.692407,0.190510,19682.277344
51,0.739390,0.192573,19865.232422
52,0.836400,0.464160,20514.115234
53,0.854754,0.476541,20746.988281
54,0.836541,0.441351,20996.648438
55,0.871759,0.348055,21229.572266
56,0.918742,0.348779,21479.111328
57,0.023106,0.535382,22111.365234
58,0.097210,0.606588,22477.345703
59,0.144301,0.553535,22726.878906
60,0.099223,0.526824,23009.714844
61,0.168678,0.598194,23425.683594
62,0.113687,0.469755,23791.714844
63,0.136920,0.355253,24057.937500
64,0.135183,0.354750,24174.322266
0,0.778622,0.491355,299.550446
1,0.775845,0.436734,615.647156
2,0.840476,0.467548,1264.537109
3,0.841415,0.487447,1381.039673
4,0.830524,0.448990,1613.822021
5,0.840030,0.489672,2046.447144
6,0.911062,0.490190,2695.371338
7,0.915141,0.485523,2944.796387
8,0.951586,0.486605,3627.123535
9,0.979680,0.500413,3810.088867
10,0.991296,0.500592,4026.409180
11,0.010837,0.501049,4242.570801
12,0.036085,0.499091,4458.896484
13,0.072521,0.465566,4691.779297
14,0.079940,0.469692,4924.838379
15,0.102967,0.364916,5224.172363
16,0.105999,0.298060,5390.513184
17,0.860930,0.262639,6089.428223
18,0.760372,0.401325,7137.479980
19,0.753631,0.338101,7420.342773
20,0.609372,0.466053,8036.007324
21,0.638897,0.462731,8202.379883
22,0.504107,0.460227,8901.066406
23,0.399564,0.475332,9300.439453
24,0.364528,0.462315,9516.715820
25,0.364523,0.448929,9699.700195
26,0.314341,0.463223,9982.474609
27,0.260869,0.496076,10182.223633
28,0.243321,0.484947,10398.464844
29,0.231334,0.475922,10648.094727
30,0.228068,0.469561,10897.660156
31,0.306294,0.465765,11113.940430
32,0.339407,0.470571,11263.705078
33,0.294070,0.464319,11762.814453
34,0.254961,0.520370,11995.670898
35,0.388942,0.751687,13193.625000
36,0.425101,0.773243,13443.180664
37,0.507169,0.791134,13676.180664
38,0.770492,0.839466,14657.769531
39,0.279208,0.505032,19515.941406
40,0.125533,0.492873,20064.927734
41,0.931322,0.484394,21029.902344
42,0.770287,0.489552,21961.580078
43,0.822886,0.454372,22710.244141
44,0.842589,0.495205,23009.693359
45,0.935585,0.513972,23725.216797
46,0.882708,0.496348,23958.083984
47,0.909088,0.485095,24457.212891
0,0.782010,0.458383,615.638855
1,0.835356,0.493010,881.755371
2,0.040871,0.492441,1830.071777
3,0.060770,0.476600,1979.862061
4,0.063597,0.473625,2196.242920
5,0.008228,0.503354,2495.609619
6,0.063124,0.608435,2928.226807
7,0.072142,0.624695,3094.569336
8,0.062272,0.626889,3260.953369
9,0.822719,0.184997,4176.066895
10,0.759754,0.142575,4442.158203
11,0.747041,0.127509,4725.035156
12,0.804133,0.149850,4974.667969
13,0.663206,0.415392,5956.223145
14,0.673247,0.505801,6155.884766
15,0.577454,0.547405,6704.890625
16,0.492017,0.492090,7220.741699
17,0.436038,0.521703,7436.984375
18,0.366946,0.518252,7736.537109
19,0.166872,0.387441,8934.313477
20,0.174570,0.536409,9233.828125
21,0.232819,0.528166,9500.065430
22,0.279065,0.470485,9732.944336
23,0.150492,0.385860,10381.820312
24,0.165682,0.379677,10614.815430
25,0.154930,0.385266,10797.798828
26,0.236453,0.500550,11346.786133
27,0.255852,0.516090,11529.807617
28,0.282493,0.507721,11712.800781
29,0.263483,0.616217,12162.019531
30,0.336776,0.696875,12411.506836
31,0.764787,0.807177,13925.591797
32,0.904534,0.465250,14923.873047
33,0.627207,0.374982,16138.423828
34,0.684352,0.123784,17585.931641
35,0.859154,0.139305,18035.023438
36,0.669611,0.022232,18534.128906
37,0.991294,0.545455,20730.392578
38,0.032017,0.313510,21096.335938
39,0.111434,0.339658,21728.570312
40,0.113303,0.352888,22726.802734
41,0.188356,0.364207,23176.089844
42,0.067161,0.524920,24157.685547
43,0.040171,0.513750,24407.326172
44,0.084292,0.331794,24989.558594
0,0.738579,0.450345,316.193848
1,0.775744,0.387374,549.055664
2,0.788023,0.420660,865.167969
3,0.774134,0.413574,1031.533325
4,0.759438,0.333151,1264.493774
5,0.840942,0.400327,1846.798950
6,0.838064,0.386146,2162.929443
7,0.808974,0.366525,2479.057617
8,0.900193,0.373488,2678.699951
9,0.979283,0.368923,2961.546387
10,0.976359,0.380461,3061.367432
11,0.962909,0.395540,3194.402832
12,0.968332,0.459889,3460.610352
13,0.970612,0.418411,3776.807373
14,0.915869,0.427087,4026.375977
15,0.872270,0.433915,4342.468262
16,0.866521,0.404904,4558.753418
17,0.787331,0.362777,5174.392578
18,0.729527,0.363100,5473.693359
19,0.563075,0.398952,6339.048340
20,0.471528,0.501644,6938.028320
21,0.431903,0.503342,7137.555664
22,0.419687,0.527901,7353.790527
23,0.463553,0.510300,8102.518066
24,0.467251,0.506301,8368.702148
25,0.466424,0.495699,8601.690430
26,0.469694,0.518642,9100.788086
27,0.460774,0.477675,9333.666016
28,0.031216,0.443186,14008.848633
29,0.152278,0.423574,14491.341797
30,0.188856,0.259727,15722.546875
31,0.631543,0.404474,18683.966797
32,0.594369,0.376593,18983.501953
33,0.585781,0.272672,19715.441406
34,0.595151,0.278738,19915.242188
35,0.598782,0.278327,20148.080078
36,0.614917,0.321815,20697.103516
37,0.505222,0.490597,21695.400391
38,0.424968,0.477271,22627.046875
39,0.468891,0.546739,22860.001953
40,0.336443,0.388042,24374.064453
0,0.824389,0.456942,1064.768188
1,0.822320,0.468750,1563.988281
2,0.822822,0.479699,1730.232300
3,0.841295,0.481231,2079.615479
4,0.876104,0.499887,2329.211670
5,0.951047,0.533406,3061.240967
6,0.967012,0.607076,4092.820801
7,0.746230,0.495899,4841.539062
8,0.554919,0.428571,6721.600586
9,0.312010,0.569268,7470.249512
10,0.230559,0.612509,8069.127930
11,0.228882,0.595986,8202.317383
12,0.177633,0.573336,8401.979492
13,0.182291,0.544273,8601.664062
14,0.607649,0.955732,9549.907227
15,0.493537,0.966335,9682.998047
16,0.706966,0.949670,11513.224609
17,0.007759,0.599384,13193.524414
18,0.014893,0.591104,13359.928711
19,0.006382,0.599346,13493.046875
20,0.891515,0.489751,14358.165039
21,0.809944,0.473856,14890.523438
22,0.944409,0.449412,15389.759766
23,0.172442,0.311297,17602.472656
24,0.167627,0.292632,17901.927734
25,0.250824,0.558601,18534.236328
26,0.225444,0.547902,19033.345703
27,0.263443,0.493834,19382.677734
28,0.252146,0.515551,19615.681641
29,0.247662,0.552983,19998.308594
30,0.828331,0.470647,21695.382812
31,0.847484,0.454942,22077.984375
32,0.767736,0.460867,22493.853516
33,0.768969,0.451725,22676.972656
34,0.960371,0.557106,23708.509766
35,0.957568,0.555198,23891.507812
36,0.956822,0.551022,24124.361328
37,0.957868,0.524764,24989.597656
0,0.760385,0.465585,266.159271
1,0.779498,0.457367,615.624817
2,0.780676,0.383939,881.772766
3,0.759449,0.436995,1497.387451
4,0.821616,0.476867,1680.337646
5,0.838829,0.542951,2046.390991
6,0.913048,0.490449,2528.920410
7,0.970824,0.502477,2828.349121
8,0.978279,0.447748,3077.924316
9,0.956604,0.644556,3410.777588
10,0.896826,0.624445,3660.218018
11,0.858321,0.677148,3909.875244
12,0.755292,0.490773,4359.115723
13,0.652840,0.504538,4808.251465
14,0.649042,0.442199,5057.889160
15,0.381325,0.550128,6089.326172
16,0.372087,0.509647,6239.088867
17,0.326556,0.513848,6987.746582
18,0.327360,0.505708,7104.229004
19,0.328839,0.535156,7237.331543
20,0.394861,0.524238,7769.750000
21,0.407305,0.516836,7902.915527
22,0.411451,0.520560,8019.299316
23,0.380104,0.506711,8202.323242
24,0.375115,0.453014,8718.106445
25,0.462012,0.483056,9034.282227
26,0.475071,0.507101,9433.482422
27,0.467565,0.512706,9583.231445
28,0.467732,0.497584,9732.995117
29,0.486298,0.448553,9915.999023
30,0.423069,0.441847,10465.043945
31,0.407575,0.471505,10681.278320
32,0.262083,0.479151,11380.185547
33,0.238914,0.484717,11613.001953
34,0.207232,0.498063,11979.048828
35,0.164617,0.316216,12494.773438
36,0.195961,0.546256,12910.762695
37,0.183680,0.522566,13077.131836
38,0.240022,0.497653,13509.684570
39,0.252427,0.484144,13759.285156
40,0.289632,0.475277,14092.011719
41,0.330416,0.456891,14574.489258
42,0.331793,0.465652,14674.377930
43,0.342882,0.464801,15106.892578
44,0.498732,0.492589,15789.083984
45,0.650570,0.439320,16637.662109
46,0.673295,0.482133,16870.578125
47,0.770923,0.468734,17436.191406
48,0.781034,0.462955,17918.701172
49,0.772736,0.399095,18234.861328
50,0.766192,0.415170,18351.248047
51,0.767130,0.412325,18584.183594
52,0.770299,0.399153,18850.488281
53,0.823165,0.471027,19282.931641
54,0.826739,0.470498,19682.281250
55,0.789270,0.481098,20247.947266
56,0.896647,0.491619,20980.005859
57,0.885903,0.518257,21229.587891
58,0.883946,0.524623,21379.294922
59,0.853327,0.508559,21612.277344
60,0.778541,0.467855,21861.855469
61,0.766578,0.467184,22061.507812
62,0.683640,0.464400,22560.541016
63,0.685867,0.483147,22643.806641
64,0.638043,0.475981,22926.658203
65,0.593588,0.535796,23458.958984
66,0.530283,0.491818,23758.453125
67,0.502609,0.447723,24107.814453
68,0.415832,0.465420,24640.210938
0,0.765564,0.505910,266.218811
1,0.791312,0.413649,782.018982
2,0.796512,0.475722,1098.065674
3,0.806519,0.474276,1380.950073
4,0.859673,0.446955,1597.235840
5,0.617088,0.405667,2645.366943
6,0.597953,0.403821,2795.115234
7,0.635636,0.445278,2994.820801
8,0.542517,0.461189,3310.884277
9,0.508099,0.478102,3560.474365
10,0.665237,0.462636,3943.106445
11,0.670280,0.448170,4309.150879
12,0.415908,0.478617,4974.716309
13,0.379902,0.477023,5207.599121
14,0.340658,0.448315,5407.215332
15,0.346256,0.443109,5556.984375
16,0.351498,0.448369,5723.401367
17,0.357416,0.513065,6022.834473
18,0.302028,0.472823,6289.111816
19,0.843972,0.527076,7403.758301
20,0.969079,0.513098,7969.443359
21,0.009536,0.493889,8185.786621
22,0.041279,0.494145,8485.179688
23,0.089664,0.512786,8751.365234
24,0.105721,0.528012,8951.049805
25,0.131499,0.533564,9250.490234
26,0.167399,0.512428,9450.183594
27,0.191785,0.505119,9699.710938
28,0.235178,0.396416,9982.636719
29,0.293851,0.511695,10415.224609
30,0.287468,0.574487,10964.162109
31,0.249957,0.625090,11213.785156
32,0.270699,0.649716,11430.063477
33,0.281261,0.528917,11729.522461
34,0.272001,0.519859,11845.985352
35,0.271838,0.664664,12178.719727
36,0.265987,0.703025,12278.548828
37,0.292256,0.848939,12594.655273
38,0.316087,0.923501,12860.939453
39,0.284075,0.477613,13409.926758
40,0.367202,0.462789,13642.885742
41,0.412447,0.455730,13942.354492
42,0.414578,0.445146,14092.124023
43,0.439903,0.502747,14358.299805
44,0.419793,0.507654,14641.125977
45,0.330164,0.445121,14874.005859
46,0.306278,0.447917,15223.431641
47,0.267016,0.466777,15456.375000
48,0.241649,0.507411,15672.614258
49,0.114890,0.497461,16720.804688
50,0.023291,0.602142,17203.292969
51,0.889974,0.461322,17769.023438
52,0.894969,0.458727,17951.960938
53,0.796727,0.496430,18317.988281
54,0.742893,0.486855,18534.378906
55,0.657867,0.481629,18933.595703
56,0.645805,0.463141,19233.056641
57,0.617164,0.455145,19549.210938
58,0.619854,0.471741,19732.240234
59,0.620655,0.461621,19965.101562
60,0.544057,0.515171,20347.791016
61,0.528788,0.506057,20763.808594
62,0.485061,0.451965,20963.406250
63,0.475927,0.495810,21246.212891
64,0.731939,0.503618,22327.687500
65,0.814500,0.476613,22743.613281
66,0.788725,0.410622,23059.707031
67,0.784438,0.480520,23625.455078
68,0.850014,0.472113,23858.357422
69,0.854950,0.480773,24124.537109
70,0.848338,0.479420,24324.195312
0,0.742342,0.593477,332.685791
1,0.745717,0.557728,548.979553
2,0.755315,0.456642,765.272217
3,0.757829,0.423728,981.628174
4,0.758266,0.352340,1231.124390
5,0.756549,0.336714,1464.169312
6,0.762646,0.398381,1830.085083
7,0.761703,0.418303,1996.517944
8,0.763220,0.524034,2229.394775
9,0.683576,0.481396,2445.676758
10,0.618970,0.439593,2961.448486
11,0.626498,0.447660,3161.147217
12,0.602607,0.478078,3310.829346
13,0.595053,0.420372,3676.857178
14,0.531593,0.470634,3943.092285
15,0.181898,0.628422,6122.602051
16,0.894022,0.938276,6971.127441
17,0.824928,0.924681,7220.666992
18,0.793769,0.914379,7337.144531
19,0.818002,0.884249,7636.617676
20,0.755771,0.863411,7969.368652
21,0.998069,0.645382,8851.157227
22,0.004274,0.670196,8984.249023
23,0.999602,0.632003,9217.180664
24,0.976661,0.814853,9483.377930
25,0.985766,0.948093,9899.314453
26,0.535507,0.777891,11496.548828
27,0.496536,0.935332,11829.279297
28,0.462637,0.961377,12062.205078
29,0.482636,0.901693,12311.812500
30,0.504850,0.817211,12627.912109
31,0.453104,0.768951,12844.220703
32,0.250694,0.801729,13376.576172
33,0.178935,0.827171,13626.134766
34,0.121246,0.838255,13875.707031
35,0.168558,0.726148,14141.918945
36,0.117019,0.709871,14408.098633
37,0.045724,0.715887,14707.574219
38,0.014510,0.609953,14907.250977
39,0.019475,0.548510,15123.526367
40,0.040711,0.507721,15356.445312
41,0.108483,0.572886,15789.066406
42,0.139341,0.563454,15988.679688
43,0.147915,0.559843,16254.889648
44,0.067483,0.541266,16537.740234
45,0.975830,0.574481,16970.308594
46,0.857655,0.628114,17436.162109
47,0.818870,0.571676,17735.630859
48,0.764663,0.560710,18068.386719
49,0.768491,0.561552,18234.744141
50,0.762163,0.491921,18367.869141
51,0.758472,0.406533,18584.146484
52,0.045405,0.561591,19898.509766
53,0.034161,0.553979,20081.517578
54,0.026348,0.603692,20963.318359
55,0.027162,0.611711,21229.517578
56,0.026639,0.546275,21412.529297
57,0.027900,0.305204,21811.871094
58,0.156671,0.379726,22543.892578
59,0.183578,0.403489,22760.193359
60,0.196678,0.469682,22993.111328
61,0.216862,0.549593,23209.398438
62,0.224333,0.571396,23409.046875
63,0.217320,0.574337,23625.345703
64,0.014131,0.608048,24257.562500
0,0.602174,0.330400,2778.495117
1,0.611742,0.316689,3144.528809
2,0.465035,0.386513,3826.643799
3,0.434567,0.394529,3976.363037
4,0.446611,0.339398,4309.109375
5,0.429918,0.386022,4608.649902
6,0.291745,0.399203,5357.370117
7,0.267730,0.431563,5557.020020
8,0.231003,0.472485,5739.996094
9,0.226220,0.460278,6006.179688
10,0.213277,0.398014,6555.172852
11,0.206295,0.377278,6804.748047
12,0.144428,0.409325,7021.024414
13,0.122214,0.417815,7437.045410
14,0.075640,0.410363,7736.475586
15,0.056354,0.408284,8085.911133
16,0.042086,0.369858,8401.939453
17,0.027848,0.400949,8651.567383
18,0.025577,0.380430,8951.047852
19,0.236926,0.434221,10465.024414
20,0.246009,0.476044,10681.310547
21,0.269784,0.762940,11080.628906
22,0.323646,0.397880,11679.597656
23,0.324587,0.364894,12095.511719
24,0.330013,0.321434,12378.347656
25,0.314123,0.338035,12944.027344
26,0.403312,0.350939,13376.614258
27,0.420956,0.378576,13626.160156
28,0.466086,0.380707,13925.652344
29,0.390707,0.383934,14191.856445
30,0.486619,0.384916,14807.420898
31,0.553981,0.340264,15273.310547
32,0.599355,0.325114,15606.062500
33,0.646806,0.319047,15772.437500
34,0.666117,0.368793,16171.757812
35,0.692308,0.385518,16354.723633
36,0.742870,0.394109,16620.923828
37,0.768337,0.394218,17053.511719
38,0.795764,0.373487,17219.914062
39,0.750926,0.378808,17735.691406
40,0.744297,0.369882,18035.128906
41,0.717355,0.378519,18434.433594
42,0.689559,0.356730,18584.187500
43,0.683861,0.363782,19648.974609
44,0.736863,0.362379,19998.351562
45,0.729524,0.437924,20430.968750
46,0.715266,0.422261,20747.046875
47,0.692493,0.364423,20913.427734
48,0.743296,0.403616,21379.279297
49,0.683373,0.362200,21761.949219
50,0.686908,0.356381,22127.964844
51,0.706966,0.453875,22677.027344
52,0.707888,0.431280,23092.943359
53,0.687701,0.389613,23542.179688
54,0.719915,0.379096,24523.783203
55,0.705357,0.242235,24973.005859
0,0.743021,0.434828,582.373779
1,0.751546,0.504309,765.343079
2,0.825716,0.443561,1364.304321
3,0.535677,0.480725,2379.198486
4,0.539868,0.478894,2495.617676
5,0.305304,0.924458,3859.915283
6,0.307850,0.913240,4076.250732
7,0.300775,0.955675,5257.493164
8,0.228105,0.871479,5407.245605
9,0.282778,0.543422,6122.610840
10,0.258092,0.484661,6804.759277
11,0.143618,0.884590,7836.394531
12,0.125471,0.774273,8035.982422
13,0.275955,0.541735,8535.066406
14,0.388680,0.471288,8884.506836
15,0.375839,0.458394,9084.122070
16,0.450951,0.480835,9283.795898
17,0.477026,0.504844,9533.315430
18,0.400062,0.512840,9749.661133
19,0.399655,0.503808,9949.254883
20,0.394415,0.496328,10082.356445
21,0.431925,0.483786,10465.079102
22,0.368387,0.462853,10847.740234
23,0.289012,0.529835,11213.727539
24,0.246326,0.511116,11496.589844
25,0.324437,0.478969,11812.656250
26,0.325696,0.458401,12045.632812
27,0.326631,0.459865,12145.480469
28,0.188468,0.492487,12511.458008
29,0.089967,0.505083,12977.313477
30,0.806370,0.470513,14175.196289
31,0.748860,0.393644,14391.502930
32,0.750319,0.373173,14574.493164
33,0.824657,0.429818,14874.029297
34,0.822681,0.439164,15106.932617
35,0.760927,0.506056,15522.858398
36,0.658118,0.487506,15839.015625
37,0.624566,0.439361,16005.373047
38,0.603890,0.433390,16304.875977
39,0.539203,0.481889,16604.408203
40,0.454859,0.463610,17136.716797
41,0.411084,0.492412,17552.628906
42,0.388493,0.464916,17702.427734
43,0.590533,0.484227,18417.837891
44,0.585113,0.481632,18517.650391
45,0.648080,0.469502,18833.775391
46,0.671663,0.464099,19116.580078
47,0.640324,0.441867,19332.892578
48,0.627267,0.437044,19599.138672
49,0.645010,0.443605,19915.234375
50,0.770117,0.494916,20464.312500
51,0.927410,0.502565,21229.576172
52,0.968024,0.493435,21445.820312
53,0.919971,0.486038,21945.007812
54,0.919346,0.493210,22194.644531
55,0.151355,0.514620,23109.623047
56,0.188262,0.532709,23392.443359
57,0.228708,0.520694,23592.148438
58,0.254580,0.504270,23825.025391
59,0.151055,0.330069,24207.763672
60,0.109406,0.343319,24440.599609
0,0.774792,0.453318,316.078278
1,0.772163,0.369336,549.067139
2,0.798930,0.385952,931.738098
3,0.778926,0.470115,1281.062012
4,0.937300,0.469342,1979.914551
5,0.748230,0.484086,2944.907959
6,0.647919,0.427035,3477.243164
7,0.599158,0.442483,3660.287842
8,0.639084,0.420447,3926.498535
9,0.638198,0.416577,4159.460449
10,0.651741,0.420288,4492.140137
11,0.022659,0.881900,5523.622559
12,0.022604,0.853737,5773.207031
13,0.045987,0.868393,5873.035156
14,0.356682,0.395094,6987.730469
15,0.244921,0.446158,7736.466797
16,0.277960,0.931697,9067.455078
17,0.825992,0.980136,10365.168945
18,0.822905,0.923865,10531.574219
19,0.664780,0.946993,10880.916016
20,0.696098,0.877485,11097.231445
21,0.737369,0.809984,11396.710938
22,0.737159,0.809326,11529.794922
23,0.988127,0.405432,12927.387695
24,0.048252,0.487514,13260.111328
25,0.191556,0.301999,13825.824219
26,0.262319,0.460633,14491.307617
27,0.175802,0.468548,14807.410156
28,0.067773,0.475266,15289.931641
29,0.049666,0.446178,15605.999023
30,0.076457,0.479017,15822.317383
31,0.087698,0.479229,16121.805664
32,0.043292,0.473511,16587.615234
33,0.011632,0.468977,16770.652344
34,0.014329,0.469996,17103.400391
35,0.066051,0.507424,17486.097656
36,0.094190,0.503501,17719.007812
37,0.156666,0.496290,17985.187500
38,0.112874,0.527437,18684.003906
39,0.876213,0.447117,19266.275391
40,0.830440,0.427383,19482.570312
41,0.811956,0.390928,19698.863281
42,0.762005,0.449595,19965.101562
43,0.713423,0.447841,20564.035156
44,0.769571,0.109851,21895.035156
45,0.789675,0.122624,21994.841797
46,0.931569,0.138672,22643.728516
47,0.817177,0.432137,24057.931641
48,0.817343,0.379279,24324.138672
49,0.764536,0.382916,24606.964844
0,0.773821,0.833954,1414.346924
1,0.789827,0.470309,4009.782959
2,0.843916,0.472363,4275.883789
3,0.840517,0.436804,4542.126953
4,0.766426,0.407683,4824.911133
5,0.771591,0.422844,5107.760742
6,0.812363,0.482970,5740.040039
7,0.837569,0.440623,5972.922852
8,0.779005,0.424668,6838.069824
9,0.780834,0.484197,7470.305664
10,0.789433,0.487015,7719.862305
11,0.658730,0.485876,8152.525879
12,0.641864,0.446469,8468.652344
13,0.590550,0.443487,8751.428711
14,0.653637,0.450572,9017.612305
15,0.967630,0.489465,10149.074219
16,0.005265,0.486266,10365.306641
17,0.051589,0.475797,10581.628906
18,0.037100,0.630482,11363.544922
19,0.085685,0.785118,11679.603516
20,0.151160,0.861410,11895.931641
21,0.707112,0.952700,12444.959961
22,0.766133,0.941692,12594.773438
23,0.733716,0.893933,12927.488281
24,0.254538,0.507166,13726.097656
25,0.254206,0.484361,13975.650391
26,0.324754,0.454027,14391.594727
27,0.271776,0.560642,14840.783203
28,0.256128,0.567408,15007.180664
29,0.768393,0.485852,16471.246094
30,0.768603,0.430740,17186.646484
31,0.830147,0.432100,17669.242188
32,0.828220,0.428035,17852.193359
33,0.770129,0.425501,19998.406250
34,0.119435,0.432514,21645.585938
35,0.189242,0.384968,22044.841797
36,0.321393,0.451422,22776.873047
37,0.342867,0.439298,23059.777344
38,0.363824,0.438390,23276.066406
39,0.384277,0.429809,23542.320312
40,0.379323,0.439209,23691.947266
41,0.311922,0.500366,23908.244141
0,0.729841,0.407727,698.963623
1,0.773029,0.413598,981.748230
2,0.614767,0.396597,1763.701050
3,0.631057,0.426198,2063.187500
4,0.642816,0.433778,2579.002197
5,0.391959,0.441803,4292.645508
6,0.363217,0.410804,4542.191895
7,0.359006,0.371700,4725.263184
8,0.331398,0.401298,4924.858398
9,0.778446,0.430094,5856.569824
10,0.771021,0.357013,6189.335449
11,0.845387,0.423974,6838.143555
12,0.804108,0.462750,7287.385742
13,0.775736,0.362802,7736.681641
14,0.932478,0.462267,8402.120117
15,0.901632,0.432756,8784.752930
16,0.034545,0.449977,9516.849609
17,0.027459,0.445235,9616.733398
18,0.044898,0.465995,9816.334961
19,0.100590,0.464320,10065.927734
20,0.103763,0.265157,10515.050781
21,0.258390,0.516886,11197.198242
22,0.282921,0.716583,11962.595703
23,0.259763,0.461000,12445.054688
24,0.259367,0.487626,12578.141602
25,0.259069,0.431123,12827.717773
26,0.353150,0.418223,13426.679688
27,0.371562,0.391098,13593.083008
28,0.375996,0.378922,13709.551758
29,0.419766,0.434122,13959.116211
30,0.400468,0.440239,14341.761719
31,0.235982,0.474928,15040.513672
32,0.055485,0.427775,15955.556641
33,0.072925,0.440684,16105.285156
34,0.038653,0.431757,16338.243164
35,0.026364,0.439693,16671.054688
36,0.004975,0.439887,16953.843750
37,0.053241,0.438777,17369.744141
38,0.044050,0.431021,17735.791016
39,0.045218,0.421107,18018.712891
40,0.070036,0.438225,18717.398438
41,0.078660,0.461996,19166.701172
42,0.043866,0.465361,19449.453125
43,0.063398,0.469894,19832.130859
44,0.067333,0.442028,20098.388672
45,0.073558,0.429768,20414.423828
46,0.043280,0.416416,20614.123047
47,0.923685,0.457197,22011.630859
48,0.884354,0.470142,22294.492188
49,0.820464,0.445506,22793.603516
50,0.753856,0.407995,23558.980469
51,0.819214,0.403927,23808.541016
52,0.822625,0.427073,24124.613281
53,0.767313,0.453981,24540.556641
0,0.784721,0.496017,382.669220
1,0.778596,0.449904,648.863220
2,0.770858,0.474526,965.044434
3,0.674192,0.429729,1314.385132
4,0.688012,0.419611,2429.105469
5,0.520346,0.381403,3943.180664
6,0.529062,0.420567,4275.896973
7,0.563671,0.416564,4492.114258
8,0.554710,0.433671,4675.249023
9,0.590836,0.389795,5107.816895
10,0.626074,0.374132,5257.454590
11,0.629705,0.425293,5523.646484
12,0.649857,0.456140,5739.955566
13,0.683898,0.472789,5972.856445
14,0.702174,0.520910,6189.198730
15,0.724115,0.537635,6422.171875
16,0.722188,0.541957,6655.057129
17,0.778924,0.504201,7070.941406
18,0.811095,0.500582,7320.546387
19,0.842600,0.498500,7669.893066
20,0.826998,0.472292,8119.119141
21,0.891117,0.503893,8485.173828
22,0.913701,0.493696,8751.412109
23,0.898415,0.487084,9300.424805
24,0.897147,0.488376,9533.298828
25,0.864033,0.490220,9699.759766
26,0.911146,0.500442,9916.032227
27,0.961105,0.502433,10198.808594
28,0.030312,0.518263,10814.457031
29,0.056736,0.514415,11014.083984
30,0.083850,0.511159,11247.020508
31,0.104636,0.489350,11579.791992
32,0.105860,0.434104,11779.501953
33,0.103276,0.382088,11979.042969
34,0.084410,0.378169,12245.234375
35,0.073866,0.340099,12394.977539
36,0.072710,0.297177,12594.663086
37,0.073313,0.280411,12844.198242
38,0.001532,0.305095,13160.322266
39,0.837258,0.473215,14491.318359
40,0.802434,0.497254,14724.239258
41,0.269436,0.494076,16837.218750
42,0.261435,0.545497,17536.025391
43,0.284474,0.568087,17702.376953
44,0.261018,0.579654,17868.744141
45,0.261814,0.628405,18068.408203
46,0.247912,0.675854,18284.701172
47,0.241582,0.692195,18434.421875
48,0.197558,0.686419,18700.636719
49,0.192816,0.517141,19266.351562
50,0.261608,0.545152,19449.328125
51,0.258638,0.504059,19698.880859
52,0.281985,0.519171,20530.767578
53,0.271117,0.518822,20713.791016
54,0.275316,0.492339,20896.792969
55,0.341276,0.465791,21362.691406
56,0.402129,0.489923,21828.494141
57,0.393398,0.504947,22227.808594
58,0.257156,0.473387,22959.855469
59,0.229798,0.477715,23159.503906
60,0.146823,0.353051,23808.390625
61,0.112033,0.495836,24024.650391
62,0.011228,0.496115,24457.259766
63,0.979717,0.491283,24973.019531
0,0.747909,0.526860,16.653765
1,0.747957,0.530581,266.218048
2,0.779004,0.480923,465.849609
3,0.771185,0.444046,615.652527
4,0.767390,0.462663,915.085327
5,0.767422,0.480949,1064.790649
6,0.836389,0.472073,1314.354004
7,0.785026,0.497822,1846.754028
8,0.772171,0.505049,1979.866455
9,0.653233,0.503950,2861.703369
10,0.636866,0.476835,2978.173584
11,0.626846,0.483090,3360.826660
12,0.664738,0.490484,3710.241211
13,0.703938,0.524920,4109.581055
14,0.643162,0.469704,4575.360840
15,0.627775,0.475439,4858.193848
16,0.557892,0.519653,5307.432617
17,0.560930,0.510976,5407.218750
18,0.522437,0.530422,5623.559082
19,0.522694,0.525829,5739.958496
20,0.519729,0.493420,5856.530273
21,0.534277,0.455991,6006.207031
22,0.541651,0.409323,6288.992676
23,0.540971,0.335730,6438.748535
24,0.531024,0.310522,6655.033691
25,0.550836,0.436723,6954.571289
26,0.512890,0.452692,7403.754395
27,0.552364,0.442746,7753.129395
28,0.475478,0.514434,8002.774902
29,0.459011,0.519818,8135.830566
30,0.373664,0.484184,8718.089844
31,0.369333,0.474728,8884.505859
32,0.407879,0.494562,9267.172852
33,0.434113,0.596353,9766.252930
34,0.376863,0.641431,9982.582031
35,0.345689,0.605629,10182.200195
36,0.335310,0.608825,10398.521484
37,0.317310,0.625800,10864.371094
38,0.335307,0.458746,11496.625977
39,0.382496,0.444036,11779.412109
40,0.338768,0.443939,12378.416016
41,0.331957,0.452376,12561.407227
42,0.264248,0.518445,12960.706055
43,0.258982,0.539217,13276.848633
44,0.261829,0.596225,13526.343750
45,0.257674,0.523283,13859.127930
46,0.261353,0.460963,14075.428711
47,0.266702,0.426503,14275.116211
48,0.246218,0.478263,14524.649414
49,0.250183,0.482581,14940.614258
50,0.186286,0.374131,15306.654297
51,0.172184,0.351034,15423.087891
52,0.196509,0.522788,16304.873047
53,0.192848,0.558143,16504.539062
54,0.141031,0.504123,16704.199219
55,0.133428,0.500089,17020.251953
56,0.131189,0.490346,17236.544922
57,0.092671,0.421827,17569.406250
58,0.064640,0.476133,17835.494141
59,0.068500,0.484536,18051.824219
60,0.061565,0.515692,18334.617188
61,0.031871,0.496618,18634.085938
62,0.033838,0.494438,18717.394531
63,0.012872,0.502492,18933.626953
64,0.996093,0.492954,19266.449219
65,0.996413,0.473670,19465.998047
66,0.032470,0.429207,19615.720703
67,0.046199,0.421699,19732.240234
68,0.061932,0.497999,19981.740234
69,0.085264,0.510256,20314.486328
70,0.100731,0.486422,20497.578125
71,0.103568,0.444259,20730.474609
72,0.103003,0.428573,20963.417969
73,0.101314,0.456146,21246.203125
74,0.104333,0.390368,21562.417969
75,0.102463,0.382372,21662.177734
76,0.107130,0.364897,21795.289062
77,0.108552,0.347786,21994.919922
78,0.106438,0.331748,22211.216797
79,0.104876,0.313311,22377.597656
80,0.101560,0.300259,22660.404297
81,0.105981,0.387405,22876.718750
82,0.142981,0.501252,23325.884766
83,0.142952,0.514598,23891.607422
84,0.181496,0.499872,24374.169922
85,0.186454,0.489531,24590.396484
0,0.725008,0.621640,149.741791
1,0.753603,0.534045,332.753052
2,0.783799,0.489360,515.709167
3,0.778798,0.440439,798.593262
4,0.857758,0.483178,1231.137695
5,0.943488,0.515695,1780.147705
6,0.979261,0.502666,2146.171875
7,0.053912,0.527372,2578.785645
8,0.076714,0.532441,2745.145264
9,0.086895,0.533143,2844.956055
10,0.073941,0.565638,3227.635986
11,0.069273,0.559224,3344.141113
12,0.071153,0.547142,3493.871826
13,0.043984,0.599128,3743.395752
14,0.024898,0.610660,3976.317627
15,0.972562,0.559963,4275.801270
16,0.810094,0.492542,5074.412598
17,0.749237,0.488418,5423.807617
18,0.751886,0.481429,5606.817383
19,0.753805,0.477107,5739.950684
20,0.754033,0.445821,5889.651855
21,0.610913,0.498572,6871.256836
22,0.628703,0.475233,7104.192383
23,0.634241,0.476258,7503.483398
24,0.634226,0.479515,7653.258301
25,0.607255,0.541568,7869.509766
26,0.537350,0.568081,8102.444336
27,0.461760,0.486300,8917.682617
28,0.460693,0.493199,9050.810547
29,0.461908,0.459922,9217.189453
30,0.435734,0.488102,9583.185547
31,0.361061,0.527112,9866.047852
32,0.356997,0.495932,10115.578125
33,0.315545,0.526158,10331.887695
34,0.270810,0.523020,10747.835938
35,0.256709,0.524967,10980.734375
36,0.242663,0.535194,11163.756836
37,0.266005,0.569995,11479.888672
38,0.291544,0.617892,11662.886719
39,0.308951,0.604584,12045.553711
40,0.299687,0.539179,12261.849609
41,0.282841,0.503024,12478.188477
42,0.376139,0.515828,12877.454102
43,0.400972,0.502347,13127.050781
44,0.383955,0.479324,13359.970703
45,0.506034,0.501900,13992.153320
46,0.585063,0.458374,14507.928711
47,0.632951,0.420435,14790.750977
48,0.643280,0.420755,15040.359375
49,0.661526,0.435262,15306.558594
50,0.636355,0.475070,15522.808594
51,0.646790,0.471602,15872.189453
52,0.687297,0.495897,16371.383789
53,0.781531,0.465134,17319.707031
54,0.849929,0.515050,17619.136719
55,0.842013,0.522114,17768.900391
56,0.836879,0.496389,17885.341797
57,0.781893,0.494947,18634.042969
58,0.766281,0.485206,18750.544922
59,0.754526,0.495817,19332.867188
60,0.747577,0.490573,19732.117188
61,0.754596,0.495630,19948.449219
62,0.694248,0.503132,20547.390625
63,0.683487,0.489168,20763.675781
64,0.675117,0.491256,21046.492188
65,0.669798,0.494580,21279.406250
66,0.679224,0.492312,21562.242188
67,0.771374,0.495088,21828.507812
68,0.778069,0.499637,22227.775391
69,0.864106,0.502279,22560.515625
70,0.895557,0.511091,22843.394531
71,0.861508,0.498029,23425.673828
72,0.829737,0.475614,23575.458984
0,0.745319,0.412818,16.684216
1,0.781431,0.457617,382.726379
2,0.784327,0.443055,565.761108
3,0.795739,0.453430,915.128113
4,0.667685,0.463563,1647.091064
5,0.586919,0.437672,2079.786133
6,0.636961,0.451714,2296.041504
7,0.629340,0.454100,2512.265381
8,0.647535,0.454830,2928.188477
9,0.710831,0.483754,3610.380859
10,0.701229,0.469273,3743.435059
11,0.512365,0.491253,4126.102539
12,0.460656,0.502325,4309.138184
13,0.408962,0.492182,4525.423828
14,0.363297,0.479570,4741.764160
15,0.364640,0.454434,4908.095215
16,0.302956,0.470352,5307.356934
17,0.306652,0.471702,5390.657227
18,0.280935,0.487144,5656.818359
19,0.257268,0.517895,5889.787109
20,0.244054,0.525821,6089.341309
21,0.233987,0.538253,6305.637695
22,0.241707,0.615387,6488.726074
23,0.797539,0.925128,7253.988281
24,0.086546,0.921089,8102.539551
25,0.110280,0.933402,8202.319336
26,0.713823,0.827113,8901.108398
27,0.666851,0.831197,9100.749023
28,0.666227,0.840624,9217.313477
29,0.910415,0.864552,9466.884766
30,0.931966,0.474339,10781.174805
31,0.894523,0.467169,11047.342773
32,0.896442,0.444356,11230.425781
33,0.814796,0.465849,11546.565430
34,0.766264,0.487950,11912.497070
35,0.759601,0.445250,12045.594727
36,0.818030,0.430632,12644.604492
37,0.863393,0.473406,12927.378906
38,0.019967,0.482496,13659.446289
39,0.019906,0.482949,13742.637695
40,0.064990,0.495916,13992.194336
41,0.109831,0.490434,14158.635742
42,0.145954,0.495572,14508.013672
43,0.195454,0.403038,14857.398438
44,0.213566,0.394942,15106.963867
45,0.145426,0.499311,15323.242188
46,0.231625,0.494137,15805.704102
47,0.292050,0.492017,16271.572266
48,0.391942,0.436017,17120.058594
49,0.306024,0.497756,17419.550781
50,0.248136,0.504387,17652.470703
51,0.218642,0.501655,17885.421875
52,0.189810,0.513308,18101.691406
53,0.265942,0.508623,18318.037109
54,0.268011,0.531248,18817.111328
55,0.282972,0.646979,19216.396484
56,0.285004,0.707259,19582.462891
57,0.154520,0.340480,20181.376953
58,0.135874,0.495041,21046.580078
59,0.098016,0.496462,21662.164062
60,0.120380,0.514824,21961.609375
61,0.070010,0.502455,22277.738281
62,0.009433,0.501460,22527.289062
63,0.980070,0.485404,22793.494141
64,0.950707,0.483898,22943.222656
65,0.790112,0.467100,23542.185547
66,0.756028,0.463622,23775.103516
67,0.668913,0.453059,24274.228516
68,0.638339,0.458533,24490.523438
69,0.631655,0.445878,24673.550781
70,0.627084,0.447524,24856.539062
0,0.762270,0.559727,415.977081
1,0.767898,0.450968,732.115540
2,0.751856,0.388906,998.261719
3,0.681693,0.471663,1530.713623
4,0.612950,0.445536,1913.361328
5,0.651485,0.441411,2462.358887
6,0.636180,0.423409,2612.148193
7,0.648789,0.440243,2928.261719
8,0.647734,0.414287,3177.776855
9,0.631173,0.400977,3560.445312
10,0.654273,0.405113,4275.879395
11,0.658858,0.398355,4758.413086
12,0.847555,0.490838,5457.119629
13,0.842301,0.476776,5556.975586
14,0.915100,0.473750,6006.219238
15,0.974080,0.478344,6671.681641
16,0.024737,0.467869,6971.245605
17,0.071040,0.483580,7270.667480
18,0.085984,0.682952,7803.076660
19,0.096245,0.846539,8185.738770
20,0.978852,0.859787,8734.760742
21,0.893263,0.833076,9117.521484
22,0.911102,0.821962,9267.183594
23,0.753825,0.844922,9516.709961
24,0.701650,0.838707,10115.667969
25,0.723257,0.834805,10198.918945
26,0.691620,0.713243,11197.156250
27,0.504253,0.454660,11995.721680
28,0.429062,0.452134,12311.810547
29,0.429191,0.446528,12461.624023
30,0.370284,0.400892,12844.238281
31,0.315605,0.406779,13393.292969
32,0.320312,0.421045,13576.264648
33,0.321108,0.434176,13992.224609
34,0.286620,0.467672,14208.550781
35,0.289418,0.481050,14408.154297
36,0.385010,0.422803,14724.255859
37,0.419530,0.485806,15156.915039
38,0.417018,0.482813,15289.964844
39,0.497427,0.470676,15739.164062
40,0.672108,0.414173,16255.001953
41,0.664869,0.419005,16404.716797
42,0.692863,0.441268,16587.718750
43,0.779525,0.461717,16870.511719
44,0.844158,0.477833,17286.455078
45,0.917094,0.476426,17602.646484
46,0.938385,0.452431,18001.908203
47,0.975761,0.443710,18268.066406
48,0.972809,0.453896,18384.648438
49,0.002593,0.452927,18584.218750
50,0.001742,0.467779,18817.132812
51,0.055840,0.434378,19349.564453
52,0.046043,0.413336,19665.748047
53,0.087521,0.405392,19898.566406
54,0.732596,0.372090,21279.572266
55,0.695476,0.245779,21762.070312
56,0.722236,0.165525,21994.953125
57,0.761687,0.144172,22227.843750
58,0.818067,0.040193,22477.408203
59,0.786146,0.067679,22860.119141
60,0.616385,0.134416,23159.564453
61,0.611083,0.133256,23475.742188
62,0.766919,0.442041,24540.441406
0,0.725423,0.613405,349.474243
1,0.701585,0.261735,665.574585
2,0.697245,0.251546,815.247559
3,0.680950,0.156297,981.699524
4,0.773782,0.583573,1347.651123
5,0.775165,0.570293,1497.411133
6,0.626323,0.499841,2379.216064
7,0.609425,0.434162,2612.102051
8,0.758554,0.897487,3693.573730
9,0.779062,0.924174,3926.518066
10,0.747050,0.934306,4009.714355
11,0.932517,0.476197,4808.284180
12,0.004798,0.524186,5274.147949
13,0.006118,0.527394,5473.812500
14,0.010728,0.495027,5640.210449
15,0.908551,0.550565,6072.759277
16,0.915273,0.555060,6172.581543
17,0.902154,0.575018,6405.557617
18,0.905654,0.555164,6621.806152
19,0.821045,0.545727,7021.111816
20,0.828907,0.537831,7137.570312
21,0.775529,0.578661,7669.958984
22,0.754455,0.471516,7902.911621
23,0.755092,0.466467,8085.912109
24,0.731917,0.150788,8668.193359
25,0.625081,0.164314,9017.637695
26,0.576445,0.163844,9233.904297
27,0.751708,0.502669,9699.750977
28,0.741633,0.570650,9982.605469
29,0.377106,0.533754,11313.612305
30,0.394613,0.536595,11696.251953
31,0.333991,0.761169,12261.987305
32,0.304446,0.709188,12578.066406
33,0.269400,0.640772,12794.369141
34,0.253271,0.674638,13626.219727
35,0.245567,0.709914,13959.000977
36,0.241581,0.501550,14258.482422
37,0.294186,0.407503,14541.273438
38,0.505124,0.528461,15473.005859
39,0.511543,0.484114,15755.848633
40,0.503339,0.469090,16022.040039
41,0.594970,0.485832,16454.574219
42,0.663644,0.509507,16803.992188
43,0.675181,0.556794,17170.089844
44,0.716599,0.559102,17419.570312
45,0.786412,0.551869,17635.917969
46,0.779841,0.569229,17802.220703
47,0.836452,0.555149,18334.621094
48,0.829757,0.542321,18600.816406
49,0.827631,0.526073,18950.248047
50,0.907658,0.559111,19499.277344
51,0.939757,0.538595,20015.019531
52,0.983874,0.506565,20397.699219
53,0.047143,0.516240,20763.726562
54,0.116046,0.497972,21296.148438
55,0.261187,0.507602,22094.734375
56,0.261237,0.471659,22494.023438
57,0.131185,0.304784,23459.011719
58,0.116607,0.273868,23758.476562
0,0.744047,0.457289,33.257751
1,0.783593,0.488569,366.001251
2,0.844410,0.524380,931.671997
3,0.847868,0.459623,1563.884399
4,0.936767,0.493977,2063.049072
5,0.935482,0.492927,2146.228027
6,0.992548,0.498420,2395.756592
7,0.061638,0.580217,3077.912842
8,0.061610,0.702001,3277.555420
9,0.062059,0.616614,3843.264160
10,0.062727,0.559028,4076.149902
11,0.116605,0.472941,4492.097168
12,0.110363,0.438765,4841.508789
13,0.168430,0.368788,5224.198242
14,0.192810,0.348429,5507.036133
15,0.201087,0.335475,5789.824707
16,0.202814,0.328914,6039.428223
17,0.205020,0.341258,6155.851562
18,0.256711,0.535519,6372.169922
19,0.252778,0.519941,6521.879883
20,0.275190,0.523683,6788.131348
21,0.339650,0.495280,7237.303223
22,0.338703,0.493551,7420.321777
23,0.388065,0.476318,7703.152832
24,0.386922,0.455902,7836.262695
25,0.370591,0.454170,8019.309570
26,0.266659,0.590872,8268.847656
27,0.245657,0.545553,8651.507812
28,0.250527,0.527565,8834.520508
29,0.211216,0.505650,9167.266602
30,0.209385,0.498931,9267.085938
31,0.163005,0.504554,9450.097656
32,0.134719,0.516051,9749.594727
33,0.136981,0.502327,9915.970703
34,0.064661,0.443092,10281.994141
35,0.002415,0.465041,10581.461914
36,0.969279,0.494055,10964.125000
37,0.970786,0.484317,11080.592773
38,0.921598,0.455107,11380.058594
39,0.890698,0.446534,11696.177734
40,0.863303,0.423535,11995.645508
41,0.863454,0.417358,12128.752930
42,0.826093,0.434288,12328.410156
43,0.826542,0.415713,12444.875000
44,0.811428,0.431886,12761.007812
45,0.806853,0.421960,12910.736328
46,0.646830,0.483718,13592.860352
47,0.608914,0.454814,13842.468750
48,0.573478,0.466041,14108.636719
49,0.554875,0.477552,14557.835938
50,0.575755,0.486043,14907.242188
51,0.601722,0.372512,15373.083984
52,0.678469,0.223653,15855.577148
53,0.680736,0.191908,16171.701172
54,0.671542,0.191470,16388.005859
55,0.681290,0.165803,17070.117188
56,0.694079,0.155291,17419.519531
57,0.745365,0.137703,17968.552734
58,0.767980,0.134104,18284.699219
59,0.785196,0.106090,18567.513672
60,0.757289,0.090215,18950.183594
61,0.765958,0.089134,19366.136719
62,0.722278,0.118253,19931.787109
63,0.718509,0.163167,20364.390625
64,0.718736,0.359620,20547.421875
65,0.725223,0.339028,20697.132812
66,0.757297,0.371850,21063.138672
67,0.740116,0.331061,21312.697266
68,0.769291,0.373238,21695.382812
69,0.769708,0.358170,22044.777344
70,0.818319,0.342012,22793.445312
71,0.870379,0.339837,23092.955078
72,0.887404,0.321415,23492.238281
73,0.903168,0.308962,23791.716797
74,0.938776,0.346566,24324.105469
0,0.855680,0.448259,249.624420
1,0.842551,0.470749,366.032501
2,0.850950,0.484198,682.239868
3,0.838664,0.509005,848.518188
4,0.824374,0.496242,1114.732666
5,0.835833,0.476366,1347.698730
6,0.652635,0.485356,1813.505127
7,0.530881,0.500888,2212.866211
8,0.502107,0.488799,2512.331299
9,0.494734,0.504648,2878.374023
10,0.733843,0.514818,4359.067871
11,0.077124,0.514646,6106.035156
12,0.087221,0.532776,6222.505371
13,0.129467,0.523477,6538.583496
14,0.764561,0.450936,7403.806641
15,0.668847,0.468616,7669.948730
16,0.626522,0.457575,8268.928711
17,0.625621,0.445150,8535.105469
18,0.616427,0.449963,8668.226562
19,0.621261,0.445484,8884.541016
20,0.643877,0.445162,9050.922852
21,0.393391,0.486424,9733.020508
22,0.373638,0.433491,9949.321289
23,0.443178,0.431638,10198.872070
24,0.472880,0.388844,10747.924805
25,0.306689,0.471462,11280.328125
26,0.320405,0.463401,11596.444336
27,0.220255,0.585428,12345.133789
28,0.199076,0.489324,12544.828125
29,0.243654,0.497285,12727.780273
30,0.274095,0.536982,13010.707031
31,0.278649,0.544721,13110.523438
32,0.283357,0.606477,13276.834961
33,0.579926,0.452403,14191.867188
34,0.417602,0.502866,14574.631836
35,0.390776,0.508550,14757.646484
36,0.402134,0.483694,15007.112305
37,0.367188,0.455857,15289.947266
38,0.370418,0.444928,15456.381836
39,0.254224,0.614072,16038.688477
40,0.257376,0.522870,16338.158203
41,0.275007,0.507441,16637.720703
42,0.351175,0.445359,16970.458984
43,0.266140,0.464563,17336.421875
44,0.247320,0.471304,17519.423828
45,0.240861,0.469910,17902.070312
46,0.175590,0.471910,18218.169922
47,0.128409,0.459395,18401.179688
48,0.091045,0.480829,18667.423828
49,0.189249,0.358286,19149.916016
50,0.197947,0.348351,19299.722656
51,0.416218,0.493669,20181.398438
52,0.344628,0.462580,20713.802734
53,0.323045,0.504655,20913.496094
54,0.316022,0.481942,21163.056641
55,0.329286,0.472014,21562.410156
56,0.328943,0.468574,21745.435547
57,0.338430,0.458229,22377.607422
58,0.310772,0.474812,22527.347656
59,0.298437,0.474035,22710.388672
60,0.325677,0.484766,23276.013672
61,0.494707,0.510086,23825.085938
62,0.507688,0.502482,24008.080078
63,0.502690,0.513045,24157.826172
64,0.492238,0.527305,24374.207031
65,0.584608,0.514668,24989.705078
0,0.710395,0.481962,33.242584
1,0.752524,0.515165,299.445648
2,0.781503,0.502664,549.059814
3,0.844002,0.494041,1064.790161
4,0.836441,0.477704,1347.590454
5,0.837903,0.473079,1430.819458
6,0.892109,0.485511,1647.088867
7,0.922937,0.495557,1896.661987
8,0.963655,0.486377,2179.491455
9,0.997658,0.480826,2495.619385
10,0.142685,0.496340,3144.448242
11,0.169370,0.493663,3360.797852
12,0.204706,0.418646,3660.260986
13,0.252672,0.557886,4159.393555
14,0.274321,0.543243,4408.981445
15,0.285104,0.503842,4591.986816
16,0.275153,0.494390,4908.034668
17,0.769757,0.441628,5839.749512
18,0.828865,0.428321,6288.997559
19,0.620479,0.456513,7486.894043
20,0.644636,0.448643,7886.202148
21,0.632292,0.445298,8302.125000
22,0.651869,0.447636,8568.407227
23,0.412544,0.535195,10232.078125
24,0.381605,0.491639,10431.768555
25,0.389780,0.493967,10697.995117
26,0.300684,0.491350,11097.306641
27,0.299489,0.606070,11330.200195
28,0.327682,0.637823,11513.185547
29,0.232872,0.930242,13792.587891
30,0.785971,0.864460,14491.400391
31,0.731867,0.731051,15156.875000
32,0.744274,0.773285,15423.107422
33,0.781680,0.468798,16171.763672
34,0.783182,0.471567,16271.560547
35,0.777447,0.484213,16637.662109
36,0.851172,0.488300,16903.818359
37,0.837316,0.469430,17203.250000
38,0.911244,0.443480,18617.427734
39,0.956556,0.481262,18867.037109
40,0.988518,0.481788,19016.734375
41,0.006680,0.480943,19216.412109
42,0.042436,0.494332,19482.619141
43,0.634239,0.457157,20547.398438
44,0.706896,0.515993,20946.707031
45,0.625270,0.439354,21462.478516
46,0.598577,0.414653,21645.474609
47,0.595630,0.357839,21811.894531
48,0.572930,0.331856,21961.587891
49,0.678477,0.165256,22793.501953
50,0.690834,0.140954,23142.892578
51,0.684706,0.142417,23242.671875
52,0.721182,0.130780,23409.164062
53,0.798756,0.154167,23691.894531
54,0.847590,0.168499,23874.966797
55,0.893793,0.153258,24141.158203
56,0.862118,0.146271,24407.324219
57,0.886984,0.226681,24723.478516
0,0.781721,0.473711,415.975769
1,0.802196,0.495698,715.459045
2,0.642511,0.461759,1797.014160
3,0.608948,0.445335,2179.556885
4,0.437502,0.509429,2545.631104
5,0.371566,0.513435,3044.712891
6,0.376325,0.507169,3261.033936
7,0.362960,0.487900,3394.151123
8,0.366065,0.484615,3643.666016
9,0.342262,0.696908,3876.663086
10,0.312319,0.647849,4325.844727
11,0.287027,0.631565,4575.380371
12,0.286885,0.630353,4675.232910
13,0.261371,0.663414,4891.581543
14,0.245775,0.632418,5124.454590
15,0.245365,0.523737,5490.501953
16,0.307762,0.475098,5706.714355
17,0.357658,0.446744,6039.529297
18,0.425102,0.481715,6521.997559
19,0.396360,0.496871,6721.652832
20,0.392029,0.487163,6871.397949
21,0.364664,0.506882,7170.825684
22,0.184410,0.611749,8085.955566
23,0.140078,0.552955,8368.825195
24,0.112242,0.516750,8568.414062
25,0.116438,0.507247,8768.065430
26,0.068301,0.531861,8951.070312
27,0.030731,0.643597,9167.390625
28,0.995845,0.550784,9450.294922
29,0.971491,0.469496,9816.216797
30,0.948964,0.491428,9965.957031
31,0.924148,0.497314,10182.291992
32,0.966953,0.486616,10581.563477
33,0.997091,0.487382,10897.712891
34,0.920509,0.500832,11296.978516
35,0.906126,0.493415,11496.624023
36,0.905678,0.477820,11862.750977
37,0.906935,0.477640,12012.448242
38,0.016132,0.499118,12245.409180
39,0.083367,0.506537,12644.612305
40,0.128225,0.376786,12994.009766
41,0.132937,0.358843,13127.134766
42,0.204115,0.470649,13476.581055
43,0.266873,0.506450,14058.887695
44,0.263177,0.508912,14225.211914
45,0.308909,0.493668,14441.500977
46,0.477020,0.514912,15273.417969
47,0.528172,0.469105,15473.067383
48,0.593202,0.470984,15755.890625
49,0.655079,0.440617,16238.317383
50,0.632978,0.470329,16537.798828
51,0.653774,0.510136,16903.937500
52,0.707132,0.512894,17086.898438
53,0.774332,0.513312,17386.318359
54,0.775897,0.500015,17486.267578
55,0.798500,0.491479,17635.974609
56,0.778189,0.592615,17902.123047
57,0.771639,0.610974,18085.214844
58,0.739502,0.749849,18467.802734
59,0.814065,0.861965,19116.685547
60,0.825370,0.496312,19782.146484
61,0.777514,0.408318,20131.515625
62,0.782100,0.380845,20281.279297
63,0.775005,0.432573,20780.441406
64,0.766081,0.434290,20946.890625
65,0.756333,0.407324,21196.365234
66,0.823666,0.455347,21728.777344
67,0.813306,0.473356,21928.421875
68,0.803584,0.475208,22111.427734
69,0.808648,0.478042,22460.808594
70,0.813240,0.478648,23009.863281
71,0.802137,0.473334,23342.578125
72,0.794161,0.480559,24440.732422
73,0.802171,0.477951,24740.177734
74,0.803929,0.480799,24956.478516
0,0.779625,0.509520,432.591125
1,0.657539,0.763326,2046.507812
2,0.581510,0.881891,2562.203125
3,0.492950,0.453993,3244.345459
4,0.545565,0.236385,3493.891113
5,0.685218,0.496431,4159.435547
6,0.669490,0.452576,4375.671387
7,0.770013,0.395282,5041.166504
8,0.769705,0.373314,5190.931641
9,0.857655,0.516194,6072.766602
10,0.929703,0.481943,6438.760742
11,0.926979,0.475579,6555.220215
12,0.007112,0.777142,6954.588867
13,0.073862,0.923414,7553.504395
14,0.067422,0.632893,8019.298340
15,0.037806,0.568128,8218.967773
16,0.038628,0.578524,8418.641602
17,0.040439,0.592185,8535.090820
18,0.269219,0.738314,9566.698242
19,0.281989,0.591446,9866.173828
20,0.275616,0.590502,9965.962891
21,0.274521,0.475844,10265.443359
22,0.347796,0.485263,10531.583008
23,0.348394,0.486171,10697.951172
24,0.480325,0.508614,11363.512695
25,0.383503,0.458258,11729.574219
26,0.369368,0.437051,11929.224609
27,0.244529,0.529059,12378.344727
28,0.247642,0.522509,12478.241211
29,0.165493,0.542704,12777.708008
30,0.167269,0.538142,12894.140625
31,0.110950,0.535738,13177.034180
32,0.118078,0.520598,13376.603516
33,0.050427,0.512666,13642.853516
34,0.999807,0.551053,13992.229492
35,0.952882,0.522044,14374.876953
36,0.956082,0.500579,14591.195312
37,0.890058,0.510435,14807.458008
38,0.830391,0.512140,15206.769531
39,0.822586,0.499867,15539.506836
40,0.760364,0.526607,15955.481445
41,0.765277,0.518508,16188.401367
42,0.830327,0.492884,16404.656250
43,0.898757,0.476566,16937.060547
44,0.892602,0.473267,17103.433594
45,0.635335,0.484034,17752.302734
46,0.548692,0.499183,18284.703125
47,0.513999,0.495936,18617.486328
48,0.497475,0.449524,18900.328125
49,0.443336,0.510592,19482.630859
50,0.514086,0.433960,19831.996094
51,0.526768,0.551583,20514.167969
52,0.382580,0.480714,20996.623047
53,0.391170,0.465160,21096.490234
54,0.400350,0.473599,21479.117188
55,0.363504,0.421054,21895.089844
56,0.401798,0.463358,22444.117188
57,0.377908,0.681849,22993.142578
58,0.450743,0.527025,23475.623047
59,0.719442,0.515726,24407.343750
60,0.706558,0.496145,24973.015625
0,0.847795,0.474353,1514.060547
1,0.927660,0.521181,2079.710205
2,0.995290,0.501150,2545.542480
3,0.646871,0.449642,3227.695557
4,0.499606,0.461340,3893.195068
5,0.382394,0.476359,4375.717285
6,0.239368,0.620264,5523.671875
7,0.470377,0.501728,12045.628906
8,0.526436,0.478590,12511.452148
9,0.407309,0.505867,12993.956055
10,0.404042,0.503934,13243.523438
11,0.404816,0.500210,13376.638672
12,0.375047,0.456060,13659.460938
13,0.211882,0.500188,14441.430664
14,0.256393,0.599830,14707.620117
15,0.283120,0.475714,15240.026367
16,0.342404,0.642938,15689.271484
17,0.258468,0.653479,15872.264648
18,0.239210,0.494859,16304.844727
19,0.307002,0.269241,16853.888672
20,0.287476,0.719149,17136.705078
21,0.797649,0.490007,18783.830078
22,0.852468,0.483191,19149.857422
23,0.789993,0.482731,19532.556641
24,0.783473,0.505836,19732.181641
25,0.796427,0.564806,20081.593750
26,0.911261,0.462863,20480.923828
27,0.832472,0.513923,20896.808594
28,0.832027,0.461628,21695.417969
29,0.684514,0.460830,22377.552734
30,0.726516,0.554671,22776.843750
31,0.710113,0.534060,23026.435547
32,0.655842,0.458756,23342.544922
33,0.628777,0.420579,23542.181641
34,0.787393,0.459944,24191.050781
35,0.866115,0.556021,24407.335938
36,0.896544,0.432657,24723.460938
37,0.900196,0.394848,24973.021484
0,0.778478,0.548805,399.323944
1,0.777880,0.535883,698.754700
2,0.775218,0.477989,965.005859
3,0.772452,0.462913,1114.689087
4,0.774379,0.510091,1397.533936
5,0.859120,0.567507,1796.831665
6,0.858855,0.568106,1946.612793
7,0.833196,0.498408,2162.900635
8,0.839258,0.495388,2578.865479
9,0.840952,0.494453,2778.490967
10,0.910377,0.572104,2994.764648
11,0.906126,0.576251,3260.953125
12,0.927285,0.584674,3443.999268
13,0.957516,0.566068,4042.951416
14,0.961536,0.561611,4225.947754
15,0.961439,0.563488,4425.609375
16,0.968512,0.563203,4575.324707
17,0.968516,0.567752,4658.546875
18,0.927502,0.548333,5091.096191
19,0.965232,0.547613,5889.688965
20,0.955117,0.528387,6039.425781
21,0.950684,0.526309,6205.786133
22,0.942254,0.472990,6505.289551
23,0.847776,0.497940,6821.387695
24,0.855316,0.493181,7237.324219
25,0.834856,0.500018,7486.928223
26,0.831252,0.471483,7919.467773
27,0.824226,0.446539,8102.485840
28,0.822876,0.442663,8235.585938
29,0.830980,0.454261,8401.964844
30,0.819457,0.465426,8601.609375
31,0.814757,0.441643,8817.911133
32,0.813711,0.400284,9000.942383
33,0.806491,0.368019,9267.128906
34,0.796075,0.346106,9649.792969
35,0.788558,0.330236,10015.851562
36,0.738011,0.346388,10348.559570
37,0.742777,0.395315,10880.988281
38,0.758226,0.525931,11895.861328
39,0.743485,0.599460,12228.612305
40,0.696834,0.515614,12711.132812
41,0.684575,0.498971,12993.949219
42,0.659010,0.515829,13326.678711
43,0.638108,0.527719,13676.093750
44,0.621651,0.540622,14108.671875
45,0.595391,0.552666,14408.175781
46,0.583472,0.525336,14990.450195
47,0.557808,0.557348,15323.224609
48,0.561143,0.517624,15755.781250
49,0.551336,0.505386,16121.792969
50,0.550362,0.478541,16238.325195
51,0.543644,0.496265,16654.207031
52,0.536086,0.534079,17003.623047
53,0.530167,0.508398,17685.751953
54,0.624425,0.465249,18118.328125
55,0.639201,0.496502,18600.802734
56,0.658854,0.485922,19000.115234
57,0.687509,0.473826,19382.777344
58,0.705424,0.475200,19549.142578
59,0.726712,0.480453,19965.087891
60,0.750458,0.477162,20264.578125
61,0.750993,0.480210,20430.953125
62,0.774384,0.488966,20647.224609
63,0.763797,0.494512,21046.537109
64,0.768571,0.516768,21645.507812
65,0.776941,0.618945,22261.087891
66,0.839839,0.716530,22444.085938
67,0.797752,0.740726,22660.388672
68,0.780051,0.558966,23192.804688
69,0.782556,0.541506,23575.451172
70,0.782073,0.521959,23708.630859
71,0.778662,0.487196,24008.031250
72,0.781107,0.469103,24157.763672
73,0.825189,0.465040,24673.550781
0,0.699186,0.500048,16.645994
1,0.710102,0.513429,316.099335
2,0.756619,0.550177,881.802673
3,0.744808,0.825534,1147.971680
4,0.002039,0.486572,2029.800903
5,0.170534,0.454606,2978.105713
6,0.217060,0.507422,3327.532715
7,0.247080,0.529830,3510.542480
8,0.288395,0.516982,4042.954834
9,0.793696,0.515822,5340.662598
10,0.574405,0.518250,6555.194336
11,0.640740,0.478977,7154.201660
12,0.631061,0.484249,7437.038086
13,0.613894,0.500242,7653.270020
14,0.667452,0.459116,8169.089355
15,0.663232,0.451719,8268.902344
16,0.661546,0.435166,8368.742188
17,0.416276,0.550803,9084.124023
18,0.379526,0.558480,9350.340820
19,0.314064,0.605876,9766.253906
20,0.310272,0.720236,9982.541016
21,0.742065,0.517024,11313.546875
22,0.734822,0.455902,12012.358398
23,0.659927,0.585734,12511.463867
24,0.667858,0.573156,12694.459961
25,0.681230,0.647779,12894.140625
26,0.743530,0.617869,13160.357422
27,0.764941,0.810658,13543.032227
28,0.783083,0.903822,13859.095703
29,0.268240,0.888038,15057.013672
30,0.098743,0.547803,16205.003906
31,0.130244,0.516754,16388.041016
32,0.135543,0.476212,16720.781250
33,0.821932,0.557441,17502.736328
34,0.802420,0.519814,17902.017578
35,0.957314,0.472889,18417.794922
36,0.957131,0.478235,18567.570312
37,0.960503,0.473513,18667.392578
38,0.948639,0.477129,18833.761719
39,0.885899,0.484854,19482.625000
40,0.889268,0.466093,19782.072266
41,0.054889,0.498636,20713.798828
42,0.052599,0.659928,21129.746094
43,0.752913,0.669156,22111.349609
44,0.746939,0.729262,22377.570312
45,0.617666,0.581674,23043.042969
46,0.588983,0.552829,23292.650391
47,0.555761,0.552507,23708.591797
48,0.586350,0.504320,24290.916016
49,0.579829,0.442649,24607.001953
0,0.750493,0.550986,99.857758
1,0.758004,0.462567,465.917786
2,0.734903,0.449379,765.263794
3,0.771337,0.435947,1048.118286
4,0.829817,0.443145,1563.908813
5,0.771984,0.439996,1780.220215
6,0.802240,0.478497,2096.284424
7,0.848714,0.487576,2312.652588
8,0.856880,0.575583,2478.993408
9,0.882025,0.501598,2628.707764
10,0.919456,0.479425,2861.717529
11,0.947662,0.480480,3127.866699
12,0.977353,0.484726,3394.140381
13,0.004733,0.525916,3710.179932
14,0.107907,0.815508,4342.362793
15,0.114595,0.831798,4458.873535
16,0.198616,0.754861,4824.880859
17,0.212431,0.696660,5074.482910
18,0.268811,0.669334,5340.684082
19,0.249032,0.600939,5606.862793
20,0.252256,0.584720,5773.179688
21,0.257063,0.468227,5923.042969
22,0.275398,0.492093,6372.138184
23,0.275250,0.536090,6588.436523
24,0.305524,0.478205,6871.311523
25,0.339617,0.459838,7154.187012
26,0.400036,0.459717,7503.541504
27,0.428915,0.461006,7753.165039
28,0.422851,0.466974,7886.268555
29,0.448683,0.459878,8119.126465
30,0.477241,0.476853,8485.154297
31,0.430440,0.508434,8951.012695
32,0.147782,0.483194,9732.949219
33,0.998901,0.507123,10315.360352
34,0.975878,0.498015,10548.210938
35,0.949592,0.499366,10797.736328
36,0.908121,0.498312,11097.229492
37,0.886252,0.496755,11446.625977
38,0.814012,0.488486,11879.228516
39,0.771871,0.524298,12128.755859
40,0.763731,0.475444,12411.625000
41,0.748617,0.419895,12661.189453
42,0.823424,0.421568,12960.638672
43,0.778899,0.411084,13176.971680
44,0.771670,0.447463,13659.527344
45,0.770338,0.458104,13775.903320
46,0.829156,0.439314,14042.114258
47,0.692136,0.519378,14657.727539
48,0.639353,0.465462,15057.013672
49,0.643495,0.459416,15206.712891
50,0.618892,0.457170,15422.993164
51,0.439742,0.483456,16271.513672
52,0.496902,0.478002,16620.949219
53,0.537683,0.484099,16820.648438
54,0.712122,0.485742,17552.667969
55,0.776909,0.417786,17852.093750
56,0.778200,0.408043,17951.906250
57,0.774769,0.411170,18101.712891
58,0.774044,0.418144,18184.876953
59,0.772857,0.462309,18584.164062
60,0.871273,0.494481,18783.851562
61,0.865265,0.488478,18900.318359
62,0.889640,0.486429,19033.482422
63,0.921533,0.560821,19299.582031
64,0.979839,0.490157,19798.687500
65,0.012838,0.486359,20131.498047
66,0.058965,0.481638,20397.736328
67,0.148217,0.480906,20946.669922
68,0.176063,0.475881,21212.882812
69,0.201522,0.465931,21412.554688
70,0.263722,0.459923,21645.503906
71,0.256074,0.479221,21845.099609
72,0.263838,0.481303,21961.662109
73,0.273361,0.516694,22161.218750
74,0.261411,0.494845,22377.550781
75,0.266026,0.516547,22593.878906
76,0.272745,0.559837,22860.046875
77,0.247332,0.569467,23109.658203
78,0.340572,0.891208,24923.087891
0,0.766031,0.432047,499.085632
1,0.770922,0.503653,931.702271
2,0.938637,0.471677,2229.391113
3,0.836824,0.414828,2512.263916
4,0.030370,0.480999,2894.864746
5,0.017739,0.467669,3144.486572
6,0.061532,0.532798,3327.482666
7,0.100594,0.502517,3560.420654
8,0.096447,0.495231,3743.441162
9,0.111068,0.510126,3876.569092
10,0.094136,0.558234,4109.450195
11,0.006033,0.549661,4359.047363
12,0.958866,0.548889,4542.053223
13,0.878907,0.591283,5007.853027
14,0.760401,0.452560,5506.965820
15,0.756031,0.393984,5690.069824
16,0.631699,0.399814,6239.092773
17,0.619564,0.388016,6571.816895
18,0.294280,0.456753,7936.068359
19,0.244214,0.485303,8218.927734
20,0.242050,0.600483,8568.412109
21,0.256473,0.704588,8734.653320
22,0.301440,0.431618,9549.956055
23,0.324348,0.464067,9832.782227
24,0.275318,0.403636,10331.954102
25,0.282453,0.288620,10598.114258
26,0.142213,0.421575,11296.910156
27,0.189843,0.294657,11696.159180
28,0.225746,0.299874,12028.906250
29,0.216832,0.587608,12378.354492
30,0.243351,0.494486,12594.660156
31,0.242818,0.623598,12827.563477
32,0.495506,0.505831,13709.316406
33,0.522207,0.501656,13992.165039
34,0.682014,0.473294,14574.447266
35,0.713004,0.524165,14873.994141
36,0.781589,0.491268,15206.727539
37,0.777906,0.484739,15306.605469
38,0.776823,0.476228,15439.703125
39,0.768213,0.388941,15755.853516
40,0.745373,0.319995,16088.526367
41,0.738314,0.290675,16271.529297
42,0.906427,0.465209,16887.130859
43,0.938197,0.417683,17236.541016
44,0.002101,0.461365,17585.964844
45,0.047104,0.463615,17752.345703
46,0.102563,0.463731,18035.156250
47,0.145615,0.483244,18451.082031
48,0.202444,0.488811,18983.431641
49,0.199963,0.343822,19183.177734
50,0.175252,0.273390,19382.798828
51,0.090637,0.244249,19565.773438
52,0.170363,0.269748,19815.330078
53,0.158259,0.600904,20114.861328
54,0.156965,0.591138,20231.291016
55,0.050937,0.656496,20430.904297
56,0.033935,0.465051,20896.796875
57,0.038407,0.461969,21079.812500
58,0.982022,0.468392,21362.587891
59,0.956695,0.479090,21628.814453
60,0.907096,0.451230,22094.648438
61,0.882126,0.414059,22394.173828
62,0.757756,0.407503,22793.468750
63,0.760468,0.413660,22943.220703
64,0.595567,0.404190,23525.478516
65,0.445318,0.472231,24041.253906
66,0.395316,0.352747,24290.824219
0,0.725340,0.580799,149.716888
1,0.714730,0.269821,1048.278931
2,0.701525,0.232834,1247.898071
3,0.715683,0.183097,1480.754150
4,0.727665,0.159946,1680.368774
5,0.722151,0.176850,2029.735840
6,0.367903,0.519057,3527.157715
7,0.333294,0.498080,3776.703369
8,0.300414,0.509725,4076.144775
9,0.256217,0.523344,4375.719727
10,0.236752,0.522785,4725.044922
11,0.217257,0.494733,5074.411621
12,0.257832,0.464963,5357.288086
13,0.299869,0.797422,6205.814941
14,0.329807,0.799320,6488.656250
15,0.720632,0.921009,7154.090820
16,0.787953,0.482509,8368.585938
17,0.828759,0.485312,8535.127930
18,0.857933,0.504253,8801.275391
19,0.929985,0.488383,9250.425781
20,0.016050,0.499992,9732.959961
21,0.044553,0.488337,10032.409180
22,0.085710,0.379978,10265.283203
23,0.089250,0.338879,10514.902344
24,0.091586,0.343876,10781.150391
25,0.075228,0.354803,11014.076172
26,0.061662,0.351700,11163.811523
27,0.110213,0.370514,11380.033203
28,0.069606,0.351985,11579.757812
29,0.084064,0.331706,11995.656250
30,0.104211,0.347684,12228.604492
31,0.083305,0.325363,12395.045898
32,0.065593,0.336522,12810.915039
33,0.974083,0.538599,13592.886719
34,0.947176,0.519359,13742.639648
35,0.959648,0.503940,14075.376953
36,0.959978,0.504429,14674.351562
37,0.973384,0.480999,15090.291016
38,0.918968,0.519350,15772.389648
39,0.906163,0.522796,15938.676758
40,0.952512,0.726817,16038.548828
41,0.892455,0.550016,16204.926758
42,0.857849,0.563212,16687.468750
43,0.760299,0.552070,16920.466797
44,0.768463,0.510877,17136.658203
45,0.767541,0.458376,17419.544922
46,0.768597,0.420644,17735.693359
47,0.802663,0.354633,17918.679688
48,0.852318,0.374308,18317.939453
49,0.876029,0.362989,18750.572266
50,0.873292,0.399752,19632.267578
