Idx, longitude, latitude, start timestamp
0,0.769048,0.497527,332.729584
1,0.762827,0.494761,515.672791
2,0.718204,0.508704,781.945496
3,0.711673,0.514748,898.376587
4,0.833161,0.609340,1813.404053
5,0.827612,0.627348,1996.453003
6,0.788744,0.050785,3310.807129
7,0.662969,0.040678,3510.443604
8,0.608613,0.058041,3760.073730
9,0.530732,0.476248,4575.220215
10,0.496650,0.498913,4741.667480
11,0.475189,0.474044,4907.968262
12,0.427722,0.416429,5290.685059
13,0.442253,0.611545,5506.993164
14,0.446019,0.667482,5706.695801
15,0.454468,0.820114,6072.588379
16,0.589457,0.605916,7054.218262
17,0.596515,0.630191,7337.065918
18,0.588535,0.680158,7536.708008
19,0.583463,0.703095,7869.411621
20,0.549330,0.510417,8168.931152
21,0.541467,0.487186,8368.604492
22,0.182298,0.387101,10797.731445
23,0.198608,0.390634,10997.435547
24,0.226921,0.442272,11463.158203
25,0.150501,0.362779,11928.998047
26,0.075558,0.377402,12428.096680
27,0.047261,0.372344,12694.367188
28,0.072206,0.545455,13176.856445
29,0.186294,0.424749,13476.345703
30,0.199357,0.400451,13692.554688
31,0.164154,0.410400,14058.697266
32,0.159488,0.402441,14591.086914
33,0.205626,0.406676,15189.962891
34,0.171559,0.351895,15689.168945
35,0.027336,0.348183,16038.574219
36,0.028375,0.351578,16221.543945
37,0.064647,0.369974,16687.439453
38,0.582639,0.063810,18667.244141
39,0.537257,0.123945,18916.710938
40,0.870511,0.151681,19715.326172
41,0.824219,0.130276,19964.947266
42,0.711919,0.539937,20913.335938
43,0.761975,0.473794,21429.064453
44,0.761987,0.476635,21678.703125
45,0.786712,0.508897,21928.177734
46,0.792554,0.533902,22227.656250
47,0.785943,0.537990,22443.896484
48,0.804369,0.514084,22760.021484
49,0.832649,0.544186,23009.660156
50,0.755250,0.545460,23541.998047
51,0.762593,0.552398,23725.005859
52,0.767473,0.548177,23941.271484
53,0.757336,0.499711,24440.511719
54,0.747240,0.482493,24723.261719
0,0.754050,0.524276,316.041229
1,0.713528,0.491045,549.021362
2,0.590220,0.470656,1014.859497
3,0.531890,0.510923,1380.858521
4,0.513267,0.535760,1630.432739
5,0.480422,0.502578,1863.320557
6,0.479647,0.470980,2063.045654
7,0.436200,0.460579,2345.863037
8,0.444652,0.391106,2512.213623
9,0.422106,0.621338,3027.956787
10,0.445692,0.701259,3277.624512
11,0.469153,0.825057,3493.789551
12,0.439437,0.775767,3710.072021
13,0.318158,0.755049,3943.056885
14,0.264599,0.672289,4225.913086
15,0.365298,0.619094,4508.634766
16,0.295008,0.538327,4808.089844
17,0.295832,0.514594,4974.469238
18,0.301799,0.503417,5240.723145
19,0.420707,0.490494,5689.960938
20,0.469537,0.512386,5906.227539
21,0.464757,0.392116,6155.829590
22,0.514812,0.468662,6438.541992
23,0.512059,0.474361,6538.430664
24,0.500690,0.482355,6738.053223
25,0.514286,0.366017,7037.642090
26,0.607647,0.478386,7353.638184
27,0.633172,0.473168,7619.886719
28,0.520930,0.524421,7936.074219
29,0.567657,0.646623,8218.808594
30,0.573055,0.668087,8368.478516
31,0.597965,0.651645,8767.892578
32,0.754131,0.537605,9033.993164
33,0.804960,0.515912,9366.762695
34,0.947661,0.182602,10664.457031
35,0.948711,0.076883,10947.338867
36,0.089345,0.026329,11146.916016
37,0.173362,0.045156,11396.506836
38,0.338967,0.022121,11696.027344
39,0.220266,0.043204,11978.801758
40,0.883034,0.107181,12478.025391
41,0.050887,0.500096,14041.857422
42,0.191672,0.341584,14956.955078
43,0.295180,0.523029,15639.064453
44,0.240832,0.485383,16537.556641
45,0.053560,0.519806,17519.107422
46,0.991012,0.488999,17968.189453
47,0.669603,0.108652,19981.404297
48,0.829757,0.076501,20214.279297
49,0.942637,0.450278,21179.244141
50,0.960521,0.553039,21578.503906
51,0.179789,0.331553,22793.101562
52,0.064242,0.442959,23941.007812
0,0.766854,0.472826,665.521362
1,0.756344,0.401684,881.772400
2,0.817120,0.509876,1364.254883
3,0.487972,0.407584,3194.307617
4,0.354415,0.824382,4092.766113
5,0.279665,0.793987,4458.763184
6,0.305109,0.636324,5623.433594
7,0.651701,0.886835,6189.145020
8,0.014583,0.401526,9100.750977
9,0.159629,0.421461,9799.500977
10,0.157443,0.419832,10015.824219
11,0.078162,0.435577,10248.750000
12,0.088360,0.350811,10614.685547
13,0.084663,0.327048,10797.723633
14,0.743790,0.435883,16321.361328
15,0.846008,0.737777,17352.998047
16,0.843025,0.729064,17535.970703
17,0.852537,0.374855,18301.328125
18,0.805370,0.390935,19748.845703
19,0.838586,0.454975,19981.693359
20,0.829652,0.677250,20730.417969
21,0.847001,0.638961,21013.212891
22,0.162800,0.396626,24357.394531
23,0.113542,0.383427,24640.238281
0,0.764682,0.528994,366.054382
1,0.712915,0.516667,632.337341
2,0.767082,0.491906,1081.419312
3,0.773014,0.483589,1430.928223
4,0.821079,0.545719,1680.418701
5,0.852607,0.600613,1846.807739
6,0.857671,0.630679,2096.343750
7,0.858607,0.634411,2329.326904
8,0.854072,0.625555,2545.535889
9,0.957676,0.513959,3061.384521
10,0.961424,0.182474,3876.600342
11,0.944538,0.126741,4043.066162
12,0.930709,0.100866,4192.774902
13,0.924297,0.077579,4409.007324
14,0.791553,0.015747,4725.123535
15,0.697577,0.028422,4991.378906
16,0.682197,0.030054,5307.371094
17,0.046783,0.491225,6105.983887
18,0.103460,0.452404,6372.176270
19,0.176260,0.389404,6771.562500
20,0.185985,0.394426,6954.599609
21,0.199906,0.396379,7137.571777
22,0.200457,0.495005,7403.689453
23,0.152277,0.514564,7719.811035
24,0.142770,0.516379,7986.029297
25,0.992505,0.489699,8535.073242
26,0.998719,0.478778,8734.798828
27,0.873530,0.474838,9267.190430
28,0.813332,0.454704,9699.808594
29,0.757286,0.434677,9916.133789
30,0.735851,0.466642,10082.397461
31,0.742954,0.486998,10315.299805
32,0.624604,0.464092,10598.180664
33,0.625989,0.459522,10681.345703
34,0.605041,0.449708,10831.161133
35,0.538638,0.484951,11446.648438
36,0.525047,0.509842,11646.328125
37,0.552322,0.604661,11962.442383
38,0.567935,0.654511,12178.718750
39,0.507062,0.529507,12478.240234
40,0.486614,0.495550,12627.982422
41,0.488008,0.481109,12910.713867
42,0.491496,0.460257,13293.417969
43,0.503946,0.357532,13559.542969
44,0.445400,0.381306,13942.340820
45,0.441962,0.624555,14458.101562
46,0.451375,0.646063,14707.544922
47,0.441379,0.771302,15073.650391
48,0.425856,0.860786,15389.816406
49,0.422982,0.876977,15522.930664
50,0.434304,0.834531,15722.510742
51,0.292594,0.719883,16221.619141
52,0.294377,0.674554,16454.490234
53,0.278693,0.613599,16670.904297
54,0.271150,0.565561,16920.357422
55,0.279109,0.525767,17186.605469
56,0.221101,0.551032,17419.580078
57,0.191719,0.512840,17635.900391
58,0.185192,0.432381,18035.093750
59,0.192199,0.413218,18268.013672
60,0.178601,0.385801,18517.585938
61,0.156566,0.362608,18733.832031
62,0.244281,0.608064,19465.968750
63,0.251716,0.621240,19599.097656
64,0.294065,0.602549,19848.642578
65,0.318953,0.606262,20048.201172
66,0.345036,0.616173,20231.332031
67,0.302530,0.512990,20480.792969
68,0.299650,0.490897,20663.791016
69,0.291343,0.474467,20913.458984
70,0.402947,0.491271,21395.968750
71,0.413554,0.490467,21579.007812
72,0.466408,0.511064,21778.580078
73,0.478009,0.431586,22061.427734
74,0.463925,0.489513,22277.636719
75,0.533437,0.365343,22543.880859
76,0.846661,0.554050,23775.023438
77,0.875241,0.487833,23941.558594
78,0.869043,0.464426,24191.044922
79,0.863680,0.458818,24340.806641
80,0.845842,0.461986,24606.847656
0,0.759492,0.488949,548.983887
1,0.943174,0.559814,1447.564697
2,0.961110,0.507228,1696.962769
3,0.906286,0.233652,2279.366455
4,0.772458,0.127473,2711.910400
5,0.724748,0.089479,2994.803711
6,0.635938,0.082300,3144.481201
7,0.580610,0.072239,3344.056641
8,0.364805,0.025781,3643.615234
9,0.877496,0.087702,4043.010986
10,0.450500,0.746212,6771.424316
11,0.476243,0.854754,7386.996094
12,0.458209,0.825997,7653.228516
13,0.474944,0.858420,8152.348633
14,0.510317,0.887578,8401.881836
15,0.526722,0.853172,8701.337891
16,0.465314,0.774626,8984.244141
17,0.443424,0.746072,9233.747070
18,0.576872,0.627797,9882.759766
19,0.444789,0.393112,11363.413086
20,0.447158,0.398381,11596.325195
21,0.294357,0.524057,13676.048828
22,0.297743,0.493091,14075.277344
23,0.592574,0.651164,17053.496094
24,0.830590,0.691909,19183.060547
25,0.824644,0.703804,19432.640625
26,0.953090,0.566113,20231.193359
27,0.074816,0.442587,21362.482422
28,0.054826,0.392865,21662.023438
29,0.952374,0.414026,21978.138672
30,0.717489,0.103876,23309.070312
31,0.687778,0.073273,23558.718750
32,0.573791,0.081384,23791.628906
33,0.351106,0.049505,24490.470703
0,0.704064,0.579896,16.615559
1,0.710673,0.572571,232.884827
2,0.773186,0.492413,465.954132
3,0.839837,0.594215,1031.515503
4,0.853446,0.597674,1181.241455
5,0.948586,0.426677,1830.152832
6,0.011930,0.475735,2262.679688
7,0.104959,0.476429,2778.460693
8,0.109575,0.416989,3011.337402
9,0.130670,0.370221,3227.665039
10,0.181012,0.381737,3460.597412
11,0.201477,0.383408,3710.218506
12,0.195326,0.377355,3859.983398
13,0.206000,0.384997,4042.974365
14,0.271148,0.579766,4458.824707
15,0.268225,0.635317,4725.057617
16,0.319401,0.703505,5007.875977
17,0.356255,0.694685,5224.145996
18,0.315247,0.663163,5556.875000
19,0.277323,0.656224,5723.298828
20,0.250986,0.717392,5972.860352
21,0.283110,0.797357,6372.135254
22,0.326999,0.538134,6854.656250
23,0.318906,0.540896,7154.107910
24,0.316551,0.519986,7287.249023
25,0.325210,0.512842,7436.966797
26,0.307520,0.507075,7603.414062
27,0.306054,0.499547,8102.516113
28,0.298224,0.497961,8351.946289
29,0.367117,0.522558,8851.120117
30,0.418661,0.542841,9067.500977
31,0.291358,0.497271,9433.463867
32,0.278566,0.465503,9683.090820
33,0.150572,0.331747,10581.437500
34,0.071458,0.403812,10864.316406
35,0.057104,0.409395,11097.202148
36,0.886879,0.205408,11746.008789
37,0.805783,0.137704,11945.768555
38,0.762367,0.151522,12195.338867
39,0.732945,0.167914,12361.619141
40,0.621943,0.087080,12943.995117
41,0.453699,0.760409,18284.679688
42,0.436212,0.638626,18584.189453
43,0.446587,0.618312,18817.044922
44,0.438406,0.684832,19332.783203
45,0.440638,0.683535,19499.171875
46,0.434565,0.655634,20031.511719
47,0.449465,0.613611,20713.779297
48,0.483819,0.526528,21013.267578
49,0.482114,0.514735,21562.251953
50,0.634526,0.494171,22477.353516
51,0.640309,0.484489,22760.082031
52,0.472792,0.515313,23691.859375
53,0.308538,0.712668,24390.525391
54,0.265643,0.764552,24690.023438
55,0.266286,0.753460,24989.531250
0,0.753420,0.435180,66.498833
1,0.761922,0.500053,315.969696
2,0.723839,0.553364,682.139893
3,0.855768,0.636381,1031.481934
4,0.856102,0.674563,1280.978149
5,0.869141,0.699203,1563.865234
6,0.962091,0.369280,2412.349854
7,0.955031,0.252555,2711.855469
8,0.936545,0.211847,2861.583008
9,0.847695,0.163240,3177.668213
10,0.722538,0.073848,3593.660156
11,0.628215,0.048374,3826.594727
12,0.586098,0.031202,4242.580078
13,0.651828,0.106318,4708.323242
14,0.764621,0.515734,5074.426758
15,0.764120,0.535736,5423.807617
16,0.835165,0.602122,5889.731934
17,0.793086,0.488467,6372.155273
18,0.734320,0.483399,6871.230469
19,0.607847,0.473075,7486.843750
20,0.582063,0.523411,7736.372070
21,0.545548,0.532621,7952.713379
22,0.527276,0.530843,8185.635742
23,0.636720,0.491502,8485.078125
24,0.571761,0.502838,8784.632812
25,0.532298,0.517920,9000.933594
26,0.450160,0.574237,9599.911133
27,0.442066,0.603813,9782.864258
28,0.418824,0.689050,10232.121094
29,0.449602,0.368303,10980.703125
30,0.296452,0.673617,11762.658203
31,0.265315,0.677120,12012.285156
32,0.299365,0.495808,12943.903320
33,0.879185,0.167063,15655.839844
34,0.184435,0.502631,17685.660156
35,0.235491,0.465766,18916.802734
36,0.170768,0.496885,19366.029297
37,0.185576,0.367679,19615.621094
38,0.160385,0.338940,19948.402344
39,0.083628,0.426682,20663.734375
40,0.069831,0.418533,21013.136719
41,0.065449,0.418418,21129.623047
42,0.058840,0.424642,21379.250000
43,0.039232,0.458939,21878.347656
44,0.028962,0.387603,22161.078125
45,0.030710,0.381046,22360.845703
46,0.102767,0.391397,22693.597656
47,0.134682,0.382098,23109.455078
48,0.154974,0.392833,23408.949219
49,0.152853,0.423446,23841.605469
50,0.072744,0.548698,24390.587891
51,0.083014,0.529216,24956.335938
0,0.788320,0.546857,399.359314
1,0.845290,0.662208,748.727478
2,0.858730,0.651161,1148.007324
3,0.852686,0.638068,1231.200928
4,0.781435,0.443690,1680.455078
5,0.757046,0.413309,1896.745972
6,0.706202,0.435013,2129.700439
7,0.691953,0.465637,2345.958984
8,0.614383,0.428790,2861.700928
9,0.590099,0.409859,3094.664307
10,0.593248,0.399128,3394.090088
11,0.584768,0.502360,3610.403564
12,0.584783,0.623627,3893.208740
13,0.539922,0.519771,4275.909668
14,0.512113,0.550908,4558.756348
15,0.454928,0.620270,4824.954102
16,0.444477,0.517845,5141.052246
17,0.443114,0.508074,5274.155273
18,0.422900,0.361620,5556.989258
19,0.418991,0.305654,5956.278320
20,0.462542,0.717770,6405.490234
21,0.477702,0.837521,6971.164062
22,0.491569,0.844789,7204.087891
23,0.562426,0.547567,7669.979980
24,0.530493,0.426232,8036.017578
25,0.530130,0.440443,8252.274414
26,0.527175,0.450654,8402.040039
27,0.596643,0.459999,8901.126953
28,0.614101,0.414887,9183.995117
29,0.629406,0.314210,9450.219727
30,0.643444,0.299990,9666.470703
31,0.643270,0.398296,10132.366211
32,0.618725,0.627570,10431.831055
33,0.635988,0.595718,10747.918945
34,0.610058,0.603538,11213.764648
35,0.745456,0.507362,11729.547852
36,0.788517,0.523836,11995.724609
37,0.785567,0.527223,12261.958984
38,0.857839,0.655185,12627.956055
39,0.859757,0.673049,12761.090820
40,0.803454,0.443858,13127.086914
41,0.966906,0.465296,13576.311523
42,0.974286,0.452744,13692.755859
43,0.988280,0.191202,14258.478516
44,0.974438,0.048825,14641.144531
45,0.395187,0.117249,15406.427734
46,0.511454,0.129030,15689.316406
47,0.502970,0.122156,15872.311523
48,0.507941,0.104551,16038.685547
49,0.515520,0.090355,16288.238281
50,0.510387,0.071214,16754.082031
51,0.552378,0.104084,16937.117188
52,0.428388,0.120310,17303.162109
53,0.421605,0.142095,17486.134766
54,0.082146,0.485262,18916.964844
55,0.166907,0.347386,19282.996094
56,0.191341,0.353031,19482.650391
57,0.214147,0.360140,19782.119141
58,0.230587,0.378154,20164.789062
59,0.065955,0.504366,20846.933594
60,0.049393,0.425442,21146.441406
61,0.033193,0.396394,21395.958984
62,0.030651,0.291659,21695.478516
63,0.053188,0.290397,21911.720703
64,0.014070,0.272612,22344.308594
65,0.062781,0.313676,22693.724609
66,0.082651,0.329037,22910.015625
67,0.233461,0.511346,23675.332031
68,0.267242,0.629890,23991.486328
69,0.286930,0.662763,24257.662109
70,0.309418,0.714939,24540.458984
0,0.674842,0.659514,149.723251
1,0.745614,0.647682,465.858765
2,0.754973,0.490906,898.458374
3,0.804973,0.554475,1131.401733
4,0.837038,0.607479,1331.000732
5,0.849916,0.678930,1630.442139
6,0.823042,0.729252,1813.482910
7,0.850537,0.659866,2146.284912
8,0.876571,0.568818,2345.891846
9,0.935471,0.464895,2695.269043
10,0.942705,0.406493,2861.639404
11,0.934868,0.300995,3077.899170
12,0.891787,0.145935,3527.147949
13,0.826657,0.073271,3743.500977
14,0.684019,0.034644,3943.114502
15,0.531684,0.076906,4309.069336
16,0.497735,0.111661,4492.101562
17,0.477789,0.121712,4691.835938
18,0.484503,0.112971,4824.887207
19,0.433936,0.114017,4941.396484
20,0.365949,0.126294,5174.243652
21,0.612708,0.388482,5972.893066
22,0.568806,0.463157,6405.467773
23,0.520683,0.517321,6754.832031
24,0.500361,0.537317,7187.452148
25,0.527205,0.699899,7370.449219
26,0.554278,0.714256,7603.331543
27,0.558142,0.754886,7952.755371
28,0.598226,0.606589,8302.116211
29,0.612635,0.449800,8568.313477
30,0.622499,0.401939,8751.312500
31,0.656601,0.470978,9084.064453
32,0.718105,0.537839,9366.948242
33,0.826273,0.620305,9932.675781
34,0.845231,0.685641,10198.873047
35,0.833683,0.713687,10431.712891
36,0.827766,0.703167,10614.787109
37,0.837000,0.699806,10731.248047
38,0.829712,0.645495,11180.410156
39,0.831346,0.619840,11396.734375
40,0.751908,0.413675,11862.554688
41,0.642207,0.413092,12478.223633
42,0.675046,0.483208,12627.901367
43,0.679296,0.493850,12761.022461
44,0.497944,0.531096,13343.387695
45,0.468906,0.508036,13509.671875
46,0.473257,0.474184,13742.616211
47,0.477288,0.548893,14025.439453
48,0.481639,0.311118,14391.476562
49,0.489133,0.300655,14574.509766
50,0.419066,0.652341,14824.027344
51,0.400306,0.746563,15007.076172
52,0.389462,0.826558,15190.072266
53,0.388822,0.871873,15373.104492
54,0.383773,0.887102,15689.197266
55,0.381569,0.896860,15955.426758
56,0.286234,0.868643,16204.985352
57,0.282175,0.794264,16504.544922
58,0.277632,0.731078,16720.765625
59,0.248876,0.554856,17319.746094
60,0.308971,0.560092,17552.593750
61,0.341962,0.601263,17785.623047
62,0.339092,0.613329,17918.634766
63,0.346963,0.603210,18085.000000
64,0.277657,0.557064,18351.199219
65,0.260817,0.553203,18617.398438
66,0.249300,0.682439,19016.740234
67,0.275558,0.727099,19382.742188
68,0.287312,0.511409,19948.462891
69,0.299392,0.499214,20231.259766
70,0.246156,0.519579,20530.750000
71,0.306783,0.536075,20830.201172
72,0.047084,0.558253,21944.992188
73,0.047527,0.531919,22261.070312
74,0.041343,0.579567,22743.562500
75,0.072426,0.609469,23009.792969
76,0.094253,0.588119,23325.919922
77,0.058460,0.625714,23675.267578
78,0.003351,0.583703,24057.896484
79,0.987124,0.535155,24423.929688
80,0.938297,0.523747,24690.162109
0,0.624686,0.382389,415.983002
1,0.487673,0.392434,1697.086670
2,0.483345,0.365465,1913.349976
3,0.374763,0.434931,2612.201904
4,0.253245,0.597844,3044.732666
5,0.219395,0.482114,3360.807373
6,0.298233,0.402393,3726.932373
7,0.305857,0.410089,4009.645996
8,0.320555,0.679886,4159.380371
9,0.357722,0.605348,4408.931152
10,0.454916,0.632519,5041.278809
11,0.487384,0.632225,5274.138672
12,0.698063,0.418989,6522.023926
13,0.766726,0.479035,6921.276855
14,0.751761,0.461462,7204.141113
15,0.829181,0.483980,7436.993164
16,0.831393,0.475962,7570.089844
17,0.993564,0.441128,11346.821289
18,0.121935,0.197808,12411.686523
19,0.136887,0.316672,13609.547852
20,0.058997,0.354497,14125.335938
21,0.998625,0.386288,14541.275391
22,0.964131,0.476872,15057.012695
23,0.968175,0.435056,15273.305664
24,0.966667,0.394378,15456.372070
25,0.760868,0.370980,16754.029297
26,0.774099,0.361092,16986.992188
27,0.842480,0.598867,17353.017578
28,0.873281,0.493685,17635.861328
29,0.991004,0.432861,18068.451172
30,0.990480,0.424607,18201.505859
31,0.983593,0.418258,18401.156250
32,0.957414,0.423161,18750.619141
33,0.029064,0.393460,21978.304688
34,0.070213,0.492689,22510.740234
35,0.066701,0.501801,22826.800781
36,0.022592,0.452554,23142.875000
37,0.859465,0.431961,24973.123047
0,0.764598,0.581777,33.265991
1,0.782762,0.505675,465.880554
2,0.743848,0.507568,831.926819
3,0.878858,0.594669,1497.391479
4,0.866629,0.588096,1647.143066
5,0.878237,0.583649,1780.239258
6,0.305519,0.043680,3094.566406
7,0.291094,0.083494,3261.046631
8,0.295209,0.101272,3377.494141
9,0.256060,0.072142,3843.314453
10,0.157822,0.357411,5690.111328
11,0.184617,0.385600,5889.744141
12,0.179792,0.372663,6189.217285
13,0.163987,0.363513,6405.500977
14,0.149072,0.381703,6804.811523
15,0.192765,0.373402,7037.731445
16,0.209497,0.384047,7270.621582
17,0.152254,0.330463,7487.000977
18,0.079398,0.401805,7736.501953
19,0.045062,0.448270,7969.410645
20,0.020697,0.478446,8219.029297
21,0.994215,0.496741,8485.221680
22,0.992602,0.481168,8967.632812
23,0.882318,0.487824,9267.130859
24,0.818416,0.468879,9466.764648
25,0.633436,0.457749,10115.705078
26,0.579284,0.468072,10331.926758
27,0.529345,0.513952,10698.001953
28,0.640112,0.475439,11147.203125
29,0.644765,0.501197,11313.620117
30,0.476981,0.478669,11696.251953
31,0.428134,0.566688,12045.622070
32,0.426141,0.694046,12345.108398
33,0.427485,0.685859,12444.974609
34,0.415858,0.804144,12711.101562
35,0.411104,0.849106,13093.774414
36,0.245861,0.603787,13859.166016
37,0.240303,0.579298,14058.744141
38,0.235426,0.618258,14424.823242
39,0.255629,0.666262,15406.498047
40,0.319277,0.514141,15705.878906
41,0.323973,0.503879,15838.994141
42,0.291680,0.481691,16055.287109
43,0.317709,0.475788,16421.310547
44,0.356086,0.471037,16637.636719
45,0.491022,0.489263,17253.158203
46,0.487801,0.483176,17436.271484
47,0.485500,0.445710,17619.271484
48,0.443500,0.347128,18068.490234
49,0.443041,0.326398,18301.437500
50,0.500720,0.299436,18500.974609
51,0.649477,0.060754,19033.423828
52,0.775528,0.145948,19532.552734
53,0.776808,0.165796,19815.439453
54,0.775913,0.145570,20081.611328
55,0.053394,0.631461,22311.009766
56,0.037592,0.560362,22477.464844
57,0.069012,0.541603,22693.664062
58,0.933482,0.584412,23259.439453
59,0.938640,0.595483,23409.156250
60,0.950783,0.630154,23558.810547
61,0.976525,0.502173,23908.234375
62,0.998755,0.471851,24091.207031
63,0.092471,0.580796,24690.175781
64,0.091475,0.581116,24823.287109
65,0.088776,0.576616,24956.369141
0,0.727979,0.534278,316.055450
1,0.775612,0.448829,515.752075
2,0.764085,0.417366,798.537048
3,0.825494,0.729797,1613.799072
4,0.827345,0.708545,1746.965820
5,0.944308,0.369521,2362.498779
6,0.897856,0.086942,2994.698975
7,0.613279,0.102441,3493.795654
8,0.601574,0.136921,3626.929932
9,0.575793,0.123337,3826.590088
10,0.521248,0.123146,3992.935059
11,0.782285,0.129099,4774.914551
12,0.900769,0.098633,4974.616211
13,0.836513,0.237151,5440.458984
14,0.562247,0.062652,6322.238281
15,0.524225,0.126597,6505.230469
16,0.571207,0.139315,6871.284668
17,0.484947,0.119565,7054.378906
18,0.251852,0.155579,7470.204102
19,0.934193,0.131737,7786.339844
20,0.235083,0.763048,9366.881836
21,0.167693,0.763655,9683.014648
22,0.518882,0.697145,10298.688477
23,0.593033,0.672032,10648.039062
24,0.629908,0.662257,10914.177734
25,0.610680,0.374734,11380.088867
26,0.506797,0.454952,11879.148438
27,0.488942,0.444589,12128.767578
28,0.790353,0.471142,13343.262695
29,0.849254,0.639269,13592.877930
30,0.825905,0.702851,13892.289062
31,0.686928,0.303896,14774.143555
32,0.568220,0.437268,15123.470703
33,0.423646,0.582339,15572.702148
34,0.412305,0.586373,15838.893555
35,0.435146,0.603254,16038.562500
36,0.445136,0.805987,16321.401367
37,0.448447,0.784838,16521.068359
38,0.414774,0.861888,16937.017578
39,0.431172,0.516803,17402.839844
40,0.447741,0.446812,17635.791016
41,0.450058,0.455361,17735.619141
42,0.457115,0.310328,17902.064453
43,0.452114,0.320929,18018.480469
44,0.445638,0.588075,18351.218750
45,0.446798,0.607563,18500.917969
46,0.438292,0.700069,18950.167969
47,0.257835,0.558127,19532.445312
48,0.343113,0.627046,19931.738281
49,0.358960,0.626215,20048.308594
50,0.824249,0.862427,21645.453125
51,0.065566,0.499175,22477.312500
52,0.205548,0.433545,22993.121094
53,0.228237,0.368424,23176.107422
54,0.218031,0.362994,23558.769531
55,0.221635,0.337667,23708.490234
56,0.320866,0.545408,24174.347656
57,0.288641,0.534508,24473.824219
58,0.402977,0.511561,24972.947266
0,0.761746,0.527687,332.787567
1,0.809832,0.601596,798.699585
2,0.810422,0.571377,998.383667
3,0.521170,0.509739,2196.169189
4,0.443754,0.653844,2479.047607
5,0.980829,0.451779,3627.040771
6,0.990915,0.372393,3826.689209
7,0.961861,0.230355,4109.487793
8,0.965163,0.250462,4226.017578
9,0.104461,0.426183,4542.094727
10,0.162244,0.367789,4758.368652
11,0.194213,0.391698,5041.202637
12,0.192824,0.380412,5141.016113
13,0.251251,0.548534,5457.141602
14,0.283708,0.605541,5640.196777
15,0.337090,0.503442,6089.350098
16,0.330642,0.495574,6189.185547
17,0.407924,0.494365,6638.391113
18,0.408437,0.490708,6754.958496
19,0.458005,0.566943,6921.284668
20,0.483191,0.620738,7270.666016
21,0.507543,0.471772,7503.566406
22,0.501231,0.471472,7969.428223
23,0.517607,0.304410,8185.773438
24,0.616482,0.447611,8601.666992
25,0.539346,0.503307,8951.029297
26,0.431737,0.649906,9599.924805
27,0.284755,0.671353,10032.489258
28,0.940593,0.227025,11396.797852
29,0.939954,0.138553,11679.580078
30,0.874832,0.102811,12045.665039
31,0.963588,0.581800,12444.935547
32,0.959020,0.583970,12578.035156
33,0.776074,0.476888,13476.457031
34,0.880716,0.420951,13925.708984
35,0.908983,0.395963,14158.685547
36,0.902416,0.649727,14607.808594
37,0.895635,0.674583,14774.187500
38,0.733157,0.476905,16487.843750
39,0.734266,0.492834,16587.707031
40,0.756955,0.537293,16970.390625
41,0.671494,0.454506,17186.675781
42,0.589090,0.474539,17536.033203
43,0.653883,0.334497,17951.988281
44,0.513058,0.500883,18184.888672
45,0.524343,0.502772,18301.373047
46,0.973957,0.313836,19599.099609
47,0.019710,0.220012,19815.365234
48,0.988397,0.431231,20397.720703
49,0.032170,0.203230,21029.917969
50,0.923624,0.445579,21445.855469
51,0.884928,0.493124,21861.791016
52,0.025603,0.518221,22743.574219
53,0.017884,0.482132,22943.224609
54,0.108339,0.441518,23226.068359
55,0.140663,0.527115,23808.427734
56,0.157488,0.504546,24174.421875
0,0.744263,0.518351,449.298645
1,0.760612,0.501676,765.318359
2,0.688499,0.453573,1081.470581
3,0.752006,0.502296,1297.718628
4,0.757904,0.500014,1597.262573
5,0.736420,0.519118,1880.137207
6,0.736788,0.519303,2096.444580
7,0.756873,0.504012,2329.357666
8,0.764666,0.513552,2662.051025
9,0.757604,0.513295,2978.242676
10,0.788095,0.521908,3327.523682
11,0.758025,0.503968,3527.167969
12,0.751429,0.509512,3760.197998
13,0.701639,0.527710,4042.989502
14,0.725236,0.531643,4292.523438
15,0.746992,0.532619,4508.798340
16,0.609215,0.465852,4958.035156
17,0.522098,0.533237,5989.585449
18,0.484670,0.502954,6155.907715
19,0.437960,0.558860,6521.934082
20,0.450827,0.423408,6721.643066
21,0.452559,0.370207,6887.977051
22,0.453666,0.608246,7237.429688
23,0.462575,0.665532,7437.028809
24,0.468943,0.711444,7636.715332
25,0.465672,0.757983,7902.947266
26,0.369219,0.836085,8202.442383
27,0.295469,0.613227,8768.011719
28,0.272742,0.575938,9034.200195
29,0.241596,0.558093,9317.062500
30,0.297841,0.482827,9733.019531
31,0.243518,0.515476,10065.742188
32,0.140238,0.380121,10681.352539
33,0.167593,0.348988,10831.083984
34,0.174703,0.355718,11113.939453
35,0.184937,0.375139,11479.948242
36,0.183422,0.363921,11613.125000
37,0.145437,0.173234,11995.793945
38,0.294908,0.594573,13359.984375
39,0.310198,0.547009,13609.583008
40,0.362170,0.530134,13859.207031
41,0.466453,0.410467,14491.329102
42,0.569378,0.491360,14973.861328
43,0.593994,0.522319,15256.765625
44,0.624822,0.475045,15489.594727
45,0.627681,0.505658,15789.071289
46,0.624363,0.503203,15955.439453
47,0.633772,0.491587,16121.860352
48,0.781821,0.493918,16837.285156
49,0.816153,0.518896,17153.353516
50,0.841247,0.458423,17369.644531
51,0.859644,0.416569,17935.408203
52,0.573994,0.071399,19133.253906
53,0.491118,0.042988,19299.634766
54,0.453563,0.075546,19931.843750
55,0.530472,0.073046,20214.671875
56,0.977076,0.235228,21163.039062
57,0.975429,0.584912,22194.552734
58,0.011530,0.479080,23059.701172
59,0.857868,0.164878,23941.503906
60,0.612035,0.055461,24523.808594
61,0.564240,0.057290,24956.388672
0,0.749602,0.513605,266.190979
1,0.761106,0.481991,515.808350
2,0.706127,0.511881,1281.087524
3,0.782975,0.460351,1713.670654
4,0.850406,0.522376,1930.010254
5,0.844896,0.526444,2013.140747
6,0.871897,0.573557,2229.479492
7,0.846148,0.561003,2462.360107
8,0.872341,0.544152,2745.203613
9,0.832024,0.617845,2994.778320
10,0.631294,0.469109,3893.177002
11,0.626268,0.453910,4009.707031
12,0.684338,0.358717,4225.978516
13,0.553393,0.485571,4841.558105
14,0.534513,0.501925,5041.208984
15,0.522207,0.529947,5307.392090
16,0.590454,0.549352,5590.267090
17,0.481746,0.476295,5806.517578
18,0.486477,0.465402,6172.560547
19,0.500308,0.356786,6538.615723
20,0.489480,0.469334,7004.413574
21,0.435598,0.548953,7270.642578
22,0.448228,0.589038,7503.604980
23,0.454069,0.390772,7803.140137
24,0.445592,0.723159,8917.799805
25,0.275381,0.568407,9433.502930
26,0.295857,0.509325,9766.342773
27,0.361791,0.617525,10032.490234
28,0.291037,0.657802,10415.188477
29,0.299220,0.495027,10581.528320
30,0.300867,0.491037,10731.352539
31,0.794671,0.473339,12960.691406
32,0.789494,0.470374,13093.779297
33,0.946694,0.278871,14125.416016
34,0.951259,0.195247,14341.611328
35,0.939720,0.141340,14491.383789
36,0.931946,0.104894,14707.678711
37,0.933150,0.114973,15057.129883
38,0.960866,0.076670,15373.147461
39,0.965391,0.059765,15522.875000
40,0.988206,0.026775,15705.915039
41,0.107195,0.024155,15888.889648
42,0.176676,0.028757,16121.868164
43,0.173216,0.057071,16321.518555
44,0.150040,0.078147,16554.421875
45,0.240760,0.023382,16903.792969
46,0.001505,0.030557,17153.404297
47,0.958102,0.163294,17502.820312
48,0.110152,0.361123,18717.349609
49,0.158064,0.321470,19000.185547
50,0.185462,0.313766,19233.080078
51,0.195163,0.318980,19432.724609
52,0.243548,0.468989,19998.435547
53,0.153001,0.490646,20364.460938
54,0.033282,0.484358,20930.140625
55,0.080877,0.539617,21146.423828
56,0.085646,0.548473,21445.867188
57,0.098361,0.560061,21728.685547
58,0.010355,0.507204,21928.376953
59,0.260535,0.501998,23026.437500
60,0.294037,0.556893,23325.921875
61,0.252172,0.550244,23592.111328
62,0.205585,0.480044,23758.517578
63,0.153872,0.384556,24074.619141
64,0.002527,0.485120,24790.083984
65,0.008311,0.473682,24956.396484
0,0.758952,0.546104,565.718689
1,0.525774,0.492789,1613.870483
2,0.441140,0.559164,1929.896362
3,0.494315,0.411615,2844.951904
4,0.439963,0.828507,3643.606689
5,0.616724,0.570691,3959.679199
6,0.854250,0.516794,4891.444824
7,0.906621,0.108343,5989.571289
8,0.023953,0.028140,6222.436035
9,0.257736,0.047283,6488.666992
10,0.269931,0.098265,6937.852539
11,0.104564,0.289970,8817.882812
12,0.145975,0.271280,9084.097656
13,0.065961,0.521837,9749.591797
14,0.008652,0.459473,10049.037109
15,0.012887,0.448980,10215.412109
16,0.940029,0.544478,10481.655273
17,0.935520,0.548021,10980.773438
18,0.743169,0.461722,11696.190430
19,0.711352,0.473369,11979.013672
20,0.768940,0.439543,12411.581055
21,0.607419,0.442947,13326.644531
22,0.422485,0.568834,14225.094727
23,0.290743,0.637393,14574.473633
24,0.247657,0.583924,14940.492188
25,0.157295,0.325261,15722.501953
26,0.163474,0.296496,15955.407227
27,0.081826,0.423994,16338.077148
28,0.073953,0.471228,16670.798828
29,0.095474,0.497581,17003.589844
30,0.303578,0.494317,17885.333984
31,0.409276,0.466686,18351.222656
32,0.486472,0.468040,18683.970703
33,0.506303,0.460549,18817.062500
34,0.498639,0.460318,19016.708984
35,0.582019,0.435381,19216.371094
36,0.630041,0.438072,19698.857422
37,0.616241,0.612104,20064.894531
38,0.610929,0.625940,20247.884766
39,0.778761,0.486097,20979.937500
40,0.771977,0.489593,21129.683594
41,0.825117,0.512473,21479.072266
42,0.830128,0.606129,21878.402344
43,0.741633,0.488947,22327.613281
44,0.701478,0.495742,22810.076172
45,0.698469,0.490736,22893.273438
46,0.529479,0.523144,23575.445312
47,0.527421,0.537921,23991.373047
48,0.479669,0.600344,24224.306641
49,0.572819,0.575898,24690.117188
50,0.557361,0.480030,24939.710938
0,0.783604,0.496862,399.377380
1,0.887131,0.584213,964.984802
2,0.880868,0.590219,1064.789551
3,0.870398,0.594593,1164.587036
4,0.852295,0.657274,1397.529907
5,0.964278,0.457605,1713.631104
6,0.942000,0.385527,1946.594116
7,0.931836,0.275529,2196.151367
8,0.886010,0.170012,2545.526123
9,0.852182,0.107111,2745.207031
10,0.779339,0.084484,2894.974854
11,0.681842,0.085469,3161.117188
12,0.689696,0.129750,3493.915039
13,0.674541,0.126046,3627.010742
14,0.749210,0.070240,3810.074951
15,0.962899,0.072532,4109.548340
16,0.938262,0.127302,4425.577637
17,0.053753,0.376412,5190.940918
18,0.087478,0.389925,5324.069336
19,0.156867,0.343898,5756.652344
20,0.167669,0.323979,5972.910645
21,0.163342,0.338632,6205.769531
22,0.191588,0.325753,6438.722168
23,0.263135,0.456580,6987.770508
24,0.258828,0.476502,7070.937012
25,0.325943,0.566694,7570.078125
26,0.346668,0.559571,7753.090332
27,0.361565,0.559343,7985.996094
28,0.371364,0.726749,8451.857422
29,0.458664,0.699364,8901.072266
30,0.463001,0.605881,9117.356445
31,0.446213,0.518076,9466.764648
32,0.444014,0.352208,9832.784180
33,0.504425,0.404180,10065.737305
34,0.501419,0.427100,10198.839844
35,0.537960,0.441610,10564.835938
36,0.453815,0.580941,10930.885742
37,0.284395,0.508645,11746.103516
38,0.304019,0.479202,11895.866211
39,0.998123,0.485671,13426.488281
40,0.947552,0.597484,13875.731445
41,0.117989,0.875295,14474.685547
42,0.772365,0.130762,16088.543945
43,0.733205,0.160399,16371.355469
44,0.676574,0.463278,18517.623047
45,0.788752,0.489111,18983.460938
46,0.770703,0.480318,19116.568359
47,0.861941,0.562113,19532.501953
48,0.858924,0.614036,19831.976562
49,0.839408,0.645637,20015.041016
50,0.856797,0.657420,20813.582031
51,0.726415,0.491818,21545.642578
52,0.562378,0.508294,22078.076172
53,0.530629,0.535025,22277.691406
54,0.581691,0.659185,22560.535156
55,0.623854,0.591246,23026.392578
56,0.628584,0.449765,23375.773438
57,0.485392,0.503152,23941.480469
58,0.479782,0.500513,24107.851562
59,0.481360,0.465637,24274.218750
60,0.489022,0.469036,24457.265625
61,0.497209,0.456588,24573.685547
0,0.773135,0.505454,382.638184
1,0.735875,0.510514,698.773438
2,0.623754,0.486730,1098.079346
3,0.631480,0.479751,1214.550415
4,0.583805,0.522286,1547.353516
5,0.553445,0.526117,1763.557861
6,0.559994,0.604674,2013.242676
7,0.558524,0.614117,2113.046875
8,0.466584,0.584212,2395.783203
9,0.440918,0.635539,2678.667725
10,0.453297,0.578684,3144.490234
11,0.496961,0.477749,3360.802490
12,0.466365,0.396714,3627.012939
13,0.763348,0.527763,4292.496582
14,0.840259,0.576663,4708.458496
15,0.867254,0.592233,4924.741211
16,0.954563,0.483268,5457.168457
17,0.960062,0.438511,5739.984863
18,0.965320,0.356106,5989.544922
19,0.959448,0.311877,6222.531250
20,0.057747,0.443802,6738.273438
21,0.053633,0.450069,6887.957520
22,0.092710,0.431949,7087.646484
23,0.089188,0.428246,7254.016113
24,0.084263,0.409044,7503.577637
25,0.141781,0.388079,7886.231934
26,0.145287,0.384990,7969.411621
27,0.171105,0.389790,8435.285156
28,0.200866,0.402407,8734.755859
29,0.198997,0.404071,8884.518555
30,0.085839,0.549525,9150.676758
31,0.052754,0.525231,9500.069336
32,0.029330,0.496502,9849.420898
33,0.082217,0.540950,10132.290039
34,0.097657,0.502017,10398.476562
35,0.073008,0.447246,10764.633789
36,0.169835,0.468762,11247.033203
37,0.223964,0.483382,11679.601562
38,0.217773,0.492499,11895.846680
39,0.187147,0.493780,12112.166016
40,0.058627,0.655044,12311.837891
41,0.973648,0.534741,12711.123047
42,0.995226,0.457909,12894.158203
43,0.880989,0.483252,13559.642578
44,0.824848,0.475584,13842.483398
45,0.768910,0.533427,14241.760742
46,0.761874,0.655569,14591.156250
47,0.697001,0.726521,14890.657227
48,0.653494,0.527749,15190.107422
49,0.666866,0.464068,15356.522461
50,0.673446,0.454964,15556.155273
51,0.681529,0.454809,15722.497070
52,0.674874,0.447584,16338.098633
53,0.687780,0.452028,16770.677734
54,0.694487,0.440151,17120.146484
55,0.673343,0.361995,17536.044922
56,0.684733,0.838574,18151.683594
57,0.686399,0.829632,18268.105469
58,0.618268,0.709054,18584.154297
59,0.525022,0.485806,19199.773438
60,0.489594,0.474544,19449.382812
61,0.491183,0.456443,19748.841797
62,0.497294,0.379519,20231.291016
63,0.546752,0.454740,20514.177734
64,0.645930,0.479035,20846.955078
65,0.627110,0.565925,21179.681641
66,0.667455,0.400116,21612.240234
67,0.660888,0.417672,21695.449219
68,0.687344,0.443018,21994.974609
69,0.677963,0.511879,22361.023438
70,0.695840,0.406640,23076.371094
71,0.698693,0.435295,23209.445312
72,0.698421,0.422168,23791.769531
73,0.764249,0.461667,24191.132812
74,0.763513,0.413855,24423.974609
0,0.780889,0.489386,299.478485
1,0.753791,0.468916,615.559753
2,0.873623,0.574958,1114.733521
3,0.856082,0.574883,1297.748291
4,0.865538,0.508291,1647.116699
5,0.829015,0.443075,2079.719238
6,0.715602,0.420904,2412.461914
7,0.640874,0.461725,2811.785645
8,0.610300,0.467953,3177.780273
9,0.618233,0.461833,3593.682617
10,0.594329,0.464750,3776.736328
11,0.597587,0.462143,3893.233154
12,0.581341,0.519567,4691.826172
13,0.538221,0.550933,4957.979980
14,0.516179,0.542867,5257.492188
15,0.581546,0.501787,5706.721680
16,0.596411,0.575645,6322.252930
17,0.592010,0.642560,6588.515137
18,0.419667,0.592176,7237.358398
19,0.428166,0.575519,7337.145508
20,0.433387,0.531472,7570.072266
21,0.423623,0.463104,7869.578125
22,0.492428,0.445132,8135.741699
23,0.501189,0.429321,8385.358398
24,0.442054,0.383372,8751.425781
25,0.433823,0.372317,8917.747070
26,0.421036,0.392086,9183.953125
27,0.315020,0.713055,9633.127930
28,0.266887,0.708253,9949.262695
29,0.363247,0.639946,10398.552734
30,0.375095,0.616959,10614.782227
31,0.217861,0.558000,11063.966797
32,0.180138,0.522902,11330.219727
33,0.149892,0.430188,11679.612305
34,0.151491,0.425855,11779.412109
35,0.104670,0.444089,11962.414062
36,0.116112,0.397414,12261.983398
37,0.163931,0.430061,12661.203125
38,0.311604,0.476722,13093.757812
39,0.041301,0.537678,14125.301758
40,0.975397,0.569902,14491.309570
41,0.974877,0.559337,14591.181641
42,0.936724,0.570659,14774.208984
43,0.937702,0.556067,14874.009766
44,0.925224,0.525352,15056.990234
45,0.916417,0.470748,15240.028320
46,0.895245,0.402871,15622.756836
47,0.889714,0.397413,15839.026367
48,0.876596,0.380061,15988.695312
49,0.879284,0.361557,16254.899414
50,0.883593,0.332921,16421.363281
51,0.887619,0.375002,16604.341797
52,0.042410,0.465810,17020.224609
53,0.037092,0.479634,17203.263672
54,0.011643,0.480237,17502.781250
55,0.941784,0.523576,18118.300781
56,0.766854,0.599866,18867.050781
57,0.770915,0.583631,18983.490234
58,0.752741,0.570035,19133.236328
59,0.753935,0.561471,19299.570312
60,0.737343,0.544584,19432.703125
61,0.867628,0.543057,20597.359375
62,0.873656,0.599325,21046.556641
63,0.819456,0.540133,21495.726562
64,0.811428,0.466556,21811.900391
65,0.806978,0.472678,21928.392578
66,0.942398,0.449743,22311.005859
67,0.992236,0.467046,23126.234375
0,0.820507,0.608555,16.634785
1,0.731575,0.586221,366.031128
2,0.723011,0.493394,565.640991
3,0.836219,0.566643,1264.486694
4,0.820809,0.650685,1730.354492
5,0.900105,0.178018,2778.493408
6,0.657106,0.023351,3244.353027
7,0.390351,0.051197,3610.426270
8,0.413398,0.102556,3793.374023
9,0.405899,0.023587,4575.299805
10,0.786333,0.065590,4824.941406
11,0.454531,0.112766,5673.419922
12,0.221985,0.136573,5989.499512
13,0.205438,0.117089,6222.427246
14,0.919340,0.595601,7353.814453
15,0.923707,0.584171,7486.901855
16,0.071686,0.428164,7986.003906
17,0.986438,0.546522,8468.487305
18,0.982832,0.479435,8701.500977
19,0.140510,0.361217,9283.738281
20,0.163444,0.359065,9433.509766
21,0.188002,0.619449,9866.052734
22,0.170345,0.561873,10115.697266
23,0.123244,0.517426,10331.999023
24,0.120933,0.495976,10864.362305
25,0.237019,0.656145,11113.916016
26,0.298220,0.539560,11529.875000
27,0.297751,0.534748,11646.334961
28,0.297077,0.496355,11912.579102
29,0.332946,0.754958,12328.486328
30,0.270747,0.814277,12794.291992
31,0.256223,0.891147,13326.719727
32,0.261463,0.887141,13526.407227
33,0.233546,0.796272,13709.342773
34,0.240709,0.709798,13908.979492
35,0.270189,0.630842,14158.653320
36,0.242824,0.507435,14358.239258
37,0.285327,0.466535,15107.008789
38,0.223678,0.486838,15439.687500
39,0.205747,0.488128,15639.306641
40,0.109883,0.542550,15938.822266
41,0.959981,0.521417,16521.119141
42,0.972366,0.496512,16937.072266
43,0.986831,0.533869,17269.802734
44,0.879441,0.543601,17619.269531
45,0.807725,0.490958,18068.386719
46,0.809652,0.473441,18318.076172
47,0.719231,0.475041,18517.666016
48,0.726004,0.464861,18617.441406
49,0.712980,0.535611,19000.199219
50,0.721555,0.522852,19233.076172
51,0.725423,0.512985,19449.423828
52,0.649887,0.480879,19815.335938
53,0.651850,0.471437,20048.304688
54,0.644648,0.333244,20281.220703
55,0.655594,0.313042,20480.900391
56,0.568923,0.492539,20763.666016
57,0.569796,0.506523,20963.326172
58,0.587602,0.457999,21312.773438
59,0.505905,0.528079,21595.626953
60,0.599337,0.475081,22044.914062
61,0.479809,0.542212,22527.291016
62,0.487299,0.532064,22660.396484
63,0.503139,0.520843,22893.316406
64,0.461140,0.504948,23242.675781
65,0.463706,0.511760,23425.724609
66,0.465096,0.499448,23575.435547
67,0.461330,0.465700,23708.523438
68,0.465793,0.498414,24124.552734
69,0.400556,0.632934,24357.410156
0,0.763581,0.528044,432.579559
1,0.553813,0.543939,1314.323120
2,0.556253,0.547986,1414.150513
3,0.562954,0.623528,1580.538452
4,0.624234,0.446763,2112.909668
5,0.468238,0.521756,2612.020996
6,0.504928,0.440568,2894.895020
7,0.473031,0.365242,3260.970947
8,0.694051,0.456843,4425.525391
9,0.794917,0.494000,4874.784668
10,0.855642,0.628217,5473.735352
11,0.951433,0.228813,6405.443848
12,0.194136,0.022172,7220.633789
13,0.298669,0.047667,7403.658691
14,0.330622,0.073160,7802.992676
15,0.035771,0.028230,8318.720703
16,0.905292,0.170478,8584.935547
17,0.934920,0.136190,8950.989258
18,0.183770,0.358533,10431.723633
19,0.195646,0.383069,10747.855469
20,0.199281,0.381853,10997.377930
21,0.239140,0.413330,11263.605469
22,0.077115,0.539017,12311.804688
23,0.055757,0.543358,12577.988281
24,0.126457,0.510732,12860.802734
25,0.161856,0.508717,13060.473633
26,0.175641,0.519098,13310.006836
27,0.016937,0.492289,13809.199219
28,0.996911,0.475883,14008.868164
29,0.008690,0.478014,14324.933594
30,0.963445,0.581090,14640.999023
31,0.954518,0.599837,14724.230469
32,0.816905,0.613708,15572.745117
33,0.847446,0.634020,15855.544922
34,0.844983,0.529896,16055.258789
35,0.760527,0.490816,16437.857422
36,0.742536,0.495659,16687.468750
37,0.742645,0.480049,16837.169922
38,0.697389,0.521655,17169.984375
39,0.696815,0.513421,17303.033203
40,0.630648,0.498826,17635.820312
41,0.603726,0.497569,17785.505859
42,0.668930,0.339983,18218.091797
43,0.571523,0.462641,18550.871094
44,0.531094,0.527750,18750.494141
45,0.517396,0.556869,19049.972656
46,0.487846,0.507419,19233.074219
47,0.481182,0.475137,19449.326172
48,0.428768,0.398767,19782.115234
49,0.440254,0.630732,20031.630859
50,0.439599,0.739888,20364.371094
51,0.332900,0.655549,20663.861328
52,0.340391,0.645510,20780.289062
53,0.314355,0.585525,21113.117188
54,0.310733,0.572376,21312.777344
55,0.312382,0.530139,21445.888672
56,0.532459,0.469853,22061.390625
57,0.442502,0.502851,22760.189453
58,0.431481,0.500786,22943.269531
59,0.446981,0.495808,23142.833984
60,0.416649,0.483372,23475.578125
61,0.385180,0.485694,23725.269531
62,0.325853,0.481753,24274.273438
63,0.527249,0.358565,24989.656250
0,0.757233,0.499698,432.585083
1,0.759654,0.477661,698.742676
2,0.757228,0.478763,931.714844
3,0.701963,0.496679,1098.126343
4,0.641466,0.475821,1380.923584
5,0.614810,0.453004,1563.973511
6,0.568428,0.461341,2046.455688
7,0.531805,0.474037,2445.760986
8,0.529722,0.481958,2628.792236
9,0.511675,0.444171,2878.361328
10,0.482740,0.451152,3044.770752
11,0.454792,0.389533,3377.441162
12,0.449675,0.367748,3593.776611
13,0.432541,0.562427,3926.541748
14,0.437712,0.572324,4159.421387
15,0.424159,0.641605,4325.853027
16,0.433328,0.657670,4558.712402
17,0.474421,0.631639,4741.757324
18,0.877077,0.517316,6106.047363
19,0.941175,0.497091,6322.331055
20,0.960716,0.469159,6605.094238
21,0.995734,0.479878,6921.207031
22,0.047080,0.468852,7220.744629
23,0.072865,0.405206,7570.079102
24,0.065111,0.398480,7686.602539
25,0.103250,0.392398,7853.008301
26,0.163444,0.375728,8119.112793
27,0.176577,0.369519,8352.078125
28,0.191102,0.357289,8585.033203
29,0.216846,0.401456,8917.749023
30,0.270326,0.491104,9267.124023
31,0.289923,0.603494,9616.524414
32,0.310590,0.552739,9882.826172
33,0.319910,0.487983,10365.208008
34,0.356172,0.663967,10614.773438
35,0.354520,0.691187,10747.898438
36,0.446549,0.672869,11796.018555
37,0.760086,0.457920,13892.374023
38,0.731821,0.478876,14158.573242
39,0.741763,0.493495,14524.623047
40,0.664769,0.472673,14907.303711
41,0.678783,0.443006,15123.601562
42,0.576262,0.485969,15439.664062
43,0.480557,0.386587,16038.625000
44,0.487614,0.493377,16321.461914
45,0.566019,0.505907,16654.253906
46,0.444091,0.591417,17003.595703
47,0.252266,0.601697,17985.230469
48,0.257476,0.580596,18101.669922
49,0.287841,0.490405,18384.511719
50,0.303906,0.488470,18550.984375
51,0.313596,0.471329,18883.628906
52,0.458077,0.533326,19599.105469
53,0.490154,0.517680,19981.712891
54,0.483998,0.487667,20181.480469
55,0.472024,0.418889,20647.273438
56,0.331387,0.495376,21113.138672
57,0.333497,0.521088,21429.232422
58,0.309600,0.512237,21612.273438
59,0.344993,0.545110,22394.210938
60,0.347720,0.563736,22593.810547
61,0.371673,0.472230,22860.105469
62,0.395803,0.429561,23409.115234
63,0.386791,0.658715,24074.613281
64,0.401681,0.632831,24423.958984
0,0.764750,0.647609,249.557693
1,0.764097,0.507649,582.363647
2,0.573113,0.503246,1514.093262
3,0.510250,0.534023,1830.238770
4,0.513630,0.531282,1963.291748
5,0.450762,0.501185,2628.859131
6,0.463473,0.499728,2728.604248
7,0.442169,0.733885,3427.409912
8,0.459410,0.813748,3776.771973
9,0.257257,0.765021,4076.220947
10,0.246727,0.641228,4741.746582
11,0.359213,0.636489,5074.501953
12,0.351643,0.643282,5240.959961
13,0.461790,0.565940,5490.463867
14,0.487837,0.510474,6322.360352
15,0.503808,0.394672,6671.720215
16,0.508719,0.340702,6921.284668
17,0.513073,0.337844,7054.423828
18,0.504270,0.363684,7270.685059
19,0.858646,0.075208,9117.515625
20,0.857781,0.029088,9383.655273
21,0.783774,0.014957,9633.170898
22,0.978957,0.011411,9832.829102
23,0.172142,0.024569,10132.357422
24,0.141069,0.030113,10248.818359
25,0.998116,0.523566,11230.411133
26,0.986463,0.538003,11380.110352
27,0.978301,0.545208,11479.949219
28,0.160201,0.352894,12261.966797
29,0.198249,0.361768,12461.561523
30,0.244288,0.402534,12844.264648
31,0.321090,0.607437,13476.482422
32,0.370216,0.624173,13759.376953
33,0.362570,0.622310,13875.796875
34,0.160465,0.443922,14408.194336
35,0.155939,0.395873,14557.947266
36,0.326394,0.505633,15023.871094
37,0.318743,0.510894,15156.876953
38,0.314783,0.507834,15406.416016
39,0.102823,0.496696,16038.734375
40,0.972555,0.505845,16870.564453
41,0.933958,0.338586,17136.769531
42,0.934691,0.239025,17336.400391
43,0.885781,0.147396,17586.003906
44,0.789772,0.086877,18051.880859
45,0.696023,0.068670,18368.005859
46,0.792745,0.036379,18634.187500
47,0.918409,0.041311,18950.316406
48,0.955026,0.565310,20248.015625
49,0.959529,0.625557,20464.302734
50,0.994344,0.491641,20863.625000
51,0.013900,0.480125,21046.576172
52,0.998975,0.471223,21262.890625
53,0.811375,0.592944,21762.033203
54,0.732475,0.539991,22460.826172
55,0.744425,0.493148,22710.384766
56,0.873922,0.564626,23076.347656
57,0.614530,0.483650,24107.941406
58,0.700304,0.454923,24623.634766
0,0.740580,0.514094,233.021729
1,0.750930,0.533947,465.959290
2,0.664900,0.378436,765.457458
3,0.681126,0.432900,1048.242432
4,0.721297,0.562383,1314.478394
5,0.750369,0.560905,1680.497925
6,0.622419,0.408008,2196.229004
7,0.602206,0.383881,2462.413574
8,0.584583,0.394620,2811.897217
9,0.627655,0.379943,3161.209229
10,0.633819,0.405218,3460.777344
11,0.559845,0.376806,3793.467285
12,0.709135,0.592417,4275.976074
13,0.701287,0.465300,4775.047363
14,0.933271,0.327280,5490.494141
15,0.967221,0.224788,5756.681641
16,0.993529,0.139284,5956.318359
17,0.997696,0.195873,6638.475098
18,0.943682,0.362352,6937.984863
19,0.216101,0.086538,8219.120117
20,0.903115,0.488551,9050.917969
21,0.932852,0.583805,9417.061523
22,0.944503,0.537651,9949.400391
23,0.033900,0.417429,10481.772461
24,0.045540,0.379819,10747.970703
25,0.138226,0.268113,11330.256836
26,0.136229,0.532200,12261.987305
27,0.104674,0.615183,12494.916016
28,0.048521,0.627022,12860.957031
29,0.044989,0.623937,12960.794922
30,0.037504,0.611575,13060.662109
31,0.035252,0.598080,13143.756836
32,0.035695,0.609074,13692.850586
33,0.151075,0.483782,14075.494141
34,0.128576,0.594862,14441.538086
35,0.093411,0.616292,14924.072266
36,0.117250,0.561849,15306.709961
37,0.105758,0.312152,15772.592773
38,0.126616,0.235696,15955.558594
39,0.131666,0.582500,16404.755859
40,0.110641,0.619626,16604.501953
41,0.974378,0.702769,17170.054688
42,0.950446,0.687580,17369.730469
43,0.988484,0.673743,17702.464844
44,0.934413,0.353954,18384.601562
45,0.833837,0.598751,18850.447266
46,0.804095,0.752146,19332.937500
47,0.749052,0.556602,19665.753906
48,0.749361,0.481732,19865.390625
49,0.862022,0.449165,20314.628906
50,0.869867,0.451882,20580.845703
51,0.837435,0.443770,21296.208984
52,0.869693,0.446168,21745.390625
53,0.794220,0.431649,22261.195312
54,0.736688,0.437432,22527.433594
55,0.713365,0.434193,22793.607422
56,0.675207,0.441666,23409.156250
57,0.610624,0.430676,24374.140625
58,0.603605,0.438809,24573.818359
59,0.604948,0.448504,24690.259766
60,0.605664,0.452508,24973.146484
0,0.805208,0.575588,981.552917
1,0.550462,0.559407,1680.260254
2,0.463745,0.581131,2046.326538
3,0.443928,0.604080,2212.699951
4,0.513286,0.489300,2695.162354
5,0.503441,0.432663,3011.376465
6,0.464617,0.362287,3260.836670
7,0.956005,0.405916,4575.213379
8,0.937579,0.379871,4791.567871
9,0.864701,0.188795,5307.296875
10,0.805199,0.118512,5540.207520
11,0.790117,0.062335,5723.256348
12,0.010564,0.037978,6072.612305
13,0.848636,0.094585,6455.262207
14,0.824735,0.196201,6654.914062
15,0.926764,0.395476,8169.009277
16,0.945433,0.335241,8584.964844
17,0.150837,0.393170,9316.976562
18,0.166324,0.386844,9499.990234
19,0.349079,0.743547,10598.131836
20,0.390023,0.688963,11113.818359
21,0.273503,0.917613,11546.416016
22,0.303486,0.865172,11795.993164
23,0.941216,0.922640,12810.923828
24,0.907930,0.456430,13725.911133
25,0.993668,0.446736,14225.063477
26,0.507424,0.420300,16204.936523
27,0.507779,0.405137,16454.437500
28,0.499668,0.427240,16887.109375
29,0.504440,0.404217,17269.685547
30,0.499546,0.399595,17935.208984
31,0.507696,0.462312,18151.478516
32,0.505545,0.443738,18467.611328
33,0.518242,0.432753,18883.550781
34,0.497468,0.402877,19116.482422
35,0.472696,0.386198,19482.500000
36,0.498623,0.426543,19648.927734
37,0.505342,0.436423,19948.337891
38,0.506265,0.420534,20164.658203
39,0.506225,0.417964,20281.093750
40,0.519812,0.447371,20497.488281
41,0.531489,0.443941,21029.794922
42,0.556738,0.488922,21512.318359
43,0.557045,0.513642,21645.406250
44,0.555158,0.587178,22111.326172
45,0.553265,0.612357,22427.363281
46,0.522222,0.593044,22693.578125
47,0.487926,0.584154,22943.146484
48,0.471086,0.591038,23142.750000
49,0.490260,0.569506,23442.271484
50,0.495568,0.563122,23658.609375
51,0.440909,0.661803,24041.201172
52,0.440335,0.745142,24573.646484
0,0.760315,0.488705,382.699188
1,0.766392,0.533119,815.290833
2,0.593552,0.596689,1430.934204
3,0.561810,0.589602,1713.671753
4,0.522812,0.538340,1963.275879
5,0.462562,0.597440,2412.487793
6,0.472665,0.515283,2811.755859
7,0.472945,0.483592,2994.766357
8,0.591980,0.585503,3327.551514
9,0.583603,0.637427,3610.383057
10,0.582419,0.656379,3876.653564
11,0.588514,0.695071,4192.678711
12,0.598428,0.699558,4492.238770
13,0.666419,0.428860,5007.924316
14,0.559393,0.465479,5390.663574
15,0.525183,0.468921,5573.635742
16,0.438963,0.534432,5939.647461
17,0.438422,0.656751,6172.629883
18,0.459899,0.752054,6438.751465
19,0.457708,0.785566,6704.942383
20,0.236298,0.581280,7620.028320
21,0.240278,0.565777,7719.841797
22,0.258539,0.515649,7869.622559
23,0.189012,0.516628,8218.963867
24,0.186846,0.503698,8302.210938
25,0.189271,0.487917,8451.889648
26,0.170489,0.425198,8618.292969
27,0.174930,0.416293,8734.822266
28,0.141071,0.396732,8984.333984
29,0.168320,0.530263,9317.078125
30,0.163635,0.512407,9566.609375
31,0.241040,0.478797,9949.310547
32,0.243140,0.498171,10215.574219
33,0.302677,0.534118,10415.214844
34,0.339642,0.594148,10781.165039
35,0.366740,0.621355,11063.992188
36,0.511333,0.465192,11862.647461
37,0.608756,0.451533,12145.475586
38,0.507071,0.343602,12411.731445
39,0.955008,0.470697,13543.063477
40,0.971934,0.443459,13759.322266
41,0.955083,0.365611,13975.666992
42,0.027762,0.377148,14341.632812
43,0.950190,0.080905,15506.271484
44,0.949066,0.060628,15672.615234
45,0.844759,0.027543,15922.182617
46,0.829838,0.071762,16354.770508
47,0.999041,0.510764,17153.373047
48,0.013335,0.483464,17319.824219
49,0.019785,0.491009,17669.210938
50,0.020666,0.488892,17785.681641
51,0.074778,0.440165,18035.259766
52,0.074937,0.425838,18268.167969
53,0.123228,0.403957,18484.363281
54,0.163356,0.403169,18817.156250
55,0.133126,0.520375,19216.492188
56,0.128200,0.508007,19665.750000
57,0.171983,0.525613,20114.865234
58,0.128592,0.500073,20647.287109
59,0.009530,0.482873,20980.021484
60,0.013806,0.483327,21113.109375
61,0.984060,0.472670,21479.193359
62,0.968898,0.470894,21612.259766
63,0.940382,0.470242,21945.070312
64,0.931756,0.525034,22177.957031
65,0.850284,0.550540,22527.330078
66,0.806662,0.516368,22893.419922
67,0.757691,0.511137,23209.498047
68,0.748808,0.492698,23409.171875
69,0.745717,0.491702,23858.345703
70,0.757026,0.537571,24174.515625
71,0.750584,0.483440,24490.591797
0,0.761222,0.729165,166.324860
1,0.771500,0.597474,399.251556
2,0.776925,0.521506,582.284485
3,0.779541,0.459598,865.190247
4,0.741167,0.470023,1197.886230
5,0.547189,0.491477,2179.462646
6,0.607295,0.439652,2329.329590
7,0.602909,0.669268,2512.233398
8,0.591848,0.718816,2761.828857
9,0.863424,0.672348,3610.332764
10,0.337024,0.036504,5523.689941
11,0.362764,0.051305,5656.711426
12,0.915894,0.160227,6022.754395
13,0.063337,0.439209,6937.853516
14,0.173842,0.343597,7736.482910
15,0.185252,0.315059,7986.046875
16,0.200907,0.362279,8268.891602
17,0.050620,0.459547,8901.057617
18,0.032201,0.536635,9200.627930
19,0.994364,0.511409,9566.553711
20,0.015356,0.504373,9866.132812
21,0.914192,0.589753,10448.437500
22,0.828436,0.606640,10980.766602
23,0.759772,0.528717,11529.820312
24,0.843546,0.458962,12028.939453
25,0.855547,0.417370,12361.781250
26,0.857081,0.419306,12577.963867
27,0.677235,0.473882,13143.654297
28,0.678519,0.454548,13326.642578
29,0.684773,0.457473,13759.340820
30,0.592988,0.526548,14008.862305
31,0.527112,0.552504,14507.982422
32,0.490351,0.484175,14757.514648
33,0.490453,0.478063,14890.590820
34,0.457178,0.674565,15572.794922
35,0.499872,0.484975,16188.364258
36,0.493446,0.499248,16288.155273
37,0.321214,0.714338,16970.365234
38,0.374513,0.645084,17469.492188
39,0.442037,0.914652,18085.056641
40,0.744131,0.958687,18783.828125
41,0.704340,0.435188,20464.199219
42,0.511242,0.614933,21113.048828
43,0.485129,0.497322,21578.904297
44,0.512362,0.325679,22094.726562
45,0.302228,0.630978,22910.033203
46,0.301384,0.530204,23342.515625
47,0.300214,0.510171,23691.869141
48,0.342350,0.767325,24224.314453
49,0.319614,0.788960,24490.468750
50,0.293147,0.753527,24740.037109
51,0.230681,0.522924,24973.027344
0,0.748316,0.501032,349.381622
1,0.762646,0.527009,549.024292
2,0.758757,0.526258,648.825256
3,0.858388,0.582914,1081.433105
4,0.978989,0.380841,1946.584473
5,0.845820,0.076243,2612.073730
6,0.871789,0.038579,2844.987793
7,0.705508,0.023706,3077.924072
8,0.581599,0.036982,3310.838867
9,0.889513,0.110360,3926.464355
10,0.705420,0.161038,4325.769531
11,0.684572,0.183370,4508.803711
12,0.920873,0.136398,4924.699219
13,0.087683,0.452047,6172.513184
14,0.117813,0.402200,6355.538574
15,0.195678,0.410648,6854.675781
16,0.189764,0.406167,6954.484863
17,0.203367,0.413613,7154.135254
18,0.230208,0.515071,7570.066406
19,0.992780,0.507725,8169.029785
20,0.004450,0.483435,8352.051758
21,0.997606,0.476282,8751.342773
22,0.736079,0.541610,9450.135742
23,0.445254,0.581618,10664.674805
24,0.486641,0.487920,11080.604492
25,0.416833,0.421988,11429.992188
26,0.424111,0.641811,11746.108398
27,0.439352,0.732201,12078.879883
28,0.306397,0.702828,12528.078125
29,0.349358,0.676566,12827.550781
30,0.271197,0.599001,13193.592773
31,0.259459,0.544576,13493.073242
32,0.292455,0.531777,14158.562500
33,0.315969,0.673393,14824.048828
34,0.302650,0.664814,14990.444336
35,0.291343,0.710042,15339.854492
36,0.304955,0.762957,15572.770508
37,0.487354,0.497007,16737.402344
38,0.435742,0.383428,16937.039062
39,0.507299,0.361866,17203.275391
40,0.499997,0.366511,17303.062500
41,0.732497,0.073309,18367.865234
42,0.853080,0.041403,18600.804688
43,0.920826,0.047226,18767.177734
44,0.064543,0.013589,19016.726562
45,0.151712,0.039167,19416.039062
46,0.980567,0.041267,19582.410156
47,0.683880,0.419079,20297.867188
48,0.696942,0.396186,20480.869141
49,0.538170,0.497526,21046.509766
50,0.766824,0.510603,22477.361328
51,0.750460,0.468166,22893.287109
52,0.654576,0.438168,23209.400391
53,0.662850,0.416467,23392.441406
54,0.669825,0.418794,23608.730469
55,0.685533,0.453105,24257.613281
56,0.681917,0.472593,24623.615234
57,0.686564,0.477500,24972.986328
0,0.754353,0.467050,366.032959
1,0.749170,0.422894,565.643982
2,0.881825,0.558025,1147.982910
3,0.896232,0.482898,1663.681274
4,0.895427,0.500947,1846.765015
5,0.907495,0.486903,1979.803589
6,0.254856,0.103743,4126.161621
7,0.067027,0.078362,4542.083984
8,0.358712,0.158183,5190.869629
9,0.496194,0.479286,7520.120117
10,0.431100,0.544500,7886.208984
11,0.414120,0.375572,8169.060547
12,0.422620,0.307386,8318.765625
13,0.479312,0.371833,8518.411133
14,0.420858,0.418568,9167.291992
15,0.420610,0.419517,9283.758789
16,0.233260,0.566133,10032.434570
17,0.241024,0.546285,10165.544922
18,0.289212,0.674783,10348.533203
19,0.349324,0.649207,10581.485352
20,0.545622,0.949553,11529.847656
21,0.587065,0.985178,11746.078125
22,0.448596,0.281932,13310.115234
23,0.437676,0.577330,13759.230469
24,0.334147,0.626146,14158.525391
25,0.143354,0.363943,15007.114258
26,0.291992,0.424087,15472.925781
27,0.290471,0.428636,15705.838867
28,0.219865,0.424897,15905.560547
29,0.119873,0.430556,16587.607422
30,0.123127,0.408131,16720.722656
31,0.124431,0.402338,16837.279297
32,0.011425,0.421129,17086.816406
33,0.009824,0.312749,17469.425781
34,0.114231,0.245107,17702.421875
35,0.336171,0.470182,18667.328125
36,0.302781,0.490161,18833.761719
37,0.403053,0.451309,19316.287109
38,0.473006,0.244107,20397.634766
39,0.728642,0.387637,21113.082031
40,0.686420,0.369533,21329.455078
