Idx, longitude, latitude, start timestamp
0,0.731059,0.565895,532.329407
1,0.726938,0.573431,881.743713
2,0.812927,0.590990,1114.697510
3,0.846924,0.613405,1364.382568
4,0.916824,0.650698,1713.746826
5,0.914373,0.658397,1796.798828
6,0.947479,0.597096,1963.208740
7,0.001305,0.579519,2329.351318
8,0.042398,0.580038,2595.412354
9,0.092778,0.619310,2861.662354
10,0.146080,0.471345,3344.178955
11,0.139821,0.464892,3510.606445
12,0.233837,0.610239,3760.050781
13,0.243326,0.662213,3976.465576
14,0.239191,0.648763,4109.508301
15,0.295304,0.662236,4292.509277
16,0.289735,0.660264,4392.312500
17,0.328616,0.660064,4575.280762
18,0.353981,0.666315,4891.366211
19,0.375618,0.661016,5157.613770
20,0.384771,0.672926,5457.144531
21,0.396424,0.743448,5789.924316
22,0.361524,0.791691,6122.596680
23,0.311173,0.807478,6438.749023
24,0.342133,0.837158,6655.029785
25,0.315658,0.843828,6937.891113
26,0.271335,0.809124,7270.584473
27,0.241153,0.779052,7553.507324
28,0.217877,0.766064,7853.010742
29,0.095294,0.683481,8218.988281
30,0.064130,0.650203,8451.809570
31,0.070127,0.639685,8618.219727
32,0.062610,0.607025,8751.357422
33,0.068216,0.552285,9067.431641
34,0.044678,0.549795,9416.779297
35,0.986388,0.507065,9649.780273
36,0.992032,0.479013,10331.889648
37,0.990548,0.450154,10764.600586
38,0.522547,0.505807,13825.824219
39,0.495643,0.472526,14358.240234
40,0.493506,0.452593,14607.733398
41,0.483204,0.471986,15090.226562
42,0.476634,0.558278,15356.482422
43,0.457385,0.550382,15789.059570
44,0.471139,0.557993,16088.604492
45,0.493541,0.520220,16404.529297
46,0.500182,0.503263,16687.441406
47,0.548405,0.316778,17519.296875
48,0.678001,0.387535,19249.619141
49,0.710206,0.426275,19532.500000
50,0.723722,0.517688,19998.378906
51,0.724502,0.515103,20231.214844
52,0.727054,0.549777,20480.875000
53,0.727077,0.543445,20713.757812
54,0.591132,0.661409,21928.306641
55,0.580280,0.713556,22177.800781
56,0.607526,0.749109,22643.710938
57,0.535799,0.787329,22893.289062
58,0.541583,0.797592,23375.814453
59,0.613690,0.753473,23625.275391
60,0.613324,0.739861,23858.273438
61,0.495986,0.802704,24340.708984
0,0.737291,0.529302,316.148560
1,0.829858,0.584809,632.246155
2,0.849306,0.604877,831.914429
3,0.818958,0.677832,1364.387451
4,0.821091,0.437717,1780.263428
5,0.844763,0.561574,2362.586426
6,0.021995,0.562855,2944.884521
7,0.011798,0.468413,3177.886719
8,0.999852,0.469363,3360.805420
9,0.944736,0.233000,4458.903320
10,0.720741,0.580648,5473.765137
11,0.592425,0.706622,6072.824219
12,0.477715,0.502326,7004.411133
13,0.480968,0.480062,7287.279297
14,0.470742,0.488223,7586.782227
15,0.495638,0.518846,7952.733398
16,0.586104,0.648894,9749.562500
17,0.550217,0.785118,9999.182617
18,0.536875,0.809251,10198.804688
19,0.195746,0.758512,12711.169922
20,0.718075,0.932184,15522.833008
21,0.592786,0.876406,16970.361328
22,0.482627,0.590083,18733.919922
23,0.487047,0.541555,18950.167969
24,0.771698,0.497763,20031.669922
25,0.723058,0.540961,20430.929688
26,0.737330,0.536443,21445.917969
27,0.771113,0.497890,21795.212891
28,0.769454,0.502016,22926.609375
29,0.738650,0.543306,23941.503906
30,0.704420,0.543556,24540.429688
0,0.757485,0.561199,116.595299
1,0.739265,0.547273,316.186890
2,0.849475,0.630807,782.006714
3,0.892113,0.703907,998.305298
4,0.989438,0.687530,1530.643921
5,0.984742,0.674632,1630.588257
6,0.999959,0.607679,1796.855103
7,0.016385,0.575967,2079.777344
8,0.012353,0.510239,2362.567139
9,0.007998,0.461782,2628.753662
10,0.064161,0.552181,3211.054443
11,0.137540,0.463862,3776.738770
12,0.093180,0.595448,4375.696289
13,0.080840,0.623361,4591.906738
14,0.050005,0.652734,4874.811523
15,0.015217,0.607048,5107.654297
16,0.987988,0.532331,5324.070312
17,0.776995,0.438808,6305.620605
18,0.724069,0.476766,6621.730957
19,0.827661,0.714798,7137.505859
20,0.837095,0.752242,7353.666016
21,0.704780,0.576756,7769.651855
22,0.724411,0.534812,7969.270020
23,0.730503,0.499816,8318.753906
24,0.719876,0.440450,8651.421875
25,0.713726,0.452853,8984.138672
26,0.620190,0.455622,9300.233398
27,0.610331,0.456723,9499.976562
28,0.612333,0.458182,9616.454102
29,0.554307,0.473274,9832.714844
30,0.519322,0.484649,10132.154297
31,0.487673,0.535243,10331.840820
32,0.487045,0.512106,10731.110352
33,0.615540,0.695668,11097.166016
34,0.634594,0.733906,11346.713867
35,0.640306,0.775856,11629.563477
36,0.582135,0.784682,11962.337891
37,0.493013,0.789374,12228.431641
38,0.551322,0.801296,12561.145508
39,0.417354,0.787466,13126.906250
40,0.387234,0.810670,13359.801758
41,0.561099,0.821656,13576.140625
42,0.546450,0.809698,13925.491211
43,0.501779,0.789922,14191.571289
44,0.318543,0.596704,16088.324219
45,0.331436,0.722167,16654.083984
46,0.353121,0.666350,16953.402344
47,0.344975,0.640229,17219.603516
48,0.390056,0.640036,17585.695312
49,0.378015,0.658522,18018.279297
50,0.422508,0.368469,18700.363281
51,0.417259,0.342325,18966.623047
52,0.102637,0.488921,19981.464844
53,0.060692,0.635146,20497.203125
54,0.049935,0.687724,20963.027344
55,0.133686,0.834092,21212.605469
56,0.154645,0.843374,21428.906250
57,0.172187,0.817894,22160.998047
58,0.265737,0.818488,22360.578125
59,0.289555,0.798978,22610.125000
60,0.352840,0.831368,23009.468750
61,0.461588,0.821686,23591.710938
62,0.666081,0.707828,24506.755859
63,0.744365,0.611084,24806.306641
0,0.764404,0.567948,349.412109
1,0.746269,0.555998,499.223633
2,0.679205,0.584414,798.571777
3,0.613025,0.506652,1081.385986
4,0.586090,0.604349,1464.186157
5,0.591628,0.656361,1613.924561
6,0.497409,0.593261,2062.997070
7,0.495092,0.556166,2329.223877
8,0.482245,0.573571,2578.758057
9,0.473827,0.515541,2861.638916
10,0.463877,0.559545,3410.722900
11,0.390292,0.633098,3826.607178
12,0.345776,0.617816,4325.787109
13,0.493478,0.568728,4625.291992
14,0.507174,0.533687,4891.400391
15,0.506768,0.503074,5107.709473
16,0.519205,0.499843,5407.190430
17,0.511073,0.781760,5972.853027
18,0.455958,0.833334,6255.621582
19,0.634488,0.853067,6555.145996
20,0.653040,0.722666,6904.458984
21,0.645622,0.684095,7353.749023
22,0.743007,0.590302,7586.603027
23,0.747538,0.548778,7819.642578
24,0.745500,0.547049,7936.115234
25,0.749584,0.531601,8035.857422
26,0.873264,0.553546,8584.901367
27,0.871891,0.563685,8701.336914
28,0.943435,0.572981,8917.672852
29,0.993012,0.562143,9267.064453
30,0.020571,0.526174,9599.689453
31,0.010665,0.456799,10015.637695
32,0.140848,0.431805,11063.844727
33,0.246868,0.597581,12012.200195
34,0.319381,0.618090,12877.313477
35,0.334129,0.587976,13093.525391
36,0.342854,0.613102,13376.402344
37,0.351895,0.644918,14058.516602
38,0.478641,0.820102,15605.865234
39,0.486735,0.545286,16171.505859
40,0.485920,0.547050,16354.458008
41,0.503867,0.547360,17036.648438
42,0.513709,0.508086,17269.568359
43,0.507585,0.492601,17702.140625
44,0.507141,0.500789,17935.042969
45,0.513541,0.495272,18068.148438
46,0.515795,0.497704,18168.042969
47,0.643887,0.434666,19615.322266
48,0.622470,0.724770,20247.574219
49,0.594463,0.749247,20563.669922
50,0.560449,0.728569,20763.355469
51,0.489766,0.534824,21179.308594
52,0.503995,0.559725,21678.380859
53,0.508033,0.566692,22077.730469
54,0.501567,0.497657,22560.240234
55,0.493451,0.494276,22826.341797
56,0.387413,0.679614,23924.443359
57,0.379829,0.692970,24057.550781
58,0.387590,0.697824,24390.322266
59,0.378909,0.700754,24673.214844
0,0.732404,0.526877,332.832489
1,0.732273,0.551905,449.338654
2,0.738435,0.563147,682.127869
3,0.878462,0.642196,1131.446655
4,0.813941,0.798350,1580.681885
5,0.989413,0.570892,2961.467529
6,0.018277,0.487539,3494.030518
7,0.019255,0.465355,3959.894043
8,0.728531,0.555081,4991.330078
9,0.736640,0.548948,5191.013672
10,0.730164,0.580484,5690.121582
11,0.747025,0.580096,5939.709473
12,0.598724,0.694290,6738.294922
13,0.599804,0.715978,6987.842285
14,0.606495,0.746357,7220.854980
15,0.593606,0.793829,7420.411133
16,0.459743,0.827624,8651.703125
17,0.327974,0.685693,11629.801758
18,0.368551,0.664702,11912.601562
19,0.377686,0.665908,12162.137695
20,0.375881,0.671080,12361.733398
21,0.406601,0.780617,12861.024414
22,0.506206,0.537982,13360.166992
23,0.486311,0.482194,13909.165039
24,0.471137,0.482108,14125.344727
25,0.476766,0.519578,14424.837891
26,0.482289,0.433594,14724.342773
27,0.468741,0.444225,14923.989258
28,0.470884,0.473080,15173.605469
29,0.469572,0.597654,15922.218750
30,0.430331,0.737032,16388.048828
31,0.493256,0.549898,16837.314453
32,0.150011,0.438037,21096.476562
33,0.219327,0.711566,21878.521484
34,0.229061,0.729480,22311.119141
35,0.215672,0.758329,22560.630859
36,0.943229,0.534363,23359.240234
0,0.734912,0.525018,382.756653
1,0.969621,0.600426,1181.288696
2,0.069421,0.576083,1813.500366
3,0.136850,0.462058,2329.382324
4,0.987588,0.454611,2845.178955
5,0.983843,0.456023,3061.342041
6,0.994513,0.455140,3211.088623
7,0.008325,0.442022,3843.370361
8,0.031907,0.341282,4009.680664
9,0.961246,0.267484,4442.352539
10,0.965535,0.274207,4592.135742
11,0.139658,0.460862,5141.112793
12,0.135986,0.465368,5540.377930
13,0.139338,0.462926,6039.420898
14,0.260189,0.486407,6372.159180
15,0.336823,0.550568,6688.280762
16,0.347245,0.557359,6937.937988
17,0.346121,0.594953,7270.692383
18,0.330168,0.594437,7603.453613
19,0.348507,0.661489,7836.250000
20,0.327589,0.681885,8219.037109
21,0.404635,0.789307,8634.866211
22,0.388023,0.804464,8951.047852
23,0.327954,0.554624,9267.127930
24,0.620899,0.466856,11380.081055
25,0.482973,0.536087,11829.287109
26,0.485100,0.542458,12112.224609
27,0.487406,0.483219,12328.411133
28,0.488603,0.508667,12661.169922
29,0.478646,0.547967,13143.641602
30,0.479327,0.545889,13626.201172
31,0.483101,0.481814,13775.914062
32,0.487836,0.485225,14092.079102
33,0.497784,0.523195,14374.902344
34,0.497552,0.553275,14641.192383
35,0.513692,0.562556,14907.295898
36,0.490109,0.556326,15140.134766
37,0.488267,0.537716,15422.976562
38,0.357986,0.615600,15705.845703
39,0.344589,0.665363,16171.721680
40,0.359009,0.664980,16371.364258
41,0.430042,0.815239,16820.615234
42,0.561480,0.800351,17036.820312
43,0.644888,0.698940,17702.351562
44,0.729312,0.626217,18251.476562
45,0.748506,0.577698,18467.685547
46,0.825764,0.813791,19016.828125
47,0.811158,0.812135,19099.943359
48,0.895142,0.844720,19282.955078
49,0.916190,0.509188,19998.392578
0,0.724431,0.538266,382.780304
1,0.813668,0.465077,815.230042
2,0.039776,0.900823,2112.938477
3,0.273201,0.847734,2412.470459
4,0.337906,0.652582,3127.829834
5,0.033423,0.479657,3976.606445
6,0.980435,0.479409,4209.330566
7,0.990089,0.467133,4325.843750
8,0.458729,0.773650,5739.994629
9,0.414811,0.801844,6039.399902
10,0.498116,0.523359,6821.374512
11,0.467420,0.452623,7021.094727
12,0.254469,0.115536,7769.706055
13,0.155906,0.202591,8019.379883
14,0.114682,0.195349,8368.700195
15,0.054609,0.238482,8568.317383
16,0.920639,0.262988,9034.182617
17,0.940263,0.329158,9366.922852
18,0.790616,0.700043,10165.605469
19,0.753084,0.752514,10365.217773
20,0.799172,0.739706,10980.824219
21,0.802942,0.738557,11629.705078
22,0.813734,0.738550,12993.883789
23,0.809232,0.745176,13143.605469
24,0.590985,0.670718,14424.753906
25,0.586326,0.698190,14857.381836
26,0.629305,0.713752,15106.863281
27,0.553675,0.804373,15439.577148
28,0.563419,0.808066,15672.604492
29,0.567964,0.778927,15905.443359
30,0.507306,0.453224,16903.669922
31,0.505296,0.455283,17103.419922
32,0.492526,0.494898,17352.927734
33,0.513072,0.491444,17635.804688
34,0.498362,0.455841,18151.517578
35,0.488211,0.430406,18550.888672
36,0.486293,0.444113,18850.404297
37,0.477633,0.475053,19299.533203
38,0.494144,0.522021,19599.046875
39,0.488271,0.548939,19832.029297
40,0.503859,0.578566,20081.529297
41,0.514948,0.587751,20331.123047
42,0.511584,0.531578,20796.988281
43,0.746438,0.547526,21811.861328
44,0.087723,0.618026,24673.460938
45,0.254362,0.628374,24956.349609
0,0.728257,0.528432,349.312500
1,0.722109,0.550576,532.313721
2,0.713069,0.559876,765.325928
3,0.700839,0.555139,1114.761597
4,0.700568,0.402447,1480.727417
5,0.708076,0.445055,1846.663818
6,0.703932,0.460518,1996.467896
7,0.773942,0.494475,2279.301514
8,0.778105,0.495674,2512.237305
9,0.817171,0.497566,2745.166016
10,0.841668,0.538404,2911.521973
11,0.849343,0.720934,3294.261475
12,0.869795,0.734340,3443.930908
13,0.014014,0.598466,4159.336426
14,0.907347,0.567053,4558.620605
15,0.995502,0.463331,4974.673828
16,0.994367,0.436173,5307.308105
17,0.992386,0.474217,5540.276367
18,0.955280,0.313236,6006.101562
19,0.028248,0.539438,6372.147949
20,0.144934,0.449678,6904.490723
21,0.128809,0.455963,7070.857910
22,0.166223,0.686848,7619.992676
23,0.061795,0.681998,7869.465332
24,0.368277,0.660767,9217.199219
25,0.597204,0.834640,11147.157227
26,0.495709,0.482173,12145.391602
27,0.483326,0.552320,12428.275391
28,0.591558,0.709374,18317.882812
29,0.597792,0.662098,18550.763672
30,0.596986,0.654711,18783.791016
31,0.738936,0.538512,20114.728516
32,0.755003,0.542550,20497.365234
33,0.851113,0.517549,21711.955078
34,0.939730,0.604846,22693.589844
35,0.942195,0.606964,23009.707031
36,0.934966,0.599534,23192.695312
37,0.917458,0.593972,23425.542969
38,0.982176,0.598848,23725.046875
39,0.026144,0.587382,24207.570312
40,0.035825,0.576296,24473.826172
41,0.009146,0.448999,24956.246094
0,0.728919,0.467106,16.719496
1,0.733369,0.541464,415.951233
2,0.802284,0.593034,781.992493
3,0.825215,0.647900,1397.622070
4,0.893924,0.661558,1929.979004
5,0.994401,0.534963,2512.295166
6,0.992651,0.619392,2778.518311
7,0.999045,0.640651,3044.712891
8,0.000902,0.629021,3144.647217
9,0.122321,0.473838,3793.493408
10,0.113317,0.497791,3943.154297
11,0.951030,0.476866,4392.389160
12,0.491802,0.635746,5823.178711
13,0.482710,0.542556,6189.192871
14,0.479950,0.512629,6455.454102
15,0.448990,0.572443,6804.786621
16,0.373430,0.692431,7087.701660
17,0.332597,0.624254,7353.946777
18,0.334546,0.756417,7570.156250
19,0.342251,0.754151,7853.032715
20,0.540464,0.618807,8618.297852
21,0.600817,0.732795,8817.947266
22,0.606602,0.776118,9034.235352
23,0.581443,0.766167,9533.353516
24,0.575152,0.770784,9816.259766
25,0.602646,0.771463,10015.936523
26,0.606490,0.786466,10332.050781
27,0.600268,0.786288,11097.280273
28,0.623629,0.510229,11529.908203
29,0.630018,0.483594,12062.313477
30,0.712600,0.536427,12361.830078
31,0.844015,0.598125,13226.954102
32,0.066280,0.692476,14175.295898
33,0.119144,0.583608,14740.958984
34,0.764638,0.492938,16221.768555
35,0.699914,0.496792,16621.025391
36,0.622342,0.490521,16870.537109
37,0.477622,0.558932,17436.248047
38,0.488623,0.560948,17536.064453
39,0.510367,0.641760,17802.285156
40,0.757986,0.504404,18933.697266
41,0.749241,0.543494,19249.746094
42,0.720760,0.570360,19466.099609
43,0.723423,0.596046,19931.880859
44,0.787426,0.664811,20114.875000
45,0.754326,0.603267,20364.437500
46,0.750192,0.472155,20530.861328
47,0.797099,0.434002,20996.738281
48,0.764560,0.447129,21445.869141
49,0.758804,0.474757,21745.380859
50,0.727535,0.493477,22211.304688
51,0.711426,0.527292,22494.037109
52,0.698107,0.544326,23242.759766
53,0.690363,0.550079,23492.365234
54,0.727001,0.540927,23908.242188
55,0.754562,0.498915,24290.945312
56,0.762561,0.482862,24473.941406
0,0.734840,0.520787,349.492279
1,0.625304,0.429735,1364.277710
2,0.608784,0.390489,1630.512695
3,0.614097,0.379159,1880.120728
4,0.599561,0.716416,2179.541992
5,0.606867,0.721082,2429.125732
6,0.629292,0.761651,2728.560303
7,0.561354,0.809744,3127.931885
8,0.524412,0.845862,3360.801025
9,0.525135,0.847173,3443.989014
10,0.520582,0.870595,3660.346924
11,0.511450,0.883914,3893.253174
12,0.460569,0.880712,4109.520020
13,0.466166,0.882959,4359.034668
14,0.598797,0.676327,4725.064453
15,0.600461,0.676633,4974.699219
16,0.485783,0.516458,5390.596191
17,0.477875,0.460269,5656.818359
18,0.479384,0.404715,5806.570312
19,0.481773,0.424471,5972.901855
20,0.372458,0.906613,6871.340332
21,0.349581,0.903419,7154.234375
22,0.417275,0.731805,7570.132324
23,0.309793,0.631419,8052.592285
24,0.326880,0.515320,8385.353516
25,0.331467,0.520725,8485.168945
26,0.319634,0.498534,8784.630859
27,0.318447,0.665702,9034.311523
28,0.317659,0.682929,9233.950195
29,0.222789,0.693054,9483.475586
30,0.208747,0.629789,9666.435547
31,0.092628,0.444742,10065.740234
32,0.101745,0.442490,10265.405273
33,0.021206,0.619706,11230.415039
34,0.980139,0.567843,11579.791016
35,0.968404,0.498161,11762.844727
36,0.972058,0.389519,11929.253906
37,0.980529,0.370930,12245.343750
38,0.989027,0.380262,12561.424805
39,0.927476,0.174265,13276.817383
40,0.932550,0.186704,13493.087891
41,0.943572,0.214690,13609.572266
42,0.820858,0.454472,14391.530273
43,0.818202,0.563566,14674.436523
44,0.760431,0.506034,15007.161133
45,0.716425,0.506411,15306.604492
46,0.727431,0.501197,15489.618164
47,0.691009,0.549239,15672.657227
48,0.676720,0.565883,16071.934570
49,0.766031,0.480657,16587.691406
50,0.859819,0.773746,17236.599609
51,0.892726,0.831505,17519.396484
52,0.930974,0.559781,18085.160156
53,0.930715,0.550424,18168.337891
54,0.003083,0.511816,18617.478516
55,0.013295,0.361316,18966.908203
56,0.066272,0.486973,19366.179688
57,0.144823,0.402463,20164.759766
58,0.162117,0.378238,20680.533203
59,0.209952,0.589752,20980.119141
60,0.209914,0.578827,21246.193359
61,0.261832,0.517214,21628.910156
62,0.335117,0.506639,22044.826172
63,0.361993,0.547222,22227.900391
64,0.442088,0.510135,22793.548828
65,0.422209,0.482880,23126.263672
66,0.507193,0.552459,23492.302734
67,0.505731,0.544373,23675.292969
68,0.502334,0.533782,23791.826172
69,0.499381,0.518231,23958.134766
70,0.512765,0.527866,24141.181641
71,0.581553,0.569906,24424.062500
72,0.603793,0.739119,24740.121094
0,0.735190,0.532632,449.382812
1,0.714836,0.563857,615.675232
2,0.800278,0.588483,931.741516
3,0.800474,0.589555,1131.434692
4,0.723482,0.531586,1397.624512
5,0.573443,0.715494,2196.261963
6,0.571145,0.732575,2296.165771
7,0.532862,0.850111,2562.305176
8,0.518298,0.874557,2712.004150
9,0.459270,0.880296,2994.806885
10,0.485250,0.538604,3527.209229
11,0.488051,0.489464,3710.296875
12,0.496103,0.475150,3943.227295
13,0.499653,0.443609,4209.440430
14,0.483179,0.448391,4558.763672
15,0.501272,0.443012,4874.855469
16,0.492713,0.496331,5324.145508
17,0.521176,0.551087,5756.745605
18,0.523237,0.575343,6106.040527
19,0.549033,0.646697,6289.054199
20,0.552441,0.669395,6555.252930
21,0.409541,0.392758,7753.144531
22,0.423671,0.669146,8219.024414
23,0.495074,0.584383,8485.205078
24,0.496241,0.417820,8967.700195
25,0.480115,0.330767,9167.380859
26,0.589043,0.281784,9916.075195
27,0.947172,0.676458,11247.059570
28,0.008296,0.442099,11846.020508
29,0.005254,0.429474,11945.876953
30,0.001160,0.413158,12062.291016
31,0.143604,0.423817,12528.180664
32,0.951586,0.660679,13210.338867
33,0.521985,0.703094,15073.721680
34,0.487631,0.684515,15323.345703
35,0.469539,0.608535,15622.780273
36,0.463307,0.580859,15755.859375
37,0.493860,0.585808,16088.590820
38,0.501205,0.554555,16338.206055
39,0.493278,0.516166,16587.722656
40,0.467256,0.407864,16820.656250
41,0.425875,0.337334,17003.705078
42,0.429348,0.823992,17769.023438
43,0.498113,0.474032,18085.207031
44,0.514499,0.480196,18384.572266
45,0.504121,0.539181,18634.152344
46,0.432311,0.851211,18933.644531
47,0.318842,0.725221,19965.189453
48,0.310058,0.748781,20231.404297
49,0.300549,0.730655,20414.408203
50,0.386251,0.628608,21246.246094
51,0.375983,0.680493,21445.914062
52,0.376782,0.675469,21595.644531
53,0.611563,0.821276,22294.435547
54,0.603627,0.806577,22444.193359
55,0.518038,0.426608,22943.302734
56,0.515722,0.430438,23059.734375
57,0.637291,0.388314,23325.937500
58,0.658060,0.396753,23558.863281
59,0.656817,0.400758,23841.720703
60,0.746953,0.598844,24457.316406
61,0.755393,0.571700,24956.458984
0,0.734912,0.525018,382.756653
1,0.969621,0.600426,1181.288696
2,0.069421,0.576083,1813.500366
3,0.136850,0.462058,2329.382324
4,0.987588,0.454611,2845.178955
5,0.983843,0.456023,3061.342041
6,0.994513,0.455140,3211.088623
7,0.008325,0.442022,3843.370361
8,0.031907,0.341282,4009.680664
9,0.961246,0.267484,4442.352539
10,0.965535,0.274207,4592.135742
11,0.139658,0.460862,5141.112793
12,0.135986,0.465368,5540.377930
13,0.139338,0.462926,6039.420898
14,0.260189,0.486407,6372.159180
15,0.336823,0.550568,6688.280762
16,0.347245,0.557359,6937.937988
17,0.346121,0.594953,7270.692383
18,0.330168,0.594437,7603.453613
19,0.348507,0.661489,7836.250000
20,0.327589,0.681885,8219.037109
21,0.404635,0.789307,8634.866211
22,0.388023,0.804464,8951.047852
23,0.327954,0.554624,9267.127930
24,0.620899,0.466856,11380.081055
25,0.482973,0.536087,11829.287109
26,0.485100,0.542458,12112.224609
27,0.487406,0.483219,12328.411133
28,0.488603,0.508667,12661.169922
29,0.478646,0.547967,13143.641602
30,0.479327,0.545889,13626.201172
31,0.483101,0.481814,13775.914062
32,0.487836,0.485225,14092.079102
33,0.497784,0.523195,14374.902344
34,0.497552,0.553275,14641.192383
35,0.513692,0.562556,14907.295898
36,0.490109,0.556326,15140.134766
37,0.488267,0.537716,15422.976562
38,0.357986,0.615600,15705.845703
39,0.344589,0.665363,16171.721680
40,0.359009,0.664980,16371.364258
41,0.430042,0.815239,16820.615234
42,0.561480,0.800351,17036.820312
43,0.644888,0.698940,17702.351562
44,0.729312,0.626217,18251.476562
45,0.748506,0.577698,18467.685547
46,0.825764,0.813791,19016.828125
47,0.811158,0.812135,19099.943359
48,0.895142,0.844720,19282.955078
0,0.721728,0.565746,399.201538
1,0.731106,0.570707,632.212402
2,0.739137,0.575778,848.454468
3,0.817054,0.598413,1197.769775
4,0.149147,0.470703,2528.744873
5,0.135458,0.454976,2728.595215
6,0.929183,0.336150,3360.631104
7,0.937015,0.308149,3560.367188
8,0.490355,0.576325,4891.388184
9,0.490295,0.557109,5140.820312
10,0.492002,0.514749,5307.243164
11,0.358933,0.632590,5706.562988
12,0.362968,0.689688,5939.485352
13,0.453789,0.779374,6139.222168
14,0.489647,0.810004,6388.691895
15,0.636280,0.772700,6588.351074
16,0.623702,0.753526,6804.791992
17,0.617398,0.703144,6971.092773
18,0.614917,0.699201,7120.782227
19,0.489231,0.561449,7420.250000
20,0.493992,0.519106,7619.918457
21,0.473184,0.509081,7969.314453
22,0.496662,0.577063,8235.597656
23,0.503700,0.597627,8368.610352
24,0.747361,0.563684,9749.537109
25,0.779737,0.578312,9949.107422
26,0.783982,0.564288,10098.911133
27,0.731657,0.564435,10281.911133
28,0.734559,0.601466,11030.485352
29,0.563034,0.426942,12777.551758
30,0.579825,0.441797,13093.569336
31,0.572076,0.584230,13359.835938
32,0.394595,0.497927,13825.740234
33,0.534901,0.372948,14690.814453
34,0.504346,0.540638,14990.371094
35,0.507270,0.517018,15306.457031
36,0.513341,0.511512,15556.071289
37,0.498441,0.582480,15772.257812
38,0.638128,0.505179,16088.379883
39,0.637253,0.488132,16737.273438
40,0.582032,0.700512,17070.083984
41,0.491941,0.566456,17768.724609
42,0.506427,0.529152,18184.775391
43,0.474402,0.569451,18916.779297
44,0.498913,0.575813,19482.476562
45,0.475186,0.567802,19781.964844
46,0.468941,0.561592,20014.820312
47,0.500687,0.582692,20430.839844
48,0.502050,0.484358,21096.310547
49,0.509382,0.432094,21445.699219
50,0.742484,0.574202,22843.330078
51,0.744188,0.611722,23176.046875
52,0.767263,0.501878,23525.441406
53,0.997481,0.558203,24540.230469
0,0.752908,0.625112,266.122192
1,0.767317,0.595937,399.237640
2,0.787505,0.583298,565.624512
3,0.838635,0.588220,865.164673
4,0.849074,0.596384,1081.373047
5,0.829075,0.430747,1530.562744
6,0.818629,0.453081,1846.678955
7,0.821110,0.629277,2162.772461
8,0.715338,0.561741,2562.076416
9,0.708060,0.579528,2728.486816
10,0.712914,0.566872,2828.321777
11,0.016142,0.587489,3660.230225
12,0.010885,0.455688,4159.408203
13,0.003884,0.460386,4259.121094
14,0.044020,0.564524,4641.838867
15,0.041040,0.568455,4957.987793
16,0.148343,0.484108,5307.391113
17,0.127508,0.501982,5640.039062
18,0.113177,0.525701,5839.780762
19,0.109128,0.552004,5989.452148
20,0.064024,0.638176,6405.398438
21,0.574595,0.705757,8052.520020
22,0.593876,0.670231,8268.796875
23,0.512835,0.855662,8651.474609
24,0.492545,0.864818,8817.834961
25,0.349751,0.837494,9333.581055
26,0.303249,0.698875,9915.907227
27,0.345971,0.549193,10398.403320
28,0.493059,0.536836,10731.153320
29,0.512280,0.531205,10947.440430
30,0.481547,0.449688,11380.049805
31,0.456589,0.470581,11579.669922
32,0.448597,0.412509,11879.147461
33,0.562989,0.667859,12760.958984
34,0.604591,0.696743,12960.610352
35,0.534189,0.812138,13260.076172
36,0.557203,0.836561,13875.672852
37,0.571601,0.802526,14108.570312
38,0.573360,0.722782,14474.617188
39,0.541666,0.732090,14657.639648
40,0.440270,0.807548,14890.540039
41,0.454177,0.811039,15056.923828
42,0.393441,0.921003,15273.251953
43,0.436471,0.794823,15556.049805
44,0.427834,0.742528,15988.637695
45,0.736216,0.584098,16887.062500
46,0.732900,0.563341,16986.894531
47,0.752596,0.563745,17319.626953
48,0.741726,0.522878,17652.373047
49,0.716815,0.467654,17885.306641
50,0.715463,0.458679,18018.406250
51,0.703467,0.469627,18151.505859
52,0.773051,0.479255,18550.812500
53,0.770008,0.485194,18850.300781
54,0.817886,0.483739,19099.884766
55,0.828183,0.520244,19249.587891
56,0.830581,0.544576,19415.984375
57,0.608579,0.464300,19881.820312
58,0.606287,0.461885,20064.833984
59,0.611325,0.446383,20181.292969
60,0.475110,0.501140,21063.111328
61,0.462729,0.505815,21312.648438
62,0.468366,0.541920,21528.972656
63,0.496476,0.563974,21745.240234
64,0.580883,0.595326,22194.468750
65,0.576092,0.704039,22510.560547
66,0.627828,0.689602,22710.199219
67,0.625932,0.708421,22893.248047
68,0.648307,0.729834,23109.515625
69,0.618262,0.700196,23359.074219
70,0.631414,0.722032,23608.640625
71,0.626921,0.717151,24190.953125
72,0.662166,0.732455,24407.246094
0,0.734810,0.591870,366.066956
1,0.722044,0.565969,632.301392
2,0.731911,0.553707,898.481567
3,0.746492,0.613631,1231.268799
4,0.832928,0.779940,1680.475708
5,0.671708,0.945403,2196.199463
6,0.406464,0.889208,2662.031982
7,0.306898,0.902562,2911.697266
8,0.412145,0.899587,3377.522705
9,0.410772,0.821456,3710.206543
10,0.520552,0.759919,4042.958252
11,0.579481,0.719066,4259.226562
12,0.602064,0.681056,4442.245605
13,0.595675,0.640425,4691.844238
14,0.490728,0.561070,5174.312988
15,0.487150,0.526316,5507.051758
16,0.487109,0.490184,5823.172852
17,0.503119,0.488538,6322.295410
18,0.522427,0.486993,6621.787109
19,0.643608,0.489307,7120.925293
20,0.738803,0.563778,7836.317871
21,0.746317,0.573518,8135.828613
22,0.784263,0.483521,8435.272461
23,0.822030,0.507168,8684.836914
24,0.858161,0.585682,8967.675781
25,0.869896,0.630242,9150.708008
26,0.936333,0.659028,9433.541016
27,0.958449,0.638524,9666.450195
28,0.992864,0.593749,9849.472656
29,0.998387,0.577469,10065.770508
30,0.993568,0.467519,10448.469727
31,0.084751,0.572654,10881.007812
32,0.103481,0.606566,11080.671875
33,0.123846,0.450768,11712.878906
34,0.124305,0.452199,11862.644531
35,0.319059,0.808891,12960.718750
36,0.337019,0.692846,13210.283203
37,0.336249,0.677928,13459.820312
38,0.358437,0.662384,14275.076172
39,0.352701,0.554469,14508.022461
40,0.242659,0.723733,15190.144531
41,0.245771,0.721044,15356.525391
42,0.240636,0.743024,15522.893555
43,0.360255,0.646906,16437.978516
44,0.332847,0.676459,16604.367188
45,0.400332,0.692636,16987.001953
46,0.367129,0.840212,17669.162109
47,0.500629,0.837175,17885.447266
48,0.503530,0.554604,18367.921875
49,0.499554,0.490911,18717.330078
50,0.494907,0.460789,18966.867188
51,0.476804,0.414026,19166.515625
52,0.417972,0.352175,19449.363281
53,0.378069,0.347905,19632.396484
54,0.238406,0.259749,20131.531250
55,0.183413,0.263564,20397.726562
56,0.156266,0.201668,20747.109375
57,0.161564,0.184837,20963.376953
58,0.123934,0.159450,21196.312500
59,0.952494,0.204024,21445.865234
60,0.926164,0.240502,21695.447266
61,0.922569,0.286651,21911.730469
62,0.936022,0.303096,22161.306641
63,0.957247,0.302459,22527.328125
64,0.755122,0.442466,23808.431641
65,0.736514,0.495931,24024.714844
66,0.734515,0.391979,24290.925781
0,0.713289,0.431907,33.251415
1,0.712692,0.482774,266.146423
2,0.707194,0.391614,665.487549
3,0.763072,0.369146,1064.795776
4,0.763985,0.406654,1347.676025
5,0.753317,0.517392,1780.176270
6,0.752136,0.494565,1946.597168
7,0.728813,0.536227,2695.286377
8,0.724807,0.528392,2828.371826
9,0.730602,0.530756,2994.710693
10,0.728897,0.525254,3094.586182
11,0.729959,0.519068,3277.633789
12,0.735771,0.472260,3543.779785
13,0.755494,0.429909,3793.321777
14,0.762634,0.406809,4009.737305
15,0.762068,0.362663,4176.036621
16,0.750122,0.342516,4408.949707
17,0.732292,0.489027,4708.465820
18,0.726859,0.477620,4824.888672
19,0.722409,0.486620,5041.230469
20,0.748122,0.490470,5357.281250
21,0.798139,0.546332,5590.195312
22,0.939709,0.578902,6205.815430
23,0.004605,0.511378,6704.945801
24,0.017283,0.513596,6971.215820
25,0.017138,0.508684,7370.415527
26,0.150738,0.379738,8934.417969
27,0.145173,0.344194,9084.175781
28,0.145215,0.333362,9333.637695
29,0.248383,0.641344,9965.943359
30,0.353433,0.651470,10631.465820
31,0.936245,0.458870,12594.616211
32,0.445954,0.367562,15705.825195
33,0.339791,0.555493,16271.583984
34,0.337597,0.572115,16504.519531
35,0.362445,0.775386,16837.304688
36,0.410766,0.676062,17236.533203
37,0.448698,0.392170,17935.306641
38,0.433273,0.337352,18567.525391
39,0.437237,0.362865,18800.513672
40,0.443710,0.388261,19166.460938
41,0.452377,0.429097,19449.357422
42,0.458066,0.402602,19565.777344
43,0.450424,0.321571,19831.953125
44,0.461868,0.382928,20031.666016
45,0.463240,0.397346,20297.867188
46,0.476952,0.417705,20647.212891
47,0.478339,0.418146,20730.425781
48,0.480935,0.372994,21146.353516
49,0.529988,0.311835,21778.583984
50,0.609291,0.351874,22294.396484
51,0.700940,0.391901,22776.900391
52,0.703314,0.379095,22976.521484
53,0.722369,0.452570,23242.685547
54,0.713682,0.446473,23459.003906
55,0.775143,0.437052,23808.343750
56,0.772352,0.319200,24174.494141
0,0.734074,0.518896,83.191467
1,0.774466,0.535390,349.406555
2,0.726578,0.545908,765.421631
3,0.733019,0.532842,1397.645142
4,0.588044,0.661324,2462.402344
5,0.580836,0.677837,2728.636719
6,0.518309,0.778458,3061.289307
7,0.575023,0.796431,3443.957520
8,0.484734,0.566508,4309.112305
9,0.562481,0.534934,4808.298828
10,0.620685,0.447539,5074.466309
11,0.621470,0.441430,5240.879395
12,0.940696,0.557323,6272.406738
13,0.993104,0.502683,6721.553711
14,0.004833,0.445957,6987.784668
15,0.005546,0.462054,7237.412598
16,0.977044,0.460133,7403.741699
17,0.975361,0.489508,7636.687500
18,0.097280,0.398944,8002.666992
19,0.096349,0.409385,8218.943359
20,0.093337,0.422973,8385.401367
21,0.215031,0.522390,8701.435547
22,0.214633,0.531453,8801.267578
23,0.181401,0.492124,9000.921875
24,0.062063,0.446496,9217.203125
25,0.083469,0.427301,9366.975586
26,0.936551,0.494305,9866.056641
27,0.788086,0.535334,10664.704102
28,0.937789,0.575874,11246.998047
29,0.927748,0.596749,11446.674805
30,0.925876,0.621425,11796.096680
31,0.985069,0.566453,12378.339844
32,0.921081,0.491864,12611.327148
33,0.839201,0.575508,13093.764648
34,0.753833,0.753440,13692.829102
35,0.766500,0.738793,13909.026367
36,0.787434,0.689293,14225.151367
37,0.808970,0.650995,14441.388672
38,0.871664,0.553346,14674.321289
39,0.884116,0.531803,14874.006836
40,0.902572,0.531698,15073.676758
41,0.919420,0.491667,15306.566406
42,0.971154,0.425983,15805.745117
43,0.959652,0.465937,16071.922852
44,0.196531,0.624710,17353.001953
45,0.072389,0.628983,17602.541016
46,0.113812,0.777428,18351.257812
47,0.994350,0.664385,19782.134766
48,0.875913,0.640785,20081.603516
49,0.901976,0.561067,20264.556641
50,0.024041,0.781321,20713.798828
51,0.989592,0.730962,21013.277344
52,0.981107,0.726411,21545.677734
53,0.860076,0.672666,22194.550781
54,0.856130,0.631754,22494.082031
55,0.772916,0.614237,22876.722656
56,0.684025,0.620961,23525.626953
57,0.628148,0.592690,24174.410156
58,0.638179,0.525415,24490.562500
0,0.792540,0.565905,399.297028
1,0.728461,0.508496,598.951172
2,0.346052,0.821147,1913.404541
3,0.490970,0.477554,2628.736328
4,0.499239,0.483751,2728.575195
5,0.666264,0.427721,3577.060059
6,0.755136,0.454487,4259.239746
7,0.758503,0.624257,4874.791016
8,0.698592,0.609033,5407.209961
9,0.191393,0.057960,7570.094727
10,0.510925,0.238854,10448.419922
11,0.562842,0.323100,14757.535156
12,0.630798,0.423751,15140.213867
13,0.725901,0.448823,15772.541016
14,0.746656,0.438291,15905.541016
15,0.811794,0.389214,16188.387695
16,0.122568,0.695907,18018.531250
17,0.139824,0.690341,18600.832031
18,0.028239,0.273364,19615.787109
19,0.759809,0.615982,20613.966797
20,0.736774,0.576221,20763.730469
21,0.734016,0.587689,21462.472656
22,0.723209,0.628166,21761.951172
23,0.685064,0.741584,22294.363281
0,0.737282,0.692477,549.056946
1,0.590790,0.776944,1264.523682
2,0.612882,0.772919,1397.629028
3,0.595994,0.819525,1597.271362
4,0.631884,0.463086,1863.389648
5,0.851112,0.704454,3061.311768
6,0.841647,0.713127,3177.946289
7,0.836565,0.712923,3294.180664
8,0.018377,0.749128,3909.865967
9,0.015580,0.637191,4159.518555
10,0.069841,0.633338,4425.592773
11,0.999214,0.463350,4741.734863
12,0.894134,0.144088,5806.562500
13,0.363995,0.736935,7303.918945
14,0.375475,0.708477,7586.780273
15,0.351765,0.609361,7986.026367
16,0.632164,0.765130,11446.681641
17,0.495416,0.618785,12611.323242
18,0.542748,0.663894,13293.383789
19,0.527996,0.507380,13542.940430
20,0.473367,0.565524,14025.519531
21,0.503531,0.651257,15240.001953
22,0.467401,0.385222,16521.091797
23,0.457886,0.386797,16720.691406
24,0.460123,0.376350,16953.695312
25,0.481228,0.847507,17735.591797
26,0.479257,0.919705,17968.544922
27,0.422536,0.940853,18417.802734
28,0.591397,0.889584,18667.357422
29,0.734396,0.504937,21628.767578
30,0.710190,0.528167,21878.371094
31,0.714564,0.526693,22077.964844
32,0.738138,0.608904,22360.833984
33,0.775567,0.571503,22843.367188
34,0.749585,0.406087,23575.498047
35,0.788480,0.429843,23808.328125
36,0.788942,0.506535,24507.035156
37,0.747192,0.612107,24789.910156
0,0.742894,0.534626,249.560287
1,0.730731,0.528165,765.320312
2,0.728796,0.533665,865.197510
3,0.728421,0.534243,981.604126
4,0.728153,0.536464,1081.460571
5,0.723986,0.538489,1297.710571
6,0.730963,0.534713,2479.034424
7,0.832202,0.543343,2961.517578
8,0.837751,0.580063,3211.054199
9,0.820603,0.465643,3577.096924
10,0.811692,0.420764,3743.440674
11,0.585654,0.702721,5190.911133
12,0.609714,0.691756,5373.929199
13,0.640290,0.708449,5573.572266
14,0.485808,0.544891,6638.393555
15,0.488154,0.499079,6771.505371
16,0.502009,0.481322,7004.446289
17,0.472741,0.492067,7337.179688
18,0.476555,0.499567,7536.832031
19,0.434705,0.687584,7986.031250
20,0.416758,0.745648,8185.707031
21,0.744392,0.535956,9400.231445
22,0.742339,0.538262,9500.054688
23,0.735336,0.531207,9832.801758
24,0.880255,0.514966,10198.861328
25,0.008696,0.565241,10914.283203
26,0.030773,0.569518,11197.094727
27,0.026050,0.562608,11546.495117
28,0.998724,0.469889,12544.738281
29,0.090082,0.625963,13493.069336
30,0.132996,0.463867,13925.668945
31,0.982819,0.959179,15922.152344
32,0.763893,0.774060,16837.271484
33,0.726007,0.697759,17153.335938
34,0.719293,0.596659,17353.015625
35,0.712038,0.560709,17635.826172
36,0.726712,0.533305,17918.679688
37,0.693126,0.532050,18451.085938
38,0.721547,0.515941,18933.560547
39,0.687959,0.526800,19149.882812
40,0.690607,0.507089,19316.273438
41,0.709758,0.506606,19482.615234
42,0.752167,0.561723,19765.437500
43,0.758952,0.573751,19965.125000
44,0.766762,0.491705,20347.750000
45,0.779484,0.432595,20713.785156
46,0.718257,0.420745,21013.273438
47,0.680111,0.409328,21163.005859
48,0.638410,0.433526,21695.429688
49,0.618247,0.457129,21861.773438
50,0.608750,0.450470,22094.714844
51,0.603681,0.736969,22660.398438
52,0.517833,0.874682,23126.246094
53,0.420618,0.874212,23691.917969
54,0.404836,0.870843,23908.220703
55,0.310252,0.759807,24274.236328
0,0.719509,0.559616,349.383850
1,0.705634,0.585068,532.460815
2,0.590133,0.720914,1331.089600
3,0.583737,0.721537,1480.831299
4,0.609359,0.751511,1680.439941
5,0.603918,0.762640,2162.879395
6,0.501079,0.837583,2379.222168
7,0.502799,0.844920,2545.631104
8,0.613527,0.718754,3144.596191
9,0.622444,0.716043,3261.088135
10,0.620277,0.736936,3577.075439
11,0.594815,0.636712,3743.516602
12,0.636708,0.389683,4009.694092
13,0.630773,0.366087,4242.629395
14,0.625255,0.346919,4359.082520
15,0.502375,0.439681,4608.631348
16,0.484966,0.427329,4841.670410
17,0.477855,0.409958,5074.455566
18,0.484865,0.487179,5473.838379
19,0.477246,0.513445,5640.184570
20,0.427858,0.563503,5839.842773
21,0.458286,0.556113,6122.702148
22,0.340250,0.601875,6788.139160
23,0.356448,0.618500,6971.136719
24,0.316555,0.591095,7237.335449
25,0.306343,0.833020,7586.743652
26,0.267141,0.842402,7819.650391
27,0.380059,0.818037,7986.018555
28,0.361059,0.548917,8318.810547
29,0.332820,0.540133,8601.625000
30,0.330031,0.527037,8901.116211
31,0.385968,0.520947,9183.971680
32,0.405700,0.503509,9500.064453
33,0.000142,0.402925,11796.075195
34,0.977592,0.282636,11979.083984
35,0.972970,0.277282,12095.536133
36,0.001825,0.418764,12278.535156
37,0.025327,0.563036,12794.313477
38,0.151702,0.467671,13310.075195
39,0.093042,0.638182,13659.483398
40,0.080756,0.651031,13792.600586
41,0.062804,0.637012,14075.409180
42,0.139706,0.407237,14458.061523
43,0.973978,0.576898,16138.458008
44,0.984469,0.557185,16288.222656
45,0.980534,0.528350,16537.765625
46,0.913476,0.535792,16704.134766
47,0.907270,0.543939,17036.886719
48,0.717717,0.500399,17785.582031
49,0.721147,0.442280,18051.779297
50,0.608925,0.409402,18434.447266
51,0.586855,0.167651,18800.457031
52,0.488036,0.456149,19332.900391
53,0.477749,0.553546,19549.162109
54,0.480235,0.516481,19832.011719
55,0.486084,0.515671,19998.412109
56,0.485179,0.568797,20181.412109
57,0.495001,0.583924,20464.222656
58,0.515129,0.569945,20597.349609
59,0.514589,0.525264,20747.064453
60,0.536767,0.571919,21146.402344
61,0.518884,0.556213,21412.601562
62,0.530664,0.480235,21645.525391
63,0.547064,0.458282,21828.529297
64,0.569039,0.453864,22061.443359
65,0.506856,0.424673,22460.742188
66,0.506822,0.328571,23409.087891
67,0.543823,0.279746,23625.375000
68,0.646034,0.433438,23991.390625
69,0.650182,0.421879,24107.863281
70,0.643108,0.389533,24340.800781
0,0.735618,0.561330,449.210327
1,0.719751,0.555049,815.296143
2,0.745061,0.561406,1048.110840
3,0.928568,0.622034,1730.320801
4,0.003602,0.554600,2296.000732
5,0.027398,0.539242,2445.670410
6,0.998116,0.478496,2695.302246
7,0.929529,0.581455,3211.030029
8,0.926008,0.606518,3427.396484
9,0.941004,0.598102,3926.411133
10,0.920114,0.611619,4275.881348
11,0.088271,0.602278,4841.607910
12,0.004378,0.506450,5307.409668
13,0.009174,0.567695,5473.730957
14,0.065863,0.574832,5756.614258
15,0.728401,0.558826,7204.132812
16,0.722156,0.565567,7669.927734
17,0.752111,0.554021,7852.897949
18,0.736931,0.524629,7986.040527
19,0.617753,0.489841,8235.599609
20,0.636063,0.594384,8468.570312
21,0.626651,0.686781,8901.118164
22,0.623964,0.690499,9084.092773
23,0.323920,0.657611,11263.619141
24,0.333454,0.640474,11546.473633
25,0.368195,0.646175,11912.483398
26,0.317423,0.663089,12095.477539
27,0.132420,0.757511,12977.288086
28,0.355498,0.693167,13509.696289
29,0.354352,0.644875,13742.599609
30,0.346104,0.581615,13958.917969
31,0.337821,0.544226,14141.904297
32,0.505339,0.513254,14973.811523
33,0.497915,0.525888,15123.517578
34,0.511926,0.512919,15389.733398
35,0.487003,0.562062,15822.308594
36,0.473464,0.600505,16005.324219
37,0.465178,0.602569,16271.521484
38,0.534637,0.599820,16571.017578
39,0.507719,0.583982,17153.322266
40,0.480145,0.573776,17519.339844
41,0.483476,0.521754,17785.583984
42,0.491328,0.473924,18101.654297
43,0.471467,0.338931,18451.095703
44,0.368949,0.270796,19083.271484
45,0.687764,0.947086,21029.888672
46,0.027479,0.855616,21778.558594
47,0.776352,0.223649,23808.464844
48,0.968295,0.330197,24623.591797
0,0.734362,0.470109,349.364960
1,0.721454,0.455604,582.310974
2,0.772087,0.391589,831.858276
3,0.586952,0.731223,1547.315552
4,0.595248,0.713689,1647.165771
5,0.569578,0.700366,1780.303223
6,0.572423,0.691678,1880.109741
7,0.580916,0.674241,1996.476440
8,0.485448,0.489851,2329.287842
9,0.458780,0.457462,2612.146240
10,0.451435,0.455845,2811.818848
11,0.388687,0.662456,3094.602783
12,0.396005,0.944527,3560.450195
13,0.427669,0.888775,3826.718994
14,0.322573,0.589586,4542.076172
15,0.379298,0.541694,4758.368164
16,0.632107,0.338282,7220.753418
17,0.841654,0.360439,7653.312012
18,0.837609,0.358877,7753.120117
19,0.031792,0.477839,8951.011719
20,0.086996,0.487702,9366.933594
21,0.975782,0.470897,10065.765625
22,0.097097,0.323486,10631.404297
23,0.055896,0.480641,11047.391602
24,0.056664,0.477675,11330.207031
25,0.004272,0.450390,11613.041992
26,0.903943,0.597173,11979.038086
27,0.972792,0.372583,12478.217773
28,0.740963,0.121904,13459.818359
29,0.761143,0.118968,13592.932617
30,0.595725,0.803141,15289.922852
31,0.476036,0.514758,15822.346680
32,0.456153,0.516694,16005.346680
33,0.463777,0.374494,16288.166992
34,0.648384,0.311698,16903.761719
35,0.640919,0.346455,17186.609375
36,0.639069,0.363292,17286.443359
37,0.586394,0.341075,17619.197266
38,0.563560,0.334857,17768.955078
39,0.598213,0.881858,18683.990234
40,0.603436,0.883082,18767.183594
41,0.634484,0.913250,18917.003906
42,0.584464,0.727000,19532.580078
43,0.573108,0.681230,19732.236328
44,0.551972,0.459774,20164.740234
45,0.518465,0.460475,20430.937500
46,0.484889,0.459102,20680.605469
47,0.752523,0.511633,21712.050781
48,0.750831,0.531406,21795.316406
49,0.758735,0.497599,22111.339844
50,0.805920,0.398566,22360.884766
51,0.070141,0.463654,24057.953125
52,0.099179,0.545147,24390.697266
0,0.725630,0.819461,499.140289
1,0.739384,0.719105,715.369568
2,0.710610,0.564946,1098.110352
3,0.569404,0.716820,1913.300537
4,0.608780,0.703071,2379.197266
5,0.479469,0.601699,3244.379395
6,0.493726,0.576993,3427.343018
7,0.459099,0.505909,3627.000244
8,0.382907,0.648351,4042.938232
9,0.380590,0.691725,4309.130371
10,0.434493,0.768925,4542.021484
11,0.541007,0.775882,5207.554199
12,0.598175,0.428672,5972.852051
13,0.720501,0.574693,6605.130859
14,0.722524,0.577689,6771.486816
15,0.812715,0.522952,7037.657227
16,0.853114,0.617771,7403.689453
17,0.928105,0.632912,7653.260254
18,0.928165,0.583610,8002.679199
19,0.716752,0.576756,8751.338867
20,0.224961,0.544610,10315.273438
21,0.134587,0.803775,11163.810547
22,0.266034,0.715965,11612.992188
23,0.340949,0.568041,12195.323242
24,0.337879,0.512820,12394.958984
25,0.897918,0.373392,13759.254883
26,0.902676,0.356674,13892.360352
27,0.902603,0.203468,14258.412109
28,0.933129,0.578284,15423.029297
29,0.814651,0.637236,15805.666992
30,0.720836,0.599056,16138.432617
31,0.668628,0.580204,16620.906250
32,0.639151,0.702971,17020.210938
33,0.620956,0.716769,17203.220703
34,0.582437,0.719203,17585.919922
35,0.473815,0.493267,18351.230469
36,0.496715,0.433742,18833.742188
37,0.501165,0.565211,19233.029297
38,0.468075,0.563730,19515.855469
39,0.491716,0.533960,19998.345703
40,0.501126,0.497461,20331.109375
41,0.502462,0.572149,20913.402344
42,0.635296,0.473250,21662.115234
43,0.586886,0.716083,22261.046875
44,0.518548,0.765262,22477.365234
45,0.514095,0.771853,22560.533203
46,0.500802,0.801900,22693.664062
47,0.475716,0.795218,22876.660156
48,0.533357,0.796891,23275.958984
49,0.600782,0.746153,23492.234375
50,0.612760,0.787028,23808.378906
51,0.595494,0.702101,24057.919922
52,0.424479,0.708344,24540.400391
53,0.425397,0.695904,24790.015625
0,0.755870,0.490098,349.420227
1,0.716904,0.613144,632.352112
2,0.715755,0.594026,781.990479
3,0.566043,0.770003,1281.153442
4,0.576430,0.777434,1364.366089
5,0.487854,0.600743,1880.103149
6,0.496060,0.555665,2146.294189
7,0.455436,0.826046,2462.427490
8,0.484529,0.884096,2612.148682
9,0.390528,0.837094,3061.365479
10,0.950288,0.695384,4359.089844
11,0.999991,0.624324,4575.401367
12,0.998309,0.422934,4958.067871
13,0.995870,0.433633,5124.412109
14,0.996089,0.430710,5673.465820
15,0.995786,0.426447,5823.196289
16,0.932779,0.656619,6155.996094
17,0.921516,0.684364,6372.244629
18,0.097571,0.432177,6888.003906
19,0.123106,0.403696,7071.002930
20,0.059117,0.642353,7470.330078
21,0.176635,0.716284,7753.165527
22,0.248201,0.780825,7969.455566
23,0.330274,0.801650,8535.144531
24,0.340583,0.752561,8834.602539
25,0.328773,0.734417,9416.921875
26,0.322172,0.763476,9583.289062
27,0.125636,0.888597,10315.340820
28,0.935744,0.186964,11895.949219
29,0.750112,0.559131,13077.208008
30,0.716880,0.636901,13360.060547
31,0.702962,0.655443,13659.489258
32,0.561985,0.682894,14158.633789
33,0.524927,0.636322,14408.210938
34,0.484951,0.507552,14807.502930
35,0.488765,0.461380,15090.400391
36,0.467811,0.474927,15306.610352
37,0.495335,0.536202,15805.756836
38,0.489609,0.500120,16171.776367
39,0.621847,0.479818,16521.152344
40,0.627046,0.493281,16737.490234
41,0.635267,0.488270,17186.736328
42,0.616696,0.464778,17619.255859
43,0.346782,0.508211,19316.281250
44,0.338598,0.638931,19532.580078
45,0.347193,0.665721,19765.492188
46,0.350919,0.842730,20114.875000
47,0.280106,0.862994,20414.382812
48,0.375003,0.829548,20614.007812
49,0.399858,0.770829,20946.781250
50,0.337183,0.609461,21362.712891
51,0.354648,0.659583,21595.634766
52,0.470601,0.811000,22494.066406
53,0.746044,0.525163,23325.972656
54,0.756471,0.438677,23708.615234
55,0.783825,0.392475,24274.291016
56,0.796904,0.472637,24573.777344
0,0.725379,0.562725,349.457550
1,0.731633,0.551409,632.342773
2,0.723007,0.558693,1197.906494
3,0.715091,0.574287,1430.830933
4,0.740217,0.546650,1780.263062
5,0.606298,0.671176,2861.806396
6,0.556901,0.720057,3227.748291
7,0.613255,0.714100,3444.038818
8,0.847868,0.648766,4641.937500
9,0.908458,0.658599,4841.539062
10,0.010627,0.513456,5606.935547
11,0.012190,0.465938,5856.535645
12,0.010001,0.449048,6189.276855
13,0.063674,0.593019,6521.979492
14,0.061256,0.579461,6655.035645
15,0.065007,0.609773,7021.059570
16,0.070840,0.560667,7303.919922
17,0.139209,0.453513,7536.857910
18,0.317900,0.750285,9100.795898
19,0.329715,0.677328,9250.531250
20,0.327423,0.737038,9733.004883
21,0.313712,0.713005,10015.866211
22,0.340202,0.617051,10431.777344
23,0.348993,0.685155,10814.439453
24,0.349905,0.719618,10947.557617
25,0.369436,0.697536,11313.577148
26,0.353595,0.611231,11529.871094
27,0.322502,0.680342,11829.333984
28,0.406276,0.861177,12228.634766
29,0.410389,0.904327,12461.574219
30,0.438043,0.800340,12677.854492
31,0.485956,0.809046,12910.802734
32,0.439675,0.771341,13077.193359
33,0.404078,0.785498,13543.029297
34,0.441216,0.779217,13875.791992
35,0.451826,0.788785,14408.167969
36,0.604174,0.639135,15190.161133
37,0.573499,0.794925,15572.805664
38,0.548086,0.825576,15822.350586
39,0.585565,0.801129,16121.879883
40,0.584230,0.790618,16354.757812
41,0.533197,0.809077,16654.257812
42,0.484641,0.580431,17053.535156
43,0.493431,0.515007,17219.923828
44,0.478864,0.509762,17419.562500
45,0.494302,0.454828,17619.279297
46,0.516245,0.465730,17902.080078
47,0.516117,0.486071,18051.812500
48,0.500981,0.502977,18268.085938
49,0.491417,0.486222,18650.742188
50,0.484359,0.485713,18966.857422
51,0.519229,0.477316,19283.007812
52,0.517597,0.481384,19466.023438
53,0.513589,0.495304,19715.583984
54,0.489159,0.506471,20031.667969
55,0.488082,0.560213,20414.357422
56,0.479522,0.580190,20647.287109
57,0.503310,0.573724,21029.941406
58,0.408426,0.829541,21479.156250
59,0.365846,0.928545,21795.291016
60,0.348189,0.622011,22128.011719
61,0.319538,0.677268,22394.214844
62,0.316333,0.664936,22976.533203
63,0.323699,0.658331,23142.908203
64,0.274063,0.716490,23558.845703
65,0.255705,0.722569,23808.396484
66,0.231284,0.717163,24057.972656
67,0.175301,0.678685,24357.451172
68,0.077406,0.678309,24706.869141
0,0.734522,0.576680,415.950958
1,0.777690,0.549196,848.626526
2,0.820846,0.509935,1031.548584
3,0.738710,0.562939,1397.628052
4,0.944015,0.619186,1979.945435
5,0.012734,0.473978,2695.330566
6,0.077098,0.550518,3360.861084
7,0.130825,0.407348,3810.055176
8,0.933398,0.318627,4275.888184
9,0.920204,0.279972,4508.813965
10,0.023893,0.542368,5041.204102
11,0.014034,0.606799,5274.131836
12,0.847071,0.530621,5989.539062
13,0.814578,0.494896,6172.593262
14,0.784190,0.475592,6422.159180
15,0.790928,0.656372,6671.690918
16,0.731093,0.607926,6954.556152
17,0.729797,0.562205,7204.107422
18,0.598854,0.695162,7819.694824
19,0.599290,0.698760,8035.987793
20,0.606720,0.705739,8135.800293
21,0.614730,0.722066,8401.999023
22,0.523311,0.804559,8668.226562
23,0.488149,0.839398,8984.317383
24,0.390515,0.823434,9250.511719
25,0.402161,0.830562,9350.349609
26,0.401385,0.871685,9616.534180
27,0.334397,0.661494,10082.404297
28,0.323809,0.669402,10298.688477
29,0.325462,0.607255,10664.726562
30,0.347738,0.535460,10831.085938
31,0.346315,0.543136,11097.297852
32,0.505224,0.558591,11712.890625
33,0.498532,0.498556,12078.928711
34,0.485937,0.478967,12228.637695
35,0.521772,0.486021,12661.253906
36,0.523970,0.536654,12894.179688
37,0.516573,0.571695,13093.786133
38,0.525738,0.589260,13626.205078
39,0.560663,0.576240,14058.813477
40,0.616381,0.685108,14657.736328
41,0.634648,0.694746,15007.161133
42,0.632298,0.653118,15256.683594
43,0.633433,0.486079,15472.978516
44,0.630888,0.451494,15589.440430
45,0.649289,0.448193,16887.187500
46,0.700696,0.460420,17153.423828
47,0.721054,0.467684,17303.115234
48,0.744172,0.553247,17652.527344
49,0.732550,0.559703,17902.089844
50,0.732278,0.557869,18018.533203
51,0.747621,0.531652,18251.482422
52,0.753780,0.555910,18534.292969
53,0.615392,0.715479,18916.945312
54,0.600163,0.685154,19282.976562
55,0.604985,0.688364,19632.388672
56,0.610800,0.696272,19732.193359
57,0.614001,0.734340,19848.656250
58,0.552772,0.839123,20514.187500
59,0.515227,0.863813,20713.826172
60,0.434477,0.905168,21246.234375
61,0.295828,0.873921,21878.447266
62,0.298246,0.885540,21961.634766
63,0.230900,0.896190,22194.617188
64,0.152562,0.877459,22427.507812
65,0.105775,0.887640,22660.412109
66,0.262775,0.758208,23109.638672
67,0.324775,0.657581,23309.281250
68,0.330283,0.637653,23475.654297
69,0.373356,0.611325,23741.865234
70,0.446128,0.722498,24290.923828
71,0.377558,0.635142,24723.482422
0,0.706695,0.643329,499.115387
1,0.697725,0.683297,915.067688
2,0.669055,0.510672,1397.577759
3,0.696438,0.409494,1613.888794
4,0.779613,0.408113,1913.314331
5,0.801417,0.478411,2362.518066
6,0.717363,0.669299,2711.926270
7,0.703694,0.660380,2994.801025
8,0.692490,0.654177,3377.479980
9,0.702191,0.695123,3810.033203
10,0.702343,0.694300,4009.646240
11,0.798611,0.658034,4275.901367
12,0.836924,0.678061,4508.827637
13,0.828060,0.674256,4641.965332
14,0.900165,0.678361,4941.372070
15,0.997961,0.587720,5706.677246
16,0.045398,0.590045,5989.591797
17,0.999474,0.429852,6205.801758
18,0.986204,0.382737,6438.731934
19,0.896267,0.572917,6921.261719
20,0.005416,0.694750,7869.615234
21,0.055498,0.596611,8418.616211
22,0.761043,0.890779,9383.617188
23,0.803838,0.880721,9566.616211
24,0.298849,0.746372,11180.449219
25,0.331901,0.739513,11346.863281
26,0.325750,0.712304,11546.557617
27,0.348525,0.556987,11746.147461
28,0.342739,0.550019,11845.954102
29,0.308530,0.529657,12095.558594
30,0.088694,0.358326,13093.833984
31,0.041725,0.334893,13360.029297
32,0.949309,0.414358,13792.580078
33,0.923585,0.260873,14008.924805
34,0.915845,0.234113,14125.291992
35,0.807586,0.444669,14707.655273
36,0.803934,0.382083,15123.614258
37,0.727936,0.418384,15389.845703
38,0.756442,0.437352,15822.346680
39,0.688980,0.545595,16055.331055
40,0.693632,0.542605,16288.181641
41,0.697611,0.628144,16504.476562
42,0.662806,0.596157,16920.425781
43,0.601424,0.480457,17303.105469
44,0.572636,0.490790,17569.292969
45,0.516035,0.527020,17968.583984
46,0.523096,0.538014,18401.232422
47,0.464305,0.616975,18650.767578
48,0.456154,0.561873,18933.609375
49,0.465209,0.630333,19366.164062
50,0.412324,0.503117,19798.755859
51,0.311554,0.654218,20381.021484
52,0.334860,0.729545,20564.066406
53,0.475963,0.611580,21029.929688
54,0.480945,0.525791,21246.191406
55,0.475511,0.516754,21595.582031
56,0.476890,0.237561,22377.652344
57,0.490190,0.138440,22593.841797
58,0.511932,0.101945,22743.603516
59,0.581512,0.232654,23076.332031
60,0.695311,0.488170,23708.552734
61,0.699500,0.421401,23941.482422
62,0.660829,0.409380,24324.166016
63,0.656776,0.391209,24623.619141
0,0.737147,0.531874,382.757751
1,0.776443,0.502330,715.458740
2,0.745855,0.512294,915.065063
3,0.746624,0.607262,1264.450562
4,0.005694,0.595452,2661.994385
5,0.041634,0.596652,2994.753906
6,0.030073,0.583209,3094.614502
7,0.000378,0.565889,3427.418701
8,0.999332,0.503699,3627.049072
9,0.999858,0.489762,3760.172363
10,0.154911,0.506417,4142.772949
11,0.068190,0.558948,4858.172363
12,0.067302,0.548269,4957.989258
13,0.906217,0.560033,5457.130371
14,0.911294,0.552204,5623.510742
15,0.926774,0.581088,5889.701660
16,0.939209,0.614878,6372.204590
17,0.930931,0.631118,6588.506348
18,0.932342,0.617043,6721.583984
19,0.939328,0.592408,7087.621582
20,0.919173,0.586734,7503.553223
21,0.893386,0.586532,8119.147461
22,0.779789,0.586568,8568.359375
23,0.717173,0.614789,8867.845703
24,0.717379,0.602471,9017.575195
25,0.722972,0.586854,9183.972656
26,0.616025,0.726187,9782.902344
27,0.617851,0.717087,9982.560547
28,0.594566,0.735976,10132.288086
29,0.524447,0.847373,10498.308594
30,0.416256,0.905290,10897.626953
31,0.415472,0.903728,10980.813477
32,0.469159,0.899547,11230.376953
33,0.354253,0.715784,11929.142578
34,0.505737,0.546367,12378.353516
35,0.510534,0.472365,12694.500000
36,0.503294,0.475887,12777.660156
37,0.477604,0.470822,12927.406250
38,0.467385,0.485785,13276.822266
39,0.302554,0.639322,13958.924805
40,0.297462,0.668324,14158.581055
41,0.215989,0.678237,14474.694336
42,0.321884,0.655290,14774.172852
43,0.365842,0.562797,15273.313477
44,0.722359,0.537280,18916.972656
45,0.632733,0.711925,19682.261719
46,0.584064,0.736400,20015.013672
47,0.571230,0.844992,20630.646484
48,0.724937,0.610382,21196.296875
49,0.735245,0.560773,21429.228516
50,0.735286,0.599848,21761.953125
51,0.734929,0.507583,22244.476562
52,0.728593,0.497928,22394.208984
53,0.727955,0.558062,22660.404297
54,0.742184,0.545037,23009.792969
55,0.831061,0.559886,23342.535156
56,0.837125,0.576626,23558.857422
57,0.843470,0.564465,24424.003906
58,0.909346,0.587981,24640.269531
0,0.737159,0.464619,432.621826
1,0.796768,0.522721,632.219971
2,0.697003,0.588150,1331.036987
3,0.702077,0.570502,1514.150269
4,0.726779,0.578644,1730.293579
5,0.564382,0.713887,2745.293701
6,0.542543,0.805022,3261.081787
7,0.447048,0.898246,3627.119141
8,0.296688,0.666349,4458.871094
9,0.279113,0.718287,4791.618652
10,0.311858,0.661036,5141.113770
11,0.339956,0.660659,5573.628906
12,0.342834,0.651327,5773.351562
13,0.452201,0.405522,6056.104492
14,0.488262,0.477111,6322.308594
15,0.476173,0.505502,6704.958984
16,0.504027,0.424517,6971.169434
17,0.483359,0.462085,7403.725586
18,0.484589,0.475663,7753.124023
19,0.498856,0.572001,8035.980469
20,0.472040,0.544796,8401.999023
21,0.464599,0.358000,8634.933594
22,0.478268,0.449768,8867.836914
23,0.489627,0.454110,9150.672852
24,0.481900,0.441361,9450.162109
25,0.477857,0.426469,10065.728516
26,0.492925,0.546983,10365.235352
27,0.534040,0.664466,10698.000977
28,0.612244,0.764944,11080.639648
29,0.619640,0.778232,11180.495117
30,0.593643,0.780595,11380.121094
31,0.015269,0.558925,12627.925781
32,0.965902,0.413462,13226.884766
33,0.133422,0.372030,13642.826172
34,0.018461,0.678104,14158.618164
35,0.723654,0.536881,15040.398438
36,0.721236,0.503025,15339.882812
37,0.723523,0.498200,15472.963867
38,0.594008,0.621091,15755.809570
39,0.570251,0.665595,16155.115234
40,0.591123,0.628659,16587.685547
41,0.527557,0.687679,17170.007812
42,0.844974,0.370430,18068.425781
43,0.917276,0.662692,18367.912109
44,0.920167,0.658120,18550.923828
45,0.913047,0.645975,18733.933594
46,0.995193,0.642181,18916.937500
47,0.874641,0.595923,19149.892578
48,0.876904,0.578462,19466.017578
49,0.917845,0.612925,19765.458984
50,0.918945,0.600026,20281.226562
51,0.054414,0.593847,20597.345703
52,0.133456,0.363254,21262.845703
53,0.118306,0.370652,21445.867188
54,0.093312,0.403777,21811.873047
55,0.105919,0.391097,22111.414062
56,0.486079,0.462005,23592.125000
57,0.493999,0.454906,23708.583984
58,0.474108,0.453469,23891.597656
59,0.464594,0.488652,24274.251953
60,0.462218,0.502436,24374.066406
61,0.488030,0.444899,24507.201172
0,0.759512,0.472697,382.696777
1,0.734032,0.498918,781.959290
2,0.730010,0.534029,981.680603
3,0.724190,0.552647,1264.470581
4,0.726062,0.540173,1414.183716
5,0.686974,0.544037,2013.141968
6,0.573700,0.702243,2545.564941
7,0.551111,0.794452,2928.216064
8,0.488477,0.541535,4342.445801
9,0.497173,0.496824,4608.647461
10,0.507251,0.450047,4808.278809
11,0.513583,0.456394,5024.556152
12,0.505533,0.504772,5423.877441
13,0.627835,0.449999,6239.111816
14,0.742265,0.558332,6937.866211
15,0.973827,0.505401,8402.020508
16,0.961682,0.493800,8501.840820
17,0.970517,0.468186,8817.916016
18,0.124916,0.440109,9283.769531
19,0.120947,0.443506,9516.738281
20,0.341626,0.682742,10581.522461
21,0.346185,0.678380,10831.052734
22,0.342296,0.676801,10980.805664
23,0.330520,0.666090,11097.301758
24,0.337126,0.679010,11396.764648
25,0.415335,0.838143,11862.636719
26,0.379870,0.872344,12145.525391
27,0.458732,0.807596,12628.019531
28,0.405021,0.800764,12960.714844
29,0.376015,0.835351,13276.812500
30,0.580350,0.901844,13476.490234
31,0.599686,0.907503,13609.570312
32,0.694575,0.902251,13792.558594
33,0.360155,0.615963,14524.623047
34,0.335264,0.612010,15023.732422
35,0.313237,0.563452,15223.429688
36,0.728033,0.529228,16521.220703
37,0.729291,0.522778,16754.099609
38,0.735422,0.526690,16887.181641
39,0.747291,0.532606,17036.898438
40,0.728484,0.558041,17386.316406
41,0.785243,0.516473,17802.259766
42,0.738859,0.549039,18234.802734
43,0.734011,0.549321,18351.265625
44,0.786277,0.534056,18550.914062
45,0.814811,0.541780,18767.255859
46,0.923770,0.606568,19848.730469
47,0.913976,0.606811,19998.455078
48,0.920161,0.800964,20297.878906
49,0.832906,0.834499,20996.683594
50,0.812955,0.797872,21412.601562
51,0.762998,0.821208,21845.166016
52,0.698427,0.796520,22211.177734
53,0.577084,0.773452,22527.302734
54,0.593226,0.750349,22743.572266
55,0.544892,0.836792,23059.710938
56,0.545864,0.821741,23292.636719
57,0.549671,0.807758,23525.560547
58,0.519754,0.847280,23691.976562
59,0.436562,0.866822,23991.396484
60,0.453752,0.862814,24124.498047
61,0.485566,0.834015,24424.003906
0,0.768538,0.707393,49.967766
1,0.733122,0.514814,615.648499
2,0.683550,0.635282,1031.546875
3,0.622939,0.692242,1414.235962
4,0.663108,0.678184,1946.687256
5,0.662927,0.694023,2029.785889
6,0.677270,0.540447,2295.976807
7,0.674937,0.530904,2429.173096
8,0.607188,0.701240,2961.578857
9,0.582608,0.731464,3194.416992
10,0.509086,0.558564,3610.435791
11,0.630926,0.492085,4359.034180
12,0.626215,0.498488,4558.727539
13,0.492655,0.540598,4957.992676
14,0.475315,0.542857,5324.014648
15,0.490434,0.658442,5590.327637
16,0.364288,0.681584,6056.075684
17,0.341892,0.676983,6272.395508
18,0.362433,0.753685,6488.712891
19,0.451545,0.861198,6721.631836
20,0.441714,0.879485,6954.501465
21,0.438023,0.862657,7054.416016
22,0.472945,0.875877,7220.773438
23,0.580673,0.872767,7919.513672
24,0.539686,0.845110,8468.592773
25,0.339638,0.725759,8701.464844
26,0.323933,0.698110,8884.509766
27,0.379710,0.663624,9100.767578
28,0.337703,0.733969,9533.398438
29,0.298643,0.679417,9932.728516
30,0.415513,0.452362,10731.294922
31,0.412273,0.443956,10864.383789
32,0.114058,0.499448,12078.934570
33,0.043579,0.622727,12278.589844
34,0.047552,0.630564,12411.715820
35,0.017513,0.708718,12594.647461
36,0.022737,0.710072,12761.140625
37,0.078478,0.910775,12944.098633
38,0.076065,0.923811,13027.278320
39,0.070237,0.925330,13127.089844
40,0.076594,0.820851,13526.353516
41,0.008332,0.542878,13992.247070
42,0.946087,0.618889,14458.122070
43,0.897536,0.668178,14691.010742
44,0.858384,0.694027,14940.550781
45,0.906586,0.627524,15323.346680
46,0.903790,0.574768,15639.353516
47,0.898786,0.560647,15755.861328
48,0.816462,0.498876,15972.089844
49,0.770982,0.503586,16254.966797
50,0.822471,0.447175,16537.814453
51,0.827110,0.460085,16687.503906
52,0.850771,0.425603,17003.636719
53,0.980156,0.225661,17585.984375
54,0.999590,0.526074,18001.970703
55,0.002777,0.538596,18184.921875
56,0.252349,0.723870,19216.539062
57,0.337750,0.798416,19698.939453
58,0.367782,0.774219,19948.583984
59,0.391784,0.731449,20198.042969
60,0.379801,0.783988,20613.980469
61,0.400036,0.815131,20880.251953
62,0.392895,0.787761,21129.742188
63,0.390300,0.723282,21279.509766
64,0.445446,0.796996,21745.369141
65,0.476383,0.837412,21928.400391
66,0.558088,0.876298,22161.310547
67,0.639584,0.738145,22610.511719
68,0.725139,0.608933,22926.644531
69,0.750009,0.569075,23176.234375
70,0.742180,0.593799,23325.937500
71,0.756889,0.586454,23525.560547
72,0.767935,0.522804,23741.859375
73,0.762340,0.564513,23974.773438
74,0.729276,0.621075,24141.142578
75,0.725370,0.565442,24473.908203
0,0.731512,0.592998,399.316650
1,0.725269,0.561081,582.390381
2,0.716573,0.562897,964.990051
3,0.598145,0.864779,1830.163208
4,0.660241,0.891537,2129.635742
5,0.405672,0.898078,3011.431641
6,0.464706,0.544136,4109.531250
7,0.330823,0.664458,4791.681641
8,0.316845,0.681466,4924.743164
9,0.205830,0.860027,5640.123535
10,0.291210,0.632968,6155.985840
11,0.351249,0.563261,6388.839355
12,0.425239,0.846330,6871.350586
13,0.429353,0.746894,7453.654785
14,0.499113,0.528509,8318.801758
15,0.496125,0.480064,8618.267578
16,0.474009,0.557992,8901.089844
17,0.493041,0.497885,9217.226562
18,0.633475,0.449559,9766.265625
19,0.589325,0.699135,10348.569336
20,0.740049,0.547815,10980.833008
21,0.726155,0.560658,11513.196289
22,0.940012,0.590292,12378.369141
23,0.017301,0.577698,12711.117188
24,0.098409,0.625812,13176.995117
25,0.132196,0.425399,13576.275391
26,0.978554,0.474154,13842.467773
27,0.983641,0.474280,13975.603516
28,0.986080,0.465655,14225.134766
29,0.931794,0.631183,14624.439453
30,0.973926,0.735564,15040.382812
31,0.932766,0.572109,15739.178711
32,0.930137,0.571542,15955.437500
33,0.730555,0.543143,16554.394531
34,0.702642,0.485145,16820.603516
35,0.708097,0.480115,16986.982422
36,0.723353,0.567274,17219.890625
37,0.496741,0.541283,18351.267578
38,0.494815,0.493232,18667.402344
39,0.467648,0.570444,18966.835938
40,0.329170,0.576205,19881.931641
41,0.345086,0.576043,20064.925781
42,0.312744,0.694433,20347.763672
43,0.307522,0.668945,20813.636719
44,0.374365,0.849051,21312.751953
45,0.409307,0.812420,21545.691406
46,0.403340,0.790747,21712.087891
47,0.502178,0.834499,21944.980469
48,0.610975,0.718554,22726.951172
49,0.612322,0.648221,22993.144531
50,0.733587,0.534814,23575.484375
51,0.732972,0.553103,23808.380859
52,0.824976,0.469102,24274.234375
0,0.755279,0.540063,249.684692
1,0.748884,0.530508,931.811890
2,0.743684,0.532836,1747.024658
3,0.745676,0.538527,1930.082275
4,0.740573,0.531855,2046.511719
5,0.730706,0.550314,2329.365723
6,0.705640,0.633686,2628.824219
7,0.704105,0.646257,3111.351318
8,0.704817,0.645975,3261.071289
9,0.605630,0.484721,3959.864990
10,0.619032,0.465741,4209.382324
11,0.642946,0.426944,4475.582520
12,0.677865,0.425168,4775.067383
13,0.716785,0.445481,5107.832031
14,0.723458,0.450915,5257.548828
15,0.755960,0.444692,5540.407227
16,0.787855,0.461820,5973.011230
17,0.860387,0.535594,6255.817383
18,0.864679,0.536397,6472.132324
19,0.878419,0.546042,6671.751465
20,0.915799,0.633917,6987.867676
21,0.949358,0.567610,7220.805176
22,0.971095,0.546642,7586.820312
23,0.975533,0.546896,7769.836426
24,0.001140,0.546398,8019.410645
25,0.026425,0.544502,8668.262695
26,0.029452,0.546581,8834.670898
27,0.069618,0.554794,9067.575195
28,0.065511,0.536119,10065.817383
29,0.092583,0.467885,10448.479492
30,0.009776,0.473538,11047.457031
31,0.998030,0.465472,11213.824219
32,0.898647,0.383087,11729.616211
33,0.888026,0.376045,11912.639648
34,0.844541,0.380916,12212.072266
35,0.885113,0.467025,12511.555664
36,0.807649,0.501288,13193.702148
37,0.808753,0.500588,13443.263672
38,0.797559,0.483762,13676.214844
39,0.803969,0.501909,13875.875000
40,0.811340,0.495048,14175.299805
41,0.821416,0.509038,14657.814453
42,0.816777,0.505495,14807.521484
43,0.817649,0.520416,15107.007812
44,0.817449,0.511485,15206.861328
45,0.817436,0.526266,16205.091797
46,0.816551,0.551687,16404.767578
47,0.816408,0.561568,16554.476562
48,0.790185,0.508694,16887.240234
49,0.790816,0.512751,17136.845703
50,0.791586,0.499057,17303.187500
51,0.784772,0.515517,17552.744141
52,0.781128,0.520362,17652.550781
53,0.764147,0.530657,18035.224609
54,0.653646,0.479736,18667.449219
55,0.659158,0.479587,18833.820312
56,0.724416,0.498118,19432.820312
57,0.757125,0.514491,19698.976562
58,0.753331,0.513995,20015.111328
59,0.755580,0.520706,20114.925781
60,0.765901,0.520059,20414.398438
61,0.770993,0.503667,20880.253906
62,0.770324,0.530195,21213.060547
63,0.770053,0.528648,21362.740234
64,0.768854,0.525433,21495.861328
65,0.772798,0.509108,21662.230469
66,0.767865,0.529145,21945.085938
67,0.769060,0.530181,22344.384766
68,0.768825,0.529291,22494.123047
69,0.780843,0.546577,22843.527344
70,0.776282,0.550303,22959.958984
71,0.780684,0.547849,23176.255859
72,0.786428,0.553434,23309.347656
73,0.781627,0.553628,23475.763672
74,0.778449,0.548051,23758.542969
75,0.779991,0.549355,23908.304688
76,0.782476,0.553400,24008.140625
77,0.782639,0.556821,24191.187500
78,0.785489,0.564776,24440.697266
0,0.704182,0.666462,99.882195
1,0.734331,0.591287,465.866882
2,0.595344,0.771054,1314.387939
3,0.549973,0.913239,1597.222534
4,0.962660,0.738693,3011.433105
5,0.988205,0.651710,3244.334229
6,0.980445,0.654779,3394.121826
7,0.983460,0.666590,3627.023682
8,0.860259,0.712781,3926.494385
9,0.810495,0.776177,4359.103516
10,0.725010,0.584285,4958.008789
11,0.760824,0.424714,5357.361816
12,0.757361,0.421500,5606.874023
13,0.727376,0.559113,6422.121582
14,0.720526,0.600631,6638.437500
15,0.719803,0.601244,6921.285156
16,0.689515,0.681732,7120.960938
17,0.457922,0.919017,8901.125977
18,0.378232,0.728096,9599.918945
19,0.335053,0.721531,9999.247070
20,0.232736,0.739827,10465.050781
21,0.582120,0.416488,11979.112305
22,0.633884,0.515770,12328.478516
23,0.693880,0.451452,12544.752930
24,0.687941,0.466201,12694.496094
25,0.669717,0.671796,13476.459961
26,0.710523,0.674183,13859.151367
27,0.025662,0.642981,14574.596680
28,0.087732,0.659406,14774.214844
29,0.996178,0.577817,15489.629883
30,0.999072,0.560672,15589.470703
31,0.789358,0.614428,16754.083984
32,0.814716,0.608737,17086.845703
33,0.821691,0.633380,17269.857422
34,0.808659,0.760890,17585.941406
35,0.778567,0.786299,17835.501953
36,0.804580,0.519000,18251.478516
37,0.692918,0.595066,20015.062500
38,0.711410,0.822171,20597.357422
39,0.713578,0.836727,20730.466797
40,0.699334,0.627909,21113.119141
41,0.704807,0.541292,21512.417969
42,0.671272,0.642103,21861.808594
43,0.678226,0.613220,22177.939453
44,0.706577,0.500467,23076.367188
45,0.700139,0.482708,23608.767578
46,0.705217,0.543724,24141.156250
47,0.698034,0.554559,24440.662109
0,0.724535,0.607499,532.336548
1,0.108997,0.643331,1780.196045
2,0.132622,0.478574,2295.871338
3,0.246561,0.660373,2961.422119
4,0.320919,0.659306,3227.651367
5,0.347207,0.832751,4142.660645
6,0.406404,0.794893,4591.834473
7,0.339558,0.534168,5124.260254
8,0.321880,0.566643,5523.579590
9,0.319964,0.563683,5739.817383
10,0.999181,0.566549,7270.541504
11,0.995189,0.499756,7553.461914
12,0.950215,0.299281,8318.676758
13,0.320124,0.683862,10315.281250
14,0.097073,0.467840,11579.630859
15,0.823958,0.559517,12561.250000
16,0.708225,0.549391,13243.464844
17,0.664251,0.552804,13775.798828
18,0.625998,0.464330,14807.386719
19,0.610527,0.493939,15389.656250
20,0.505257,0.579634,16021.882812
21,0.485654,0.573652,16487.777344
22,0.486877,0.559179,16770.558594
23,0.492987,0.523640,17219.791016
24,0.500809,0.492102,17386.166016
25,0.496602,0.495311,17635.724609
26,0.506699,0.500580,17935.332031
27,0.613455,0.704926,18950.099609
28,0.619182,0.705243,19116.578125
29,0.631114,0.720808,19415.982422
30,0.622658,0.722548,19648.857422
31,0.596291,0.728099,19981.572266
0,0.728543,0.470664,382.768280
1,0.728846,0.552092,582.391357
2,0.726828,0.562624,682.222534
3,0.728718,0.581325,881.838501
4,0.820771,0.492118,1247.859863
5,0.814336,0.455116,1447.524292
6,0.925587,0.613302,1996.567383
7,0.014677,0.594413,2429.142578
8,0.004851,0.496176,2895.015137
9,0.991790,0.440451,3227.809326
10,0.129580,0.424069,4176.050293
11,0.367748,0.543317,4991.295898
12,0.405684,0.492960,5224.237305
13,0.028038,0.373602,6305.712402
14,0.029098,0.365669,6438.850098
15,0.849051,0.339967,7004.470703
16,0.804542,0.435485,7370.518066
17,0.744845,0.408371,7620.036133
18,0.751725,0.399897,7819.727539
19,0.730745,0.387781,7969.474609
20,0.683586,0.382381,8518.505859
21,0.598522,0.398163,9150.707031
22,0.567979,0.381947,9383.626953
23,0.573389,0.389814,9649.860352
24,0.345170,0.466393,10980.853516
25,0.920134,0.726767,12927.417969
26,0.027083,0.398506,13875.790039
27,0.149972,0.478344,14075.408203
28,0.498869,0.482911,15323.237305
29,0.521499,0.519471,15489.609375
30,0.559874,0.470857,15938.825195
31,0.563552,0.455778,16121.872070
32,0.629309,0.438290,16421.335938
33,0.610822,0.441925,16820.638672
34,0.708343,0.441485,17020.302734
35,0.700242,0.451739,17186.642578
36,0.601719,0.450709,17452.843750
37,0.001666,0.452712,18750.582031
38,0.968093,0.444737,18916.953125
39,0.984664,0.448079,19166.523438
40,0.730526,0.496779,20347.798828
41,0.734012,0.499216,20547.441406
42,0.748704,0.500818,20896.849609
43,0.748033,0.482555,21179.679688
44,0.702928,0.452097,24274.281250
45,0.778596,0.428798,24540.488281
0,0.729726,0.440648,16.666735
1,0.741656,0.668177,432.631073
2,0.734328,0.616282,698.821838
3,0.827831,0.633339,1048.178589
4,0.849472,0.642120,1430.871216
5,0.852277,0.795358,1813.548340
6,0.825627,0.797508,2029.874146
7,0.961271,0.663582,2412.519775
8,0.954279,0.660196,2528.935059
9,0.998481,0.629934,2828.514893
10,0.024136,0.645107,3111.291992
11,0.019005,0.637520,3244.434326
12,0.023201,0.516512,3443.978027
13,0.082209,0.640290,3810.017334
14,0.094308,0.710433,4059.638916
15,0.070402,0.621552,4542.060547
16,0.990762,0.460720,5141.021973
17,0.986397,0.445166,5490.401367
18,0.987796,0.432713,5673.536133
19,0.972016,0.643527,5956.260254
20,0.958163,0.712134,6222.477539
21,0.940730,0.738213,6422.110840
22,0.877991,0.790779,6788.131348
23,0.830080,0.834134,7037.706543
24,0.813848,0.796879,7403.753418
25,0.704340,0.568833,8035.970215
26,0.666407,0.530495,8701.478516
27,0.489222,0.474695,9733.050781
28,0.479799,0.451108,9849.469727
29,0.370952,0.601259,10182.217773
30,0.350657,0.631656,10381.887695
31,0.316704,0.915869,10914.274414
32,0.495116,0.813849,12145.458984
33,0.606015,0.837934,12444.929688
34,0.606339,0.736671,12627.944336
35,0.604238,0.722837,12761.043945
36,0.664570,0.771590,13010.622070
37,0.580724,0.781863,13243.538086
38,0.731711,0.601923,14191.896484
39,0.621962,0.421713,15240.050781
40,0.571296,0.328973,15772.461914
41,0.573733,0.336020,15905.548828
42,0.334171,0.623528,16770.697266
43,0.265101,0.755367,17253.207031
44,0.239032,0.746079,17536.044922
45,0.057404,0.730411,18135.009766
46,0.970012,0.643254,18567.572266
47,0.978402,0.430795,18833.765625
48,0.135496,0.347741,19216.445312
49,0.135718,0.381618,19549.226562
50,0.393772,0.336772,20730.478516
51,0.440226,0.376197,21096.486328
52,0.518868,0.474765,21578.962891
53,0.489236,0.627348,21811.904297
54,0.499086,0.659924,21994.902344
55,0.497856,0.644799,22177.919922
56,0.922396,0.667225,23725.242188
57,0.901099,0.637494,23874.992188
58,0.894379,0.594838,24224.351562
59,0.893218,0.627561,24440.644531
0,0.689082,0.447142,66.462517
1,0.729175,0.478900,299.424103
2,0.019027,0.520033,1464.029175
3,0.840275,0.175445,2661.962402
4,0.480760,0.521269,3826.515869
5,0.487237,0.535159,4009.529053
6,0.484999,0.508056,4142.675293
7,0.476092,0.579395,4575.216797
8,0.366016,0.601980,4974.494629
9,0.339492,0.646931,5224.159180
10,0.312748,0.707858,5506.942383
11,0.390264,0.818274,5739.862305
12,0.587116,0.689571,6837.986328
13,0.578050,0.681348,6921.081055
14,0.492663,0.515958,7253.855957
15,0.475148,0.570530,7736.347656
16,0.505658,0.569599,8019.204102
17,0.502367,0.497110,8335.288086
18,0.514139,0.508720,8634.779297
19,0.515027,0.523030,8851.103516
20,0.491029,0.568919,9167.187500
21,0.475340,0.497641,9533.258789
22,0.482558,0.488781,9949.134766
23,0.515303,0.500693,10132.172852
24,0.511638,0.516065,10464.939453
25,0.491201,0.521973,10781.046875
26,0.487726,0.512341,11629.536133
27,0.499371,0.553564,11829.188477
28,0.504924,0.554607,12045.479492
29,0.483809,0.578424,12261.778320
30,0.492467,0.592549,12378.306641
31,0.650381,0.488421,12960.543945
32,0.644746,0.478205,13143.583984
33,0.721880,0.515290,13409.799805
34,0.737043,0.552192,13642.681641
35,0.758379,0.559551,13925.551758
36,0.840087,0.579301,14274.932617
37,0.915617,0.608949,14640.940430
38,0.946822,0.607637,14857.265625
39,0.990789,0.589078,15206.638672
40,0.719294,0.554855,16770.638672
41,0.723688,0.542172,16903.753906
42,0.568968,0.667715,17702.304688
43,0.588660,0.710234,18051.677734
44,0.574121,0.719804,18234.683594
45,0.555663,0.775479,18484.310547
46,0.503360,0.533649,18683.890625
47,0.509932,0.478947,18999.988281
48,0.490320,0.471873,19299.476562
49,0.497646,0.563899,19665.531250
50,0.479489,0.571491,20098.082031
51,0.489110,0.502536,20380.904297
52,0.508195,0.492745,20697.093750
53,0.519050,0.399405,21029.888672
54,0.577201,0.421636,21362.548828
55,0.580637,0.471421,21628.722656
56,0.412496,0.471569,22028.037109
57,0.424063,0.476534,22227.714844
58,0.630035,0.493351,22760.089844
59,0.495897,0.537222,23309.119141
60,0.491554,0.514582,23442.232422
61,0.480678,0.563202,23791.685547
62,0.503541,0.575664,24240.826172
63,0.495391,0.596205,24756.636719
