Idx, longitude, latitude, start timestamp
0,0.769967,0.461483,33.179344
1,0.758784,0.473858,349.328278
2,0.777210,0.517560,582.261902
3,0.798609,0.500881,915.135010
4,0.814650,0.474760,1147.898193
5,0.810156,0.453228,1414.194580
6,0.854412,0.456273,2129.558594
7,0.828235,0.449185,2379.122803
8,0.826664,0.444457,2528.879150
9,0.924375,0.459070,2795.016602
10,0.920170,0.455612,2928.202148
11,0.924603,0.492554,3094.564453
12,0.964054,0.557335,3443.839111
13,0.988603,0.537262,3660.261475
14,0.022303,0.471927,3976.263916
15,0.042326,0.443449,4142.762207
16,0.033985,0.458138,4359.059082
17,0.057166,0.459633,4508.732910
18,0.065578,0.496931,4791.631836
19,0.051261,0.518070,5057.692871
20,0.024302,0.466147,5307.254395
21,0.001827,0.453868,5540.203125
22,0.977970,0.433349,5773.232422
23,0.939281,0.441445,6022.706543
24,0.736731,0.476256,6954.460449
25,0.684568,0.447910,7137.461426
26,0.703089,0.409932,7436.890625
27,0.626234,0.355738,7886.188965
28,0.607359,0.353558,8202.323242
29,0.607928,0.351176,8302.122070
30,0.558252,0.416191,8485.009766
31,0.515313,0.419628,8784.561523
32,0.490084,0.403067,8984.153320
33,0.457435,0.396720,9200.603516
34,0.442593,0.390460,9466.688477
35,0.427629,0.382747,9682.983398
36,0.411485,0.382729,9965.756836
37,0.389581,0.369882,10182.105469
38,0.381539,0.373035,10431.624023
39,0.853708,0.759381,14108.566406
40,0.834666,0.558425,15572.686523
41,0.888951,0.427307,16554.224609
42,0.875350,0.420256,16787.222656
43,0.870521,0.434682,17053.351562
44,0.817542,0.448989,17569.111328
45,0.820453,0.456134,17785.511719
46,0.809765,0.470731,18018.326172
47,0.803103,0.455213,18500.853516
48,0.810251,0.446840,18733.855469
49,0.808970,0.434723,18850.220703
50,0.804112,0.489793,19715.421875
51,0.802830,0.501034,20048.238281
52,0.802566,0.484509,20530.701172
53,0.803157,0.472022,20796.820312
54,0.807990,0.527066,21029.832031
55,0.817549,0.467650,21512.326172
56,0.821699,0.472048,21761.820312
57,0.822776,0.475237,22926.382812
0,0.742898,0.667903,66.437752
1,0.601070,0.552982,748.595215
2,0.576473,0.554756,1014.856628
3,0.560834,0.717243,1297.659668
4,0.526447,0.782028,1447.411377
5,0.473415,0.538967,2013.070679
6,0.426267,0.584708,2246.071777
7,0.399777,0.615345,2562.068359
8,0.346207,0.524583,2778.411133
9,0.182275,0.455697,4575.320801
10,0.385008,0.472011,6921.120605
11,0.496786,0.493756,8385.226562
12,0.534838,0.503210,8717.981445
13,0.597277,0.451708,9599.800781
14,0.691551,0.509960,12095.412109
15,0.692315,0.471965,12544.666016
16,0.688863,0.461870,12794.300781
17,0.000917,0.819479,14541.104492
18,0.948362,0.546992,14990.406250
19,0.979944,0.525848,15289.908203
20,0.816367,0.579329,17036.871094
21,0.534534,0.591227,18451.087891
22,0.506519,0.543078,18800.458984
23,0.425957,0.654072,19798.693359
24,0.811282,0.550741,21861.826172
25,0.035936,0.562652,22909.894531
0,0.743234,0.455607,50.088852
1,0.758970,0.574162,416.097229
2,0.532194,0.749097,1164.775879
3,0.530895,0.905818,1380.965210
4,0.427548,0.930684,1913.319824
5,0.528490,0.893229,2079.764648
6,0.527522,0.477837,2495.775391
7,0.530809,0.482847,2612.204590
8,0.508784,0.510050,2778.605225
9,0.457877,0.484468,3077.943604
10,0.426427,0.467092,3394.146484
11,0.537820,0.564633,4009.678711
12,0.618478,0.558057,4558.781250
13,0.645961,0.537277,4791.738281
14,0.644126,0.561228,5107.756836
15,0.628754,0.415824,5523.756836
16,0.600175,0.350037,5690.077148
17,0.569681,0.334099,5939.656250
18,0.690918,0.496566,6372.262207
19,0.714831,0.454988,6521.936523
20,0.696737,0.429575,6921.242676
21,0.641349,0.496632,7320.584961
22,0.643462,0.492552,7620.037598
23,0.794064,0.461855,8019.287598
24,0.792555,0.451635,8152.442383
25,0.816514,0.483976,8302.121094
26,0.822030,0.536243,8518.410156
27,0.822611,0.546998,8618.335938
28,0.857788,0.563939,8834.515625
29,0.841710,0.551778,9084.106445
30,0.885252,0.546785,9283.779297
31,0.917264,0.556675,9633.078125
32,0.925403,0.553637,9982.514648
33,0.940251,0.553307,10348.478516
34,0.932430,0.550999,10598.094727
35,0.052146,0.605814,10997.361328
36,0.034579,0.593906,11180.412109
37,0.057773,0.589783,11330.033203
38,0.107010,0.605096,11646.139648
39,0.044475,0.655842,11945.756836
40,0.125565,0.512949,12211.955078
41,0.129384,0.495554,12378.339844
42,0.124555,0.491959,12478.125977
43,0.106489,0.488617,12594.559570
44,0.200389,0.516811,12943.886719
45,0.213549,0.464902,13160.228516
46,0.217632,0.409942,13393.124023
47,0.218268,0.479329,13675.958008
48,0.171138,0.498206,14075.199219
49,0.166928,0.529106,14407.971680
50,0.176441,0.505650,14640.963867
51,0.014655,0.461859,15090.167969
52,0.014703,0.472557,15206.625977
53,0.953053,0.511301,15439.593750
54,0.936773,0.542408,15689.079102
55,0.000818,0.814986,16570.931641
56,0.006461,0.734333,16936.972656
57,0.978010,0.560742,17652.251953
58,0.976994,0.547032,17935.152344
59,0.973223,0.550749,18168.123047
60,0.920828,0.523419,18583.947266
61,0.834181,0.524663,19016.609375
62,0.831850,0.422865,19266.048828
63,0.745416,0.428061,19815.220703
64,0.750870,0.437330,20014.810547
65,0.833986,0.563741,20447.371094
66,0.810782,0.551956,20663.656250
67,0.854779,0.559348,21146.207031
68,0.889267,0.537184,21395.722656
69,0.933616,0.523377,21811.703125
70,0.744351,0.553885,22527.111328
71,0.514657,0.808909,23491.937500
72,0.534535,0.643736,23874.732422
73,0.653737,0.596109,24157.582031
74,0.706134,0.604675,24357.187500
75,0.731380,0.680980,24540.160156
0,0.779067,0.553001,349.490204
1,0.790539,0.502368,549.258057
2,0.818260,0.486046,831.975525
3,0.811806,0.455734,1064.893188
4,0.801196,0.454826,1264.510254
5,0.700872,0.523404,1730.374634
6,0.658310,0.572284,2029.926270
7,0.657854,0.670879,2296.090576
8,0.681159,0.766878,2512.440918
9,0.651491,0.821793,2662.125244
10,0.616151,0.792691,2928.326904
11,0.619677,0.774710,3044.727051
12,0.572542,0.741470,3227.696777
13,0.563103,0.687618,3444.135010
14,0.727898,0.594981,3693.595459
15,0.764657,0.575528,3893.229492
16,0.789191,0.575792,4059.584717
17,0.786416,0.530101,4209.340332
18,0.677231,0.449900,4492.171875
19,0.631489,0.499684,4808.321777
20,0.606766,0.412811,5024.511719
21,0.626894,0.535294,5274.139648
22,0.604707,0.594759,5557.000488
23,0.634054,0.520193,5806.508301
24,0.640974,0.515871,6006.193848
25,0.601015,0.567176,6338.869629
26,0.540871,0.589467,6605.123047
27,0.529659,0.578527,6788.129395
28,0.489812,0.549638,7170.699219
29,0.482371,0.555570,7387.017578
30,0.501739,0.531422,7636.603516
31,0.511325,0.516031,7886.295898
32,0.445365,0.614890,8285.477539
33,0.505844,0.649040,8535.137695
34,0.462189,0.531249,8934.308594
35,0.459509,0.528905,9133.931641
36,0.351713,0.599110,9716.306641
37,0.329449,0.643906,10015.825195
38,0.437815,0.770036,10248.702148
39,0.352462,0.413101,10598.105469
40,0.349756,0.344766,10747.856445
41,0.359733,0.467913,11163.787109
42,0.363668,0.451129,11346.696289
43,0.344963,0.338648,11662.819336
44,0.364731,0.328612,11845.861328
45,0.313081,0.373166,12045.604492
46,0.245003,0.400878,12311.744141
47,0.251654,0.423135,12744.292969
48,0.189165,0.446909,12960.592773
49,0.194343,0.579757,13459.701172
50,0.191503,0.592276,13559.533203
51,0.151860,0.676239,13875.686523
52,0.106675,0.713800,14091.857422
53,0.076867,0.690101,14391.380859
54,0.205275,0.597082,15323.075195
55,0.041261,0.607994,15921.924805
56,0.089329,0.487801,16387.843750
57,0.066027,0.485495,16604.224609
58,0.007187,0.455361,23575.195312
59,0.078870,0.484369,24456.949219
60,0.078785,0.478534,24673.158203
61,0.041843,0.495004,24956.070312
0,0.930029,0.519604,1181.295288
1,0.957435,0.558645,1447.597046
2,0.979803,0.585296,1763.683472
3,0.988539,0.612473,2129.672852
4,0.069023,0.519035,2445.853516
5,0.105504,0.516445,2845.101562
6,0.098481,0.517784,3011.489014
7,0.009839,0.501956,3627.088379
8,0.967052,0.531860,3876.635254
9,0.800726,0.489525,4841.574707
10,0.580605,0.504573,5972.935547
11,0.444103,0.507649,6738.278320
12,0.407583,0.480646,7071.083496
13,0.408056,0.471586,7387.148926
14,0.401140,0.415108,7553.579590
15,0.450286,0.549850,7936.211914
16,0.482785,0.574746,8185.756348
17,0.512154,0.579008,8501.977539
18,0.569218,0.571440,8751.422852
19,0.566552,0.568484,8867.861328
20,0.554812,0.518643,9084.170898
21,0.552540,0.512281,9200.551758
22,0.629403,0.422443,9599.916016
23,0.709840,0.447791,9949.347656
24,0.776231,0.471115,10282.158203
25,0.838289,0.508063,10564.891602
26,0.870797,0.529915,10831.112305
27,0.897017,0.511814,11114.022461
28,0.954260,0.527018,11430.109375
29,0.010459,0.506131,12062.430664
30,0.037886,0.498796,12278.552734
31,0.054713,0.454214,12494.805664
32,0.099451,0.488701,12977.372070
33,0.100141,0.498176,13293.419922
34,0.121743,0.554698,13576.361328
35,0.178342,0.614659,14225.146484
36,0.226516,0.590435,14491.407227
37,0.308117,0.642770,14740.940430
38,0.303620,0.634794,14990.463867
39,0.331849,0.605231,15123.632812
40,0.326883,0.599996,15240.085938
41,0.356307,0.570430,15473.081055
42,0.403047,0.722864,15805.799805
43,0.424190,0.744734,16022.074219
44,0.415955,0.732967,16304.918945
45,0.303351,0.743471,16537.771484
46,0.297566,0.528723,16870.515625
47,0.315298,0.480882,17286.511719
48,0.310488,0.448211,17486.123047
49,0.358801,0.490536,17835.564453
50,0.392521,0.526394,18151.572266
51,0.388004,0.534616,18467.689453
52,0.312407,0.541949,18650.744141
53,0.305282,0.548391,18983.554688
54,0.236339,0.512500,19349.572266
55,0.204978,0.532726,19549.246094
0,0.791336,0.529046,316.124725
1,0.901126,0.512159,782.018799
2,0.925671,0.572074,1114.727661
3,0.919247,0.564705,1281.197876
4,0.721467,0.456828,2246.164551
5,0.705935,0.450676,2412.502686
6,0.410012,0.823983,6438.790527
7,0.445087,0.770626,6887.934570
8,0.381505,0.344395,8368.789062
9,0.259357,0.414910,9150.634766
10,0.066848,0.487100,14990.368164
11,0.919188,0.165624,18401.187500
12,0.767571,0.489251,21845.160156
13,0.761072,0.494213,22044.726562
14,0.660203,0.604067,23342.484375
15,0.850722,0.504736,24773.353516
16,0.838365,0.520362,24972.949219
0,0.750899,0.440704,266.096436
1,0.760697,0.519502,498.994995
2,0.782219,0.566331,665.399414
3,0.870322,0.619254,981.504761
4,0.939873,0.666656,1330.967407
5,0.983318,0.716024,1630.427734
6,0.001911,0.568274,1996.469604
7,0.998864,0.557204,2129.536133
8,0.969644,0.512263,2362.504639
9,0.941861,0.493013,2545.471680
10,0.898536,0.498301,2811.638672
11,0.900149,0.494268,3011.318604
12,0.861009,0.496996,3244.296387
13,0.811681,0.482102,3560.319824
14,0.709100,0.517562,4541.926270
15,0.687339,0.467254,5041.042969
16,0.701904,0.453389,5190.790527
17,0.580131,0.418476,5739.877930
18,0.597491,0.475902,6089.227051
19,0.554564,0.545092,6338.907715
20,0.532799,0.577358,6521.857422
21,0.457141,0.598925,6804.668945
22,0.427897,0.560411,7104.132324
23,0.430415,0.545600,7270.585938
24,0.411057,0.506480,7520.061035
25,0.364084,0.450123,8035.815918
26,0.338156,0.440691,8368.621094
27,0.351826,0.482219,8618.170898
28,0.346037,0.489645,8701.331055
29,0.331580,0.488564,8817.865234
30,0.346690,0.443788,9017.537109
31,0.335820,0.439635,9316.961914
32,0.265252,0.424289,9583.103516
33,0.258714,0.457324,9932.550781
34,0.263508,0.482284,10132.161133
35,0.304897,0.455209,10514.825195
36,0.317713,0.486703,10897.581055
37,0.359499,0.497292,11413.234375
38,0.368755,0.505739,11696.171875
39,0.743060,0.404627,13492.994141
40,0.787209,0.451827,13875.636719
41,0.798715,0.457371,14391.404297
42,0.795583,0.465451,14491.235352
43,0.814180,0.503215,14690.899414
44,0.802565,0.479032,15023.651367
45,0.856254,0.476270,15256.554688
46,0.870389,0.470771,15655.867188
47,0.874826,0.490870,15789.055664
48,0.842864,0.503872,16021.850586
49,0.883920,0.491229,16471.173828
50,0.980082,0.486814,16837.173828
51,0.087584,0.441325,17336.316406
52,0.125733,0.470780,17602.457031
53,0.084832,0.577340,18085.027344
54,0.112665,0.614012,18301.218750
55,0.122264,0.632919,18617.447266
56,0.066210,0.609959,19199.632812
57,0.049359,0.537631,19532.496094
58,0.806710,0.526243,20297.708984
59,0.747374,0.527936,20530.646484
60,0.754203,0.526006,20697.123047
61,0.767808,0.541453,20846.744141
62,0.733238,0.534068,21229.556641
63,0.760198,0.494724,21528.902344
64,0.820822,0.438970,22177.828125
65,0.763410,0.436605,22377.525391
66,0.689041,0.478223,22676.886719
67,0.749875,0.512863,23176.048828
68,0.770439,0.551621,23492.146484
69,0.769997,0.562950,24091.121094
70,0.802957,0.512175,24357.328125
0,0.745932,0.407895,299.405457
1,0.698764,0.399345,548.934875
2,0.686999,0.389346,698.696411
3,0.704996,0.390264,914.989319
4,0.606380,0.354001,1380.834473
5,0.579302,0.494263,1996.489014
6,0.580827,0.494616,2162.749268
7,0.552845,0.439537,2828.294189
8,0.550446,0.456741,3127.794434
9,0.549062,0.464978,3227.592773
10,0.545407,0.508787,3460.498779
11,0.582710,0.499420,3959.659668
12,0.580546,0.502950,4109.355469
13,0.591771,0.436066,4342.283203
14,0.606755,0.347170,4575.279297
15,0.620743,0.368819,5024.460449
16,0.629376,0.416153,5407.139648
17,0.639201,0.511543,5656.647949
18,0.638890,0.513125,5789.747559
19,0.635038,0.495757,6055.939941
20,0.643006,0.502090,6239.048828
21,0.661746,0.495534,6488.527344
22,0.674398,0.526592,6804.634277
23,0.777170,0.506516,7586.691406
24,0.776495,0.475096,7869.483887
25,0.797017,0.439296,8168.969238
26,0.805724,0.432348,8401.885742
27,0.858928,0.611753,8817.790039
28,0.998871,0.658033,9699.630859
29,0.837487,0.562681,10631.303711
30,0.946999,0.474878,11180.356445
31,0.937324,0.441666,11513.200195
32,0.924866,0.450374,11978.962891
33,0.906219,0.455516,12195.254883
34,0.002666,0.444619,12478.132812
35,0.044823,0.469158,12927.316406
36,0.094058,0.448553,13243.430664
37,0.110785,0.503487,13493.005859
38,0.040148,0.450005,14191.723633
39,0.172569,0.525904,14907.173828
40,0.091201,0.577234,15605.988281
41,0.114116,0.639133,15822.247070
42,0.269712,0.342767,16687.421875
43,0.276805,0.279311,16887.054688
44,0.269490,0.317958,17169.867188
45,0.390980,0.776625,18068.320312
46,0.394137,0.777864,18184.759766
47,0.391744,0.755889,18284.574219
48,0.396756,0.739367,18517.603516
49,0.454401,0.457613,19183.001953
50,0.454666,0.479492,19682.130859
51,0.492060,0.497575,19998.255859
52,0.506284,0.480010,20264.492188
53,0.456448,0.479807,20480.814453
54,0.450118,0.492840,21113.001953
55,0.432103,0.443429,21379.208984
56,0.418239,0.415655,21711.978516
57,0.462538,0.498538,21911.576172
58,0.379033,0.380685,22394.130859
59,0.358391,0.352622,22593.818359
60,0.362215,0.351289,22760.144531
61,0.352469,0.459006,22976.384766
62,0.314731,0.472108,23259.232422
63,0.316963,0.472143,23408.972656
64,0.320906,0.474352,23525.470703
65,0.305430,0.555272,23741.740234
0,0.754764,0.564254,399.120148
1,0.625579,0.720517,881.635315
2,0.589101,0.756426,1048.029663
3,0.586259,0.758762,1347.526245
4,0.419999,0.524147,2661.839355
5,0.061260,0.528640,6205.656738
6,0.035340,0.561504,6455.148438
7,0.022065,0.562542,6688.182129
8,0.988193,0.577083,8401.759766
9,0.235186,0.750823,9433.332031
10,0.980872,0.987303,11180.319336
11,0.076530,0.929491,11662.796875
12,0.480182,0.530032,14324.802734
13,0.413433,0.499665,15356.286133
14,0.392041,0.475669,15639.108398
15,0.482460,0.119549,17535.810547
16,0.950231,0.707499,20014.763672
0,0.755217,0.533854,149.779648
1,0.773475,0.526043,382.761780
2,0.904275,0.487288,1131.413574
3,0.959061,0.501070,1430.864868
4,0.999868,0.491897,1663.804199
5,0.995326,0.502626,1763.611938
6,0.010450,0.509382,1996.533936
7,0.060684,0.519572,2162.948486
8,0.078578,0.495841,2412.479980
9,0.156111,0.499908,2895.076904
10,0.186123,0.485712,3111.253662
11,0.181210,0.486544,3194.526367
12,0.185476,0.466021,3377.482910
13,0.211869,0.464160,3527.331787
14,0.243515,0.466101,3710.210693
15,0.225353,0.461018,3909.909180
16,0.218167,0.434589,4109.582031
17,0.287926,0.413933,4492.250488
18,0.333301,0.480188,4808.420410
19,0.322816,0.593614,5207.596680
20,0.372934,0.496741,5457.167969
21,0.376955,0.445964,5723.397461
22,0.434964,0.465399,5973.007324
23,0.063044,0.495653,6904.669434
24,0.027678,0.477176,7071.015137
25,0.001071,0.422066,7353.883789
26,0.968250,0.298365,7719.904297
27,0.847308,0.473068,8219.000000
28,0.691359,0.476396,9017.593750
29,0.688384,0.446190,9134.142578
30,0.608868,0.435291,9433.594727
31,0.607289,0.428510,9583.321289
32,0.569693,0.496277,9782.952148
33,0.540120,0.540249,10149.025391
34,0.515480,0.525884,10415.247070
35,0.476783,0.518269,10664.837891
36,0.485972,0.515035,11014.124023
37,0.454157,0.584026,11180.522461
38,0.456031,0.570064,11413.461914
39,0.557508,0.509115,11629.737305
40,0.551728,0.507775,11746.282227
41,0.478494,0.456371,11979.105469
42,0.580043,0.464628,12245.323242
43,0.614773,0.482422,12561.493164
44,0.669336,0.480221,12860.917969
45,0.715003,0.449151,13393.325195
46,0.801517,0.540540,13859.145508
47,0.013713,0.707815,14641.133789
48,0.225171,0.519548,15722.666992
49,0.223897,0.580497,16155.179688
50,0.271419,0.609585,16421.386719
51,0.005995,0.601210,17253.244141
52,0.968713,0.577749,17719.173828
53,0.960181,0.564868,17868.900391
54,0.870304,0.609318,18284.734375
55,0.729527,0.592781,19000.222656
56,0.806684,0.884963,19249.779297
57,0.590524,0.602267,19599.203125
58,0.484332,0.569978,20114.972656
59,0.455213,0.575566,20314.578125
60,0.446178,0.579350,20447.718750
61,0.409016,0.590066,20580.806641
62,0.371827,0.605356,20830.328125
63,0.337951,0.689209,21213.023438
64,0.376436,0.715793,21445.894531
65,0.423086,0.742613,21628.947266
66,0.322719,0.483998,22277.869141
67,0.357953,0.468893,22560.707031
68,0.374256,0.463213,22976.546875
69,0.579876,0.481250,23825.203125
70,0.608972,0.454953,24174.515625
71,0.621470,0.434846,24374.123047
0,0.856957,0.521158,515.680786
1,0.895034,0.488219,682.093933
2,0.993106,0.705974,1281.110718
3,0.097843,0.580538,1513.937256
4,0.096301,0.525511,1680.307983
5,0.055144,0.471125,1896.559082
6,0.096242,0.478072,2345.778076
7,0.110251,0.522567,2478.893066
8,0.106708,0.525087,2578.758057
9,0.108248,0.518001,2795.020752
10,0.071332,0.520970,2961.452881
11,0.716012,0.596628,3859.870361
12,0.656065,0.511342,4092.763916
13,0.501972,0.520338,4741.663086
14,0.400124,0.487512,5357.232910
15,0.330087,0.514457,5639.962402
16,0.269242,0.508273,5839.666016
17,0.256814,0.495873,6006.120605
18,0.256690,0.452339,6205.737793
19,0.214073,0.500405,6471.952148
20,0.193865,0.536809,6638.318848
21,0.196031,0.526131,6754.679199
22,0.198880,0.519224,6854.607910
23,0.196932,0.559711,7037.549316
24,0.178441,0.496493,7287.253418
25,0.212527,0.367050,7719.691406
26,0.318473,0.481236,8019.254395
27,0.344294,0.472641,8252.212891
28,0.365846,0.521767,8618.189453
29,0.375852,0.517772,8884.494141
30,0.376785,0.503941,9084.005859
31,0.451182,0.490572,9466.639648
32,0.523665,0.519723,9866.049805
33,0.308911,0.475338,12677.746094
34,0.380938,0.492016,13076.985352
35,0.397964,0.499054,13243.377930
36,0.936380,0.581972,14541.038086
37,0.877229,0.667626,14774.072266
38,0.918920,0.761904,14973.663086
39,0.019297,0.695882,15373.057617
40,0.007178,0.725361,15589.328125
41,0.895565,0.781348,16021.901367
42,0.862570,0.764277,16271.402344
43,0.848146,0.731294,16554.257812
44,0.833926,0.686046,16720.666016
45,0.825611,0.619886,16903.669922
46,0.833148,0.572324,17086.636719
47,0.964619,0.533179,17852.058594
48,0.990380,0.555379,18001.771484
49,0.998780,0.563871,18251.291016
50,0.997927,0.538244,18534.154297
51,0.995924,0.524305,18633.968750
52,0.991078,0.525953,18767.148438
53,0.986782,0.531673,18916.761719
54,0.055223,0.540984,19166.382812
55,0.052038,0.543656,19366.005859
56,0.109425,0.574409,19781.994141
57,0.047493,0.527463,20314.314453
58,0.988569,0.527276,20763.546875
59,0.930262,0.523616,21112.974609
60,0.853660,0.515175,21795.072266
61,0.744617,0.546237,22327.527344
62,0.712790,0.557270,22593.630859
63,0.719172,0.559783,22776.755859
64,0.780142,0.564248,22943.060547
65,0.784328,0.554812,23242.556641
66,0.686069,0.518423,23608.500000
67,0.700144,0.460698,23908.101562
68,0.654858,0.549056,24407.121094
69,0.626034,0.733254,24839.781250
0,0.776871,0.504798,332.701508
1,0.753209,0.573546,532.355957
2,0.745762,0.597657,765.320435
3,0.864252,0.596373,1214.577637
4,0.982676,0.589298,1996.478271
5,0.968258,0.540661,2296.019531
6,0.947914,0.507703,2595.468750
7,0.883498,0.490840,2828.353760
8,0.865636,0.487453,2994.783447
9,0.831883,0.490226,3310.846680
10,0.786082,0.466055,3510.503418
11,0.673980,0.646519,4092.794189
12,0.652795,0.584418,4309.110352
13,0.575522,0.463942,4841.507324
14,0.569136,0.497124,5074.414062
15,0.525856,0.542240,5323.979980
16,0.491849,0.550114,5606.815918
17,0.480859,0.530958,5939.573730
18,0.451989,0.609078,6222.418457
19,0.407792,0.596620,6471.995605
20,0.390754,0.511137,6838.006836
21,0.341656,0.470053,7087.583984
22,0.348007,0.477684,7486.877441
23,0.314504,0.561805,7669.873535
24,0.279471,0.598651,7936.113281
25,0.238960,0.529667,8152.366699
26,0.236531,0.457294,8435.220703
27,0.194299,0.550716,8884.424805
28,0.194732,0.575619,9333.708984
29,0.198671,0.557742,9566.582031
30,0.176509,0.577191,9816.153320
31,0.173388,0.533589,10165.534180
32,0.174589,0.510631,10514.916016
33,0.165172,0.475009,11163.800781
34,0.157961,0.417587,11529.813477
35,0.086612,0.582249,11962.385742
36,0.050493,0.574116,12211.956055
37,0.027146,0.567918,12444.875000
38,0.071193,0.499976,12727.694336
39,0.098099,0.474196,12910.731445
40,0.099644,0.475189,13077.120117
41,0.028385,0.572296,13459.760742
42,0.064374,0.585477,13676.046875
43,0.079994,0.594297,13842.436523
44,0.113524,0.538725,14091.989258
45,0.132419,0.528619,14275.017578
46,0.199381,0.525954,14524.579102
47,0.240812,0.523983,14740.854492
48,0.255057,0.559350,14990.431641
49,0.314523,0.592358,15406.383789
50,0.308857,0.552905,15655.937500
51,0.363849,0.488995,16021.959961
52,0.391077,0.424059,16338.069336
53,0.440660,0.555722,16837.207031
54,0.416803,0.560380,16986.931641
55,0.393935,0.563987,17203.242188
56,0.389914,0.565822,17319.703125
57,0.519574,0.507405,17619.177734
58,0.555055,0.516087,18001.828125
59,0.617943,0.453841,18434.406250
60,0.663943,0.556840,18750.568359
61,0.624537,0.540373,18966.810547
62,0.659127,0.514501,19133.183594
63,0.745474,0.591169,19416.009766
64,0.766308,0.586370,19698.861328
65,0.870542,0.596806,20148.074219
66,0.023009,0.741723,21312.740234
67,0.029029,0.681355,21545.640625
68,0.001312,0.732138,21861.767578
69,0.995887,0.744653,22161.214844
70,0.001037,0.578882,23126.212891
71,0.997769,0.595076,23226.029297
72,0.949622,0.546925,23425.681641
0,0.749592,0.695240,249.669769
1,0.795517,0.807359,798.700012
2,0.778390,0.843483,964.971008
3,0.629904,0.469339,1447.571045
4,0.595199,0.504241,1630.552490
5,0.567299,0.513248,1929.964966
6,0.542753,0.493713,2229.534424
7,0.543956,0.468471,2329.313477
8,0.525116,0.427726,2978.133301
9,0.526893,0.407761,3094.725098
10,0.467771,0.445422,3676.923096
11,0.465177,0.453163,3826.650635
12,0.436957,0.444244,4059.595703
13,0.405758,0.438687,4292.540527
14,0.371732,0.448742,4492.187012
15,0.375118,0.415297,4625.277832
16,0.401019,0.525294,5124.414551
17,0.389949,0.567508,5440.614258
18,0.345245,0.462428,6006.177734
19,0.276322,0.450738,6671.708496
20,0.302923,0.399055,6954.500488
21,0.297953,0.363282,7154.167969
22,0.300624,0.415631,7437.027832
23,0.303682,0.443168,7620.047363
24,0.336371,0.412358,7902.928711
25,0.314820,0.464217,8252.255859
26,0.309145,0.453585,8518.555664
27,0.342182,0.454719,8917.765625
28,0.340321,0.332334,9117.392578
29,0.341492,0.369084,9333.795898
30,0.344121,0.543379,9799.606445
31,0.353452,0.461364,10265.414062
32,0.343433,0.419335,10481.792969
33,0.293134,0.445451,10897.713867
34,0.241778,0.374553,11113.955078
35,0.190494,0.432469,11895.968750
36,0.255682,0.324489,12195.403320
37,0.255419,0.316239,12578.130859
38,0.253385,0.371542,13193.614258
39,0.258876,0.394923,13509.773438
40,0.217163,0.500381,13875.836914
41,0.295765,0.407772,14142.029297
42,0.322184,0.395952,14491.349609
43,0.362221,0.365620,14657.764648
44,0.410692,0.437185,14957.225586
45,0.408263,0.437285,15073.649414
46,0.449135,0.443855,15256.677734
47,0.458750,0.440501,15406.426758
48,0.489289,0.412020,15622.749023
49,0.486724,0.419939,15772.543945
50,0.491670,0.408843,15955.515625
51,0.541354,0.441986,16271.581055
52,0.567604,0.432863,16720.808594
53,0.561002,0.429231,16953.697266
54,0.564847,0.403212,17236.548828
55,0.581666,0.343942,17486.117188
56,0.556821,0.422346,17985.251953
57,0.529822,0.464306,18201.613281
58,0.498560,0.463135,18550.933594
59,0.471152,0.448923,18733.998047
60,0.441574,0.390455,19033.431641
61,0.397244,0.414815,19399.496094
62,0.339657,0.420355,19599.101562
63,0.292680,0.435217,19848.671875
64,0.174584,0.450045,20430.976562
65,0.136685,0.470708,20713.792969
66,0.137202,0.453536,20813.736328
67,0.110856,0.460705,20996.705078
68,0.076974,0.499381,21346.083984
69,0.019672,0.475889,21811.902344
70,0.996335,0.533498,21994.894531
71,0.846733,0.618590,23642.013672
72,0.789982,0.634753,24074.638672
73,0.750244,0.670249,24241.007812
74,0.830067,0.558336,24440.730469
0,0.888395,0.706620,116.556084
1,0.867416,0.755494,682.157654
2,0.732372,0.469680,1297.786987
3,0.763655,0.541935,1547.329590
4,0.736982,0.619453,1780.323975
5,0.623209,0.503296,2628.775635
6,0.639466,0.600183,3094.650146
7,0.620550,0.612332,3460.669922
8,0.536005,0.460675,4342.518066
9,0.595853,0.440794,4658.540039
10,0.640794,0.459598,4858.225586
11,0.692412,0.461744,5174.356445
12,0.688634,0.440841,5390.600586
13,0.602905,0.338590,5690.098145
14,0.688839,0.544754,6189.200684
15,0.763779,0.653309,6422.137695
16,0.720913,0.865417,6738.254395
17,0.541830,0.893802,6971.209473
18,0.567374,0.868684,7170.854004
19,0.367050,0.964802,8318.880859
20,0.639020,0.931843,8585.131836
21,0.535399,0.946824,10032.524414
22,0.563921,0.949868,10148.956055
23,0.728763,0.888460,10448.417969
24,0.687864,0.940118,11296.952148
25,0.625758,0.967406,11912.549805
26,0.849396,0.559143,12877.529297
27,0.831590,0.525631,13010.625000
28,0.943007,0.460630,13310.116211
29,0.966465,0.434636,13476.504883
30,0.155176,0.545232,14524.632812
31,0.173685,0.524532,14724.299805
32,0.035009,0.550099,14957.275391
33,0.712312,0.114519,16537.791016
34,0.462585,0.435747,17752.357422
35,0.433088,0.458680,18168.285156
36,0.381985,0.418378,18351.316406
37,0.369987,0.391054,18584.324219
38,0.313074,0.456004,18867.093750
39,0.333525,0.501549,19149.902344
40,0.427010,0.550351,19499.384766
41,0.513750,0.433508,19965.179688
42,0.514769,0.422206,20148.148438
43,0.544393,0.489686,20614.113281
44,0.666159,0.482890,20830.292969
45,0.709409,0.471227,21063.240234
46,0.657953,0.472503,21279.613281
47,0.814676,0.439488,21845.216797
48,0.823090,0.434846,21978.292969
49,0.809248,0.455935,22227.835938
50,0.814249,0.499170,22377.626953
51,0.925783,0.474554,22643.777344
52,0.950762,0.491997,23226.134766
53,0.055440,0.491013,23592.144531
54,0.049275,0.496259,23691.949219
55,0.076254,0.493799,23825.037109
56,0.066334,0.504635,23924.900391
57,0.087761,0.529328,24257.638672
58,0.108877,0.501937,24573.730469
0,0.834324,0.285991,2229.441162
1,0.842543,0.422516,6904.545898
2,0.840592,0.555975,9283.727539
3,0.855469,0.527154,9816.174805
4,0.830016,0.626420,10132.247070
5,0.820858,0.635953,11779.396484
6,0.701087,0.746316,23392.416016
7,0.752608,0.777411,23592.074219
0,0.768659,0.563260,349.371216
1,0.812201,0.470039,499.179108
2,0.810850,0.433986,698.787170
3,0.691761,0.484178,948.313354
4,0.689593,0.438638,1181.270020
5,0.694118,0.417885,1414.220947
6,0.682797,0.584651,2146.252441
7,0.647671,0.552509,2345.916748
8,0.630933,0.810196,2612.093018
9,0.648911,0.875091,2795.117676
10,0.649912,0.899601,2978.123535
11,0.575321,0.903896,3211.082031
12,0.586611,0.545977,3543.772705
13,0.590582,0.541418,3676.913574
14,0.588375,0.481069,3909.832520
15,0.601850,0.446094,4059.575928
16,0.625271,0.491412,4225.993652
17,0.639816,0.489891,4508.760254
18,0.604023,0.413140,4824.885742
19,0.600293,0.362288,5157.646484
20,0.604435,0.346764,5290.762207
21,0.570311,0.351421,5523.660156
22,0.606758,0.436756,5773.325684
23,0.658851,0.482258,6155.986328
24,0.707432,0.476387,6521.916016
25,0.724854,0.500469,6788.149414
26,0.757603,0.610479,7037.739258
27,0.783889,0.571702,7170.784180
28,0.786518,0.552520,7353.782715
29,0.780990,0.540644,7453.627441
30,0.809169,0.459507,7819.723633
31,0.770959,0.457237,8185.766113
32,0.770672,0.540954,8518.430664
33,0.774512,0.537641,8718.134766
34,0.853702,0.638190,9250.575195
35,0.850003,0.499355,9566.587891
36,0.878328,0.448768,9849.448242
37,0.895019,0.493164,10082.384766
38,0.877399,0.403163,10498.345703
39,0.938666,0.791338,11063.997070
40,0.954722,0.814572,11363.457031
41,0.968533,0.807605,11579.779297
42,0.899643,0.583732,12012.373047
43,0.965788,0.571512,12345.105469
44,0.987740,0.560090,12528.090820
45,0.989714,0.494913,12827.557617
46,0.956453,0.461071,13010.629883
47,0.940451,0.442279,13210.294922
48,0.934712,0.415246,13343.434570
49,0.928102,0.467787,13642.810547
50,0.949885,0.486425,13925.696289
51,0.912201,0.497849,14208.577148
52,0.999982,0.548871,14507.986328
53,0.029636,0.558595,14824.079102
54,0.063865,0.574323,15323.205078
55,0.085141,0.655746,15789.048828
56,0.084192,0.653988,15922.139648
57,0.105764,0.686190,16138.568359
58,0.112462,0.719130,16288.205078
59,0.127729,0.737292,16587.679688
60,0.159426,0.742053,16870.515625
61,0.166486,0.445505,17552.648438
62,0.177142,0.442218,17702.378906
63,0.105225,0.485650,18051.822266
64,0.075688,0.490990,18268.083984
65,0.065357,0.628927,18617.453125
66,0.198747,0.671038,18867.091797
67,0.220831,0.586219,19183.169922
68,0.103366,0.734936,19432.740234
69,0.087050,0.724849,19682.277344
70,0.077786,0.699728,19898.585938
71,0.148694,0.758425,20264.591797
72,0.134821,0.723353,20580.683594
73,0.120431,0.733603,20796.974609
74,0.226079,0.551013,21129.767578
75,0.237825,0.462946,21329.402344
76,0.215264,0.433829,21562.316406
77,0.291618,0.440645,21911.744141
78,0.205661,0.392972,22294.441406
79,0.205006,0.406454,22593.876953
80,0.155284,0.444256,22776.843750
81,0.132990,0.485750,22993.173828
82,0.112227,0.528552,23209.455078
83,0.105670,0.541059,23475.636719
84,0.082815,0.537506,23741.871094
85,0.081375,0.509607,24057.978516
86,0.056909,0.522075,24307.523438
87,0.041357,0.446238,24723.451172
88,0.033308,0.568300,24989.662109
0,0.748591,0.531228,415.981506
1,0.747430,0.594737,682.211853
2,0.760329,0.642163,881.811707
3,0.713396,0.710260,1148.018555
4,0.608801,0.746697,1530.759033
5,0.558388,0.747262,1713.689697
6,0.547513,0.727990,1880.059448
7,0.589489,0.649569,2129.675293
8,0.618761,0.608746,2312.650391
9,0.634807,0.579172,2662.042480
10,0.593545,0.591230,2878.278564
11,0.580508,0.589746,3077.990234
12,0.694007,0.545638,3360.764160
13,0.733621,0.579450,3593.740723
14,0.731161,0.511166,4259.237305
15,0.608337,0.451692,4641.884277
16,0.700094,0.440975,4908.097656
17,0.580987,0.543063,5690.141602
18,0.532024,0.537786,5873.092773
19,0.523999,0.528719,6056.059082
20,0.556396,0.485673,6338.941406
21,0.564669,0.467606,6571.929199
22,0.618305,0.425225,6754.899902
23,0.016134,0.677398,8302.227539
24,0.980112,0.538918,8751.381836
25,0.065670,0.495613,9150.657227
26,0.062441,0.499688,9250.595703
27,0.984531,0.351344,9599.881836
28,0.962541,0.292539,9832.808594
29,0.947614,0.217380,10099.041016
30,0.921702,0.175950,10265.431641
31,0.907921,0.144310,10448.469727
32,0.919935,0.172376,10631.487305
33,0.921728,0.187553,10797.778320
34,0.936140,0.193293,11047.419922
35,0.933860,0.230205,11396.739258
36,0.943235,0.203477,11579.760742
37,0.937774,0.182341,11796.085938
38,0.889362,0.159551,12345.131836
39,0.934924,0.187656,13010.641602
40,0.858523,0.473672,13393.274414
41,0.879566,0.518247,13626.228516
42,0.862850,0.500767,13842.470703
43,0.807820,0.473005,14042.114258
44,0.818688,0.456553,14275.036133
45,0.868264,0.440559,14474.748047
46,0.892217,0.447257,14657.772461
47,0.924011,0.471002,14873.987305
48,0.946946,0.477678,15040.374023
49,0.983291,0.488578,15190.125000
50,0.992161,0.461927,15456.316406
51,0.983039,0.413431,15772.475586
52,0.998605,0.527384,15988.718750
53,0.005813,0.512661,16371.433594
54,0.980279,0.412090,16587.693359
55,0.970321,0.352945,16820.611328
56,0.952689,0.279187,16986.978516
57,0.950158,0.278798,17469.503906
58,0.043529,0.408859,17802.205078
59,0.067782,0.477584,17968.595703
60,0.051559,0.515735,18234.847656
61,0.039026,0.528525,18417.839844
62,0.064689,0.497881,18650.748047
63,0.079978,0.495311,18983.501953
64,0.049160,0.474232,19316.279297
65,0.083093,0.482666,19682.277344
66,0.116244,0.513077,19832.046875
67,0.179516,0.494377,20081.582031
68,0.174485,0.488650,20264.638672
69,0.154955,0.471395,20431.054688
70,0.145605,0.470382,20613.958984
71,0.118415,0.413084,20796.982422
72,0.178507,0.472668,21961.609375
73,0.227786,0.469625,22277.744141
74,0.244530,0.488332,22527.304688
75,0.218247,0.473454,22726.968750
76,0.347453,0.438042,23342.589844
77,0.330958,0.529050,23558.863281
78,0.315925,0.568908,23758.488281
79,0.361862,0.745758,24174.410156
80,0.425168,0.723059,24973.048828
0,0.742079,0.581140,482.481384
1,0.546594,0.650682,1597.218506
2,0.552446,0.632241,1780.195679
3,0.758280,0.793914,2262.720703
4,0.647848,0.592237,2878.332520
5,0.673972,0.533804,3094.660889
6,0.754228,0.528970,3410.711914
7,0.776720,0.548969,3593.812500
8,0.705714,0.553726,3993.011230
9,0.674286,0.571495,4259.205566
10,0.546432,0.670411,4741.738281
11,0.542716,0.664743,4841.606934
12,0.581347,0.735143,5324.007324
13,0.614701,0.777392,5507.047363
14,0.545247,0.675840,5756.638672
15,0.750234,0.769473,6438.789551
16,0.749101,0.772991,6704.960449
17,0.759910,0.608352,7220.757324
18,0.771370,0.562564,7387.150391
19,0.747547,0.560620,7669.958984
20,0.725779,0.552692,7919.546875
21,0.995241,0.711845,8784.709961
22,0.011763,0.674508,8917.794922
23,0.965355,0.507024,9183.975586
24,0.992174,0.515246,9616.542969
25,0.089785,0.485973,10082.394531
26,0.079227,0.524912,10348.632812
27,0.861875,0.532486,11130.548828
28,0.817487,0.534150,11380.108398
29,0.834126,0.526258,11629.683594
30,0.796652,0.489578,11862.590820
31,0.613736,0.553895,12594.698242
32,0.590052,0.546377,12944.123047
33,0.542170,0.507510,13809.216797
34,0.550503,0.506712,14008.891602
35,0.536382,0.514156,14907.340820
36,0.447902,0.526297,15223.394531
37,0.448798,0.526632,15572.769531
38,0.438772,0.727234,16687.531250
39,0.317447,0.556270,17186.623047
40,0.315860,0.542428,17269.833984
41,0.112858,0.614867,18550.908203
42,0.237962,0.411560,19199.769531
43,0.284270,0.411799,19466.007812
44,0.338792,0.427328,19665.648438
45,0.379917,0.411720,19981.800781
46,0.071110,0.533660,22144.730469
47,0.046848,0.556462,22427.531250
48,0.062422,0.588984,22643.849609
49,0.120730,0.531955,22860.058594
50,0.971157,0.563944,23242.746094
51,0.970998,0.539701,23375.894531
0,0.718613,0.523803,216.367416
1,0.753660,0.598994,449.223724
2,0.682933,0.471858,732.056152
3,0.683286,0.456542,898.467651
4,0.688532,0.451359,1048.149780
5,0.591171,0.545865,1863.427612
6,0.540679,0.566913,2129.600830
7,0.518675,0.535197,2362.553711
8,0.606791,0.529092,2745.231689
9,0.716868,0.624325,3111.269287
10,0.762339,0.610960,3294.258057
11,0.857290,0.613129,3859.886963
12,0.846911,0.609673,4059.562744
13,0.851942,0.506042,4292.525879
14,0.801304,0.467886,4542.042969
15,0.790965,0.468158,4824.887695
16,0.873654,0.447721,5141.003906
17,0.887991,0.611218,5390.664551
18,0.935886,0.669365,5706.744141
19,0.929333,0.579723,6056.119141
20,0.997558,0.568198,6538.662598
21,0.007805,0.652933,6954.526855
22,0.011338,0.656570,7303.973145
23,0.064792,0.572590,7886.249023
24,0.055437,0.476523,8219.022461
25,0.029314,0.380384,8568.353516
26,0.949538,0.337640,8851.221680
27,0.958031,0.318736,9034.190430
28,0.952797,0.290645,9899.429688
29,0.939140,0.229093,10115.652344
30,0.915815,0.188226,10365.206055
31,0.914533,0.176072,10498.350586
32,0.809605,0.191515,10880.979492
33,0.795875,0.193670,11064.065430
34,0.800307,0.134931,12045.657227
35,0.728510,0.154707,12428.287109
36,0.745741,0.146888,12677.859375
37,0.690964,0.233662,13077.205078
38,0.802854,0.178771,13942.273438
39,0.783999,0.208663,14391.541016
40,0.917354,0.213769,15106.957031
41,0.055630,0.242013,15556.122070
42,0.045962,0.235080,15772.401367
43,0.041209,0.264148,16005.346680
44,0.135407,0.296618,16521.210938
45,0.252573,0.562693,17785.603516
46,0.313212,0.572333,18184.951172
47,0.318472,0.710391,18500.980469
48,0.382843,0.727339,18917.005859
49,0.446068,0.727571,19366.181641
50,0.443662,0.721545,19665.621094
51,0.453908,0.756186,20364.447266
52,0.450281,0.769746,20497.511719
53,0.441581,0.713057,20813.607422
54,0.103707,0.655297,21662.130859
55,0.086014,0.644264,21861.820312
56,0.169701,0.498286,22161.335938
57,0.227048,0.471590,22560.542969
58,0.358534,0.493113,23525.615234
59,0.488405,0.472584,23991.421875
60,0.338596,0.438021,24473.892578
61,0.348761,0.432715,24606.976562
62,0.323498,0.440486,24973.013672
0,0.772588,0.496805,282.822418
1,0.713688,0.451733,632.206177
2,0.703974,0.435293,781.894714
3,0.872091,0.485610,1730.310303
4,0.816268,0.463152,2013.111084
5,0.806631,0.472757,2212.741699
6,0.800364,0.481506,2379.125732
7,0.845070,0.595528,3011.391113
8,0.862400,0.628814,3194.354492
9,0.926692,0.687482,3626.922852
10,0.956212,0.692912,3776.739258
11,0.997425,0.665155,4009.619873
12,0.003525,0.636794,4192.628418
13,0.948536,0.517457,4508.769043
14,0.928263,0.492466,4691.804199
15,0.558825,0.717518,5606.851074
16,0.417348,0.447940,6272.353027
17,0.384002,0.433147,6438.795410
18,0.361377,0.431077,6638.392090
19,0.331220,0.420368,6904.577637
20,0.265094,0.417017,7204.078125
21,0.259367,0.416942,7403.710449
22,0.264743,0.420428,7619.995117
23,0.240898,0.468176,7869.569824
24,0.209014,0.470089,8119.115234
25,0.206896,0.437766,8535.081055
26,0.166654,0.464548,8817.908203
27,0.122542,0.478185,9133.999023
28,0.098169,0.475231,9400.169922
29,0.092272,0.472527,9666.406250
30,0.051313,0.396269,9932.587891
31,0.045908,0.348597,10198.831055
32,0.127796,0.444873,10481.716797
33,0.107506,0.481727,10681.262695
34,0.289739,0.550529,11413.319336
35,0.329128,0.524452,11662.898438
36,0.339715,0.474358,12211.976562
37,0.357164,0.438973,12361.744141
38,0.371079,0.421774,12578.036133
39,0.465646,0.499654,12894.073242
40,0.422397,0.501702,13193.584961
41,0.490659,0.523365,13592.933594
42,0.497577,0.552529,14092.071289
43,0.501319,0.555905,14325.041992
44,0.705301,0.471522,15489.534180
45,0.709940,0.469849,15589.407227
46,0.703828,0.462081,15689.180664
47,0.705166,0.465251,15855.555664
48,0.937288,0.495672,16654.175781
49,0.964063,0.507879,17020.251953
50,0.980385,0.496899,17369.576172
51,0.982704,0.509236,17469.453125
52,0.985371,0.551847,18201.464844
53,0.039759,0.500038,18534.255859
54,0.046736,0.483251,18767.169922
55,0.028757,0.383614,19033.369141
56,0.992121,0.317475,19332.845703
57,0.806982,0.457636,19832.003906
58,0.808577,0.463269,19998.408203
59,0.726767,0.591479,20464.240234
60,0.667775,0.563507,20730.359375
61,0.729351,0.611046,21196.261719
62,0.711090,0.674020,21445.785156
63,0.846841,0.588362,22028.181641
64,0.868338,0.607047,22194.482422
65,0.872493,0.602221,22510.673828
66,0.926236,0.581351,22876.611328
67,0.012544,0.644569,23392.439453
68,0.050454,0.571162,23708.634766
69,0.056706,0.562129,23891.566406
70,0.023953,0.505644,24157.740234
71,0.966462,0.484324,24423.916016
0,0.762548,0.524521,266.169403
1,0.833354,0.479432,665.567688
2,0.804207,0.478456,1014.884277
3,0.798175,0.478467,1131.381226
4,0.799926,0.501788,1397.572510
5,0.679615,0.501645,2395.852051
6,0.687490,0.474311,2545.567139
7,0.973493,0.516942,3943.152588
8,0.968920,0.525319,4092.897217
9,0.989256,0.471517,4242.562012
10,0.935180,0.541613,4608.664551
11,0.904373,0.596644,4891.470215
12,0.028840,0.477611,5573.602051
13,0.034258,0.453466,5739.987793
14,0.068518,0.448292,6205.828613
15,0.106372,0.487318,6621.744629
16,0.142293,0.561325,7170.806641
17,0.121047,0.619126,7403.699219
18,0.165924,0.488550,7636.627930
19,0.165303,0.444470,7869.544922
20,0.167665,0.445193,7986.061035
21,0.213410,0.461159,8202.305664
22,0.091291,0.551043,8601.596680
23,0.033691,0.563662,8768.060547
24,0.952093,0.570322,9233.918945
25,0.960617,0.555420,9350.323242
26,0.965850,0.528004,9583.307617
27,0.967035,0.496296,9799.562500
28,0.894554,0.512659,10132.271484
29,0.865125,0.512535,10365.250977
30,0.829660,0.518801,10781.129883
31,0.790895,0.494952,11180.487305
32,0.790282,0.483733,11446.612305
33,0.685820,0.512278,12178.687500
34,0.688839,0.451276,12611.345703
35,0.603156,0.521630,13010.591797
36,0.601003,0.471884,13310.107422
37,0.527756,0.509221,13626.193359
38,0.463618,0.508485,14225.108398
39,0.445205,0.492217,14591.245117
40,0.386843,0.494413,15090.267578
41,0.382428,0.475759,15556.192383
42,0.401788,0.465364,15838.974609
43,0.350029,0.431557,16055.250000
44,0.301070,0.482408,16387.988281
45,0.254085,0.466679,16737.373047
46,0.252300,0.434252,16903.785156
47,0.304916,0.551228,17369.632812
48,0.313762,0.590798,17519.449219
49,0.251152,0.702740,17735.658203
50,0.252328,0.739394,17902.015625
51,0.409000,0.782361,18467.699219
52,0.414104,0.784454,18584.197266
53,0.473344,0.820073,18883.640625
54,0.567061,0.799622,19066.660156
55,0.604001,0.770487,19382.880859
56,0.579239,0.693406,19632.414062
57,0.656092,0.681571,19981.806641
58,0.684332,0.678660,20198.005859
59,0.689873,0.642565,20414.289062
60,0.599944,0.548696,20713.822266
61,0.558184,0.522252,20980.005859
62,0.461548,0.478273,21678.822266
63,0.392283,0.499157,22028.126953
64,0.371059,0.463349,22360.873047
65,0.340802,0.436052,22593.876953
66,0.358960,0.481495,22843.375000
67,0.248944,0.515322,23109.585938
68,0.196440,0.472695,23641.990234
69,0.171854,0.503590,23858.353516
70,0.207268,0.469434,24157.742188
71,0.202182,0.420760,24407.382812
72,0.274431,0.419167,24989.664062
0,0.743647,0.419812,16.635914
1,0.731397,0.471282,216.243713
2,0.696572,0.468405,482.496918
3,0.703104,0.465545,1347.667969
4,0.698861,0.443051,1497.404053
5,0.771054,0.502329,1780.257935
6,0.696510,0.450416,2029.799927
7,0.699593,0.454236,2196.122803
8,0.676190,0.445967,3410.654785
9,0.614024,0.422377,3577.121582
10,0.589608,0.413526,3793.337891
11,0.590870,0.471063,3993.039307
12,0.598051,0.517028,4242.584473
13,0.555890,0.533045,4542.139160
14,0.538036,0.525981,4725.135254
15,0.448564,0.542332,5174.285645
16,0.419705,0.527955,5340.633789
17,0.402160,0.481705,5507.046387
18,0.343371,0.529359,6155.934082
19,0.290762,0.602171,6655.033691
20,0.289472,0.709343,6854.685059
21,0.305730,0.730281,7104.218750
22,0.363852,0.773952,7470.317871
23,0.420293,0.761864,7836.375000
24,0.422877,0.794182,8318.752930
25,0.356142,0.855327,8817.938477
26,0.355571,0.902474,9000.964844
27,0.469308,0.980947,9433.475586
28,0.609368,0.965231,9666.426758
29,0.713892,0.959165,9782.900391
30,0.618699,0.958404,10315.339844
31,0.760914,0.979227,10465.019531
32,0.045128,0.669363,11097.289062
33,0.991871,0.648881,11313.605469
34,0.958586,0.601133,11546.519531
35,0.883032,0.527085,12012.357422
36,0.865031,0.500288,12228.596680
37,0.843441,0.473200,12494.819336
38,0.828690,0.496002,12661.239258
39,0.813788,0.454700,12844.239258
40,0.812003,0.435618,13276.760742
41,0.816530,0.463244,13526.418945
42,0.802616,0.466594,13875.715820
43,0.807058,0.428566,14241.729492
44,0.867417,0.435067,14541.304688
45,0.893363,0.455354,14757.552734
46,0.956300,0.494071,15007.097656
47,0.994236,0.503664,15190.119141
48,0.017603,0.507773,15423.029297
49,0.049799,0.498976,15739.184570
50,0.082699,0.498589,15972.089844
51,0.096404,0.509980,16171.714844
52,0.101991,0.537090,16421.324219
53,0.063194,0.517526,16604.328125
54,0.040266,0.524126,16820.632812
55,0.029120,0.527414,17086.855469
56,0.023245,0.504861,17303.042969
57,0.042748,0.528392,17585.882812
58,0.067818,0.575282,18135.019531
59,0.076931,0.583707,18301.361328
60,0.112689,0.548122,18534.279297
61,0.138465,0.535369,18833.822266
62,0.153846,0.525939,19016.777344
63,0.198906,0.489847,19316.216797
64,0.189019,0.494407,19515.953125
65,0.233701,0.465119,19715.525391
66,0.241716,0.466139,19931.847656
67,0.252656,0.439303,20098.207031
68,0.292805,0.474927,20364.396484
69,0.277979,0.448706,20680.527344
70,0.269413,0.422330,20880.132812
71,0.269959,0.448210,21212.943359
72,0.270001,0.377190,21379.294922
73,0.353005,0.464918,21695.416016
74,0.365429,0.468227,21895.103516
75,0.375187,0.419183,22094.705078
76,0.438563,0.457093,22527.302734
77,0.461077,0.471332,22826.791016
78,0.474905,0.451054,23425.722656
79,0.497156,0.437992,23775.117188
80,0.527228,0.453748,24107.957031
81,0.566146,0.468903,24507.191406
0,0.777370,0.524024,432.567230
1,0.585972,0.815929,1214.534180
2,0.539577,0.766850,1430.773438
3,0.545063,0.721815,1630.462402
4,0.526985,0.527939,2345.872070
5,0.534076,0.535309,2645.366943
6,0.724403,0.471616,3693.507324
7,0.697735,0.460945,3926.424316
8,0.701422,0.468935,4092.764648
9,0.892722,0.565399,4492.082520
10,0.953878,0.612746,4791.604492
11,0.000600,0.638293,4957.883789
12,0.000725,0.546028,5224.097656
13,0.055141,0.481763,5523.654297
14,0.054427,0.476383,5673.395508
15,0.063889,0.519500,5856.348145
16,0.058425,0.530974,5972.872070
17,0.013044,0.505824,6189.067871
18,0.956791,0.462463,6488.574219
19,0.923967,0.498495,6771.377441
20,0.030293,0.462595,7203.974609
21,0.122089,0.564227,7703.082520
22,0.131768,0.642899,7936.014648
23,0.156282,0.670475,8268.791016
24,0.228204,0.586606,8551.604492
25,0.225137,0.577202,8734.634766
26,0.228922,0.474790,9017.451172
27,0.225229,0.467636,9133.963867
28,0.285360,0.464226,9433.415039
29,0.289656,0.424342,9749.528320
30,0.178100,0.462589,10115.575195
31,0.328465,0.580666,10531.501953
32,0.350007,0.513327,10781.060547
33,0.347491,0.533602,11180.382812
34,0.292825,0.483435,11429.938477
35,0.207374,0.455555,11762.668945
36,0.153955,0.465688,12095.413086
37,0.153059,0.463011,12211.880859
38,0.090423,0.487833,12511.352539
39,0.088950,0.485405,12627.820312
40,0.037372,0.513407,12827.475586
41,0.069241,0.593802,13110.315430
42,0.963748,0.695912,13376.529297
43,0.972754,0.723080,13559.531250
44,0.968080,0.734815,14025.378906
45,0.986854,0.699427,14557.783203
46,0.850107,0.728643,15023.655273
47,0.695270,0.664014,15506.169922
48,0.588570,0.784370,15938.698242
49,0.545973,0.751304,16138.346680
50,0.549595,0.726984,16254.837891
51,0.556595,0.713693,16437.839844
52,0.791317,0.568672,17053.437500
53,0.782056,0.545013,17253.105469
54,0.799913,0.499788,17485.992188
55,0.794994,0.520581,17652.396484
56,0.762883,0.602068,17985.142578
57,0.810646,0.535922,18484.292969
58,0.800809,0.538293,18866.923828
59,0.806217,0.490083,19066.583984
60,0.800645,0.521020,19366.062500
61,0.914487,0.494814,19865.175781
62,0.871563,0.508783,20247.857422
63,0.859490,0.472825,20480.757812
64,0.800023,0.503479,20863.453125
65,0.802008,0.492195,20979.912109
66,0.804424,0.500067,21146.273438
67,0.828377,0.597508,21329.296875
68,0.886899,0.653894,21562.224609
69,0.999743,0.718431,22377.458984
70,0.065032,0.587840,23458.908203
71,0.050036,0.583472,23725.125000
72,0.023854,0.537163,24007.943359
73,0.977043,0.561029,24357.333984
0,0.757535,0.571119,399.379852
1,0.769650,0.532445,665.549500
2,0.994799,0.663402,1763.625244
3,0.008422,0.638639,1896.726074
4,0.012234,0.638263,2079.668945
5,0.012520,0.655112,2196.180908
6,0.976130,0.554477,2745.267578
7,0.011784,0.500093,3344.241699
8,0.025216,0.508479,3593.688232
9,0.089530,0.494105,3943.137695
10,0.117106,0.623727,4425.575684
11,0.840028,0.473503,5473.804199
12,0.850876,0.446851,5690.040527
13,0.808283,0.523187,5906.365723
14,0.833590,0.519359,6106.019043
15,0.866606,0.502325,6405.522461
16,0.843246,0.509034,6838.068848
17,0.851846,0.491781,7054.347656
18,0.806473,0.475591,7253.969727
19,0.793196,0.488476,7503.527344
20,0.811953,0.470347,8019.360352
21,0.731171,0.597608,8335.410156
22,0.762960,0.541247,8551.769531
23,0.574412,0.728301,9383.570312
24,0.561653,0.662102,9816.215820
25,0.552000,0.675595,9999.202148
26,0.758758,0.556732,10964.146484
27,0.778189,0.545559,11213.738281
28,0.716453,0.581904,11646.339844
29,0.589426,0.588580,12028.996094
30,0.518518,0.611913,12345.093750
31,0.520227,0.603780,12461.530273
32,0.518800,0.556351,12711.128906
33,0.541324,0.535560,13143.772461
34,0.486920,0.544419,13443.197266
35,0.483462,0.539683,14092.093750
36,0.450963,0.547150,14591.186523
37,0.414206,0.488955,14957.177734
38,0.339249,0.392018,15489.612305
39,0.303911,0.461525,15755.760742
40,0.298803,0.455027,15855.649414
41,0.328149,0.531658,16171.825195
42,0.343127,0.797606,16637.619141
43,0.419302,0.752809,16986.984375
44,0.284480,0.769317,18334.646484
45,0.317182,0.527884,18767.199219
46,0.305067,0.543943,18950.255859
47,0.408637,0.554439,19449.328125
48,0.387935,0.558957,19699.000000
49,0.479218,0.562208,19931.931641
50,0.484131,0.498612,20164.816406
51,0.462164,0.505805,20397.669922
52,0.359111,0.497822,20713.800781
53,0.331712,0.411133,21013.279297
54,0.285741,0.397854,21262.828125
55,0.246720,0.384685,21529.037109
56,0.248905,0.362651,21762.017578
57,0.265291,0.463905,21945.017578
58,0.180666,0.576154,22261.089844
59,0.082093,0.630847,22976.490234
60,0.091185,0.492130,23425.697266
61,0.097928,0.486586,23558.806641
62,0.150899,0.467278,23775.144531
63,0.180169,0.460543,24074.558594
64,0.157489,0.401896,24523.794922
0,0.790223,0.497933,482.548065
1,0.689744,0.513002,748.754639
2,0.541232,0.586426,1464.125732
3,0.522080,0.529122,1730.317017
4,0.603708,0.477948,2146.254395
5,0.637879,0.517459,2395.870361
6,0.645701,0.518270,2695.364746
7,0.534095,0.517882,2944.944824
8,0.463097,0.578885,3211.077148
9,0.400944,0.753845,3843.331787
10,0.356628,0.667305,4342.488770
11,0.353930,0.459908,4858.174805
12,0.431260,0.470254,5190.958496
13,0.627924,0.414658,5790.025879
14,0.658899,0.412732,6022.850586
15,0.799189,0.413956,6854.686523
16,0.095360,0.428680,8235.653320
17,0.798190,0.492374,8901.105469
18,0.798232,0.491224,9167.319336
19,0.804183,0.515174,9366.973633
20,0.853025,0.512167,9599.970703
21,0.895703,0.502415,9932.686523
22,0.887340,0.465685,10315.344727
23,0.827265,0.496448,10947.566406
24,0.850710,0.495760,11263.680664
25,0.093632,0.397106,12245.314453
26,0.156073,0.396882,12877.533203
27,0.163439,0.444725,13360.062500
28,0.169944,0.430999,13526.388672
29,0.178468,0.426588,13626.236328
30,0.133683,0.424449,13942.328125
31,0.125492,0.425563,14092.062500
32,0.101943,0.647690,14807.472656
33,0.157645,0.680768,15057.012695
34,0.202696,0.572922,15339.862305
35,0.096319,0.637246,15905.597656
36,0.143542,0.658051,16221.694336
37,0.121023,0.671567,16754.064453
38,0.092928,0.647658,17020.291016
39,0.070594,0.592749,17236.556641
40,0.221385,0.530468,17536.056641
41,0.231084,0.528544,17685.789062
42,0.281361,0.507247,18134.998047
43,0.246999,0.528979,18650.792969
44,0.090679,0.546946,18933.671875
45,0.029392,0.540958,19216.472656
46,0.027113,0.531596,19332.927734
47,0.022011,0.535684,19549.166016
48,0.027518,0.536313,19715.587891
49,0.053473,0.518395,19915.248047
50,0.030775,0.534697,20281.218750
51,0.946883,0.558396,20464.257812
52,0.981506,0.550374,20730.437500
53,0.037485,0.531115,20996.681641
54,0.038475,0.535943,21229.666016
55,0.005298,0.524344,22194.589844
56,0.005710,0.673431,23026.488281
57,0.992752,0.667862,23359.220703
58,0.819768,0.576090,23891.640625
59,0.882280,0.569901,24107.904297
60,0.600011,0.655454,24690.240234
0,0.737802,0.713435,33.226955
1,0.746418,0.638120,266.226074
2,0.791882,0.556158,532.393677
3,0.790830,0.552337,665.472473
4,0.871834,0.577734,881.774475
5,0.988747,0.690779,1663.726685
6,0.998469,0.685961,1813.547485
7,0.007059,0.675689,2112.920410
8,0.901208,0.553892,2362.522705
9,0.963517,0.542699,2728.506104
10,0.023603,0.540729,3094.619629
11,0.053761,0.541496,3377.396240
12,0.088964,0.565291,3693.574951
13,0.086300,0.555309,3976.401611
14,0.126687,0.585173,4176.020508
15,0.147532,0.685624,4458.831055
16,0.085611,0.604968,4691.859375
17,0.024242,0.516336,4957.964355
18,0.124209,0.664945,5207.519531
19,0.189915,0.597564,5690.022461
20,0.231203,0.591884,5873.015625
21,0.234822,0.562693,6139.233887
22,0.185595,0.598910,6422.125977
23,0.087569,0.599139,7137.534668
24,0.338865,0.597136,7786.337891
25,0.360814,0.778860,8085.814453
26,0.353274,0.772570,8169.091797
27,0.361540,0.781895,8285.533203
28,0.095325,0.661443,9416.814453
29,0.076160,0.669747,9749.593750
30,0.204508,0.570266,9999.209961
31,0.208481,0.562059,10182.171875
32,0.458975,0.535052,10980.775391
33,0.515122,0.518394,11213.686523
34,0.508165,0.520932,11313.549805
35,0.549265,0.515318,11513.192383
36,0.545081,0.515255,11646.257812
37,0.593884,0.541598,11845.933594
38,0.636538,0.527382,12145.450195
39,0.248646,0.333692,13742.597656
40,0.435422,0.796233,14774.188477
41,0.656344,0.508755,15922.119141
42,0.637906,0.511847,16504.445312
43,0.609121,0.528076,16986.937500
44,0.745335,0.553908,17269.843750
45,0.786123,0.563253,17569.251953
46,0.780633,0.552502,17802.177734
47,0.837317,0.611232,18068.392578
48,0.658800,0.520678,18434.439453
49,0.613307,0.526737,18600.820312
50,0.571918,0.542454,19016.761719
51,0.510385,0.552559,19249.644531
52,0.470744,0.562467,19532.558594
53,0.477559,0.546578,19798.796875
54,0.497997,0.509488,20214.710938
55,0.495479,0.513242,20364.355469
56,0.491912,0.537810,20530.779297
57,0.499138,0.530284,21079.812500
58,0.496318,0.555525,21279.531250
59,0.484972,0.548141,21761.980469
60,0.491032,0.532642,21944.986328
61,0.546299,0.519955,22394.160156
62,0.539655,0.500109,22560.595703
63,0.460992,0.618878,22826.798828
64,0.505164,0.623779,23043.048828
65,0.514598,0.597608,23209.376953
66,0.510619,0.575488,23375.855469
67,0.507039,0.571877,23525.517578
68,0.449213,0.575647,23741.820312
69,0.387147,0.601496,24157.746094
70,0.309699,0.629340,24740.082031
71,0.314027,0.618087,24839.919922
0,0.734476,0.476644,99.856209
1,0.720069,0.554763,316.212158
2,0.572498,0.617936,1114.839233
3,0.522680,0.580282,1430.893555
4,0.560184,0.490859,1763.654053
5,0.696052,0.523772,2445.781494
6,0.690929,0.538533,2695.344971
7,0.733886,0.602804,2928.302246
8,0.806438,0.585045,3277.665283
9,0.813113,0.590218,3510.644775
10,0.856615,0.595486,3743.516357
11,0.047240,0.576973,4691.868164
12,0.072980,0.576388,5041.275391
13,0.110726,0.588275,5340.719238
14,0.190639,0.586094,5889.775879
15,0.234773,0.579390,6106.145508
16,0.228461,0.617994,6488.797363
17,0.350512,0.817665,7403.814941
18,0.424674,0.846277,7603.472168
19,0.443281,0.823101,7869.679199
20,0.453346,0.876836,8684.843750
21,0.418133,0.809111,9050.897461
22,0.407615,0.896738,10132.326172
23,0.432211,0.857320,10564.924805
24,0.331468,0.648120,11197.147461
25,0.319520,0.491531,11363.506836
26,0.319790,0.492412,11679.625977
27,0.330787,0.441022,11929.195312
28,0.342158,0.383972,12162.124023
29,0.143159,0.652447,13027.271484
30,0.073035,0.659968,13210.301758
31,0.041646,0.613966,13559.682617
32,0.002849,0.581490,13909.079102
33,0.957267,0.629785,14358.285156
34,0.928948,0.690245,14657.756836
35,0.989179,0.780504,15040.436523
36,0.006955,0.735179,15223.449219
37,0.876893,0.781470,15639.377930
38,0.815730,0.710941,15922.214844
39,0.722481,0.690903,16221.677734
40,0.661326,0.677632,16754.083984
41,0.574796,0.771330,16953.740234
42,0.530989,0.773971,17170.054688
43,0.530762,0.760022,17386.339844
44,0.544821,0.582279,17585.996094
45,0.522305,0.557871,17852.162109
46,0.554082,0.508942,18151.640625
47,0.617607,0.530851,18650.777344
48,0.640350,0.575772,18867.066406
49,0.646276,0.593484,19016.808594
50,0.677527,0.619268,19366.189453
51,0.710387,0.601608,19732.214844
52,0.687696,0.512266,20064.958984
53,0.745794,0.572189,20930.132812
54,0.762931,0.606813,21246.242188
55,0.792201,0.569255,21928.378906
56,0.783009,0.606638,22078.121094
57,0.804293,0.576836,22527.332031
58,0.783364,0.570797,22976.544922
59,0.803831,0.570558,23409.117188
60,0.837130,0.577403,23874.978516
61,0.881835,0.575673,24424.009766
62,0.876252,0.576563,24989.705078
0,0.783250,0.547711,415.954315
1,0.676081,0.494115,848.539246
2,0.694463,0.464393,1064.830933
3,0.544262,0.528303,1796.870117
4,0.548464,0.520112,1930.002930
5,0.550332,0.514526,2129.665283
6,0.595032,0.571891,2362.539795
7,0.546623,0.544166,2745.295410
8,0.685007,0.808933,3377.426758
9,0.787446,0.812566,3560.517090
10,0.815966,0.472360,4442.271484
11,0.814465,0.442643,4608.633789
12,0.765011,0.511878,4974.689941
13,0.827726,0.487989,5423.854980
14,0.805314,0.455321,5756.656250
15,0.806441,0.459649,6072.761719
16,0.810051,0.472986,6189.180176
17,0.905973,0.491105,6538.655273
18,0.900856,0.493429,6655.123047
19,0.951614,0.615521,6971.222168
20,0.980752,0.542488,7320.626465
21,0.052923,0.508965,7653.382812
22,0.049128,0.500841,7819.740723
23,0.973045,0.278170,8268.899414
24,0.970026,0.264975,8501.847656
25,0.943932,0.184334,8701.488281
26,0.929436,0.157503,8934.404297
27,0.820617,0.179405,9267.145508
28,0.824318,0.156018,9350.329102
29,0.827346,0.162535,9566.658203
30,0.834798,0.178208,9683.086914
31,0.852174,0.492050,10032.470703
32,0.867372,0.457258,10198.845703
33,0.959236,0.474315,10847.737305
34,0.057336,0.533608,11197.100586
35,0.153191,0.519982,11513.208008
36,0.101836,0.490231,11812.728516
37,0.098306,0.495368,11929.162109
38,0.189900,0.466324,12228.635742
39,0.224554,0.448268,12494.822266
40,0.169854,0.471152,12794.298828
41,0.296744,0.477695,13376.625000
42,0.280848,0.434238,13626.186523
43,0.353534,0.490779,14008.852539
44,0.341736,0.652366,14291.694336
45,0.382474,0.766602,14674.366211
46,0.422973,0.784265,14907.290039
47,0.452820,0.507595,15389.771484
48,0.432706,0.476466,15622.707031
49,0.411853,0.439870,15988.719727
50,0.519058,0.458783,17319.757812
51,0.557435,0.485113,17702.388672
52,0.389857,0.477501,18068.423828
53,0.391347,0.468869,18218.169922
54,0.368890,0.419519,18434.443359
55,0.371472,0.411159,18550.919922
56,0.326194,0.494980,18833.767578
57,0.339242,0.505372,19116.583984
58,0.344324,0.469623,19682.283203
59,0.133500,0.499698,20547.427734
60,0.077001,0.553097,20863.544922
61,0.078683,0.506419,21179.656250
62,0.002482,0.524839,21445.857422
63,0.037049,0.502672,21961.630859
64,0.041370,0.515682,22211.197266
65,0.036119,0.479228,22577.218750
66,0.032404,0.469384,22743.574219
67,0.900860,0.511203,23342.548828
68,0.906426,0.494753,23575.466797
69,0.855903,0.486023,23775.123047
70,0.856931,0.472654,23991.417969
71,0.861393,0.465193,24340.802734
0,0.775057,0.583051,16.513830
1,0.775109,0.579611,216.142456
2,0.768916,0.653414,449.106964
3,0.701660,0.785660,865.013245
4,0.691642,0.782506,1114.609497
5,0.589682,0.707907,1680.288208
6,0.582039,0.707742,1896.555298
7,0.557412,0.668294,2129.518555
8,0.485290,0.673295,3011.317139
9,0.465862,0.739334,3177.652344
10,0.504543,0.719372,3543.686768
11,0.601580,0.612619,4608.519531
12,0.600989,0.614923,5490.281738
13,0.611077,0.612931,5590.095215
14,0.799248,0.663780,6421.962402
15,0.820573,0.728499,6688.211914
16,0.816702,0.738970,6787.989746
17,0.836020,0.629937,7752.988281
18,0.929435,0.716992,8002.553711
19,0.984957,0.681828,8418.481445
20,0.869729,0.781711,8917.626953
21,0.935521,0.781165,9250.368164
22,0.022947,0.635687,9466.668945
23,0.089428,0.510887,10315.175781
24,0.130273,0.509881,11030.623047
25,0.098744,0.518013,11196.964844
26,0.147414,0.546942,11513.095703
27,0.192573,0.574379,12179.028320
28,0.194904,0.605098,12378.224609
29,0.228695,0.494955,12661.081055
30,0.225504,0.497009,12744.261719
31,0.220965,0.497161,12927.291992
32,0.200147,0.411593,13143.571289
33,0.182603,0.395706,13459.682617
34,0.063435,0.550382,13825.729492
35,0.066394,0.544183,13908.937500
36,0.052451,0.409036,14241.649414
37,0.943229,0.504220,14624.298828
38,0.981727,0.236383,15189.991211
39,0.010107,0.214377,15556.039062
40,0.011757,0.228750,15655.856445
41,0.852031,0.230176,16038.502930
42,0.838514,0.232430,16154.976562
43,0.824893,0.179847,16321.331055
44,0.844281,0.626499,17918.552734
45,0.859002,0.604340,18218.041016
46,0.857877,0.601054,18334.507812
47,0.855395,0.609233,18517.509766
48,0.835087,0.671761,18733.822266
49,0.840634,0.671541,19033.322266
50,0.880679,0.614798,19349.375000
51,0.882410,0.601417,19482.486328
52,0.877748,0.590585,19632.218750
53,0.726428,0.653610,20264.458984
54,0.725761,0.633425,20364.273438
55,0.730043,0.619982,20530.648438
56,0.734356,0.608628,20730.312500
57,0.732718,0.594710,20830.152344
58,0.730459,0.613199,21096.328125
59,0.729278,0.644425,21295.988281
60,0.724846,0.578387,21612.121094
61,0.727760,0.540985,22044.771484
62,0.721333,0.532139,22244.318359
63,0.722355,0.531339,22560.457031
64,0.625723,0.552834,22893.232422
65,0.628252,0.713896,23558.707031
66,0.688640,0.721774,23791.628906
67,0.716374,0.722083,24141.019531
68,0.696051,0.738875,24773.263672
0,0.732036,0.459153,282.818085
1,0.747589,0.537953,615.580627
2,0.049456,0.415391,2096.301514
3,0.322973,0.443321,3310.850098
4,0.357001,0.419916,6239.155273
5,0.248734,0.379503,6705.006348
6,0.181353,0.389493,6971.220703
7,0.192953,0.385289,7104.221680
8,0.146248,0.413851,7303.919922
9,0.356700,0.392794,8019.382324
10,0.798977,0.519948,9866.161133
11,0.829861,0.479164,9999.212891
12,0.824349,0.464099,10182.236328
13,0.046116,0.466403,11030.703125
14,0.023968,0.548286,11746.198242
15,0.097633,0.498939,12178.693359
16,0.081653,0.492364,12478.261719
17,0.306413,0.471102,13576.268555
18,0.280794,0.465598,13726.036133
19,0.240715,0.438801,13909.035156
20,0.210454,0.453373,14092.089844
21,0.319165,0.559293,14790.799805
22,0.280214,0.721173,15173.544922
23,0.586412,0.726981,16371.424805
24,0.614966,0.773470,16587.691406
25,0.660655,0.718310,16887.166016
26,0.654818,0.712056,17153.386719
27,0.759293,0.677393,17569.326172
28,0.814168,0.467889,18517.718750
29,0.786388,0.413466,18750.539062
30,0.788991,0.419366,18950.212891
31,0.776687,0.427210,19116.658203
32,0.973356,0.497319,20414.355469
33,0.475081,0.450875,22078.101562
34,0.467978,0.427889,22327.683594
35,0.382821,0.471166,22660.416016
36,0.273686,0.395843,23575.476562
37,0.284754,0.399270,23708.589844
38,0.025297,0.163175,24706.894531
39,0.021297,0.157665,24989.658203
0,0.769859,0.508809,349.355316
1,0.802224,0.470380,615.568665
2,0.813206,0.468237,815.235657
3,0.691109,0.486586,1098.062866
4,0.680563,0.467424,1281.059692
5,0.689052,0.460092,1480.744385
6,0.700718,0.453261,1580.572021
7,0.594336,0.552881,2013.157227
8,0.537434,0.563360,2395.873291
9,0.525312,0.563250,2728.561035
10,0.547445,0.585816,2994.795654
11,0.475101,0.616619,3261.034424
12,0.488434,0.613035,3493.862061
13,0.503706,0.601154,3693.536865
14,0.425277,0.754030,4225.934082
15,0.315811,0.784009,4841.499512
16,0.494783,0.598856,5124.389648
17,0.507743,0.571505,5324.125000
18,0.511513,0.555894,5457.089844
19,0.521162,0.493220,5673.411133
20,0.495828,0.500187,5889.757812
21,0.479141,0.512680,6139.242676
22,0.468962,0.512780,6455.354004
23,0.448460,0.517810,6671.737305
24,0.458081,0.519195,6921.200195
25,0.560479,0.510745,7287.233398
26,0.644333,0.520360,8119.137207
27,0.642859,0.532641,8318.788086
28,0.709819,0.501350,8568.336914
29,0.705188,0.455916,8817.907227
30,0.694881,0.458913,9034.244141
31,0.811621,0.516680,9699.726562
32,0.773759,0.558568,10098.998047
33,0.932216,0.699193,10598.189453
34,0.005520,0.673845,11014.059570
35,0.898499,0.562016,11346.821289
36,0.967469,0.528085,11579.757812
37,0.991586,0.540444,11746.159180
38,0.982792,0.507157,12145.412109
39,0.069322,0.533627,12428.241211
40,0.034452,0.531203,12694.456055
41,0.029536,0.528950,12777.669922
42,0.018161,0.528932,12877.522461
43,0.050315,0.557953,13210.248047
44,0.989430,0.507383,13459.833008
45,0.988536,0.513077,13592.928711
46,0.039789,0.492939,13842.486328
47,0.074773,0.493133,14075.478516
48,0.118909,0.502442,14474.682617
49,0.195345,0.492045,14973.790039
50,0.225251,0.490727,15173.491211
51,0.164747,0.390004,15539.540039
52,0.281324,0.638572,16038.635742
53,0.292191,0.690758,16188.345703
54,0.286874,0.403949,16554.417969
55,0.094167,0.640710,17219.884766
56,0.086019,0.627970,17336.339844
57,0.325394,0.797435,17935.292969
58,0.395854,0.834750,18118.349609
59,0.426036,0.831805,18268.058594
60,0.334910,0.553165,18833.726562
61,0.311673,0.558156,19033.410156
62,0.194538,0.533401,19465.949219
63,0.208569,0.537205,19682.230469
64,0.165184,0.535827,19865.298828
65,0.096145,0.600653,20098.238281
66,0.068450,0.611893,20397.693359
67,0.042045,0.542829,20647.291016
68,0.025890,0.549765,20913.417969
69,0.978402,0.465016,21262.816406
70,0.850402,0.512793,21911.726562
71,0.817920,0.515476,22227.775391
72,0.823796,0.518257,22444.072266
73,0.918514,0.508777,22660.371094
74,0.946111,0.509661,22976.574219
75,0.800015,0.530801,23475.636719
76,0.789898,0.529031,23658.656250
77,0.767648,0.522366,23991.398438
78,0.683114,0.512353,24540.414062
0,0.712853,0.555463,16.629875
1,0.732316,0.550018,282.808319
2,0.557305,0.568418,1247.788574
3,0.558369,0.817779,1946.572144
4,0.542932,0.878853,2112.962158
5,0.402641,0.938610,2362.612061
6,0.522551,0.495429,3144.503174
7,0.530066,0.442065,3394.094727
8,0.613285,0.381107,3810.029297
9,0.730405,0.531763,4375.641602
10,0.770691,0.523747,4625.251953
11,0.789656,0.516403,4774.976562
12,0.783995,0.504064,5007.900879
13,0.823167,0.487858,5324.017090
14,0.860519,0.492333,5523.686523
15,0.871327,0.491529,5623.539062
16,0.886288,0.532784,5823.136719
17,0.982365,0.670289,6338.868164
18,0.016948,0.689876,6605.106934
19,0.031182,0.650467,6788.116699
20,0.016990,0.507414,7270.622070
21,0.061670,0.507782,7686.582031
22,0.057404,0.524486,7852.902344
23,0.100919,0.483110,8052.620605
24,0.113001,0.478530,8135.752441
25,0.026205,0.408817,8435.253906
26,0.036378,0.362850,8584.980469
27,0.951563,0.286404,8917.704102
28,0.987045,0.273157,9200.583984
29,0.931495,0.175449,9816.177734
30,0.927182,0.186610,9965.888672
31,0.905828,0.488879,10747.839844
32,0.913414,0.522599,11047.351562
33,0.953843,0.473477,11313.559570
34,0.003368,0.491381,11679.532227
35,0.194183,0.472451,12727.712891
36,0.231948,0.455840,13043.886719
37,0.230703,0.450854,13160.306641
38,0.212813,0.423640,13426.486328
39,0.163238,0.432436,13642.843750
40,0.196751,0.487270,13925.746094
41,0.324680,0.566421,14324.918945
42,0.335951,0.522693,14458.033203
43,0.301282,0.465184,14724.259766
44,0.320234,0.414331,14923.902344
45,0.335912,0.382956,15140.151367
46,0.345981,0.381516,15306.547852
47,0.179568,0.503471,15805.742188
48,0.172797,0.493605,15988.702148
49,0.192914,0.548370,16288.151367
50,0.173165,0.665801,16571.003906
51,0.299178,0.644017,16870.505859
52,0.292097,0.557073,17269.814453
53,0.285842,0.512791,17502.697266
54,0.380611,0.468710,17818.886719
55,0.482928,0.463615,18501.000000
56,0.480333,0.465329,18634.146484
57,0.442158,0.481170,18850.369141
58,0.405914,0.485859,19066.652344
59,0.409828,0.485919,19366.130859
60,0.677842,0.688143,20430.937500
61,0.774537,0.815626,20996.677734
62,0.789773,0.809540,21296.125000
63,0.750405,0.700253,21628.898438
64,0.740309,0.700220,21745.275391
65,0.656966,0.689760,22028.150391
66,0.866554,0.687575,22776.859375
67,0.822426,0.692586,23275.994141
68,0.805923,0.639559,23625.335938
69,0.779834,0.547608,23924.849609
70,0.780912,0.518603,24457.232422
71,0.726601,0.507532,24856.505859
72,0.722470,0.489143,24989.652344
0,0.759610,0.412011,133.208054
1,0.729630,0.508283,316.252533
2,0.776948,0.543334,515.941345
3,0.594756,0.715641,1214.729858
4,0.545771,0.711171,1381.128174
5,0.530290,0.516066,2346.131836
6,0.649575,0.515807,3078.035400
7,0.900914,0.650450,5058.048340
8,0.940959,0.707957,5290.874512
9,0.000643,0.726157,5557.108398
10,0.881597,0.498774,6738.334473
11,0.038503,0.540425,7720.000977
12,0.062753,0.556195,7853.098633
13,0.160428,0.566347,8468.747070
14,0.187938,0.500675,9001.092773
15,0.076660,0.486668,9250.545898
16,0.033369,0.466375,9450.299805
17,0.043155,0.540047,9999.294922
18,0.114087,0.559656,10681.409180
19,0.967152,0.557947,11430.203125
20,0.938388,0.630319,11679.616211
21,0.516562,0.532264,14707.695312
22,0.288945,0.604005,17186.699219
23,0.292518,0.600466,17386.455078
24,0.414137,0.749807,18700.783203
25,0.411574,0.741316,18883.794922
26,0.401727,0.806013,19116.675781
27,0.349431,0.784941,19449.419922
28,0.375117,0.828559,21146.507812
29,0.370702,0.822331,21346.076172
30,0.382700,0.813408,21595.753906
31,0.411037,0.793911,21845.228516
32,0.426809,0.768244,22144.757812
33,0.474301,0.511046,23126.347656
34,0.502538,0.512663,23309.339844
35,0.612659,0.563914,24058.025391
36,0.626455,0.432752,24607.019531
