Idx, longitude, latitude, start timestamp
0,0.789392,0.356511,316.115631
1,0.953073,0.679374,1530.558350
2,0.978661,0.601024,1780.209961
3,0.003539,0.577504,2096.383057
4,0.014489,0.621934,2695.327148
5,0.049819,0.726927,3127.812012
6,0.059238,0.806207,3626.992920
7,0.088872,0.800447,3859.947998
8,0.097558,0.736225,4242.516113
9,0.112450,0.635647,4425.504395
10,0.109743,0.576532,4658.528320
11,0.104619,0.545452,4824.917969
12,0.019423,0.457795,5307.286133
13,0.011033,0.457396,5656.749023
14,0.994723,0.485194,6055.996094
15,0.988740,0.479947,6405.489746
16,0.981633,0.479305,6921.256348
17,0.980022,0.442739,7353.682129
18,0.567870,0.433836,8967.556641
19,0.575159,0.429658,9084.064453
20,0.554374,0.414721,9217.253906
21,0.497414,0.417172,9450.073242
22,0.472689,0.490722,9782.764648
23,0.468829,0.465439,10032.441406
24,0.463209,0.484666,10448.382812
25,0.454920,0.394913,10648.022461
26,0.350838,0.472920,11030.711914
27,0.335574,0.487976,11246.868164
28,0.333434,0.488379,11463.283203
29,0.310070,0.958694,12710.973633
30,0.322225,0.939362,12844.125000
31,0.305618,0.973246,13077.132812
32,0.257754,0.963049,13459.725586
33,0.198566,0.983315,13992.132812
34,0.116321,0.971889,14408.062500
35,0.106199,0.961622,14740.846680
36,0.205259,0.943548,15056.939453
37,0.296154,0.953595,15156.915039
38,0.350813,0.955702,15622.540039
39,0.373871,0.954956,15938.711914
40,0.448556,0.969585,16121.880859
41,0.402140,0.958966,16271.405273
42,0.399685,0.930701,16604.335938
43,0.431487,0.901698,17070.025391
44,0.449413,0.881972,17319.636719
45,0.436946,0.885354,17652.419922
46,0.441851,0.886351,17768.919922
47,0.999296,0.502836,19765.339844
48,0.006531,0.508656,20247.908203
49,0.009064,0.475096,20680.505859
50,0.952825,0.563989,21745.181641
51,0.965238,0.524817,22394.050781
52,0.975216,0.524158,22676.968750
53,0.981831,0.527512,22876.558594
54,0.999091,0.479185,23159.398438
55,0.004792,0.411959,23592.080078
0,0.733571,0.452495,166.367813
1,0.744393,0.457515,316.112549
2,0.759023,0.821932,1181.185181
3,0.710342,0.882875,1347.592529
4,0.762129,0.921680,1680.374512
5,0.846430,0.948283,1863.285156
6,0.906240,0.965100,2212.702637
7,0.794353,0.965405,2495.565186
8,0.490949,0.949941,3211.034180
9,0.234962,0.952107,3477.172119
10,0.933379,0.952550,3776.640869
11,0.751532,0.926798,4026.302002
12,0.988052,0.523084,5141.036133
13,0.006289,0.493763,5407.156250
14,0.977071,0.470378,5656.760254
15,0.911996,0.162221,6438.743652
16,0.614915,0.176703,8052.542480
17,0.634221,0.177384,8285.509766
18,0.619793,0.170107,8468.417969
19,0.666278,0.182838,9416.836914
20,0.672608,0.142735,9716.323242
21,0.748069,0.167860,10281.926758
22,0.756707,0.136573,11030.617188
23,0.798490,0.125461,11246.915039
24,0.794572,0.123872,11413.268555
25,0.832385,0.127587,12411.528320
26,0.555506,0.246611,13027.092773
27,0.551131,0.249686,13210.137695
28,0.455453,0.519025,13908.940430
29,0.373228,0.589577,14957.094727
30,0.547908,0.423347,15439.538086
31,0.647995,0.200640,16704.087891
32,0.795629,0.223556,17469.386719
33,0.801223,0.236295,17669.000000
34,0.798753,0.243782,17901.865234
35,0.780350,0.297348,18933.490234
36,0.856391,0.158329,19182.970703
37,0.788738,0.115486,19682.085938
38,0.812091,0.330346,20231.208984
39,0.078802,0.415899,21246.060547
40,0.193396,0.637386,22593.720703
41,0.945260,0.504955,24507.058594
42,0.992519,0.484551,24989.511719
0,0.740373,0.385282,365.913849
1,0.746146,0.343391,648.816467
2,0.478768,0.471833,1497.262817
3,0.446201,0.524947,1813.393433
4,0.384778,0.921037,2578.775146
5,0.281273,0.607179,3493.856201
6,0.281889,0.574396,3693.455566
7,0.289838,0.564190,3959.669922
8,0.308166,0.418478,4142.708496
9,0.326512,0.287815,4658.436523
10,0.413183,0.406544,4907.947754
11,0.436499,0.351728,5107.645508
12,0.423465,0.302411,5274.074707
13,0.389472,0.271760,5640.052246
14,0.443608,0.659041,5956.258789
15,0.457356,0.654767,6155.729004
16,0.483850,0.520373,6538.460449
17,0.475046,0.490925,6788.082031
18,0.472091,0.432326,7037.630371
19,0.534705,0.368813,7536.685059
20,0.523921,0.354310,7869.549316
21,0.516327,0.221613,8168.992188
22,0.504807,0.192359,8335.345703
23,0.434220,0.548514,8518.335938
24,0.547027,0.177956,8718.002930
25,0.599637,0.153271,8884.294922
26,0.654997,0.105928,9100.529297
27,0.476240,0.046237,9316.973633
28,0.728489,0.412358,9982.373047
29,0.834667,0.069731,10531.395508
30,0.948117,0.293067,10913.954102
31,0.999622,0.231829,11146.969727
32,0.986877,0.155113,11379.815430
33,0.981331,0.215840,11646.086914
34,0.016136,0.439622,11995.504883
35,0.984442,0.672782,12561.212891
36,0.964480,0.573108,12977.110352
37,0.046366,0.547713,13343.033203
38,0.047512,0.533567,13459.536133
39,0.028935,0.384401,13675.869141
40,0.083976,0.550290,14025.298828
41,0.129559,0.630346,14374.693359
42,0.124405,0.668351,14557.679688
43,0.185715,0.626813,15173.208984
44,0.994812,0.926166,15555.880859
45,0.380220,0.890998,20047.925781
46,0.446644,0.905443,21245.816406
47,0.700351,0.846097,21761.542969
48,0.694122,0.989781,22177.527344
49,0.384819,0.948014,22576.750000
50,0.780824,0.821615,24739.595703
51,0.847801,0.816751,24972.562500
0,0.752754,0.328706,449.146301
1,0.549760,0.710404,1414.074951
2,0.558037,0.866269,1830.098145
3,0.174445,0.918955,5290.640137
4,0.162149,0.923968,5506.953613
5,0.782205,0.928652,5739.829590
6,0.063151,0.898885,7586.545410
7,0.991372,0.163284,10980.563477
8,0.036224,0.106627,11446.428711
9,0.096205,0.472309,11962.119141
10,0.068882,0.624551,12361.499023
11,0.054300,0.647427,12594.421875
12,0.017131,0.585500,12827.407227
13,0.991280,0.579075,13060.235352
14,0.993288,0.539161,13642.608398
15,0.083803,0.514619,14008.611328
16,0.226846,0.674111,15139.946289
17,0.226396,0.681125,15322.968750
18,0.242675,0.733161,15555.931641
19,0.254019,0.765007,15772.146484
20,0.243761,0.761969,16054.923828
21,0.995198,0.579400,16520.812500
22,0.957968,0.630223,17020.064453
23,0.942656,0.633516,17236.218750
24,0.887416,0.621624,17485.781250
25,0.425722,0.532365,21645.105469
26,0.477941,0.519337,22327.214844
27,0.474550,0.492737,22560.199219
28,0.301350,0.554091,23026.031250
29,0.298994,0.570395,23258.943359
30,0.493512,0.512610,24240.494141
31,0.542257,0.411389,24972.667969
0,0.795738,0.801900,465.803009
1,0.515827,0.523882,2978.003906
2,0.475880,0.400462,3443.868652
3,0.474703,0.386683,3793.324219
4,0.471902,0.337083,4142.668945
5,0.408981,0.206277,5124.277832
6,0.395222,0.217404,5390.501953
7,0.414387,0.210718,5606.792480
8,0.423569,0.198087,6222.375000
9,0.441631,0.251168,7303.941895
10,0.471619,0.409652,8085.934082
11,0.533750,0.354261,8451.833984
12,0.548502,0.300548,8684.743164
13,0.589139,0.311381,8834.515625
14,0.556048,0.805843,9250.345703
15,0.514598,0.832679,9483.306641
16,0.577731,0.938185,9716.364258
17,0.606950,0.992119,9999.163086
18,0.293190,0.944950,10298.576172
19,0.568262,0.886930,11513.215820
20,0.736641,0.932068,11712.828125
21,0.776584,0.919977,11829.300781
22,0.873337,0.832720,12012.259766
23,0.871640,0.822724,12112.047852
24,0.735518,0.930946,12311.748047
25,0.520278,0.785870,13443.128906
26,0.525839,0.774042,13692.674805
27,0.470384,0.894839,13992.148438
28,0.723251,0.902992,14308.289062
29,0.011075,0.470765,15373.014648
30,0.993069,0.416945,15655.868164
31,0.022261,0.466101,16121.768555
32,0.974760,0.183287,17186.550781
33,0.936389,0.151654,17336.304688
34,0.964720,0.128489,17502.679688
35,0.150731,0.264501,17935.203125
36,0.149049,0.278909,18035.115234
37,0.083460,0.637723,18467.667969
38,0.109872,0.671230,18700.576172
39,0.157389,0.726529,18916.886719
40,0.159851,0.695853,19166.439453
41,0.092818,0.810893,19565.697266
42,0.083653,0.843100,19782.101562
43,0.255134,0.735499,24507.136719
0,0.799271,0.465468,49.859531
1,0.727629,0.588298,465.783752
2,0.813389,0.713188,1031.573364
3,0.828081,0.742098,1330.981567
4,0.784312,0.795700,1663.650513
5,0.744220,0.824932,1863.415527
6,0.715110,0.844898,2112.923584
7,0.757303,0.857339,2429.059814
8,0.776948,0.865195,2645.374023
9,0.852594,0.866864,2928.144287
10,0.935847,0.839757,3194.415771
11,0.896939,0.892093,3410.667236
12,0.835844,0.912921,3593.666260
13,0.771656,0.918037,3876.518066
14,0.877033,0.922350,4192.671875
15,0.925413,0.902846,4408.854004
16,0.795629,0.942208,4841.488281
17,0.747438,0.949033,4941.234863
18,0.881744,0.967795,5207.523438
19,0.649770,0.966773,5407.222656
20,0.617497,0.963693,5656.738281
21,0.678219,0.856585,5923.014648
22,0.689782,0.824224,6139.296875
23,0.628872,0.825371,6738.272949
24,0.557341,0.840030,6937.874512
25,0.548709,0.878977,7204.192871
26,0.660913,0.895158,7486.851562
27,0.741974,0.859291,7703.218750
28,0.772628,0.819034,7919.442871
29,0.717537,0.818379,8152.349609
30,0.576651,0.855579,8352.161133
31,0.547614,0.863140,8551.740234
32,0.488255,0.824757,8784.603516
33,0.406478,0.598544,9533.320312
34,0.498763,0.813784,9982.584961
35,0.498455,0.836425,10098.951172
36,0.361984,0.837154,10332.025391
37,0.537501,0.841801,10598.146484
38,0.546073,0.841063,10980.761719
39,0.524236,0.873719,11280.291992
40,0.273679,0.717650,11563.094727
41,0.272504,0.652759,11746.224609
42,0.467428,0.463988,12594.674805
43,0.405510,0.472328,12827.541992
44,0.348419,0.470298,13010.486328
45,0.431463,0.422041,13393.226562
46,0.487730,0.467286,13759.282227
47,0.497320,0.465105,14258.438477
48,0.419327,0.315320,15190.181641
49,0.402414,0.313067,15306.632812
50,0.418466,0.301681,15589.342773
51,0.476623,0.462609,15988.797852
52,0.483936,0.487115,16254.878906
53,0.485526,0.450468,16437.968750
54,0.468514,0.515410,16770.773438
55,0.465389,0.536549,16920.447266
56,0.307223,0.590737,17219.845703
57,0.492015,0.486832,18451.072266
58,0.473635,0.533156,18833.710938
59,0.938526,0.512651,20647.302734
60,0.109514,0.773831,22660.398438
61,0.176518,0.657759,23409.166016
62,0.997404,0.509068,24191.007812
63,0.979367,0.502853,24457.273438
64,0.976682,0.497832,24640.265625
0,0.747737,0.487184,66.560295
1,0.741578,0.387113,382.751617
2,0.713152,0.944983,1763.653442
3,0.005582,0.481647,2878.327637
4,0.975537,0.463854,3144.448242
5,0.945141,0.377723,3410.737061
6,0.933063,0.386579,3627.107178
7,0.925230,0.098604,4325.822754
8,0.687683,0.109654,4974.692871
9,0.857178,0.114355,5274.276855
10,0.879688,0.187940,5823.148438
11,0.879234,0.176371,5906.391602
12,0.702276,0.198972,6405.505371
13,0.812743,0.114648,6588.580078
14,0.852326,0.117276,6721.688477
15,0.832324,0.082575,7287.286133
16,0.758002,0.094021,7470.282227
17,0.488396,0.289049,8202.352539
18,0.428034,0.320701,8402.025391
19,0.430086,0.306172,8535.149414
20,0.447420,0.313910,8934.404297
21,0.535616,0.454536,9233.907227
22,0.458530,0.556580,9533.337891
23,0.397341,0.583497,9999.263672
24,0.309544,0.564992,10498.371094
25,0.330256,0.614905,10864.329102
26,0.416166,0.892000,11479.969727
27,0.559182,0.905458,11746.208008
28,0.342616,0.866604,11995.691406
29,0.362255,0.879678,12411.651367
30,0.579893,0.867922,13127.069336
31,0.552155,0.775606,13376.685547
32,0.546073,0.767989,13476.412109
33,0.450814,0.472196,14008.872070
34,0.470315,0.457773,14141.918945
35,0.136148,0.364736,15439.613281
36,0.137898,0.346987,15656.029297
37,0.052238,0.283487,16188.382812
38,0.053604,0.259699,16338.156250
39,0.032215,0.302465,16670.865234
40,0.085831,0.278393,17153.421875
41,0.081774,0.286833,17352.996094
42,0.995027,0.527438,17868.691406
43,0.970067,0.527491,18101.742188
44,0.942009,0.629129,18451.066406
45,0.002759,0.558322,18867.125000
46,0.977404,0.507727,19050.046875
47,0.034545,0.794032,19582.396484
48,0.905935,0.832863,19915.197266
49,0.901097,0.758605,20264.521484
50,0.900501,0.672745,20480.876953
51,0.089808,0.670024,20846.869141
52,0.099303,0.563464,21146.417969
53,0.109926,0.562388,21462.486328
54,0.098580,0.565396,21795.242188
55,0.124114,0.596870,22128.060547
56,0.166923,0.353362,22693.652344
57,0.255964,0.383221,23093.001953
58,0.275948,0.366463,23392.507812
59,0.382894,0.476963,23958.072266
60,0.410139,0.394267,24340.798828
61,0.442688,0.333534,24507.058594
0,0.751341,0.483515,33.186131
1,0.746846,0.385403,432.575287
2,0.751164,0.383172,565.698914
3,0.888502,0.695094,1963.208496
4,0.895547,0.718153,2162.991943
5,0.859480,0.771906,2345.879395
6,0.842731,0.798911,2562.175781
7,0.885951,0.807022,2761.761963
8,0.893040,0.828394,2944.777832
9,0.671982,0.957595,3260.919678
10,0.991346,0.550032,3810.067871
11,0.005846,0.544569,3943.132080
12,0.001608,0.515600,4159.342285
13,0.018853,0.510740,4375.593750
14,0.990900,0.504526,4592.081055
15,0.936481,0.561940,4874.767578
16,0.977530,0.522604,6056.066895
17,0.464949,0.512525,7603.322266
18,0.453785,0.496631,7836.295898
19,0.448211,0.405614,8135.653809
20,0.463566,0.331081,8302.094727
21,0.443441,0.310602,8535.033203
22,0.416446,0.299046,8684.857422
23,0.418235,0.299124,8801.297852
24,0.310969,0.548344,9416.744141
25,0.358724,0.457608,10082.257812
26,0.317769,0.375517,10465.046875
27,0.323593,0.354531,10631.471680
28,0.351068,0.351208,11380.019531
29,0.387620,0.374730,11563.087891
30,0.456050,0.460762,11978.986328
31,0.457823,0.523708,12228.510742
32,0.469181,0.556976,12494.711914
33,0.524808,0.273654,13293.345703
34,0.543828,0.249508,13459.672852
35,0.569128,0.200689,13809.097656
36,0.614262,0.180103,14042.038086
37,0.527057,0.161677,14225.095703
38,0.854166,0.542466,15323.214844
39,0.850902,0.813161,15905.432617
40,0.818198,0.905536,16221.518555
41,0.823854,0.947638,16354.684570
42,0.842225,0.969785,16504.427734
43,0.813804,0.955240,16620.871094
44,0.927363,0.600059,17086.785156
45,0.964319,0.574045,17253.117188
46,0.003255,0.526386,17485.984375
47,0.994436,0.529223,17585.851562
48,0.995529,0.501161,17785.515625
49,0.988159,0.503003,17968.591797
50,0.991655,0.477076,18118.265625
51,0.943372,0.490480,18484.322266
52,0.841037,0.531772,18816.955078
53,0.836032,0.535943,19049.992188
54,0.753472,0.535327,19432.605469
55,0.741291,0.504574,19598.941406
56,0.742022,0.478961,19782.052734
57,0.739019,0.444243,20031.621094
58,0.655906,0.563294,20514.064453
59,0.609522,0.552661,20830.169922
60,0.540938,0.541740,21079.669922
61,0.496612,0.534743,21412.458984
62,0.471000,0.527091,21595.615234
63,0.460204,0.508309,21745.171875
64,0.466024,0.493093,21961.542969
65,0.459115,0.497775,22277.703125
66,0.477879,0.651012,22726.984375
67,0.475415,0.549653,23608.683594
68,0.474710,0.504624,23758.380859
69,0.475288,0.470723,23991.353516
70,0.530935,0.421278,24540.349609
0,0.720085,0.601437,432.584534
1,0.753135,0.334819,1081.450806
2,0.936849,0.836695,2262.617920
3,0.959629,0.840962,2345.916748
4,0.258542,0.952471,2728.521484
5,0.184137,0.917607,3044.618164
6,0.050635,0.877624,3260.950684
7,0.054189,0.891116,3976.403564
8,0.083024,0.949270,4542.004395
9,0.101218,0.972372,4725.146484
10,0.612986,0.920716,5473.680664
11,0.307673,0.574703,6488.636719
12,0.312171,0.565288,6654.969727
13,0.337206,0.798882,7653.307129
14,0.527866,0.837630,11546.467773
15,0.408652,0.369773,13210.198242
16,0.425551,0.367849,13493.038086
17,0.330244,0.473333,13842.467773
18,0.160866,0.737648,14807.424805
19,0.026088,0.970946,15872.123047
20,0.408054,0.891865,16837.121094
21,0.413264,0.894735,17086.785156
22,0.429745,0.826139,18084.970703
23,0.019828,0.183489,22227.814453
24,0.992841,0.267985,22743.519531
25,0.916778,0.314134,23275.916016
26,0.507449,0.638881,24839.871094
27,0.477880,0.644094,24956.240234
0,0.743664,0.691897,66.483498
1,0.910568,0.925955,2578.817627
2,0.963154,0.931723,3044.524414
3,0.939681,0.933028,3393.884277
4,0.570351,0.789022,3909.795166
5,0.549865,0.737068,4109.419434
6,0.411581,0.888540,4791.470703
7,0.417147,0.840563,4974.539062
8,0.977427,0.524944,7020.905762
9,0.965914,0.441904,7270.565918
10,0.981555,0.380377,7503.494141
11,0.052611,0.350255,7753.045410
12,0.098871,0.342710,7902.669434
13,0.889040,0.127954,8684.659180
14,0.878756,0.121746,8801.253906
15,0.982493,0.105747,9034.076172
16,0.062979,0.113640,9832.628906
17,0.366529,0.506584,12461.526367
18,0.837184,0.923681,15389.660156
19,0.498825,0.531939,18101.537109
20,0.496615,0.513253,18284.621094
21,0.459807,0.620422,18767.089844
22,0.449068,0.685083,19099.855469
23,0.958917,0.492920,23092.779297
24,0.965320,0.519212,23309.138672
25,0.941693,0.555060,23991.257812
0,0.743152,0.458180,432.602417
1,0.031061,0.800129,1780.237549
2,0.168032,0.974678,2013.255127
3,0.421948,0.893320,2479.122803
4,0.063063,0.427490,4342.455078
5,0.015212,0.411256,4508.776855
6,0.997431,0.198847,4991.297363
7,0.007253,0.146610,5240.878418
8,0.043381,0.099744,5407.306152
9,0.025426,0.105902,5573.731445
10,0.087759,0.111497,6355.617188
11,0.112385,0.143063,6538.646973
12,0.459015,0.544087,7886.283691
13,0.461189,0.551425,7986.115234
14,0.442822,0.545232,8152.494629
15,0.526421,0.891370,8684.884766
16,0.561431,0.940750,8884.467773
17,0.288624,0.943829,9117.474609
18,0.950854,0.988998,9733.067383
19,0.463254,0.969778,10381.916016
20,0.306027,0.521553,10764.539062
21,0.312257,0.546518,10997.466797
22,0.483488,0.569735,11529.947266
23,0.477552,0.506083,11829.456055
24,0.467359,0.379560,12128.768555
25,0.437616,0.282869,12295.126953
26,0.421932,0.268712,12428.250000
27,0.473804,0.620279,13093.777344
28,0.464829,0.579813,13393.251953
29,0.452735,0.649937,13942.230469
30,0.446015,0.672850,14191.882812
31,0.259207,0.576108,14790.879883
32,0.317127,0.577627,15156.845703
33,0.339959,0.647882,15406.504883
34,0.331936,0.650138,15772.498047
35,0.345060,0.725293,16121.859375
36,0.717995,0.588497,17203.287109
37,0.838452,0.505479,18268.066406
38,0.465542,0.557448,19416.039062
39,0.462525,0.484378,19665.636719
40,0.470080,0.353062,19931.898438
41,0.021110,0.572391,21728.707031
42,0.046386,0.674841,22044.861328
43,0.103713,0.459132,22427.498047
44,0.108237,0.377497,22660.451172
45,0.067856,0.429419,22860.156250
46,0.141196,0.568298,23043.117188
47,0.008727,0.612646,24623.521484
0,0.750295,0.510091,365.986450
1,0.712893,0.605853,582.379333
2,0.620329,0.643827,998.236511
3,0.582550,0.628808,1181.178345
4,0.548437,0.761995,1597.174805
5,0.560765,0.818595,1796.817627
6,0.525772,0.857254,2079.666260
7,0.568461,0.922686,2445.728027
8,0.773374,0.946240,2994.773193
9,0.611233,0.973913,3294.176514
10,0.303578,0.580160,4924.640625
11,0.298331,0.570282,5240.733887
12,0.303966,0.575260,5324.057617
13,0.478659,0.525301,5839.761719
14,0.477266,0.511503,6122.639160
15,0.469115,0.505114,6471.976074
16,0.488878,0.509323,6704.830078
17,0.494381,0.340871,7120.838867
18,0.438653,0.297817,7453.610352
19,0.439522,0.301357,7553.481445
20,0.022658,0.544957,9433.467773
21,0.018145,0.545011,9599.851562
22,0.036069,0.536059,9766.208008
23,0.077376,0.577367,10015.812500
24,0.113945,0.639875,10298.711914
25,0.002854,0.510600,10648.006836
26,0.946685,0.583440,11014.003906
27,0.993098,0.522617,11413.264648
28,0.220354,0.643253,12128.768555
29,0.268330,0.671078,12311.850586
30,0.298592,0.660978,12561.440430
31,0.346578,0.648475,12894.085938
32,0.346023,0.631522,13110.375000
33,0.091647,0.576986,13792.486328
34,0.092484,0.799661,14158.561523
35,0.097117,0.824032,14374.885742
36,0.058445,0.836247,14541.186523
37,0.942289,0.853853,14757.482422
38,0.936822,0.757182,15140.052734
39,0.969523,0.541206,15639.364258
40,0.996563,0.497506,15838.925781
41,0.988376,0.522395,16204.981445
42,0.027628,0.169265,17003.593750
43,0.020803,0.188728,17186.560547
44,0.025694,0.355127,17469.443359
45,0.056364,0.430846,17652.453125
46,0.045944,0.414959,18068.431641
47,0.990339,0.495081,18317.898438
48,0.990865,0.532699,18584.205078
49,0.987154,0.522828,18717.234375
50,0.982029,0.478900,18933.541016
51,0.004398,0.181184,19648.847656
52,0.060644,0.179910,19831.867188
53,0.099597,0.194700,20214.669922
54,0.104706,0.197308,20331.152344
55,0.907790,0.263381,20813.664062
56,0.897270,0.247367,20979.990234
57,0.884689,0.217189,21146.316406
58,0.781532,0.147859,21412.437500
59,0.772050,0.124251,21628.863281
60,0.642951,0.130686,21861.730469
61,0.612217,0.124213,22094.566406
62,0.625162,0.105053,22327.554688
63,0.544258,0.175876,22510.609375
64,0.547701,0.162225,22643.597656
65,0.501260,0.148894,22826.718750
66,0.523884,0.140697,22943.226562
67,0.509173,0.194450,23225.966797
68,0.499454,0.256978,23475.546875
69,0.625672,0.367568,23858.203125
0,0.729272,0.403049,0.009567
1,0.735442,0.357892,332.773285
2,0.723350,0.249156,549.020447
3,0.709051,0.192486,915.046204
4,0.709474,0.199865,1131.342041
5,0.705852,0.196806,1281.070435
6,0.770448,0.738900,2229.420898
7,0.766172,0.730933,2312.645996
8,0.782779,0.851303,2645.400635
9,0.815264,0.897886,2978.116699
10,0.843722,0.938980,3377.400635
11,0.846318,0.949691,3527.158203
12,0.081880,0.967371,3776.716797
13,0.161561,0.928504,4009.667236
14,0.139948,0.909036,4209.293457
15,0.826658,0.700189,5207.542480
16,0.755726,0.682359,5473.765625
17,0.554368,0.933541,6205.817383
18,0.129351,0.906244,6571.872559
19,0.120000,0.880219,7104.242676
20,0.126395,0.870936,7287.257812
21,0.140156,0.870866,7387.110352
22,0.333981,0.872719,7803.025391
23,0.241009,0.889026,8185.664062
24,0.222271,0.893244,8302.198242
25,0.201966,0.933011,8668.179688
26,0.099700,0.938428,8851.181641
27,0.034813,0.900964,8967.676758
28,0.365512,0.970554,9533.346680
29,0.388137,0.916888,9732.999023
30,0.395167,0.719890,10015.840820
31,0.389237,0.667036,10265.407227
32,0.407713,0.414190,11064.011719
33,0.423615,0.351255,11280.292969
34,0.438733,0.313008,11513.199219
35,0.447513,0.352325,11779.407227
36,0.433477,0.316666,11945.826172
37,0.418195,0.286777,12178.705078
38,0.334898,0.642600,13875.736328
39,0.284948,0.465773,14624.429688
40,0.227174,0.450279,14840.730469
41,0.197028,0.541731,15173.470703
42,0.175492,0.686734,15838.972656
43,0.476557,0.422813,17752.318359
44,0.486901,0.378269,17952.009766
45,0.479337,0.364190,18184.882812
46,0.478260,0.352840,18600.828125
47,0.472360,0.448918,18850.373047
48,0.490849,0.567535,19199.773438
49,0.517415,0.715628,19416.072266
50,0.601570,0.881139,19881.906250
51,0.619097,0.894951,20580.689453
52,0.585468,0.847224,21229.554688
53,0.600628,0.578885,21445.861328
54,0.630846,0.301360,22277.720703
55,0.711845,0.500354,22543.933594
56,0.792284,0.415454,22926.597656
57,0.793333,0.363781,23092.970703
58,0.789098,0.347631,23242.707031
59,0.780870,0.353601,23542.207031
60,0.833348,0.324494,23841.654297
61,0.757005,0.317139,24057.941406
62,0.001739,0.492024,24973.013672
0,0.722492,0.623216,33.298149
1,0.737346,0.614378,282.819916
2,0.754121,0.543483,449.215576
3,0.760962,0.424213,648.864990
4,0.863625,0.466627,964.986755
5,0.891503,0.576761,1231.218872
6,0.961449,0.594482,1647.144775
7,0.017679,0.570343,2162.914551
8,0.032285,0.515504,2478.981934
9,0.051473,0.598909,2695.273438
10,0.045041,0.727865,3028.000488
11,0.818037,0.883689,3460.578613
12,0.816036,0.903755,3577.092285
13,0.786453,0.959129,3876.553223
14,0.915995,0.974022,4092.806152
15,0.707814,0.974523,4741.724121
16,0.689529,0.947780,4841.507812
17,0.682334,0.907528,5074.467285
18,0.855694,0.890579,6871.356934
19,0.855752,0.868049,7220.682617
20,0.698381,0.810769,8185.659668
21,0.691335,0.797274,8468.503906
22,0.687785,0.783650,8634.923828
23,0.677946,0.759707,8851.204102
24,0.548140,0.398984,9666.404297
25,0.449639,0.485700,10099.010742
26,0.455783,0.541618,10398.487305
27,0.473765,0.465518,10614.737305
28,0.305533,0.543582,11097.275391
29,0.306744,0.550525,11247.010742
30,0.317897,0.617558,11613.001953
31,0.482113,0.882089,12644.624023
32,0.479263,0.881270,12827.551758
33,0.457228,0.890772,13027.188477
34,0.471279,0.896930,13343.363281
35,0.484739,0.908960,13459.778320
36,0.476742,0.906101,13542.997070
37,0.449951,0.893717,13709.370117
38,0.443538,0.917073,14058.750000
39,0.307666,0.580821,14990.541016
40,0.442388,0.286854,15606.036133
41,0.439827,0.278054,15722.500977
42,0.498468,0.209118,15905.589844
43,0.558386,0.263997,16138.488281
44,0.976779,0.542873,17269.841797
45,0.027736,0.540311,17536.085938
46,0.035843,0.502195,17685.759766
47,0.023472,0.504585,17885.396484
48,0.014873,0.512010,18151.615234
49,0.992218,0.557476,18301.404297
50,0.231604,0.613036,19100.015625
51,0.217193,0.711766,19399.398438
52,0.169179,0.651201,19665.626953
53,0.997711,0.623176,20414.294922
54,0.942348,0.593888,20580.750000
55,0.937257,0.581150,20747.062500
56,0.915628,0.595006,21196.273438
57,0.908475,0.691546,21412.542969
58,0.865800,0.702633,21612.273438
59,0.826519,0.536488,21928.363281
60,0.697186,0.418747,22760.193359
61,0.569985,0.518727,23126.234375
62,0.624237,0.908636,24207.746094
63,0.790552,0.861677,24523.808594
64,0.577213,0.894737,24989.636719
0,0.708083,0.613528,16.731627
1,0.738276,0.317248,698.903992
2,0.714841,0.271041,1064.907715
3,0.481232,0.577829,2046.475952
4,0.459139,0.608414,2229.510742
5,0.462697,0.740478,2512.352051
6,0.485559,0.791691,2712.025879
7,0.559999,0.876302,2928.287598
8,0.553365,0.855358,3127.990967
9,0.516919,0.770626,3360.826416
10,0.366336,0.875686,3560.463867
11,0.323337,0.856488,3776.815674
12,0.257327,0.909099,4126.195312
13,0.162232,0.905159,4392.385254
14,0.312215,0.476592,5490.480957
15,0.304709,0.474187,5656.854980
16,0.353489,0.395936,6106.103516
17,0.450855,0.574083,6521.978027
18,0.430453,0.221718,7187.458496
19,0.424329,0.203144,7370.529297
20,0.447706,0.243147,7653.321777
21,0.549208,0.158855,8402.023438
22,0.551248,0.131314,8601.666016
23,0.486199,0.184418,8834.635742
24,0.471935,0.142143,9117.433594
25,0.463151,0.111042,9333.714844
26,0.440476,0.065355,9616.611328
27,0.597522,0.065460,9899.390625
28,0.779522,0.092924,10132.333008
29,0.792483,0.070631,10714.689453
30,0.827310,0.071623,10881.056641
31,0.752536,0.061185,11047.391602
32,0.934617,0.227366,11396.850586
33,0.938597,0.258000,11513.252930
34,0.974872,0.211489,11729.562500
35,0.967426,0.145977,11945.849609
36,0.975318,0.123696,12078.955078
37,0.984765,0.577679,12578.185547
38,0.008494,0.600970,12794.415039
39,0.004119,0.512115,12977.442383
40,0.053597,0.446181,13193.645508
41,0.056566,0.376593,13426.573242
42,0.091043,0.583942,13676.178711
43,0.106860,0.655292,13842.514648
44,0.120478,0.675827,14042.170898
45,0.158241,0.611202,14325.106445
46,0.198999,0.666615,14558.006836
47,0.203719,0.685183,14757.571289
48,0.169755,0.691480,14973.852539
49,0.143138,0.698078,15190.193359
50,0.006248,0.634031,15772.537109
51,0.985510,0.642886,15988.743164
52,0.968745,0.646394,16254.963867
53,0.943380,0.638101,16504.611328
54,0.929031,0.625361,16670.957031
55,0.953135,0.585189,17070.207031
56,0.977150,0.520878,17336.470703
57,0.975638,0.515011,17469.574219
58,0.972963,0.516754,17635.886719
59,0.976810,0.552469,17802.285156
60,0.964904,0.559288,18268.107422
61,0.964478,0.501149,19050.087891
62,0.959032,0.436976,19266.378906
63,0.967511,0.436230,19499.294922
64,0.969588,0.503705,19931.876953
65,0.976533,0.493019,20314.566406
66,0.968533,0.495126,21296.167969
67,0.974640,0.492757,21595.722656
68,0.965018,0.465935,22444.177734
69,0.946353,0.385760,22610.626953
70,0.944924,0.368701,22810.183594
71,0.960152,0.395930,23126.292969
72,0.960827,0.572429,23592.171875
73,0.961383,0.609468,23825.085938
0,0.822997,0.556224,449.344360
1,0.903744,0.939449,2229.509766
2,0.108126,0.961866,2412.510254
3,0.216791,0.899398,2678.687988
4,0.227273,0.898546,2828.412842
5,0.255648,0.872977,2978.150146
6,0.705016,0.919141,3943.187744
7,0.811491,0.895291,4242.654297
8,0.827026,0.904521,4392.355469
9,0.468528,0.379725,6405.499512
10,0.353923,0.350349,6937.921387
11,0.343495,0.337714,7137.553223
12,0.456761,0.243184,7470.323730
13,0.767234,0.503485,8634.937500
14,0.033238,0.517797,9849.512695
15,0.183514,0.584343,10764.545898
16,0.190081,0.598434,11080.666016
17,0.136177,0.475524,11496.598633
18,0.129723,0.438832,11679.601562
19,0.913889,0.587744,12428.338867
20,0.909763,0.590522,12578.070312
21,0.913535,0.578446,12977.355469
22,0.986255,0.464282,13276.813477
23,0.959491,0.406493,13692.748047
24,0.034293,0.508014,14191.882812
25,0.031549,0.503591,14458.116211
26,0.891316,0.684666,14857.482422
27,0.836917,0.722265,15356.619141
28,0.869059,0.726285,15606.140625
29,0.472811,0.436286,16604.392578
30,0.467887,0.461001,16704.228516
31,0.458504,0.463289,16970.462891
32,0.459580,0.451464,17120.126953
33,0.445327,0.517372,17336.443359
34,0.442706,0.509511,17436.201172
35,0.383954,0.413852,17868.843750
36,0.296995,0.487411,18118.396484
37,0.287642,0.486732,18251.490234
38,0.480127,0.431194,19016.824219
39,0.512776,0.397992,19249.742188
40,0.559148,0.281747,19532.597656
41,0.660750,0.189747,20913.509766
42,0.660575,0.188792,21046.609375
43,0.706759,0.174778,21695.501953
44,0.695544,0.153037,21811.947266
45,0.571835,0.189739,22177.935547
46,0.769743,0.145313,22544.066406
47,0.824668,0.176930,22760.238281
48,0.914148,0.223671,23442.386719
49,0.973704,0.230121,24340.828125
50,0.972487,0.242162,24457.308594
51,0.949545,0.252213,24657.035156
52,0.944480,0.341469,24973.070312
0,0.749004,0.623692,648.901062
1,0.782986,0.835232,898.436340
2,0.802993,0.903713,1297.761597
3,0.856807,0.946039,1630.518921
4,0.975564,0.924981,1780.209229
5,0.866437,0.906161,2429.148926
6,0.420817,0.892315,3427.433594
7,0.986080,0.992762,3693.532227
8,0.112482,0.940247,4425.645508
9,0.703838,0.925944,4924.715332
10,0.712400,0.881681,5124.467285
11,0.458505,0.535717,5739.955078
12,0.460427,0.498234,5906.402832
13,0.461543,0.466358,6089.359375
14,0.431623,0.363974,6355.632812
15,0.406411,0.299937,6538.580566
16,0.397040,0.303547,6771.603516
17,0.437219,0.306378,6937.921875
18,0.453190,0.307352,7437.034180
19,0.465490,0.313845,7719.846680
20,0.415154,0.323502,8069.277344
21,0.397933,0.325176,8352.054688
22,0.417193,0.314078,8701.512695
23,0.314764,0.355374,9183.943359
24,0.280430,0.341628,9433.529297
25,0.222697,0.328553,9699.703125
26,0.210914,0.336142,9899.359375
27,0.372092,0.480639,10282.082031
28,0.373901,0.505709,10498.351562
29,0.364788,0.491306,10614.820312
30,0.522728,0.411677,11396.802734
31,0.529180,0.270212,13143.738281
32,0.548591,0.224256,13376.702148
33,0.584663,0.180468,13543.086914
34,0.614286,0.148601,13709.408203
35,0.614879,0.133410,13892.453125
36,0.621026,0.149268,14092.101562
37,0.638599,0.154700,14624.476562
38,0.847760,0.145891,15323.283203
39,0.909095,0.191122,15522.894531
40,0.002204,0.594012,16371.444336
41,0.945338,0.608498,16571.082031
42,0.936732,0.599564,16837.246094
43,0.890737,0.638689,17186.671875
44,0.786263,0.811748,17569.347656
45,0.748255,0.859491,17735.802734
46,0.684953,0.847698,18101.714844
47,0.648971,0.838717,18334.662109
48,0.679573,0.832217,18484.392578
49,0.857014,0.733696,18966.855469
50,0.883299,0.493516,19615.822266
51,0.978259,0.438107,20064.990234
52,0.012831,0.500641,20314.509766
53,0.063008,0.488928,20514.181641
54,0.073706,0.461276,20647.281250
55,0.062512,0.461491,20880.222656
56,0.037784,0.245368,21495.794922
57,0.993699,0.180594,21845.160156
58,0.088010,0.176727,22094.726562
59,0.114956,0.208222,22327.658203
60,0.062519,0.183260,22776.863281
61,0.074185,0.186074,23176.175781
62,0.111864,0.206714,23425.724609
63,0.048087,0.275136,23924.871094
64,0.089062,0.306425,24357.441406
0,0.753558,0.365435,382.587708
1,0.759648,0.391601,765.270081
2,0.811852,0.793091,1148.003174
3,0.820249,0.869440,1364.215210
4,0.769251,0.896719,1663.692261
5,0.722209,0.920035,1830.117310
6,0.901291,0.838229,2063.034912
7,0.991529,0.507507,2645.350830
8,0.033622,0.470634,2828.375977
9,0.020616,0.418814,3127.821045
10,0.989643,0.407758,3360.728760
11,0.016739,0.552198,3760.023682
12,0.081973,0.368325,4009.614746
13,0.093667,0.353140,4175.984863
14,0.090080,0.359209,4292.428223
15,0.987287,0.420122,4625.188477
16,0.068665,0.134007,5706.639160
17,0.067447,0.075243,6072.714355
18,0.104576,0.082379,6222.439941
19,0.057722,0.075745,7021.102539
20,0.128378,0.081100,7353.833984
21,0.057299,0.066118,7553.435547
22,0.090917,0.061111,8069.251465
23,0.935108,0.186850,8701.431641
24,0.936376,0.227055,9067.469727
25,0.774369,0.099428,9316.976562
26,0.571343,0.085253,9666.379883
27,0.566931,0.093998,10082.417969
28,0.563267,0.072516,10331.906250
29,0.531238,0.128096,10647.993164
30,0.588370,0.133230,10980.838867
31,0.464442,0.452965,11596.330078
32,0.550671,0.357378,12029.015625
33,0.541296,0.336009,12178.727539
34,0.462507,0.202057,12810.878906
35,0.462573,0.193123,13110.416016
36,0.319249,0.447416,13459.864258
37,0.322294,0.473289,13775.856445
38,0.323098,0.564852,14158.513672
39,0.331447,0.552424,14308.326172
40,0.304907,0.632027,14557.823242
41,0.266131,0.766966,14790.763672
42,0.257390,0.809540,15007.084961
43,0.188755,0.893514,15289.907227
44,0.222832,0.918519,15672.572266
45,0.283769,0.889916,15938.776367
46,0.507568,0.400884,17219.886719
47,0.512701,0.364370,17352.986328
48,0.508481,0.367381,17486.072266
49,0.518599,0.335888,17602.537109
50,0.505882,0.337621,17685.753906
51,0.469507,0.394892,18135.007812
52,0.433324,0.181769,18634.046875
53,0.445218,0.163742,18800.416016
54,0.456440,0.447059,19366.162109
55,0.461065,0.446459,19532.468750
56,0.014839,0.399444,20597.308594
57,0.999124,0.469455,20880.113281
58,0.064562,0.090526,21395.890625
59,0.018250,0.190734,22227.851562
60,0.394799,0.132824,23824.986328
61,0.348840,0.227525,24091.291016
62,0.657993,0.170887,24390.636719
0,0.734959,0.462331,382.647278
1,0.746782,0.857145,965.010742
2,0.868254,0.842234,1281.109863
3,0.951583,0.908319,1846.803589
4,0.043534,0.590573,2678.629639
5,0.030092,0.516002,2895.010254
6,0.983890,0.507811,3194.399414
7,0.447902,0.554499,4375.774414
8,0.478807,0.485219,4575.365723
9,0.478553,0.446286,4741.745605
10,0.473952,0.443621,5357.317871
11,0.470065,0.432493,5490.398926
12,0.487164,0.466924,5873.156250
13,0.319172,0.560197,6671.646973
14,0.333448,0.512179,7054.423828
15,0.323896,0.506029,7353.862305
16,0.378815,0.481298,7686.548340
17,0.283370,0.333493,8035.964355
18,0.991773,0.516044,8684.832031
19,0.033952,0.587369,9017.596680
20,0.028938,0.613808,9350.357422
21,0.043803,0.635544,9766.250000
22,0.069570,0.632087,9949.320312
23,0.025629,0.839625,10548.291992
24,0.037640,0.944463,10764.522461
25,0.018066,0.970955,11197.110352
26,0.095791,0.887160,11496.612305
27,0.177036,0.941677,11945.775391
28,0.724336,0.811530,12528.178711
29,0.750090,0.638765,12761.050781
30,0.852411,0.635107,13010.623047
31,0.866048,0.559972,13260.161133
32,0.861863,0.532226,13676.128906
33,0.857219,0.531432,13975.659180
34,0.841685,0.670140,14807.459961
35,0.487654,0.456861,15705.873047
36,0.484309,0.444665,15888.880859
37,0.480543,0.438552,17303.130859
38,0.538547,0.279700,17502.818359
39,0.548300,0.236017,17885.439453
40,0.473339,0.444836,18384.548828
41,0.478074,0.448242,18500.986328
42,0.454669,0.539265,19016.787109
43,0.320917,0.545482,19233.085938
44,0.315704,0.547779,19366.152344
45,0.441302,0.334538,20114.949219
46,0.444658,0.325989,20247.958984
47,0.015203,0.528819,21778.648438
48,0.998595,0.573450,22028.246094
49,0.975942,0.569983,22311.031250
50,0.947790,0.568448,22527.287109
51,0.029027,0.528334,22976.488281
52,0.029999,0.507098,23126.275391
53,0.184363,0.611957,24074.636719
0,0.742436,0.483763,299.493225
1,0.734309,0.480314,449.247192
2,0.554248,0.417932,1131.386108
3,0.552287,0.419393,1314.387451
4,0.494557,0.421846,1813.514282
5,0.470145,0.515603,2079.729248
6,0.467580,0.531270,2362.590332
7,0.574991,0.751783,2778.511230
8,0.571307,0.816436,2944.959961
9,0.469521,0.905017,3277.634766
10,0.401054,0.905940,3560.470459
11,0.458324,0.938917,3760.079834
12,0.514437,0.961428,3959.761475
13,0.763473,0.993281,4092.865234
14,0.910056,0.984995,4275.860840
15,0.393570,0.894374,4641.988770
16,0.562838,0.751349,5440.522949
17,0.305765,0.572997,6255.745117
18,0.348641,0.462572,6688.317383
19,0.331543,0.389141,7636.666504
20,0.305596,0.373998,7786.380859
21,0.424956,0.320517,8119.129883
22,0.417935,0.324392,8385.340820
23,0.467597,0.468840,8818.017578
24,0.485442,0.468327,9067.467773
25,0.530923,0.430286,9483.478516
26,0.524993,0.424569,9666.420898
27,0.525856,0.417467,9782.914062
28,0.471000,0.510937,10232.109375
29,0.474581,0.531469,10415.192383
30,0.461700,0.541450,10614.872070
31,0.453307,0.522695,10964.281250
32,0.469793,0.493891,11197.122070
33,0.962481,0.570190,12578.121094
34,0.965727,0.570298,12910.844727
35,0.008361,0.523427,13127.074219
36,0.014912,0.505304,13326.740234
37,0.988127,0.487203,13592.967773
38,0.026555,0.594904,13809.200195
39,0.047096,0.657486,13992.214844
40,0.109929,0.781590,14491.409180
41,0.094298,0.813035,14740.899414
42,0.030798,0.699857,15123.597656
43,0.046051,0.899962,15373.168945
44,0.027414,0.922716,15539.522461
45,0.007439,0.955858,15722.597656
46,0.994161,0.971706,15872.332031
47,0.128614,0.979417,16071.912109
48,0.005966,0.937397,16421.312500
49,0.926916,0.618903,16870.609375
50,0.991755,0.479906,17186.671875
51,0.986911,0.481734,17286.492188
52,0.977623,0.452293,17402.933594
53,0.965223,0.419882,17619.255859
54,0.004916,0.484094,17902.046875
55,0.015903,0.516152,18118.333984
56,0.956708,0.562863,18500.998047
57,0.955713,0.570271,18600.851562
58,0.946417,0.582119,18833.765625
59,0.013376,0.510673,19332.869141
60,0.061163,0.418192,19698.890625
61,0.847248,0.525288,20480.855469
62,0.724530,0.398754,21395.962891
63,0.681486,0.502988,21612.257812
64,0.660648,0.562061,21928.380859
65,0.657926,0.556804,22028.162109
66,0.504337,0.437677,22810.138672
67,0.469778,0.494038,23059.724609
68,0.478387,0.495780,23275.998047
69,0.460979,0.501277,23625.414062
70,0.463697,0.477838,23924.875000
0,0.748686,0.525070,16.673086
1,0.737658,0.560191,266.234436
2,0.746718,0.394682,682.141907
3,0.457064,0.874631,2778.584961
4,0.474427,0.904214,3111.331543
5,0.503857,0.917703,3344.257568
6,0.272262,0.966934,3826.734863
7,0.381098,0.941449,4042.961670
8,0.367785,0.961651,4292.563477
9,0.362481,0.955958,5207.603516
10,0.467866,0.482051,5856.448730
11,0.477438,0.467326,6039.549805
12,0.477311,0.477156,6172.587891
13,0.478037,0.445123,6322.296875
14,0.472821,0.426387,6505.411621
15,0.539689,0.415181,6921.273926
16,0.491804,0.351425,7187.498535
17,0.438514,0.323988,7337.187500
18,0.445605,0.437118,7553.484375
19,0.314006,0.593259,8119.199219
20,0.308155,0.564799,8285.556641
21,0.327194,0.646012,8585.019531
22,0.471636,0.505750,9716.393555
23,0.484117,0.481664,9916.069336
24,0.488388,0.477361,10215.524414
25,0.509247,0.497845,10531.727539
26,0.547284,0.550522,10781.213867
27,0.743261,0.584251,11579.875977
28,0.792974,0.776223,12062.359375
29,0.785966,0.815096,12278.608398
30,0.777810,0.811482,12395.025391
31,0.716119,0.857039,12544.762695
32,0.706959,0.865618,12761.145508
33,0.747054,0.891041,12977.346680
34,0.792339,0.916852,13127.122070
35,0.809628,0.951608,13476.507812
36,0.727246,0.991735,13859.178711
37,0.421734,0.985479,14241.797852
38,0.666359,0.951931,16155.140625
39,0.764067,0.872763,16654.345703
40,0.870399,0.666826,16803.980469
41,0.968108,0.561327,17436.246094
42,0.962677,0.568278,17552.664062
43,0.999603,0.552401,18001.933594
44,0.997115,0.502919,18218.212891
45,0.948838,0.577936,18700.720703
46,0.894072,0.566964,19216.431641
47,0.543090,0.476673,21279.587891
48,0.529943,0.384756,21761.978516
49,0.471523,0.500213,22094.771484
50,0.473857,0.459996,22394.240234
51,0.458226,0.494881,22993.244141
52,0.478097,0.468511,23276.046875
53,0.459385,0.486693,24224.404297
54,0.370206,0.476319,24507.218750
55,0.356363,0.420556,24723.466797
56,0.355320,0.433050,24939.810547
0,0.750313,0.527039,33.270748
1,0.741829,0.433900,499.173981
2,0.759818,0.630583,931.826050
3,0.839964,0.697870,1131.379028
4,0.976524,0.581477,1796.895386
5,0.025190,0.528686,1963.306519
6,0.021584,0.528316,2063.087158
7,0.006066,0.533095,2212.829834
8,0.012157,0.501473,2412.449219
9,0.043989,0.565782,2662.097412
10,0.037618,0.553540,2928.269043
11,0.057355,0.546195,3127.970459
12,0.065064,0.441931,3560.458252
13,0.060985,0.443369,3693.542725
14,0.974633,0.512569,3976.479004
15,0.934118,0.419326,4209.384766
16,0.931570,0.243671,4675.190918
17,0.939624,0.227219,4808.291504
18,0.014629,0.203595,5107.756836
19,0.967388,0.213766,5340.765625
20,0.973892,0.208238,5440.491699
21,0.826368,0.162099,5989.568359
22,0.902349,0.225433,6289.093750
23,0.920965,0.283497,6505.311035
24,0.010665,0.535931,7120.908691
25,0.952813,0.579405,7603.520508
26,0.011685,0.561355,7986.106934
27,0.029332,0.560878,8252.246094
28,0.025448,0.804757,8601.622070
29,0.954395,0.838130,8751.430664
30,0.360702,0.967403,9450.190430
31,0.399794,0.939618,9649.824219
32,0.382758,0.917045,9783.002930
33,0.405625,0.920254,9982.603516
34,0.336280,0.864324,10348.571289
35,0.298433,0.916813,10664.777344
36,0.376415,0.841357,10980.831055
37,0.459353,0.833718,11479.954102
38,0.460067,0.829558,11596.403320
39,0.389396,0.913909,11862.679688
40,0.382880,0.969961,12078.943359
41,0.496558,0.985169,12295.196289
42,0.725039,0.899930,12528.144531
43,0.680867,0.855198,12761.024414
44,0.293563,0.965188,13526.345703
45,0.270227,0.951922,13742.670898
46,0.404713,0.939090,14058.793945
47,0.298505,0.966487,14341.642578
48,0.614957,0.965750,14524.609375
49,0.841866,0.964859,15439.693359
50,0.373630,0.954091,15656.024414
51,0.004931,0.544790,17086.849609
52,0.511682,0.418344,18950.253906
53,0.449698,0.496819,19349.636719
54,0.563704,0.747850,19715.589844
55,0.567811,0.783123,19865.277344
56,0.538679,0.888379,20114.875000
57,0.545029,0.894106,20214.666016
58,0.365131,0.944930,20480.884766
59,0.332040,0.961405,20597.443359
60,0.332407,0.935492,20763.765625
61,0.323356,0.906364,21462.544922
62,0.216593,0.910819,21628.861328
63,0.024203,0.975078,21828.570312
64,0.454663,0.503335,22577.232422
65,0.301745,0.542980,23059.707031
66,0.487861,0.505859,23725.242188
67,0.508769,0.451262,23941.519531
68,0.518934,0.431874,24141.195312
0,0.758161,0.753912,465.908173
1,0.235160,0.853116,2312.690918
2,0.167405,0.850307,2845.156494
3,0.465457,0.464056,5507.065918
4,0.531911,0.417114,5906.389648
5,0.934848,0.952783,7786.452148
6,0.964750,0.533647,8834.589844
7,0.003967,0.512561,9150.763672
8,0.017766,0.504279,9483.561523
9,0.902993,0.527119,10015.884766
10,0.290453,0.348412,12012.367188
11,0.252548,0.332557,12162.126953
12,0.128907,0.352735,12528.125977
13,0.069921,0.299742,12744.446289
14,0.056476,0.236502,12944.093750
15,0.002493,0.223345,13193.644531
16,0.981014,0.198748,13326.742188
17,0.971613,0.184326,13642.849609
18,0.064597,0.441663,14574.573242
19,0.691112,0.129774,15556.187500
20,0.684288,0.115598,15705.917969
21,0.714957,0.111012,15938.850586
22,0.726118,0.113226,16071.925781
23,0.752909,0.160637,16254.950195
24,0.756902,0.119609,16587.748047
25,0.854208,0.152670,16853.939453
26,0.863313,0.139275,16937.101562
27,0.848707,0.110104,17103.511719
28,0.891734,0.125212,17386.328125
29,0.872814,0.130961,17569.335938
30,0.859884,0.142442,17868.785156
31,0.509284,0.193854,18767.248047
32,0.514567,0.210884,18850.464844
33,0.446402,0.224396,19499.296875
34,0.447116,0.240336,19715.576172
35,0.466973,0.265528,19898.603516
36,0.443136,0.260099,20347.796875
37,0.488205,0.281182,20680.537109
38,0.459669,0.476779,20980.037109
39,0.463342,0.515554,21146.423828
40,0.524736,0.421402,21512.437500
41,0.489574,0.537901,21861.853516
42,0.452856,0.548775,22144.660156
43,0.692519,0.511588,23076.365234
44,0.740650,0.546362,23242.742188
45,0.642587,0.859116,23825.091797
46,0.970358,0.838052,24324.195312
47,0.981997,0.786014,24490.628906
0,0.741356,0.464161,482.491608
1,0.757857,0.420257,632.253479
2,0.027686,0.526419,1746.976807
3,0.010880,0.528518,1880.075195
4,0.028061,0.577788,2279.445312
5,0.948235,0.589896,2578.845215
6,0.939824,0.584148,2795.146484
7,0.024513,0.543265,3061.360107
8,0.977524,0.542180,3577.077393
9,0.941117,0.566267,3976.364990
10,0.941724,0.600350,4325.876465
11,0.995060,0.539360,4691.911621
12,0.028259,0.531484,5091.085938
13,0.953429,0.568427,5457.127441
14,0.950305,0.571046,5706.745605
15,0.014618,0.571246,6538.586914
16,0.983389,0.578276,7120.944336
17,0.028733,0.589782,7703.198730
18,0.023306,0.533837,7952.857422
19,0.951695,0.579270,8401.990234
20,0.016710,0.564343,8784.752930
21,0.039043,0.586494,9167.305664
22,0.068996,0.432393,9932.695312
23,0.045538,0.342723,10148.970703
24,0.091931,0.368521,10515.008789
25,0.036202,0.622093,11197.163086
26,0.021974,0.824873,11663.008789
27,0.912720,0.817224,12112.159180
28,0.939991,0.907204,12328.439453
29,0.947513,0.925410,12544.779297
30,0.875340,0.974978,12711.118164
31,0.166609,0.974161,13027.268555
32,0.134456,0.929349,13360.099609
33,0.805163,0.894954,13825.890625
34,0.695170,0.884400,14208.488281
35,0.651649,0.824401,14607.829102
36,0.666623,0.817089,14874.124023
37,0.607211,0.857261,15090.299805
38,0.501881,0.893511,15423.123047
39,0.512592,0.898294,15606.178711
40,0.391564,0.943673,15888.940430
41,0.320472,0.921933,16105.237305
42,0.411816,0.917495,16554.458984
43,0.289858,0.939595,17103.535156
44,0.405963,0.928807,17685.767578
45,0.321394,0.652651,18417.824219
46,0.323762,0.533566,18684.033203
47,0.328748,0.559976,19083.320312
48,0.417305,0.519318,19399.449219
49,0.477706,0.499901,19748.808594
50,0.473828,0.481030,20064.935547
51,0.463626,0.456620,20331.142578
52,0.482980,0.481385,20780.400391
53,0.495348,0.513737,21146.388672
54,0.467731,0.542758,21462.503906
55,0.402042,0.492972,21978.259766
56,0.437471,0.456929,22344.316406
57,0.478221,0.483267,22793.525391
0,0.741505,0.451548,332.699188
1,0.851580,0.725158,865.147827
2,0.887211,0.814374,1447.421021
3,0.880645,0.816711,1547.265381
4,0.925009,0.875733,1746.941772
5,0.111921,0.943538,2295.970215
6,0.194010,0.879537,2861.635498
7,0.972895,0.491780,3859.883545
8,0.025706,0.173758,4325.725586
9,0.007088,0.179125,4492.131836
10,0.013957,0.210593,4708.380859
11,0.194990,0.309076,4908.067871
12,0.177682,0.381648,5257.509277
13,0.172482,0.394472,5340.713379
14,0.188855,0.608718,5739.966797
15,0.208914,0.655777,5889.701172
16,0.220194,0.691280,6205.784668
17,0.352070,0.581905,6571.858398
18,0.341862,0.568237,6838.020996
19,0.392188,0.497348,7154.136719
20,0.489343,0.552010,7753.093262
21,0.504072,0.513913,7969.414551
22,0.500006,0.501041,8285.466797
23,0.525862,0.734414,8734.689453
24,0.548173,0.798163,8901.102539
25,0.555141,0.852336,9117.366211
26,0.572826,0.873996,9466.772461
27,0.672701,0.963140,9749.623047
28,0.107388,0.964350,9982.548828
29,0.055378,0.928571,10215.482422
30,0.072606,0.926118,10415.083008
31,0.061235,0.943383,10598.096680
32,0.268453,0.907749,10797.811523
33,0.397619,0.875331,11113.908203
34,0.409937,0.879650,11197.101562
35,0.366715,0.956261,11413.335938
36,0.785418,0.972064,11646.309570
37,0.720997,0.927870,11895.898438
38,0.766391,0.884744,12162.044922
39,0.816727,0.804680,12494.786133
40,0.809613,0.778996,12677.842773
41,0.914067,0.767075,12993.982422
42,0.014262,0.470851,13576.284180
43,0.008435,0.445555,13742.652344
44,0.844522,0.540305,14923.953125
45,0.735353,0.362118,15855.629883
46,0.722604,0.352766,16022.063477
47,0.658249,0.492028,16204.981445
48,0.513362,0.452034,16853.855469
49,0.499669,0.438576,17036.958984
50,0.465655,0.509000,17519.337891
51,0.445339,0.538808,17852.173828
52,0.389380,0.552940,18301.349609
53,0.312717,0.571377,18534.220703
54,0.304173,0.573630,18750.521484
55,0.341936,0.481461,19016.771484
56,0.347714,0.463374,19233.023438
57,0.324038,0.395533,19549.134766
58,0.332245,0.592885,19881.912109
59,0.336292,0.625416,20014.986328
60,0.152762,0.367392,21113.128906
61,0.959027,0.539946,22011.548828
62,0.032620,0.556528,22294.326172
63,0.993004,0.496118,22660.398438
64,0.479229,0.463593,23808.398438
65,0.486955,0.435475,24024.662109
66,0.481481,0.446000,24191.085938
67,0.532184,0.392780,24989.664062
0,0.747914,0.399131,366.030518
1,0.742854,0.406090,465.840881
2,0.749037,0.433223,665.495605
3,0.763734,0.372500,865.163818
4,0.762527,0.345755,1148.037354
5,0.759100,0.320248,1380.897095
6,0.782424,0.921354,2362.601807
7,0.753868,0.971391,2861.676270
8,0.221166,0.997369,3061.292969
9,0.041390,0.914826,3294.313477
10,0.218741,0.902224,3610.398926
11,0.173041,0.855157,3876.577637
12,0.656352,0.786749,4808.239746
13,0.653788,0.787964,4958.079102
14,0.659961,0.904625,5207.547363
15,0.902099,0.941829,5457.131348
16,0.956073,0.955434,5590.270996
17,0.903137,0.901257,6006.190918
18,0.985876,0.564284,7187.457031
19,0.017149,0.543873,7536.836914
20,0.993203,0.497288,7703.197266
21,0.960214,0.393879,8035.958984
22,0.093914,0.252995,9333.663086
23,0.089519,0.194577,9533.373047
24,0.102855,0.207488,10365.214844
25,0.103946,0.210255,10747.922852
26,0.088130,0.153710,11047.324219
27,0.063227,0.181353,11280.257812
28,0.035190,0.633178,13127.034180
29,0.053073,0.640572,13443.178711
30,0.036268,0.641624,13626.147461
31,0.076688,0.644438,13975.609375
32,0.115692,0.665657,14208.494141
33,0.180669,0.695199,14557.951172
34,0.186919,0.683992,14790.883789
35,0.329623,0.539098,16138.429688
36,0.378221,0.433106,16720.800781
37,0.410662,0.470536,16870.529297
38,0.450310,0.520352,17103.533203
39,0.473414,0.520608,17269.830078
40,0.474546,0.494479,17619.287109
41,0.475384,0.491700,17868.808594
42,0.547099,0.356198,18168.224609
43,0.512146,0.215248,18634.054688
44,0.408843,0.243315,18867.027344
45,0.391099,0.256848,19099.962891
46,0.382606,0.263839,19582.421875
47,0.320338,0.292868,19848.613281
48,0.311437,0.295065,20064.958984
49,0.266701,0.291838,20331.156250
50,0.226215,0.293743,20547.472656
51,0.201163,0.298447,20713.779297
52,0.204340,0.298149,20846.888672
53,0.138401,0.342648,21029.972656
54,0.130706,0.333401,21229.544922
55,0.084465,0.346764,21961.646484
56,0.056076,0.386366,22211.222656
57,0.029151,0.467662,22560.587891
58,0.002720,0.525195,22810.140625
59,0.989278,0.558301,22993.228516
60,0.981408,0.487122,23459.003906
61,0.982783,0.486413,23924.828125
62,0.956782,0.553832,24224.412109
63,0.931214,0.477609,24523.800781
64,0.951744,0.379094,24740.111328
65,0.959500,0.376242,24973.042969
0,0.757230,0.446021,133.106033
1,0.768739,0.484936,282.812195
2,0.855635,0.331163,582.290161
3,0.829794,0.156794,1064.770630
4,0.793957,0.133414,1330.981323
5,0.783527,0.120574,1647.144043
6,0.014348,0.512505,2662.023193
7,0.978219,0.551080,2961.496582
8,0.812836,0.227656,3477.229248
9,0.729749,0.206742,3676.894043
10,0.698749,0.193345,3976.321045
11,0.561945,0.170715,4508.828613
12,0.528769,0.224177,4708.366699
13,0.494201,0.297374,4941.302246
14,0.453366,0.562001,5989.505859
15,0.326656,0.588980,6255.661133
16,0.305503,0.575542,6405.401367
17,0.336125,0.622747,6887.921387
18,0.308325,0.564604,7120.955078
19,0.353740,0.456708,7520.254883
20,0.327021,0.352987,7753.103516
21,0.333567,0.333047,7952.691895
22,0.428417,0.321119,8185.663574
23,0.430688,0.316629,8418.546875
24,0.419860,0.322692,8584.935547
25,0.411104,0.338376,8768.030273
26,0.421506,0.330374,8917.677734
27,0.404517,0.341224,9200.593750
28,0.466646,0.574174,9683.087891
29,0.481358,0.530728,10098.940430
30,0.455915,0.568063,10365.171875
31,0.473205,0.504716,10747.814453
32,0.484293,0.504010,11047.328125
33,0.470609,0.517948,11330.162109
34,0.475973,0.535918,11729.510742
35,0.532335,0.437996,12028.955078
36,0.526799,0.430352,12145.440430
37,0.907817,0.734277,13509.769531
38,0.023785,0.613737,14141.922852
39,0.068184,0.854405,14907.305664
40,0.589978,0.967453,15572.818359
41,0.374088,0.945017,15805.643555
42,0.955250,0.925459,16604.271484
43,0.940326,0.927982,17120.013672
44,0.141246,0.922731,17452.802734
45,0.128076,0.936933,17569.289062
46,0.186226,0.931225,17868.822266
47,0.216026,0.951830,18201.558594
48,0.059094,0.853360,18484.371094
49,0.219819,0.944903,18833.707031
50,0.226191,0.940009,18983.476562
51,0.124641,0.896265,19332.904297
52,0.056157,0.561407,20297.794922
53,0.030155,0.557214,20580.642578
54,0.999099,0.518917,20796.927734
55,0.977498,0.526286,21612.154297
56,0.940727,0.560314,21895.033203
57,0.481791,0.968006,22726.890625
58,0.049299,0.934877,24141.103516
0,0.729452,0.475490,366.010132
1,0.870023,0.749200,1131.305176
2,0.811598,0.799306,1330.974243
3,0.856423,0.716574,1647.121216
4,0.950057,0.823240,1929.902588
5,0.016406,0.613196,2395.750488
6,0.056006,0.615324,2711.935303
7,0.029176,0.514850,2994.747070
8,0.008635,0.468565,3244.374268
9,0.989536,0.373387,3477.207031
10,0.031436,0.221575,3909.818359
11,0.113312,0.325761,4275.813965
12,0.106702,0.248194,4508.819336
13,0.102726,0.634901,5207.516602
14,0.957668,0.547634,5623.456055
15,0.988608,0.478617,5989.473633
16,0.026789,0.567978,6521.869141
17,0.879615,0.663434,6904.551270
18,0.795398,0.705328,7270.582520
19,0.466206,0.445230,8318.755859
20,0.430898,0.314444,8668.160156
21,0.471183,0.451696,9017.546875
22,0.484356,0.453170,9200.561523
23,0.428770,0.321394,11296.946289
24,0.421073,0.300260,11446.701172
25,0.449082,0.291455,11746.167969
26,0.344335,0.456610,12145.413086
27,0.315314,0.571645,12361.728516
28,0.324054,0.570025,12478.148438
29,0.342353,0.661757,12794.333008
30,0.386605,0.824092,13060.553711
31,0.406863,0.875252,13293.442383
32,0.365388,0.837853,13642.791016
33,0.496550,0.913145,14058.786133
34,0.558691,0.929783,14424.749023
35,0.547188,0.919383,14524.663086
36,0.659752,0.926859,14774.137695
37,0.512379,0.938599,15073.652344
38,0.427329,0.906059,15572.756836
39,0.521424,0.949013,15988.735352
40,0.703053,0.835723,16321.469727
41,0.595694,0.751120,16620.921875
42,0.581364,0.744309,17186.615234
43,0.573337,0.708659,17386.263672
44,0.653672,0.546969,17768.890625
45,0.575834,0.428781,18051.820312
46,0.571218,0.431702,18134.951172
47,0.527298,0.415514,18767.171875
48,0.538150,0.399172,18883.673828
49,0.470907,0.491846,19332.912109
50,0.471861,0.521156,19765.439453
51,0.478616,0.452447,20114.822266
52,0.493605,0.380323,20381.083984
53,0.545886,0.321002,20613.953125
54,0.646108,0.399687,20980.064453
55,0.641165,0.393340,21129.695312
56,0.636127,0.389811,21246.208984
57,0.794555,0.435684,21978.199219
58,0.794922,0.418129,22211.150391
59,0.162205,0.556424,23126.216797
60,0.153441,0.357401,23492.320312
61,0.047634,0.256926,23808.332031
62,0.003210,0.233987,23974.722656
63,0.041759,0.204346,24307.464844
64,0.987791,0.261278,24690.164062
0,0.720751,0.304277,166.470718
1,0.754007,0.333099,382.762451
2,0.812141,0.291092,682.263855
3,0.825393,0.409183,881.934143
4,0.830705,0.803041,1347.713379
5,0.790192,0.920523,1796.964600
6,0.116761,0.946126,2878.417725
7,0.137971,0.922250,3194.517090
8,0.819636,0.906788,3510.635254
9,0.812142,0.931300,3676.998779
10,0.767869,0.850747,3843.455566
11,0.703478,0.837164,4142.852539
12,0.800144,0.977774,4575.504883
13,0.337158,0.901254,4941.441895
14,0.314242,0.870886,5224.321289
15,0.468445,0.488765,6089.509277
16,0.463110,0.610528,6888.041992
17,0.489248,0.711666,7170.918457
18,0.490963,0.793471,7470.418945
19,0.451712,0.767233,7586.902832
20,0.319637,0.594431,8052.702637
21,0.321586,0.572890,8185.805176
22,0.321103,0.558933,9134.177734
23,0.171840,0.657118,9583.371094
24,0.169595,0.670557,9832.878906
25,0.182444,0.679825,10165.664062
26,0.324162,0.303151,11463.457031
27,0.261816,0.262117,11696.357422
28,0.320147,0.653203,12278.659180
29,0.318518,0.635612,12461.679688
30,0.371378,0.701547,12694.593750
31,0.335014,0.627968,13027.356445
32,0.486864,0.587084,13626.295898
33,0.488298,0.556714,13892.474609
34,0.491558,0.505004,14125.416016
35,0.486676,0.238144,14691.115234
36,0.451874,0.241976,14857.491211
37,0.436855,0.250778,15173.588867
38,0.457455,0.243950,15506.346680
39,0.329472,0.296220,16088.608398
40,0.317984,0.277248,16404.761719
41,0.349753,0.084686,16787.439453
42,0.581333,0.215771,17486.195312
43,0.594177,0.169318,17719.113281
44,0.579095,0.198817,18101.771484
45,0.590652,0.210270,18434.521484
46,0.675958,0.138399,18734.095703
47,0.741692,0.091617,19299.669922
48,0.824539,0.905097,20131.562500
49,0.651523,0.932178,20314.578125
50,0.644012,0.899464,20497.626953
51,0.521008,0.932599,20813.724609
52,0.069791,0.949073,21545.806641
53,0.962936,0.890095,21961.751953
54,0.900263,0.887231,22311.119141
55,0.845979,0.890421,22643.863281
56,0.579901,0.929698,23026.585938
57,0.471303,0.891541,23309.355469
58,0.623897,0.924627,23675.363281
59,0.705922,0.923801,23875.039062
60,0.732859,0.944608,24207.775391
61,0.491175,0.886541,24656.984375
62,0.479813,0.881834,24956.462891
0,0.757170,0.623100,33.258904
1,0.743675,0.543032,332.713989
2,0.769592,0.430345,549.126282
3,0.833793,0.802164,1164.609009
4,0.940748,0.875883,1514.020508
5,0.321374,0.915256,2362.513428
6,0.295928,0.914925,2445.701904
7,0.353497,0.861539,2745.167969
8,0.441425,0.855674,3061.359375
9,0.460136,0.832931,3227.719482
10,0.489674,0.880864,3560.413574
11,0.387666,0.981096,4042.940430
12,0.793918,0.902917,5756.591309
13,0.966571,0.719340,5956.288086
14,0.984739,0.462418,7287.302734
15,0.932088,0.043777,8585.085938
16,0.888523,0.067506,9233.897461
17,0.906525,0.065895,9483.434570
18,0.858262,0.045507,9749.641602
19,0.604132,0.064505,10015.799805
20,0.665273,0.062362,10198.809570
21,0.601593,0.117106,10448.403320
22,0.551340,0.157916,10664.693359
23,0.522892,0.141138,11147.181641
24,0.534440,0.121578,11380.149414
25,0.626118,0.080763,11563.133789
26,0.992373,0.562747,12478.204102
27,0.989154,0.551899,12611.297852
28,0.019899,0.551806,12794.335938
29,0.119616,0.619407,13127.077148
30,0.118764,0.566521,13343.423828
31,0.177010,0.546843,13775.950195
32,0.267793,0.551781,14258.410156
33,0.339189,0.534249,14574.570312
34,0.332679,0.514961,14957.168945
35,0.365156,0.408991,15323.221680
36,0.475615,0.501434,15655.973633
37,0.493009,0.478983,15988.762695
38,0.428605,0.904549,17353.060547
39,0.532700,0.149481,18584.148438
40,0.413348,0.336037,19016.761719
41,0.310523,0.407546,19282.980469
42,0.296822,0.369340,19465.988281
43,0.296168,0.360660,19615.742188
44,0.245650,0.334568,19931.808594
45,0.476458,0.501751,20913.441406
46,0.473007,0.487481,21013.242188
47,0.508695,0.374191,21811.861328
48,0.521332,0.382779,22177.958984
49,0.514472,0.379891,22311.029297
50,0.516534,0.359371,22477.376953
51,0.511578,0.374547,22776.896484
52,0.526319,0.446936,22976.472656
53,0.531072,0.532340,23442.345703
0,0.741993,0.478287,366.108704
1,0.738975,0.435380,565.747314
2,0.734973,0.678734,948.390686
3,0.735074,0.785979,1148.058960
4,0.599877,0.979518,1763.645996
5,0.678826,0.954846,1896.789062
6,0.957422,0.612380,2944.943115
7,0.954484,0.636314,3061.393799
8,0.986750,0.658762,3327.545898
9,0.983809,0.655589,3427.389160
10,0.003605,0.580528,3893.332275
11,0.001118,0.588901,4043.056396
12,0.037433,0.633991,4392.348145
13,0.035361,0.443750,4691.920410
14,0.064730,0.501093,5141.110840
15,0.119295,0.647368,5490.475098
16,0.165978,0.696227,5690.130371
17,0.158676,0.687813,5906.471191
18,0.096972,0.701134,6122.697266
19,0.044641,0.691685,6455.494629
20,0.047172,0.671382,6621.822266
21,0.989694,0.648017,6838.075195
22,0.844347,0.617913,7719.909180
23,0.475801,0.611257,8967.741211
24,0.455554,0.554664,9167.404297
25,0.463126,0.488802,9533.488281
26,0.464210,0.530364,9982.621094
27,0.302101,0.605151,10548.362305
28,0.294922,0.579748,10681.434570
29,0.304580,0.566576,10831.116211
30,0.297364,0.621680,11779.458984
31,0.310675,0.687373,12544.800781
32,0.316887,0.695855,12960.754883
33,0.314195,0.733574,13160.441406
34,0.347975,0.743053,13526.388672
35,0.315335,0.566324,13909.129883
36,0.306231,0.567540,14208.583984
37,0.306844,0.564803,14508.046875
38,0.342028,0.682728,14707.782227
39,0.344968,0.712315,15023.814453
40,0.119155,0.968662,15606.088867
41,0.315794,0.619806,16887.183594
42,0.305508,0.631980,17086.843750
43,0.239597,0.579934,17702.531250
44,0.323291,0.637436,18101.794922
45,0.325546,0.711058,18451.117188
46,0.468830,0.600978,19033.431641
47,0.455279,0.631000,19249.781250
48,0.478597,0.571956,19599.214844
49,0.477682,0.527788,19882.027344
50,0.521046,0.454427,20065.007812
51,0.515161,0.456105,20381.093750
52,0.430198,0.318519,20813.781250
53,0.400787,0.282643,20996.720703
54,0.402727,0.266619,21346.115234
55,0.437034,0.508007,21562.367188
56,0.459181,0.538223,21911.781250
57,0.469290,0.532108,22177.996094
58,0.469051,0.523295,22677.109375
59,0.466990,0.551530,23093.082031
60,0.474110,0.536029,23592.152344
61,0.478211,0.567394,24257.685547
62,0.473790,0.594004,24956.464844
0,0.760330,0.499919,382.737976
1,0.759382,0.476347,565.684448
2,0.770584,0.695159,948.377075
3,0.685519,0.909201,2229.512939
4,0.727460,0.948692,2462.402588
5,0.720338,0.961410,2595.451904
6,0.714768,0.987595,2761.855469
7,0.379996,0.941675,3061.317627
8,0.325358,0.933131,3211.032227
9,0.233047,0.923712,3577.172607
10,0.009666,0.973636,3859.901611
11,0.021159,0.965256,4159.376465
12,0.056291,0.978518,4425.606934
13,0.400128,0.932677,4658.560547
14,0.516422,0.871252,4958.014160
15,0.535826,0.874543,5107.754395
16,0.488227,0.896061,5556.977539
17,0.420588,0.901261,5756.651855
18,0.411516,0.907568,5989.580566
19,0.473906,0.878298,6239.130859
20,0.447299,0.862772,6505.350586
21,0.451646,0.820801,6738.265625
22,0.449604,0.769220,6987.828125
23,0.443746,0.696853,7204.149414
24,0.453309,0.610627,7453.730957
25,0.461546,0.556205,7669.956055
26,0.467642,0.537511,7769.767090
27,0.482920,0.497633,7902.844238
28,0.485203,0.464721,8135.803711
29,0.488719,0.427788,8302.147461
30,0.461633,0.351602,8568.367188
31,0.441549,0.346582,8834.547852
32,0.520425,0.279653,9117.461914
33,0.557884,0.291624,9300.418945
34,0.521203,0.414258,9699.742188
35,0.516779,0.456836,9882.757812
36,0.437666,0.492001,10082.436523
37,0.455025,0.542545,10465.088867
38,0.323238,0.585205,11330.293945
39,0.325452,0.579451,11413.433594
40,0.315641,0.573991,11529.845703
41,0.330112,0.595007,11879.277344
42,0.360333,0.505850,12145.478516
43,0.351014,0.456305,12378.435547
44,0.330737,0.442861,12578.027344
45,0.324806,0.429370,12827.610352
46,0.241533,0.618681,13143.694336
47,0.234247,0.629137,13293.471680
48,0.182226,0.660663,13459.808594
49,0.170578,0.662261,13726.000977
50,0.187944,0.645696,14125.344727
51,0.163867,0.649550,14391.555664
52,0.105529,0.659598,14757.568359
53,0.093487,0.623981,15073.667969
54,0.019626,0.626244,15423.065430
55,0.007463,0.605418,15755.794922
56,0.001980,0.624005,16071.907227
57,0.016220,0.625668,16288.235352
58,0.989830,0.591248,16620.939453
59,0.986572,0.575719,16853.878906
60,0.032362,0.530583,17203.277344
61,0.064214,0.375438,17669.171875
62,0.066148,0.333222,17885.443359
63,0.067105,0.307227,18051.806641
64,0.057321,0.292633,18401.218750
65,0.041431,0.357598,18667.414062
66,0.078149,0.340246,18933.580078
67,0.119278,0.320612,19233.050781
68,0.127329,0.281840,19499.281250
69,0.169649,0.243703,19748.832031
70,0.214134,0.215806,19948.501953
71,0.267747,0.204578,20214.699219
72,0.272023,0.203724,20314.503906
73,0.323810,0.238002,20530.808594
74,0.370792,0.232548,20747.083984
75,0.398753,0.218069,21163.033203
76,0.398934,0.213278,21379.314453
77,0.422745,0.207525,21695.476562
78,0.396574,0.284037,21978.332031
79,0.416828,0.350015,22194.544922
80,0.430081,0.360780,22427.500000
81,0.423576,0.430953,22726.998047
82,0.418513,0.489462,23026.464844
83,0.423559,0.521428,23325.931641
84,0.415953,0.556866,23608.761719
85,0.413730,0.610061,23891.685547
86,0.477244,0.548704,24224.349609
87,0.497861,0.543500,24523.828125
0,0.834271,0.637360,648.811096
1,0.846850,0.628601,798.492004
2,0.785646,0.886912,1164.559326
3,0.754744,0.916669,1414.149780
4,0.519323,0.970069,1630.489868
5,0.974703,0.946228,1863.351440
6,0.011941,0.874046,2279.261475
7,0.213010,0.890913,2545.535645
8,0.305588,0.857219,2795.072266
9,0.367157,0.945275,4442.121582
10,0.175029,0.947867,4658.537109
11,0.194517,0.942482,4791.598633
12,0.449491,0.860015,5107.645508
13,0.592837,0.946438,5423.844727
14,0.616051,0.950408,5506.975098
15,0.991114,0.441374,6638.348145
16,0.057650,0.407300,6904.528320
17,0.053234,0.454067,7087.556641
18,0.054082,0.147280,7570.026367
19,0.012786,0.475437,7919.531250
20,0.992795,0.551768,8185.699219
21,0.968373,0.184007,8851.133789
22,0.986761,0.144237,9134.053711
23,0.094067,0.202330,9333.626953
24,0.145246,0.219728,9965.851562
25,0.141884,0.191482,10215.375000
26,0.404420,0.384404,12028.876953
27,0.468033,0.489636,12594.637695
28,0.488918,0.483710,12810.970703
29,0.476023,0.560800,13409.848633
30,0.456989,0.599805,13676.043945
31,0.324347,0.577690,14458.023438
32,0.277927,0.537815,14907.165039
33,0.307413,0.510279,15306.520508
34,0.678195,0.727568,16970.275391
35,0.536115,0.889896,17402.857422
36,0.513753,0.398335,19033.294922
37,0.476184,0.530891,19382.761719
38,0.761034,0.238316,20730.367188
39,0.763196,0.229362,20830.236328
40,0.762651,0.135186,21096.388672
41,0.863952,0.208750,21578.880859
42,0.841949,0.244719,22011.425781
43,0.813807,0.209161,22194.445312
44,0.563113,0.215437,22693.574219
45,0.457186,0.253150,23475.535156
46,0.452564,0.273253,23625.283203
47,0.439440,0.292729,23758.404297
48,0.443491,0.293355,23974.656250
49,0.451568,0.312424,24340.693359
50,0.458557,0.307461,24939.650391
0,0.461542,0.477303,1863.465576
1,0.311925,0.600482,2345.936279
2,0.309534,0.576594,2528.973145
3,0.351250,0.446351,3044.714844
4,0.420373,0.293315,3610.352783
5,0.485580,0.475271,4092.825195
6,0.471519,0.529424,4359.084473
7,0.460726,0.520806,4741.728516
8,0.457095,0.522365,5007.899414
9,0.466302,0.558317,5290.795410
10,0.463927,0.578181,5573.628418
11,0.464223,0.555098,6072.766602
12,0.455990,0.531981,6405.512695
13,0.452039,0.530035,6721.580566
14,0.475836,0.505333,6887.964355
15,0.477116,0.510437,7004.434570
16,0.495112,0.543292,7320.563477
17,0.499381,0.503959,7753.098633
18,0.741870,0.710044,9084.112305
19,0.307096,0.994482,9766.268555
20,0.759458,0.914351,10049.113281
21,0.665655,0.904238,10348.580078
22,0.529961,0.901296,10881.036133
23,0.579793,0.897828,11030.720703
24,0.687223,0.853821,11296.924805
25,0.854278,0.953197,11546.511719
26,0.850297,0.916157,11862.657227
27,0.859270,0.936422,12311.891602
28,0.171728,0.926877,12761.002930
29,0.104920,0.984078,13093.824219
30,0.757305,0.929889,13393.231445
31,0.984074,0.504789,14141.980469
32,0.991791,0.502744,14258.391602
33,0.001603,0.456794,14724.289062
34,0.956995,0.564382,14940.569336
35,0.947676,0.558848,15356.462891
36,0.998673,0.495746,15705.954102
37,0.237417,0.592200,16487.859375
38,0.240863,0.593653,16620.937500
39,0.268940,0.635315,16837.261719
40,0.325616,0.615526,17153.324219
41,0.312751,0.459553,17486.138672
42,0.996764,0.178074,18684.074219
43,0.894931,0.637680,19449.410156
44,0.919537,0.632529,19682.259766
45,0.998238,0.466907,20214.656250
46,0.994252,0.462288,20347.773438
47,0.008992,0.417321,20647.248047
48,0.025700,0.584520,21529.113281
49,0.021796,0.594730,21645.501953
50,0.065061,0.727999,21878.443359
51,0.162724,0.614090,22494.005859
52,0.984534,0.420939,23392.464844
53,0.014695,0.450254,23592.187500
0,0.871128,0.626400,465.895416
1,0.750750,0.430665,1031.571167
2,0.009805,0.942296,5407.213867
3,0.017275,0.894116,5889.730957
4,0.647997,0.876190,6804.822266
5,0.925778,0.947131,7154.198730
6,0.743861,0.814511,7403.730957
7,0.744816,0.815943,7753.151855
8,0.796664,0.787815,8019.354492
9,0.788343,0.772524,8152.415527
10,0.879465,0.775939,8768.040039
11,0.581966,0.842909,9350.346680
12,0.623832,0.855280,9766.291016
13,0.625215,0.869550,9932.632812
14,0.615844,0.868312,10082.418945
15,0.545132,0.821849,10315.333008
16,0.624750,0.823198,11030.711914
17,0.686483,0.853164,11363.458984
18,0.776882,0.915174,11945.773438
19,0.787322,0.798831,12278.556641
20,0.510013,0.777466,12727.757812
21,0.464461,0.776659,13093.786133
22,0.597712,0.753900,13326.708008
23,0.615080,0.616607,13642.815430
24,0.448827,0.675729,14374.875977
25,0.451966,0.661296,14724.264648
26,0.454981,0.631006,15140.215820
27,0.473039,0.594436,15556.144531
28,0.495691,0.580300,15805.733398
29,0.543180,0.521546,16138.462891
30,0.523837,0.657682,16604.330078
31,0.561275,0.653157,17020.281250
32,0.574942,0.649918,17236.558594
33,0.664690,0.573291,17602.609375
34,0.777545,0.558109,18001.898438
35,0.772418,0.562368,18101.693359
36,0.768517,0.568908,18268.066406
37,0.762801,0.895651,19183.142578
38,0.037830,0.832109,21845.148438
39,0.993097,0.773938,22161.292969
40,0.998055,0.740587,22410.835938
41,0.017666,0.611249,22760.242188
42,0.002428,0.604881,22943.232422
43,0.045245,0.615944,23276.005859
44,0.059199,0.590465,23592.123047
45,0.083765,0.688181,23974.785156
46,0.077501,0.675883,24274.236328
47,0.003950,0.539210,24973.035156
0,0.735905,0.688800,599.035767
1,0.750299,0.760104,881.802795
2,0.862157,0.729821,1231.252808
3,0.874853,0.739384,1330.959961
4,0.014147,0.603881,2229.390625
5,0.013984,0.499053,2395.788574
6,0.020291,0.475450,2778.506836
7,0.027767,0.474317,2961.504639
8,0.942990,0.542381,3460.564697
9,0.433194,0.977728,4475.501465
10,0.371660,0.949201,4658.547852
11,0.295539,0.896836,4858.225098
12,0.282709,0.886185,5107.701660
13,0.693314,0.798994,6571.797852
14,0.742271,0.871009,6921.288574
15,0.770421,0.907711,7420.433105
16,0.026301,0.917494,7719.799805
17,0.043800,0.905217,7936.128906
18,0.775726,0.909897,8385.324219
19,0.900898,0.869874,8950.979492
20,0.877931,0.865023,9183.916992
21,0.841494,0.843068,9649.823242
22,0.830017,0.804488,10015.788086
23,0.763483,0.843504,10348.581055
24,0.607526,0.799395,10598.088867
25,0.965152,0.878361,11213.748047
26,0.974001,0.886938,12112.240234
27,0.300847,0.703759,13542.965820
28,0.481156,0.470386,14474.770508
29,0.492078,0.426630,14624.402344
30,0.490111,0.451573,14757.492188
31,0.491937,0.472364,14923.980469
32,0.504716,0.437124,15090.305664
33,0.461785,0.503455,15423.030273
34,0.837271,0.919061,16704.101562
35,0.610783,0.864519,17319.716797
36,0.458305,0.946736,17785.595703
37,0.029857,0.590814,18850.355469
38,0.039642,0.488714,19033.453125
39,0.032134,0.441219,19183.146484
40,0.022479,0.444741,19399.388672
41,0.018248,0.433438,19632.376953
42,0.013504,0.471038,20015.037109
43,0.912226,0.556748,20447.591797
44,0.983708,0.671111,20980.023438
45,0.945590,0.660509,21279.427734
46,0.027171,0.607519,21828.482422
47,0.022357,0.489470,22244.417969
48,0.020289,0.429817,22444.175781
49,0.110707,0.238858,22810.103516
50,0.025623,0.179941,23242.695312
51,0.952774,0.284901,23725.207031
52,0.030788,0.598333,24290.845703
53,0.022269,0.654901,24440.597656
54,0.096917,0.709889,24756.734375
0,0.757355,0.430782,299.502930
1,0.837238,0.833410,1231.191772
2,0.764636,0.878732,1430.897339
3,0.490914,0.880750,2662.023926
4,0.313263,0.595011,3510.602783
5,0.480719,0.492663,4009.668457
6,0.500055,0.494645,4242.665527
7,0.460994,0.397417,4492.195801
8,0.412549,0.337682,4891.501465
9,0.712431,0.567628,6072.769043
10,0.765573,0.468578,6538.586426
11,0.860803,0.485759,6771.550781
12,0.017062,0.541639,7437.018555
13,0.026596,0.528257,7603.411621
14,0.077802,0.530191,8019.360840
15,0.073963,0.438853,8268.949219
16,0.020741,0.379461,8634.928711
17,0.978351,0.539275,9017.624023
18,0.931221,0.557962,9350.427734
19,0.925346,0.559302,9849.500977
20,0.030584,0.611787,10115.693359
21,0.019477,0.589533,10348.652344
22,0.111119,0.601787,11030.723633
23,0.178734,0.665208,11346.893555
24,0.196010,0.677061,11579.800781
25,0.812814,0.716409,13243.596680
26,0.741849,0.390873,14025.571289
27,0.589270,0.353155,14557.945312
28,0.505469,0.299867,15240.092773
29,0.432573,0.297978,15439.721680
30,0.413153,0.297251,15622.715820
31,0.435159,0.313909,15922.279297
32,0.457708,0.322442,16105.233398
33,0.473360,0.329284,16304.899414
34,0.423239,0.319050,16720.806641
35,0.385796,0.326542,16903.806641
36,0.413956,0.320818,17186.648438
37,0.537216,0.346709,17536.091797
38,0.554714,0.324402,17768.978516
39,0.605496,0.225452,18367.902344
40,0.597826,0.223583,18667.429688
41,0.588884,0.237389,18817.207031
42,0.630990,0.291781,19033.455078
43,0.637594,0.212468,19299.667969
44,0.709120,0.204869,19632.390625
45,0.739487,0.217602,19832.070312
46,0.617285,0.163552,20247.958984
47,0.596583,0.181742,20414.378906
48,0.534983,0.188923,20630.638672
49,0.490217,0.202904,21146.419922
50,0.489718,0.235422,21362.726562
51,0.626021,0.272386,21861.804688
52,0.641020,0.262582,22078.173828
53,0.698751,0.196625,22726.966797
54,0.752485,0.210881,22959.880859
55,0.850859,0.147042,23642.027344
56,0.860657,0.145154,23808.480469
57,0.828482,0.163788,24107.917969
58,0.854778,0.164372,24274.261719
59,0.956150,0.239451,24557.091797
60,0.937840,0.223242,24773.404297
