Idx, longitude, latitude, start timestamp
0,0.766613,0.516134,133.183945
1,0.714884,0.459722,582.481934
2,0.682342,0.426888,782.041321
3,0.677025,0.407145,981.683228
4,0.733975,0.549804,1381.028687
5,0.757422,0.544193,1896.754761
6,0.857905,0.507138,2212.873291
7,0.941560,0.502280,2645.386475
8,0.985816,0.493826,2894.969482
9,0.025911,0.502043,3127.895020
10,0.029909,0.547622,3377.455566
11,0.058119,0.521522,3627.002197
12,0.053690,0.524379,3743.496826
13,0.086862,0.486289,3893.287354
14,0.028381,0.510396,4159.461914
15,0.019486,0.554992,4392.312988
16,0.972739,0.498535,4725.091797
17,0.974462,0.350401,5041.180664
18,0.801778,0.810715,5956.312988
19,0.692262,0.859047,6255.827148
20,0.647430,0.877376,6621.829590
21,0.576841,0.859372,6871.289551
22,0.544871,0.810899,7104.271484
23,0.510709,0.811006,7370.609863
24,0.470584,0.789875,7653.329590
25,0.437054,0.696935,7952.785645
26,0.448925,0.515117,8202.449219
27,0.411325,0.472906,8601.625977
28,0.412831,0.424957,8917.821289
29,0.565860,0.265198,9982.589844
30,0.570595,0.271010,10365.238281
31,0.517826,0.347442,10648.113281
32,0.511570,0.505927,10997.511719
33,0.432025,0.484771,11496.567383
34,0.416014,0.490649,11912.587891
35,0.404135,0.487012,12195.304688
36,0.290984,0.485188,13742.646484
37,0.475289,0.553498,14923.898438
38,0.737224,0.538496,17352.958984
39,0.734378,0.535742,17585.951172
40,0.752816,0.504803,17918.708984
41,0.770983,0.492460,18317.941406
42,0.806743,0.425938,19515.835938
43,0.793257,0.452968,20497.564453
44,0.786128,0.453999,20830.308594
45,0.784747,0.456762,21229.572266
46,0.803590,0.452842,21462.548828
47,0.802507,0.429723,21728.634766
48,0.800300,0.424258,22211.119141
49,0.815651,0.438229,22743.490234
50,0.817264,0.425912,23176.097656
51,0.819600,0.412330,23442.412109
52,0.814766,0.421775,23675.218750
53,0.820449,0.456124,24174.386719
0,0.709735,0.511510,549.073853
1,0.688003,0.481175,931.660217
2,0.691244,0.501981,1164.658691
3,0.693119,0.526113,1414.288208
4,0.668174,0.495635,1763.634888
5,0.666149,0.457797,1896.692627
6,0.706629,0.515023,2246.018799
7,0.721873,0.565534,2529.015137
8,0.655846,0.505397,3427.395020
9,0.660000,0.493904,4375.684570
10,0.664041,0.503452,4475.547852
11,0.657037,0.513772,5290.800293
12,0.660793,0.514884,5590.255371
13,0.658740,0.516496,6189.276855
14,0.658817,0.513141,6405.514648
15,0.651647,0.328433,7703.289062
16,0.648524,0.347332,7869.695312
17,0.651664,0.356293,8102.484863
18,0.675015,0.416989,8435.275391
19,0.658790,0.401855,9017.565430
20,0.678382,0.411506,9633.166992
21,0.673947,0.407299,10032.411133
22,0.700409,0.436655,10365.158203
23,0.712493,0.500432,10598.167969
24,0.713832,0.589350,10831.038086
25,0.710247,0.488091,11147.211914
26,0.717989,0.512817,12062.257812
27,0.717244,0.496374,12328.460938
28,0.714236,0.591213,12827.741211
29,0.705315,0.586937,13093.812500
30,0.712608,0.577783,13493.186523
31,0.713108,0.582047,13792.508789
32,0.727752,0.512933,14175.229492
33,0.725881,0.501875,14391.549805
34,0.735989,0.581668,14641.149414
35,0.724072,0.637840,14807.528320
36,0.698057,0.668555,15140.225586
37,0.724025,0.654758,15473.009766
38,0.731261,0.446254,15789.139648
39,0.733523,0.471010,15955.455078
40,0.736109,0.487550,16221.646484
41,0.738514,0.507432,16487.890625
42,0.821355,0.491582,16787.314453
43,0.833475,0.497778,16953.693359
44,0.837447,0.443418,17236.642578
45,0.922700,0.582882,17702.445312
46,0.928551,0.638128,17985.230469
47,0.930753,0.677016,18168.230469
48,0.932387,0.687055,18434.439453
49,0.925136,0.665478,18750.552734
50,0.908204,0.614617,18883.750000
51,0.878798,0.502991,19066.716797
52,0.887393,0.524767,19282.941406
53,0.006769,0.642769,19965.187500
54,0.015360,0.648976,20148.191406
55,0.965654,0.585025,20514.158203
56,0.949370,0.579452,20763.640625
57,0.095954,0.594359,21562.291016
58,0.316777,0.572282,23192.744141
0,0.759437,0.538663,249.597687
1,0.738736,0.530475,432.593079
2,0.717329,0.472460,682.144714
3,0.666665,0.406759,965.012634
4,0.737657,0.571796,2695.375732
5,0.730611,0.581420,2911.548584
6,0.745612,0.536652,3194.443115
7,0.726584,0.555607,3793.502441
8,0.745436,0.548767,4026.319580
9,0.804254,0.438486,4691.799805
10,0.942041,0.571538,5806.542480
11,0.926160,0.553988,6022.788086
12,0.032544,0.529779,7187.568359
13,0.029132,0.528186,7320.587891
14,0.048560,0.475363,7470.217773
15,0.045487,0.420960,8169.117188
16,0.040594,0.398224,8318.826172
17,0.041813,0.325568,8568.381836
18,0.839938,0.209783,9050.825195
19,0.308469,0.527642,10631.453125
20,0.500077,0.305318,12794.286133
21,0.515781,0.260242,12944.009766
22,0.527681,0.310400,13559.619141
23,0.531742,0.263128,13709.432617
24,0.528888,0.272528,13908.990234
25,0.535323,0.272695,14025.553711
26,0.400176,0.513120,14757.523438
27,0.465838,0.508688,15040.380859
28,0.550394,0.486391,16321.486328
29,0.522742,0.499501,16654.205078
30,0.530293,0.504374,17402.962891
31,0.541300,0.486987,17619.158203
32,0.622027,0.460443,18134.921875
33,0.517416,0.250574,18500.939453
34,0.533041,0.242268,18650.714844
35,0.521420,0.246724,18800.443359
36,0.402469,0.328243,18983.427734
37,0.352210,0.497728,19515.904297
38,0.293857,0.454405,20797.082031
39,0.298791,0.458362,20930.029297
40,0.340781,0.493911,21096.351562
41,0.328866,0.556434,21279.505859
42,0.711966,0.863539,22493.986328
43,0.664780,0.898841,23176.117188
44,0.711096,0.956894,23359.169922
45,0.738816,0.427351,24623.591797
0,0.729391,0.558923,415.813477
1,0.691554,0.467047,615.484924
2,0.668933,0.439526,798.593079
3,0.666537,0.423545,1081.328003
4,0.824150,0.447543,1613.818726
5,0.918713,0.442848,2013.045654
6,0.946513,0.507983,2162.758057
7,0.945202,0.569122,2395.681152
8,0.805085,0.769917,3094.480225
9,0.796247,0.797517,3227.674805
10,0.673441,0.457238,4042.837891
11,0.496772,0.414615,4874.757812
12,0.518210,0.275319,5190.789062
13,0.519230,0.263107,5390.463867
14,0.553221,0.501867,5706.534668
15,0.517438,0.528741,5939.514648
16,0.443502,0.540099,6189.027832
17,0.447999,0.531036,6355.434082
18,0.405870,0.538114,6737.989746
19,0.400798,0.525967,6837.867676
20,0.354542,0.497362,7037.480469
21,0.307873,0.475480,7370.293945
22,0.277577,0.514666,7669.819824
23,0.325334,0.531523,8185.500977
24,0.228166,0.437645,8501.583984
25,0.033470,0.421472,10098.826172
26,0.039102,0.431071,10331.644531
27,0.545447,0.235820,12244.945312
28,0.556901,0.242958,12610.948242
29,0.548105,0.249435,12843.961914
30,0.544678,0.263115,13060.174805
31,0.548041,0.261133,13343.061523
32,0.401925,0.540831,14441.132812
33,0.432695,0.519805,14673.991211
34,0.401560,0.526009,14990.116211
35,0.401896,0.518266,15223.103516
36,0.653404,0.383233,16587.369141
37,0.648081,0.374281,16753.744141
38,0.750460,0.539281,18367.539062
39,0.818974,0.433019,19066.228516
40,0.804081,0.461223,19315.865234
41,0.964191,0.460375,20730.097656
42,0.770937,0.542934,21195.816406
43,0.667449,0.485848,21878.062500
44,0.514250,0.294603,23242.234375
45,0.559626,0.497156,23741.339844
46,0.522991,0.521547,24373.601562
0,0.737241,0.541498,49.934113
1,0.717884,0.412059,315.964325
2,0.716687,0.394813,432.507996
3,0.669944,0.336732,632.158386
4,0.678698,0.374160,1597.079712
5,0.685127,0.348668,3027.999756
6,0.672663,0.350975,3144.427002
7,0.672970,0.362994,3260.982178
8,0.824317,0.332759,3843.167725
9,0.934510,0.531447,4558.671875
10,0.030114,0.543621,4874.848633
11,0.055375,0.403656,5307.294922
12,0.133280,0.439021,5723.259766
13,0.702453,0.405905,6854.707031
14,0.505355,0.398029,7620.043945
15,0.426976,0.499431,8651.472656
16,0.511860,0.194856,9400.266602
17,0.479256,0.219292,9682.983398
18,0.342095,0.309466,10548.271484
19,0.339307,0.327871,10681.323242
20,0.299782,0.379217,10930.877930
21,0.276026,0.355969,11163.742188
22,0.247440,0.317129,11330.059570
23,0.223063,0.617330,11579.752930
24,0.253188,0.895215,11862.571289
25,0.290081,0.947661,12178.736328
26,0.476319,0.302993,14824.023438
27,0.440452,0.230085,15256.665039
28,0.509095,0.202201,16986.873047
29,0.423894,0.321893,18434.375000
30,0.412881,0.313419,18683.960938
31,0.434456,0.394675,18966.833984
32,0.440092,0.383028,19166.449219
33,0.430558,0.319007,19465.953125
34,0.515176,0.398072,20164.734375
35,0.905486,0.565111,23142.830078
36,0.887698,0.545645,23375.833984
37,0.744427,0.817862,24374.062500
0,0.759313,0.510035,49.876225
1,0.734263,0.499628,332.755280
2,0.671394,0.449997,582.227051
3,0.663919,0.405468,931.615051
4,0.722137,0.528729,1364.176392
5,0.656665,0.420917,2046.352173
6,0.653701,0.409561,2395.709473
7,0.509720,0.490108,2778.405518
8,0.491487,0.476044,3011.327148
9,0.457872,0.394520,3211.081055
10,0.447600,0.359315,3527.071777
11,0.418183,0.339662,3710.203125
12,0.382586,0.437974,4009.501953
13,0.338693,0.427808,4292.368164
14,0.364455,0.378633,4675.170410
15,0.516515,0.239619,5274.097656
16,0.515908,0.243064,5873.023438
17,0.491786,0.428370,6338.894043
18,0.339379,0.517675,7004.363770
19,0.332768,0.517561,7320.496582
20,0.286507,0.519972,7570.016113
21,0.274782,0.493595,7703.112793
22,0.272569,0.482634,8052.493164
23,0.374292,0.457091,8368.553711
24,0.483597,0.473972,8767.989258
25,0.594266,0.464373,9300.349609
26,0.613695,0.453236,9583.220703
27,0.635256,0.424157,9832.649414
28,0.786730,0.462040,11130.406250
29,0.782229,0.433614,11579.666992
30,0.792487,0.430128,11879.171875
31,0.781213,0.445180,12228.493164
32,0.971470,0.476462,13110.334961
33,0.003511,0.449230,13443.081055
34,0.017489,0.506384,13742.643555
35,0.913246,0.555248,14191.746094
36,0.916856,0.468410,14408.118164
37,0.965577,0.441053,14674.211914
38,0.983047,0.437936,14840.654297
39,0.037480,0.480548,15206.731445
40,0.040697,0.482825,15439.615234
41,0.082604,0.485966,15672.433594
42,0.106094,0.467004,15971.972656
43,0.134338,0.471559,16204.913086
44,0.134043,0.472137,16354.715820
45,0.150818,0.456281,16587.583984
46,0.001132,0.513034,17136.544922
47,0.904071,0.538839,17669.005859
48,0.907215,0.537707,17785.601562
49,0.852790,0.440266,18217.994141
50,0.717132,0.465554,18866.923828
51,0.696156,0.474866,19016.615234
52,0.910005,0.516164,19565.595703
0,0.687472,0.412049,416.015442
1,0.669659,0.399129,665.455078
2,0.749355,0.518313,1247.895874
3,0.757097,0.566272,1497.363647
4,0.741122,0.514721,1730.410156
5,0.697512,0.930065,2578.811768
6,0.219926,0.459380,6954.476562
7,0.207758,0.804113,7952.735352
8,0.265131,0.841893,8235.587891
9,0.237311,0.635202,8684.806641
10,0.298774,0.407607,9416.823242
11,0.900658,0.380981,10631.442383
12,0.462811,0.464428,16554.330078
13,0.528453,0.249979,17253.089844
14,0.180449,0.912389,21878.318359
15,0.864704,0.990115,22893.251953
16,0.265492,0.899239,23824.917969
17,0.349524,0.824968,24357.347656
18,0.301222,0.773412,24590.291016
0,0.751391,0.412771,183.041977
1,0.729015,0.467470,415.966248
2,0.679949,0.454843,615.636292
3,0.680660,0.456866,782.011047
4,0.061491,0.541857,2029.862061
5,0.093849,0.512324,2246.054443
6,0.089325,0.497225,2445.712891
7,0.967170,0.497905,2745.218506
8,0.968659,0.501701,2978.158447
9,0.977842,0.508114,3094.598389
10,0.028049,0.594239,3344.102295
11,0.926387,0.591950,3710.204346
12,0.923858,0.546399,3909.818848
13,0.985755,0.502990,4176.091309
14,0.916937,0.457886,4575.300293
15,0.833857,0.263681,5357.291992
16,0.511385,0.299046,6954.463379
17,0.419396,0.540567,7337.103516
18,0.270663,0.494823,7969.392090
19,0.254585,0.489334,8135.782715
20,0.337948,0.539933,9084.088867
21,0.532863,0.495631,10015.840820
22,0.522713,0.480005,10165.541016
23,0.546491,0.500447,10581.455078
24,0.563652,0.450123,11014.090820
25,0.630906,0.374446,11696.191406
26,0.583602,0.491561,12012.369141
27,0.635059,0.412810,12395.012695
28,0.625614,0.385483,12561.397461
29,0.688361,0.410964,12894.164062
30,0.734546,0.456421,13609.500977
31,0.751605,0.496036,13809.125000
32,0.771050,0.553000,13992.263672
33,0.758155,0.509109,14408.140625
34,0.818349,0.455788,14641.116211
35,0.822411,0.448438,14807.475586
36,0.805277,0.478602,15389.716797
37,0.176787,0.533696,18317.906250
38,0.059083,0.361360,19399.408203
39,0.977086,0.512976,20364.390625
40,0.909785,0.552348,21046.500000
41,0.907725,0.549765,21246.080078
42,0.833934,0.582757,22543.867188
43,0.833028,0.595755,22943.175781
44,0.921864,0.485003,23475.558594
45,0.922144,0.489064,23675.158203
46,0.914009,0.545258,23941.437500
47,0.900778,0.567081,24174.277344
48,0.883223,0.535302,24423.917969
0,0.743544,0.520015,216.199173
1,0.675937,0.470648,499.102783
2,0.664777,0.432122,648.841675
3,0.662036,0.418191,914.925598
4,0.666036,0.425124,1048.079590
5,0.717616,0.533482,1314.287964
6,0.724393,0.587841,1580.572266
7,0.728358,0.571947,1896.715454
8,0.694942,0.532865,2478.962646
9,0.669444,0.443950,2645.263672
10,0.663852,0.429424,2795.069580
11,0.667539,0.420392,3144.461914
12,0.508893,0.411620,4325.739258
13,0.465670,0.419658,4508.763184
14,0.420933,0.463091,4824.919922
15,0.406126,0.564682,5373.897949
16,0.318405,0.560007,5723.216797
17,0.292435,0.538382,5972.868164
18,0.375709,0.421448,6189.149414
19,0.541764,0.261030,6821.423340
20,0.464458,0.367703,7254.031250
21,0.945121,0.486672,9350.320312
22,0.037205,0.542650,9782.805664
23,0.029670,0.546957,10082.250977
24,0.026998,0.420378,10415.103516
25,0.051136,0.358630,10598.073242
26,0.055486,0.308978,10831.074219
27,0.327141,0.401800,13809.096680
28,0.808041,0.438306,15988.675781
29,0.809576,0.444018,16221.556641
30,0.815328,0.467242,16704.041016
31,0.780575,0.505251,17003.542969
32,0.540796,0.270342,18650.636719
33,0.512574,0.419441,19182.957031
34,0.502457,0.494481,19449.246094
35,0.508956,0.548139,19898.468750
36,0.809388,0.443390,23791.675781
37,0.808112,0.441526,24024.564453
0,0.724655,0.535152,299.442291
1,0.709100,0.434250,465.850494
2,0.507217,0.405342,1597.193115
3,0.482010,0.298638,1796.834229
4,0.406220,0.229557,2295.962402
5,0.523431,0.185715,2761.864014
6,0.576305,0.158732,3011.464355
7,0.541604,0.153578,3726.815430
8,0.519369,0.535270,4159.381348
9,0.490818,0.468781,4641.975098
10,0.590017,0.695096,4991.239746
11,0.917112,0.401491,6089.421387
12,0.983587,0.363559,6438.750000
13,0.979069,0.419271,6788.116699
14,0.037511,0.456987,6987.827148
15,0.057562,0.420233,7303.883301
16,0.777473,0.366737,7969.326172
17,0.769626,0.384581,8202.254883
18,0.768823,0.429553,8385.300781
19,0.787075,0.398743,8734.849609
20,0.294374,0.618673,10747.958984
21,0.319807,0.561657,10964.204102
22,0.329465,0.526248,11147.169922
23,0.309435,0.621418,11729.492188
24,0.013406,0.453262,12395.032227
25,0.903358,0.436879,13343.418945
26,0.888616,0.325818,13543.016602
27,0.699810,0.353980,14058.753906
28,0.667627,0.327594,15073.551758
29,0.676708,0.331669,15323.083984
30,0.793812,0.876582,21013.195312
31,0.719812,0.841373,21495.691406
32,0.457226,0.936626,23092.925781
33,0.157270,0.933410,23775.037109
0,0.732912,0.595503,299.524261
1,0.724104,0.495639,532.349487
2,0.672218,0.404702,732.088257
3,0.669440,0.445674,1181.249268
4,0.663778,0.452459,1497.325439
5,0.671156,0.443667,1996.607666
6,0.527349,0.523307,3011.426270
7,0.506923,0.389802,3493.949463
8,0.552879,0.245529,4259.205078
9,0.393650,0.542317,5224.156250
10,0.390475,0.515356,5490.378418
11,0.547758,0.347269,6488.615234
12,0.527833,0.577198,7769.728516
13,0.245325,0.777433,12927.397461
14,0.068029,0.405344,15606.108398
15,0.024672,0.550407,16587.732422
16,0.882273,0.581244,17136.714844
17,0.786852,0.507347,18367.900391
18,0.681891,0.439147,19565.808594
19,0.671119,0.449730,20048.300781
0,0.743850,0.532613,382.636414
1,0.720930,0.468428,582.326904
2,0.662962,0.439599,865.174316
3,0.675210,0.441046,1081.432007
4,0.663291,0.431402,1264.467651
5,0.739310,0.557114,1763.557495
6,0.738230,0.574334,1863.371338
7,0.707608,0.670809,2146.243408
8,0.727570,0.695350,2562.195557
9,0.812760,0.460494,2994.731934
10,0.820571,0.464460,3161.129883
11,0.817202,0.460291,3427.356445
12,0.861835,0.527583,3710.178955
13,0.889043,0.511001,3909.795410
14,0.902183,0.507006,4192.665039
15,0.921232,0.535154,4558.678223
16,0.929595,0.576831,4774.953613
17,0.824680,0.585519,5556.921875
18,0.797028,0.597601,5706.665527
19,0.708996,0.531115,6239.070801
20,0.698071,0.735628,6671.675781
21,0.723676,0.769870,7021.030273
22,0.772036,0.736790,7337.136719
23,0.859392,0.758010,7969.380859
24,0.829260,0.749209,8152.419434
25,0.963935,0.633518,8934.375000
26,0.021977,0.533229,9483.422852
27,0.032462,0.558983,9649.768555
28,0.047935,0.575938,9932.620117
29,0.076121,0.672436,10215.451172
30,0.083923,0.602870,10481.679688
31,0.013830,0.772441,10897.613281
32,0.981273,0.801517,11030.707031
33,0.894429,0.788626,11263.621094
34,0.809619,0.842547,12162.081055
35,0.828617,0.841148,12278.502930
36,0.796680,0.820395,12528.105469
37,0.776231,0.813577,12727.750000
38,0.706091,0.835225,12960.673828
39,0.653279,0.777758,13260.173828
40,0.635293,0.759153,13409.898438
41,0.595690,0.758225,13642.793945
42,0.569149,0.768936,13892.357422
43,0.532076,0.785773,14141.927734
44,0.485362,0.775064,14374.863281
45,0.441759,0.594559,14690.965820
46,0.416394,0.589841,14890.600586
47,0.419586,0.572228,15023.712891
48,0.437173,0.336667,15589.403320
49,0.448300,0.328129,15689.236328
50,0.494221,0.267064,16155.072266
51,0.523325,0.233492,16288.178711
52,0.486266,0.308687,16687.474609
53,0.451240,0.473288,17003.580078
54,0.339246,0.493390,17452.810547
55,0.288805,0.492736,17669.117188
56,0.252668,0.461787,17918.650391
57,0.247023,0.461557,18184.845703
58,0.411196,0.500600,18617.433594
59,0.418990,0.505943,18750.525391
60,0.461149,0.477282,19199.751953
61,0.496643,0.473410,19449.318359
62,0.503430,0.438156,19665.617188
63,0.529301,0.338409,19881.886719
64,0.539242,0.335266,20081.558594
65,0.546935,0.267632,20347.742188
66,0.534092,0.487365,20613.951172
67,0.527907,0.487930,21096.447266
68,0.616032,0.414038,21379.285156
69,0.576417,0.416278,21944.972656
70,0.558342,0.415677,22144.632812
71,0.536985,0.301773,22360.908203
72,0.550681,0.261345,22677.056641
73,0.551051,0.257909,22793.470703
74,0.512378,0.323853,23126.234375
75,0.502981,0.328981,23342.625000
0,0.750627,0.479475,99.881805
1,0.698448,0.469713,349.461945
2,0.721147,0.510876,665.527954
3,0.723086,0.510553,748.724182
4,0.665254,0.411660,1014.920776
5,0.686695,0.781219,2179.584717
6,0.488781,0.460909,3776.795166
7,0.478718,0.370200,3943.219971
8,0.484724,0.318031,4192.709473
9,0.479080,0.287818,4359.112793
10,0.416869,0.560127,4991.345215
11,0.389795,0.541296,5324.149414
12,0.340124,0.508737,5540.419922
13,0.338974,0.547004,5723.381836
14,0.471786,0.464227,6106.017578
15,0.462503,0.444823,6355.654785
16,0.457797,0.394251,6538.613281
17,0.472321,0.351339,6704.975098
18,0.536929,0.280473,6904.664062
19,0.543189,0.263430,7070.985840
20,0.529390,0.482855,7603.443848
21,0.552348,0.490481,7936.158691
22,0.698345,0.413231,8468.561523
23,0.046758,0.521846,9899.423828
24,0.014390,0.718584,10365.228516
25,0.924551,0.577134,10631.470703
26,0.920907,0.561397,10764.573242
27,0.985333,0.476610,10964.225586
28,0.108801,0.469270,11496.649414
29,0.227054,0.508133,12029.024414
30,0.227072,0.495891,12245.282227
31,0.303891,0.503426,13193.662109
32,0.323769,0.466937,13326.788086
33,0.903699,0.572170,14441.440430
34,0.922715,0.696545,15007.162109
35,0.893040,0.698798,15506.284180
36,0.856804,0.694968,15739.176758
37,0.839098,0.772416,15938.871094
38,0.855764,0.779279,16155.156250
39,0.829340,0.800007,16304.886719
40,0.837110,0.788812,16837.310547
41,0.710462,0.488703,17502.835938
42,0.663170,0.453774,17735.724609
43,0.656479,0.450985,17968.654297
44,0.649429,0.440955,18184.937500
45,0.542832,0.497407,18684.115234
46,0.493570,0.539090,19033.466797
47,0.490474,0.262293,19482.646484
48,0.492639,0.239805,19665.703125
49,0.449146,0.290139,20547.445312
50,0.425930,0.541249,20713.890625
51,0.401849,0.570713,20980.062500
52,0.412380,0.556543,21212.976562
53,0.379233,0.711353,21545.693359
54,0.375572,0.699758,21745.398438
55,0.361566,0.431602,22211.246094
56,0.389583,0.390784,22394.265625
57,0.417001,0.395326,22727.035156
58,0.452174,0.383717,22910.044922
59,0.456178,0.513868,23375.845703
60,0.495434,0.422454,24207.781250
0,0.704122,0.361936,432.658447
1,0.664065,0.322660,748.736450
2,0.654612,0.312499,948.342224
3,0.720278,0.607444,1314.533813
4,0.676866,0.338480,1980.013184
5,0.656842,0.297585,2146.406738
6,0.720743,0.432531,2711.982178
7,0.751981,0.423802,3061.296631
8,0.814246,0.424047,3360.855713
9,0.821713,0.410562,3527.171143
10,0.816281,0.385422,3760.191406
11,0.941915,0.615234,4758.416016
12,0.915353,0.346396,5324.092285
13,0.031680,0.530338,6139.288086
14,0.992377,0.455839,6638.381836
15,0.910607,0.655529,8834.570312
16,0.523270,0.512312,15256.708008
17,0.476072,0.303490,15755.818359
18,0.437268,0.619716,16071.930664
19,0.533238,0.511733,16970.335938
20,0.494070,0.523474,17269.792969
21,0.485612,0.521924,17702.470703
22,0.539204,0.514253,18001.902344
23,0.603091,0.488346,18234.775391
24,0.698224,0.366232,18966.908203
25,0.717263,0.444321,19765.380859
26,0.744260,0.554386,20181.396484
27,0.720515,0.642042,20464.251953
28,0.712358,0.425061,21146.398438
29,0.730879,0.459800,21395.875000
30,0.748378,0.477564,21645.482422
31,0.772593,0.453525,21878.384766
32,0.750381,0.581340,22244.509766
33,0.654859,0.343792,23109.644531
34,0.652875,0.320759,23226.056641
35,0.650530,0.310441,23342.615234
36,0.734458,0.460896,24390.724609
37,0.734419,0.468882,24973.070312
0,0.747227,0.591316,133.145630
1,0.721229,0.639092,349.518890
2,0.693136,0.869068,948.413269
3,0.731517,0.920614,1098.103271
4,0.674163,0.951196,1264.502441
5,0.740493,0.963799,1447.510132
6,0.823657,0.633504,2179.611084
7,0.773020,0.687554,2612.167480
8,0.668313,0.442564,3244.391846
9,0.669110,0.421397,3643.740234
10,0.673075,0.417447,4492.144531
11,0.485523,0.363212,5157.686035
12,0.526276,0.276044,5723.344727
13,0.547716,0.277425,5839.905273
14,0.377894,0.465432,6505.386719
15,0.203295,0.477557,7187.433105
16,0.228720,0.444268,7403.840332
17,0.810364,0.457390,8867.872070
18,0.024788,0.487486,9949.336914
19,0.016486,0.512689,10198.904297
20,0.031191,0.548939,10481.718750
21,0.119302,0.505631,11263.633789
22,0.020818,0.553286,11496.563477
23,0.022178,0.551263,11912.548828
24,0.013176,0.555817,12095.512695
25,0.929130,0.596885,12611.314453
26,0.916486,0.570859,13027.268555
27,0.869522,0.583560,13459.885742
28,0.649979,0.471599,14258.480469
29,0.656358,0.459134,14524.649414
30,0.666391,0.437790,14691.022461
31,0.706624,0.448574,15206.815430
32,0.735213,0.483575,15473.080078
33,0.490285,0.345194,16138.496094
34,0.541446,0.331199,16670.937500
35,0.391438,0.504741,17802.281250
36,0.297783,0.519901,18184.884766
37,0.313078,0.524342,18367.884766
38,0.273417,0.515773,18517.687500
39,0.453430,0.565715,19249.716797
40,0.446527,0.574834,19416.101562
41,0.501786,0.583211,20031.757812
42,0.561489,0.531337,20231.386719
43,0.560069,0.593107,20497.544922
44,0.558171,0.599642,20597.332031
45,0.587663,0.628000,20747.082031
46,0.597006,0.634146,21013.320312
47,0.605209,0.582624,21179.759766
48,0.682757,0.393278,21712.093750
49,0.698437,0.413659,21895.068359
50,0.701004,0.436173,21994.902344
51,0.811157,0.471504,22543.937500
52,0.892527,0.458179,23076.349609
53,0.923841,0.474655,23309.246094
54,0.939906,0.503175,23558.955078
55,0.029826,0.492371,24091.234375
56,0.011915,0.506161,24407.369141
0,0.719093,0.331055,349.378815
1,0.688422,0.693216,1331.034790
2,0.681709,0.711847,2112.937012
3,0.688002,0.593011,2445.703857
4,0.703842,0.328941,4026.289551
5,0.726195,0.344139,4325.767090
6,0.675366,0.312378,4691.811035
7,0.708138,0.321600,5124.420898
8,0.727867,0.302804,5473.782227
9,0.672258,0.301825,5706.655273
10,0.917075,0.375678,6588.499512
11,0.922894,0.467566,6838.078125
12,0.931102,0.507195,7303.893066
13,0.931981,0.486537,7486.888184
14,0.995063,0.506826,7803.095215
15,0.922294,0.310994,8252.314453
16,0.086513,0.412803,10681.422852
17,0.135396,0.404738,10947.526367
18,0.167710,0.398074,11113.933594
19,0.206955,0.401256,11346.833984
20,0.242241,0.375627,11563.157227
21,0.270890,0.410990,11746.214844
22,0.290698,0.422336,11912.473633
23,0.315735,0.415348,12261.916992
24,0.337298,0.423359,12444.927734
25,0.335975,0.331239,12611.293945
26,0.366033,0.354189,12810.899414
27,0.407906,0.397816,13127.031250
28,0.447117,0.339411,13642.777344
29,0.476308,0.333355,13892.389648
30,0.504222,0.222969,14275.008789
31,0.452565,0.301196,14607.801758
32,0.450753,0.286893,14707.662109
33,0.486278,0.352872,15090.294922
34,0.517433,0.400840,15356.492188
35,0.502429,0.236593,15589.430664
36,0.508271,0.226376,16288.216797
37,0.516652,0.290576,16620.921875
38,0.598995,0.245800,16937.066406
39,0.502315,0.233983,17136.738281
40,0.387275,0.257187,17718.992188
41,0.361671,0.266898,17968.626953
42,0.315429,0.320677,18434.445312
43,0.308186,0.338109,18550.929688
44,0.327823,0.323258,18883.691406
45,0.396594,0.311421,19116.609375
46,0.425857,0.327159,19565.751953
47,0.404269,0.422677,19782.068359
48,0.471617,0.264757,20214.750000
49,0.479605,0.265760,20730.417969
50,0.530871,0.244855,21146.349609
51,0.580096,0.286966,21429.183594
52,0.526897,0.253331,22227.828125
53,0.670811,0.319175,22743.562500
54,0.677252,0.307555,23059.669922
55,0.474095,0.419110,23791.710938
56,0.436082,0.395898,24191.023438
57,0.419689,0.377243,24307.482422
58,0.392003,0.345226,24507.148438
59,0.387666,0.348610,24973.021484
0,0.738950,0.417919,33.330280
1,0.811896,0.411859,316.159515
2,0.894484,0.392581,682.163818
3,0.933694,0.395892,881.813843
4,0.934552,0.464555,1181.283081
5,0.982672,0.403774,1447.477661
6,0.035790,0.413467,1796.855713
7,0.085824,0.440343,2262.694092
8,0.131342,0.409378,2545.578613
9,0.126202,0.418185,3044.736084
10,0.868628,0.446286,3743.445312
11,0.871637,0.441774,3843.375488
12,0.746840,0.412339,4292.524414
13,0.774037,0.318288,4592.008789
14,0.776391,0.300292,4691.894043
15,0.773539,0.295927,4841.587891
16,0.491713,0.429545,5806.643066
17,0.456333,0.298721,6039.477539
18,0.395816,0.352193,6372.219727
19,0.352740,0.374157,6605.169922
20,0.322661,0.477900,7004.531250
21,0.284228,0.490331,7486.996094
22,0.236734,0.407285,7653.280762
23,0.248659,0.365437,7902.872070
24,0.248846,0.368892,8052.632812
25,0.344313,0.378313,8302.180664
26,0.351342,0.392232,8518.434570
27,0.448261,0.421290,8967.698242
28,0.690097,0.414769,9916.015625
29,0.696838,0.395760,10065.853516
30,0.702146,0.315944,10265.420898
31,0.693876,0.321898,10365.256836
32,0.777387,0.356034,12062.271484
33,0.070726,0.414805,13010.586914
34,0.144423,0.379889,13642.848633
35,0.139723,0.380887,13809.286133
36,0.222501,0.329494,14308.350586
37,0.338953,0.315486,14874.133789
38,0.364807,0.309273,15223.423828
39,0.343076,0.345125,15689.242188
40,0.331485,0.348786,15872.310547
41,0.297118,0.452419,16238.325195
42,0.273073,0.358099,16454.574219
43,0.429158,0.172580,20763.798828
44,0.483328,0.105305,21096.457031
45,0.463306,0.239903,21412.605469
46,0.909786,0.413158,22760.324219
47,0.951341,0.445680,22976.597656
48,0.044293,0.410949,23642.005859
49,0.053233,0.270882,24008.103516
50,0.058927,0.284046,24290.878906
51,0.052867,0.282553,24457.349609
52,0.918198,0.306695,24606.976562
0,0.673276,0.389524,931.762573
1,0.294349,0.895157,2113.077393
2,0.445993,0.979865,2379.242920
3,0.603165,0.976939,2612.202148
4,0.235070,0.912590,2994.780762
5,0.513865,0.987124,3394.082764
6,0.968104,0.531729,4475.504883
7,0.990084,0.490652,4891.448730
8,0.978824,0.501353,5240.883789
9,0.026529,0.568045,5457.195312
10,0.030624,0.466846,5706.731934
11,0.788102,0.441848,6771.495117
12,0.779340,0.479387,7669.953125
13,0.780140,0.488404,8102.520508
14,0.652813,0.402393,8468.525391
15,0.658291,0.400462,8585.030273
16,0.490459,0.487039,9167.315430
17,0.392620,0.495638,9782.898438
18,0.392934,0.476575,10032.491211
19,0.394905,0.498932,10514.977539
20,0.386984,0.491779,10764.524414
21,0.393260,0.493055,10914.268555
22,0.405553,0.492748,11163.817383
23,0.536945,0.248944,11796.051758
24,0.547840,0.239892,11995.727539
25,0.480337,0.587842,12511.501953
26,0.286414,0.505672,13027.258789
27,0.301360,0.444976,13293.445312
28,0.376146,0.496718,13476.437500
29,0.434098,0.522725,13892.417969
30,0.188726,0.470245,14840.737305
31,0.184410,0.427655,15040.391602
32,0.129706,0.445037,15256.690430
33,0.104373,0.464859,15506.229492
34,0.531677,0.518606,17236.554688
35,0.666834,0.414303,17935.357422
36,0.743250,0.579175,18584.183594
37,0.742400,0.597322,18733.976562
38,0.032710,0.553174,19632.347656
39,0.979188,0.538940,19832.025391
40,0.973263,0.540314,20081.587891
41,0.981496,0.500491,20730.466797
42,0.976699,0.515504,21179.664062
43,0.024052,0.498445,21445.876953
44,0.028567,0.541143,21712.060547
45,0.028594,0.581888,21961.642578
46,0.022723,0.378808,22394.199219
47,0.890561,0.440240,22810.169922
48,0.920518,0.578364,23109.634766
49,0.928003,0.601525,23375.863281
50,0.659459,0.418867,24423.988281
0,0.804784,0.536891,116.480141
1,0.734196,0.464339,349.438782
2,0.696974,0.403154,648.855164
3,0.675907,0.352358,865.126709
4,0.673331,0.366624,1231.176514
5,0.728864,0.596700,1530.622437
6,0.048736,0.513491,2828.427734
7,0.043821,0.510676,2928.306641
8,0.037129,0.497414,3061.318604
9,0.651816,0.517694,4575.410156
10,0.499402,0.491779,5107.696289
11,0.504349,0.484253,5190.915527
12,0.458082,0.444677,5407.270508
13,0.518907,0.263299,5906.306641
14,0.542092,0.204168,6139.270020
15,0.391923,0.485700,6921.203125
16,0.314816,0.498500,7786.405762
17,0.315990,0.504881,7969.431641
18,0.276762,0.499307,8235.636719
19,0.245848,0.443349,8501.836914
20,0.209367,0.502404,8967.673828
21,0.182996,0.479749,9167.342773
22,0.267616,0.957310,9999.141602
23,0.023822,0.487776,11080.603516
24,0.006418,0.550243,11430.008789
25,0.012927,0.541475,11662.974609
26,0.041612,0.626196,12128.815430
27,0.062813,0.655848,12461.619141
28,0.013218,0.600721,12761.043945
29,0.984703,0.553488,13127.113281
30,0.988289,0.526708,13260.137695
31,0.971376,0.470787,13476.458008
32,0.962665,0.434137,13809.199219
33,0.973936,0.550307,14324.919922
34,0.972364,0.535334,14491.291016
35,0.926484,0.567493,14973.835938
36,0.077572,0.710761,15472.952148
37,0.072680,0.679213,15589.387695
38,0.172486,0.740678,16204.996094
39,0.159509,0.728818,16554.392578
40,0.136302,0.911449,16720.757812
41,0.131839,0.811303,17120.066406
42,0.131076,0.747679,18218.150391
43,0.132370,0.737340,18617.427734
44,0.099938,0.628313,18883.642578
45,0.080958,0.604033,19615.707031
46,0.073508,0.635737,20198.000000
47,0.059336,0.566912,21978.263672
48,0.996602,0.447288,22377.531250
49,0.997153,0.449937,22477.351562
50,0.993615,0.481312,23059.671875
51,0.989936,0.468942,23159.519531
52,0.008401,0.530393,23392.417969
53,0.011007,0.523918,23608.697266
54,0.017950,0.516778,24041.287109
55,0.025253,0.633911,24357.404297
56,0.078656,0.622501,24673.515625
57,0.077750,0.618384,24773.351562
58,0.097107,0.560259,24989.632812
0,0.717046,0.458950,349.382812
1,0.708571,0.465054,515.843872
2,0.668956,0.431736,748.723022
3,0.666880,0.425491,1131.345947
4,0.731650,0.518114,1796.935547
5,0.656322,0.478942,2412.447754
6,0.604657,0.470520,2662.014160
7,0.563509,0.473141,2845.096924
8,0.509322,0.457112,3227.742432
9,0.516245,0.345642,3410.788086
10,0.519482,0.291160,3543.812012
11,0.520065,0.265352,3726.798828
12,0.539147,0.255206,3893.215088
13,0.544026,0.277143,4076.249512
14,0.396548,0.472436,4974.688477
15,0.398068,0.496608,5157.680664
16,0.330730,0.455345,5673.391113
17,0.473550,0.448210,6372.195801
18,0.412064,0.518822,6588.461914
19,0.417760,0.522840,6771.507324
20,0.274977,0.590297,7636.622070
21,0.259849,0.641790,7802.994141
22,0.289321,0.494760,8185.669434
23,0.280786,0.463676,8435.249023
24,0.278242,0.473528,8651.557617
25,0.322794,0.450400,8967.630859
26,0.513931,0.352067,9550.041992
27,0.536821,0.317911,9749.640625
28,0.503404,0.355606,10082.416016
29,0.506046,0.504053,10431.738281
30,0.542679,0.499313,10731.301758
31,0.716491,0.446128,11429.999023
32,0.806227,0.463065,12178.691406
33,0.883019,0.455685,12428.289062
34,0.931855,0.563814,13027.274414
35,0.021888,0.540563,13825.812500
36,0.035398,0.458718,14108.747070
37,0.926530,0.557646,14641.102539
38,0.924544,0.570322,14840.784180
39,0.968951,0.760476,15289.935547
40,0.684374,0.963408,16038.633789
41,0.692779,0.942836,16171.759766
42,0.761291,0.932040,16770.716797
43,0.133162,0.898816,17552.656250
44,0.160678,0.854890,17735.710938
45,0.182038,0.488243,18650.734375
46,0.201774,0.441016,18916.931641
47,0.205589,0.562379,19183.132812
48,0.021355,0.524239,19848.623047
49,0.017365,0.528829,20081.591797
50,0.984356,0.511228,20331.123047
51,0.980352,0.514701,20564.029297
52,0.986676,0.512448,21063.197266
53,0.991231,0.486951,21246.208984
54,0.987615,0.487771,21395.929688
55,0.982491,0.520338,21695.435547
56,0.022513,0.542660,22593.835938
57,0.701404,0.455429,23558.816406
58,0.670392,0.434198,23858.332031
59,0.659025,0.422240,24041.335938
0,0.725004,0.506253,598.990417
1,0.696351,0.438606,765.353516
2,0.706640,0.427063,1148.007446
3,0.666670,0.397516,1430.881348
4,0.677570,0.399499,2096.408936
5,0.654585,0.403338,2246.086914
6,0.705258,0.429541,2811.834717
7,0.661858,0.414544,3111.277100
8,0.709978,0.432154,3510.658203
9,0.657429,0.413818,3826.766357
10,0.727215,0.468283,4259.229980
11,0.656557,0.431741,4775.068848
12,0.678198,0.408327,5157.699219
13,0.661170,0.414385,5557.003418
14,0.709962,0.456609,5889.804199
15,0.662951,0.412916,6122.710938
16,0.702122,0.453489,6422.147949
17,0.659292,0.417371,6821.469727
18,0.705692,0.437414,7120.974609
19,0.658732,0.420528,7337.200684
20,0.729181,0.411053,7603.397949
21,0.814052,0.414692,7902.885742
22,0.820888,0.418320,8235.712891
23,0.803367,0.444541,8684.849609
24,0.806230,0.483927,9183.968750
25,0.807012,0.533509,9400.297852
26,0.814955,0.460570,9616.560547
27,0.814009,0.448525,9799.600586
28,0.805996,0.443428,10348.636719
29,0.837617,0.461233,10897.654297
30,0.835198,0.508816,11097.354492
31,0.894273,0.532899,11280.373047
32,0.890269,0.541092,11446.691406
33,0.926260,0.565863,12228.710938
34,0.929805,0.565574,12444.935547
35,0.939235,0.518104,12644.580078
36,0.930317,0.533827,12944.092773
37,0.932496,0.566483,13127.075195
38,0.921542,0.575115,13409.971680
39,0.926001,0.570809,13909.039062
40,0.932680,0.590840,14408.207031
41,0.942310,0.640295,14574.601562
42,0.941482,0.696405,14824.151367
43,0.686918,0.830689,16754.167969
44,0.661427,0.401954,17486.146484
45,0.560081,0.496259,17985.285156
46,0.526719,0.504924,18218.175781
47,0.498761,0.530350,18401.240234
48,0.494062,0.442233,18617.476562
49,0.486525,0.382488,18750.617188
50,0.500646,0.294433,18933.619141
51,0.501351,0.278959,19083.332031
52,0.494255,0.256183,19266.369141
53,0.467972,0.346022,19499.265625
54,0.497668,0.252677,19748.853516
55,0.457279,0.359801,20081.607422
56,0.454701,0.394377,20297.917969
57,0.453046,0.395277,20381.064453
58,0.466987,0.378595,20647.261719
59,0.500674,0.278491,20896.841797
60,0.505497,0.276317,21029.941406
61,0.490071,0.374058,21212.939453
62,0.439799,0.475404,21578.964844
63,0.359662,0.477565,22444.169922
64,0.308391,0.507255,22793.537109
65,0.308265,0.502339,22909.988281
66,0.359561,0.493496,23209.484375
67,0.472903,0.389291,23575.593750
68,0.492658,0.333825,23741.863281
69,0.503083,0.305044,23891.619141
70,0.540369,0.256633,24091.275391
71,0.546523,0.261792,24274.267578
0,0.734493,0.492522,515.805298
1,0.719086,0.465737,732.071533
2,0.808297,0.435999,948.376770
3,0.791485,0.423767,1314.349731
4,0.680695,0.441253,1480.789917
5,0.671985,0.437972,1630.475586
6,0.669430,0.421504,1780.220093
7,0.730716,0.540838,2229.480713
8,0.732009,0.486798,2711.960693
9,0.669854,0.425836,3161.195068
10,0.664754,0.421356,3394.069580
11,0.701838,0.433469,3726.813232
12,0.736576,0.458405,3943.136230
13,0.752433,0.468179,4209.288086
14,0.746875,0.458754,4392.361816
15,0.739128,0.463596,4575.432129
16,0.814695,0.445584,4775.016602
17,0.894503,0.465424,5457.230469
18,0.888908,0.464640,5573.604492
19,0.912941,0.478361,5806.564941
20,0.924358,0.507196,6139.301758
21,0.930845,0.524321,6488.664551
22,0.940031,0.548542,6838.072266
23,0.941119,0.523790,6987.786621
24,0.959309,0.500322,7303.967773
25,0.923239,0.507147,7586.732910
26,0.799847,0.458511,8069.247559
27,0.849996,0.434613,8601.703125
28,0.858911,0.426637,8784.683594
29,0.862674,0.405647,9017.683594
30,0.874679,0.383489,9250.600586
31,0.870666,0.345605,9450.155273
32,0.958292,0.475318,10032.521484
33,0.932148,0.528920,10282.075195
34,0.000722,0.521902,10514.949219
35,0.993407,0.510275,10747.945312
36,0.027600,0.546900,11097.295898
37,0.988466,0.502063,11679.643555
38,0.045218,0.442795,12062.237305
39,0.075628,0.434234,12211.983398
40,0.060593,0.609931,12511.535156
41,0.057898,0.668497,12744.494141
42,0.021783,0.528074,13359.998047
43,0.061208,0.418669,13692.787109
44,0.071117,0.371714,13825.868164
45,0.095081,0.372155,14275.073242
46,0.141037,0.468312,14624.538086
47,0.167877,0.478676,14824.153320
48,0.164444,0.485334,14957.219727
49,0.166067,0.485918,15256.751953
50,0.179151,0.480626,15439.706055
51,0.179021,0.483063,15556.164062
52,0.195912,0.458463,15839.032227
53,0.196036,0.472345,16055.264648
54,0.233166,0.510781,16221.662109
55,0.230729,0.506531,16321.565430
56,0.253404,0.551735,16687.501953
57,0.299672,0.519937,17419.583984
58,0.257658,0.646799,17719.068359
59,0.266390,0.684124,18085.117188
60,0.321597,0.513575,18251.484375
61,0.335682,0.441508,18800.548828
62,0.355627,0.415154,19133.261719
63,0.412010,0.441605,19399.414062
64,0.410148,0.472907,19532.523438
65,0.415324,0.480447,19915.201172
66,0.445128,0.440517,20081.625000
67,0.440046,0.454933,20331.140625
68,0.410720,0.502178,20647.347656
69,0.519871,0.464395,21229.558594
70,0.507171,0.303288,21828.521484
71,0.511555,0.248320,22011.523438
72,0.480128,0.319866,22427.505859
73,0.508831,0.267230,22660.416016
74,0.515165,0.229349,22876.691406
75,0.526511,0.222016,23043.136719
76,0.536877,0.331399,23725.271484
77,0.555564,0.412090,23891.572266
78,0.564174,0.421048,24224.353516
79,0.582287,0.348199,24473.880859
80,0.506190,0.297371,24656.958984
0,0.735787,0.491002,299.466919
1,0.706818,0.448604,582.301758
2,0.669732,0.422400,781.927734
3,0.663896,0.419049,948.316589
4,0.728020,0.445544,1397.602783
5,0.752021,0.543319,1563.958862
6,0.727708,0.563685,1796.833862
7,0.669431,0.443187,2196.132812
8,0.671721,0.419829,2578.864502
9,0.517406,0.475511,2828.405518
10,0.524526,0.472528,2928.199707
11,0.510695,0.472130,3044.761719
12,0.514464,0.305736,3277.611084
13,0.526857,0.252998,3460.623291
14,0.532554,0.250590,3760.101562
15,0.531453,0.268809,3843.319092
16,0.483035,0.335250,4342.360352
17,0.399059,0.451661,4824.899414
18,0.403540,0.516296,5091.082031
19,0.413850,0.507273,5274.135254
20,0.563287,0.479562,5906.382812
21,0.744649,0.446316,6705.012207
22,0.805082,0.456329,7170.825195
23,0.799262,0.448228,7370.401367
24,0.945618,0.544165,7936.165527
25,0.940674,0.535463,8035.944336
26,0.934942,0.536803,8135.855469
27,0.927106,0.539852,8418.695312
28,0.990477,0.493102,8651.624023
29,0.031479,0.550724,9416.904297
30,0.029590,0.573334,9549.996094
31,0.057967,0.541144,9965.955078
32,0.124127,0.491305,10331.998047
33,0.154596,0.457179,10531.567383
34,0.132128,0.399832,10714.613281
35,0.079689,0.351406,10930.903320
36,0.226733,0.476623,11230.368164
37,0.223474,0.478434,11396.706055
38,0.298759,0.521682,11696.262695
39,0.312711,0.536816,11979.077148
40,0.345830,0.501424,12278.500977
41,0.346908,0.424724,12428.300781
42,0.387551,0.471803,12860.860352
43,0.306400,0.455440,13093.758789
44,0.349446,0.443789,13709.354492
45,0.287168,0.443493,14657.705078
46,0.349883,0.409594,15106.907227
47,0.266181,0.426878,15456.310547
48,0.820575,0.219896,17219.910156
49,0.846701,0.405298,17469.435547
50,0.850950,0.460969,17685.720703
51,0.816069,0.452505,17868.751953
52,0.798653,0.462856,18151.609375
53,0.688751,0.455953,18667.371094
54,0.668151,0.445957,18833.730469
55,0.736517,0.482503,19099.941406
56,0.758295,0.533946,19416.060547
57,0.756710,0.537923,19565.792969
58,0.757209,0.488558,19815.373047
59,0.516163,0.349008,20680.511719
60,0.531933,0.278020,20830.222656
61,0.542789,0.256510,21029.882812
62,0.392609,0.521103,21612.224609
63,0.397464,0.515959,21712.039062
64,0.312544,0.518648,21944.958984
65,0.374249,0.477878,22244.460938
66,0.377449,0.469894,22427.460938
67,0.530322,0.507986,22776.830078
68,0.535074,0.658489,23109.580078
69,0.531435,0.704277,23359.179688
70,0.840420,0.767318,24740.062500
0,0.720515,0.451763,415.898987
1,0.719817,0.538138,781.968750
2,0.666862,0.420767,1098.131226
3,0.795046,0.447460,1863.429199
4,0.934769,0.535874,2678.612305
5,0.047618,0.548415,3061.348633
6,0.039007,0.537534,3194.426514
7,0.033013,0.530951,3610.331787
8,0.125358,0.478665,3909.789307
9,0.203215,0.502263,4458.837891
10,0.249498,0.536758,4725.043457
11,0.294621,0.510127,4957.969727
12,0.283815,0.511999,5157.645020
13,0.984661,0.484394,6272.372559
14,0.015388,0.512466,6655.048828
15,0.913753,0.537632,7220.707031
16,0.924919,0.537275,7337.155762
17,0.920940,0.421331,7636.674805
18,0.037831,0.409517,8152.403320
19,0.093688,0.395436,8501.816406
20,0.046535,0.398274,8801.257812
21,0.209088,0.469214,9500.025391
22,0.282877,0.478913,9749.602539
23,0.274276,0.479632,9932.610352
24,0.206930,0.524404,10165.534180
25,0.903428,0.556065,11047.388672
26,0.912138,0.563762,11230.333008
27,0.868082,0.566803,11513.213867
28,0.751882,0.483918,11912.541992
29,0.513808,0.373716,13226.856445
30,0.531780,0.317783,13476.500977
31,0.563665,0.323074,13825.823242
32,0.407409,0.408722,14191.813477
33,0.393730,0.472249,14441.441406
34,0.400254,0.494700,14674.378906
35,0.405914,0.506969,14824.050781
36,0.317024,0.471768,15040.372070
37,0.414300,0.457423,15489.582031
38,0.450888,0.516984,15755.790039
39,0.443491,0.514662,15855.621094
40,0.482586,0.499382,16155.149414
41,0.545600,0.487383,16487.867188
42,0.525863,0.484907,17003.574219
43,0.578120,0.470509,17269.804688
44,0.628194,0.441883,17602.572266
45,0.697326,0.423306,17985.250000
46,0.693263,0.419710,18101.683594
47,0.688889,0.424635,18234.792969
48,0.629090,0.426755,18484.306641
49,0.678604,0.416530,18817.078125
50,0.711305,0.438400,19865.281250
51,0.616165,0.473855,20148.134766
52,0.520199,0.493400,20580.685547
53,0.525776,0.480620,20946.695312
54,0.531890,0.477041,21046.527344
55,0.557979,0.365839,21545.699219
56,0.505954,0.285495,21861.796875
57,0.521295,0.264552,22128.031250
58,0.307598,0.387145,22876.691406
59,0.334844,0.498809,23226.142578
60,0.325838,0.509770,23658.615234
61,0.317214,0.506713,24041.298828
62,0.400984,0.581698,24374.132812
0,0.733522,0.479619,232.955307
1,0.686904,0.371100,465.943573
2,0.646870,0.375005,665.560791
3,0.723170,0.578850,1098.103516
4,0.522815,0.497076,2129.639404
5,0.489828,0.488887,2312.632324
6,0.502073,0.287718,2512.296631
7,0.470347,0.491342,3327.554688
8,0.450961,0.565513,3560.505615
9,0.673284,0.359580,4342.450195
10,0.802347,0.441799,5157.685547
11,0.919663,0.556268,5823.184082
12,0.919978,0.578835,6022.826660
13,0.934179,0.654446,6438.775391
14,0.793633,0.810911,7004.470215
15,0.018696,0.580856,7669.989258
16,0.012604,0.588844,7753.148926
17,0.042660,0.406889,7986.051758
18,0.191120,0.522471,8734.770508
19,0.204017,0.481430,8917.762695
20,0.286750,0.582834,9233.924805
21,0.282336,0.564147,9366.961914
22,0.297329,0.555543,9516.710938
23,0.297057,0.544316,9716.403320
24,0.340121,0.566215,9882.769531
25,0.339500,0.416205,10282.052734
26,0.411684,0.440516,10648.057617
27,0.404498,0.543046,10964.219727
28,0.391224,0.470119,11330.199219
29,0.354883,0.656827,11746.175781
30,0.287072,0.350180,12278.545898
31,0.232920,0.373053,12644.606445
32,0.210559,0.419292,12960.721680
33,0.217799,0.419195,13176.996094
34,0.787032,0.423601,15123.580078
35,0.500345,0.258769,15938.831055
36,0.509729,0.202206,16088.601562
37,0.434621,0.482147,16704.183594
38,0.421427,0.568433,16937.074219
39,0.394602,0.550625,17153.367188
40,0.399816,0.496212,17369.671875
41,0.496798,0.484959,17619.234375
42,0.352616,0.420877,18301.363281
43,0.352512,0.405975,18517.667969
44,0.359674,0.423155,19083.324219
45,0.272978,0.393373,19798.773438
46,0.284390,0.409665,20015.037109
47,0.664531,0.417771,21412.583984
48,0.665768,0.403597,21778.710938
49,0.741630,0.576547,22593.869141
50,0.725892,0.612607,22760.273438
51,0.776904,0.493344,23043.070312
52,0.869417,0.392950,23292.642578
53,0.928090,0.442882,23542.216797
54,0.929642,0.573863,23808.414062
55,0.923388,0.640900,23958.138672
56,0.917561,0.595376,24340.818359
0,0.669960,0.463244,632.222107
1,0.736692,0.617449,1048.188232
2,0.749780,0.686029,1281.173584
3,0.845948,0.927159,3111.208740
4,0.720639,0.463990,4325.785645
5,0.654941,0.415827,4658.533691
6,0.651292,0.424137,4824.966309
7,0.719417,0.583485,5074.451172
8,0.659522,0.417185,5706.737793
9,0.526725,0.571658,6405.458008
10,0.475039,0.449875,6954.557129
11,0.508451,0.255129,7270.598633
12,0.532238,0.179254,7570.121094
13,0.471689,0.458219,8019.341797
14,0.512506,0.278313,8568.353516
15,0.592065,0.706779,8734.807617
16,0.482084,0.270963,8934.438477
17,0.556790,0.490181,9317.041016
18,0.568523,0.526255,10015.870117
19,0.570091,0.560931,10298.643555
20,0.561358,0.512357,10648.088867
21,0.573735,0.612716,11263.659180
22,0.478919,0.557595,11479.955078
23,0.446739,0.628731,11962.494141
24,0.415071,0.600828,12627.976562
25,0.408884,0.595122,12794.391602
26,0.403795,0.580167,13127.113281
27,0.306880,0.616442,13360.045898
28,0.263359,0.553076,13942.330078
29,0.259549,0.727585,14275.068359
30,0.406274,0.509604,15056.994141
31,0.394323,0.530906,15223.391602
32,0.521683,0.246743,16088.605469
33,0.535920,0.166088,16271.558594
34,0.535149,0.555816,16587.767578
35,0.513401,0.635907,17053.605469
36,0.479535,0.618211,17336.408203
37,0.562236,0.580138,17752.296875
38,0.634662,0.495958,18384.585938
39,0.689295,0.429476,18800.566406
40,0.686147,0.437289,18916.945312
41,0.876333,0.511243,19665.666016
42,0.790535,0.500330,19931.820312
43,0.928071,0.519133,20530.777344
44,0.967125,0.377190,20813.658203
45,0.964679,0.378058,20963.349609
46,0.918504,0.523870,21329.380859
47,0.917293,0.551822,21495.792969
48,0.830346,0.551009,21911.705078
49,0.903330,0.444750,22261.132812
50,0.889928,0.474502,22427.505859
51,0.001303,0.844119,23309.255859
52,0.002889,0.405943,24207.736328
53,0.995592,0.319924,24607.042969
54,0.032562,0.497889,24956.369141
0,0.773580,0.502247,133.079147
1,0.770446,0.401682,482.481659
2,0.676755,0.300192,1114.799561
3,0.674124,0.330813,1247.853516
4,0.949786,0.582453,2379.145752
5,0.183353,0.492607,3543.799561
6,0.331727,0.518404,4558.715820
7,0.412489,0.468510,5324.025391
8,0.412294,0.478236,5473.752441
9,0.461897,0.374935,5806.529297
10,0.473090,0.162249,6505.281250
11,0.517057,0.304654,6871.316406
12,0.579406,0.527087,7237.357910
13,0.566022,0.541724,7420.369141
14,0.562046,0.530872,7620.003418
15,0.534300,0.396159,7869.575684
16,0.501046,0.215294,8052.596191
17,0.521377,0.229090,8318.796875
18,0.514060,0.289917,8734.730469
19,0.691822,0.454126,9383.606445
20,0.724566,0.459926,9566.609375
21,0.676815,0.450475,10099.031250
22,0.666928,0.432975,10248.756836
23,0.713469,0.449088,11247.002930
24,0.812158,0.422491,11712.846680
25,0.929506,0.505283,12727.745117
26,0.944242,0.548134,13276.788086
27,0.950173,0.572281,13659.447266
28,0.928293,0.552189,13975.580078
29,0.930810,0.545350,14191.857422
30,0.929912,0.506313,15023.725586
31,0.920703,0.534182,15206.749023
32,0.906545,0.490524,15439.685547
33,0.397650,0.501448,17336.349609
34,0.309480,0.510087,17785.578125
35,0.281587,0.514923,18035.125000
36,0.196278,0.466004,18750.605469
37,0.023272,0.471140,19682.261719
38,0.016491,0.515473,19831.990234
39,0.021258,0.540881,20198.046875
40,0.975482,0.518622,20547.462891
41,0.928060,0.513403,20763.699219
42,0.922067,0.517470,21013.298828
43,0.908694,0.491787,21429.234375
44,0.921786,0.506503,21745.320312
45,0.910172,0.399205,22460.742188
46,0.917508,0.391392,22710.306641
47,0.021112,0.430639,23209.427734
48,0.039768,0.411118,23508.931641
49,0.036724,0.411800,23708.544922
50,0.055002,0.374616,23991.392578
51,0.025359,0.527951,24324.167969
0,0.740164,0.486723,316.121429
1,0.721543,0.499196,632.279785
2,0.750198,0.560980,848.523438
3,0.673231,0.437701,1414.240845
4,0.667447,0.428580,1780.291260
5,0.659898,0.427637,2196.141846
6,0.614691,0.455975,2545.569824
7,0.541120,0.481365,2878.302490
8,0.513979,0.486290,3161.158936
9,0.504338,0.428757,3327.539551
10,0.480371,0.424754,3660.310059
11,0.492444,0.374170,3809.970703
12,0.516483,0.284484,3976.406006
13,0.509345,0.259749,4142.721680
14,0.478224,0.441160,4442.263184
15,0.455928,0.489059,4592.015137
16,0.419002,0.512288,4891.426758
17,0.418314,0.501315,5041.197266
18,0.409329,0.491983,5290.735840
19,0.402129,0.447383,5490.395020
20,0.326663,0.543457,5922.987793
21,0.336518,0.550623,6139.297363
22,0.315549,0.495671,6305.609375
23,0.372450,0.400280,6655.013672
24,0.498229,0.339044,7237.331055
25,0.524578,0.294015,7453.688477
26,0.523879,0.252353,7719.935547
27,0.518116,0.327428,8401.993164
28,0.549455,0.527732,8834.604492
29,0.557821,0.505266,9267.117188
30,0.561245,0.499610,9416.949219
31,0.701415,0.455305,9866.083008
32,0.730083,0.463846,10165.599609
33,0.741997,0.478309,10381.897461
34,0.711825,0.441716,10847.777344
35,0.684146,0.440974,10997.453125
36,0.836602,0.464158,11496.609375
37,0.893610,0.449591,11746.147461
38,0.952979,0.522241,12278.534180
39,0.989717,0.531194,12577.986328
40,0.014035,0.439905,13559.616211
41,0.024595,0.506794,13842.464844
42,0.984711,0.524048,14092.029297
43,0.973761,0.506416,14291.690430
44,0.980113,0.629405,14624.425781
45,0.977681,0.679131,14957.166016
46,0.793015,0.503286,15672.580078
47,0.796171,0.486883,15805.718750
48,0.787699,0.452539,15955.422852
49,0.215097,0.494562,17985.238281
50,0.107089,0.599045,18717.275391
51,0.063675,0.549128,18900.281250
52,0.032216,0.581991,19499.238281
53,0.003658,0.545665,19881.931641
54,0.052379,0.455054,20098.201172
55,0.132301,0.461664,20613.982422
56,0.192508,0.477259,20780.365234
57,0.252375,0.493931,21146.371094
58,0.316509,0.454235,21628.880859
59,0.356663,0.454338,21878.423828
60,0.393609,0.490333,22211.148438
61,0.420523,0.490369,22410.810547
62,0.444610,0.478403,22760.214844
63,0.457530,0.373997,22976.484375
64,0.519029,0.287812,23725.197266
65,0.516107,0.269352,23908.199219
66,0.512500,0.279708,24191.074219
67,0.512147,0.318410,24324.146484
68,0.517846,0.288186,24507.164062
0,0.738081,0.434901,316.043335
1,0.687242,0.350614,731.979492
2,0.681473,0.347145,964.912964
3,0.733543,0.455492,2179.443604
4,0.748380,0.577847,2612.034424
5,0.810589,0.474839,3177.714600
6,0.825750,0.427287,3676.873779
7,0.822344,0.401666,3993.001953
8,0.824445,0.408110,4492.123535
9,0.927643,0.482730,4791.558105
10,0.941865,0.593556,5057.740723
11,0.940291,0.589279,5174.196289
12,0.947333,0.653147,5323.942383
13,0.947163,0.644676,5457.020508
14,0.953327,0.674285,5656.698730
15,0.930170,0.537876,6139.254883
16,0.925574,0.491508,6422.009766
17,0.989437,0.484673,6771.433594
18,0.035585,0.578877,7203.974609
19,0.021280,0.611929,7603.272461
20,0.036569,0.546028,8019.323242
21,0.072913,0.508042,8285.404297
22,0.046723,0.510134,8834.458984
23,0.995677,0.477966,9084.019531
24,0.035506,0.478416,9732.887695
25,0.089232,0.488578,10032.367188
26,0.175042,0.478765,10581.436523
27,0.168093,0.492332,10764.417969
28,0.220268,0.509553,11047.264648
29,0.306964,0.537173,11596.291016
30,0.337167,0.548741,11795.969727
31,0.361085,0.459396,12128.706055
32,0.412606,0.480481,12611.198242
33,0.437706,0.462542,12760.927734
34,0.450057,0.424005,13010.509766
35,0.413458,0.540768,13376.510742
36,0.417482,0.532015,13592.813477
37,0.424929,0.600977,13825.740234
38,0.358536,0.553245,14158.506836
39,0.362208,0.481252,14474.601562
40,0.342380,0.525541,15140.112305
41,0.528167,0.479856,15622.609375
42,0.522890,0.485352,15772.334961
43,0.547876,0.462295,15971.992188
44,0.550305,0.470561,16154.995117
45,0.520946,0.537998,16454.486328
46,0.515652,0.204026,17236.449219
47,0.520072,0.194917,17519.287109
48,0.496612,0.421225,18084.972656
49,0.529691,0.524649,18367.800781
50,0.528390,0.506186,18600.734375
51,0.514467,0.546258,18800.373047
52,0.528460,0.560597,19282.871094
53,0.444735,0.568454,20181.291016
54,0.404621,0.547453,20480.781250
55,0.336314,0.537290,20896.730469
56,0.290561,0.494212,21229.474609
57,0.262098,0.470215,21595.509766
58,0.223992,0.475492,21978.173828
59,0.225703,0.463424,22077.988281
60,0.136489,0.500791,22577.117188
61,0.036202,0.522608,23275.902344
62,0.023145,0.551365,23458.896484
63,0.989805,0.517085,23891.500000
64,0.926562,0.623680,24423.900391
65,0.935369,0.607180,24540.339844
0,0.657163,0.367463,798.721252
1,0.656888,0.357537,1164.678955
2,0.658364,0.353922,1497.401001
3,0.789877,0.503068,2079.761963
4,0.783344,0.461123,2262.783447
5,0.484373,0.541602,3344.271729
6,0.472726,0.281217,3959.843262
7,0.472609,0.248378,4192.687012
8,0.344506,0.501616,5374.003418
9,0.278823,0.523808,5673.523438
10,0.285556,0.592001,5889.706543
11,0.316515,0.613797,6239.169922
12,0.378584,0.570096,6655.084473
13,0.440673,0.562065,7204.113281
14,0.475619,0.553597,7453.649902
15,0.414436,0.588876,7786.477539
16,0.405261,0.569014,8069.270020
17,0.335874,0.553786,8451.905273
18,0.341269,0.541095,8701.494141
19,0.394254,0.743296,8984.327148
20,0.459870,0.644456,9283.794922
21,0.410617,0.656946,9683.114258
22,0.372076,0.624495,9882.758789
23,0.517429,0.202349,10631.428711
24,0.521516,0.194929,10831.083008
25,0.524855,0.199472,10914.385742
26,0.497717,0.589666,11579.863281
27,0.539245,0.581272,11945.879883
28,0.589501,0.504887,12395.017578
29,0.592630,0.470474,12561.458008
30,0.653127,0.514206,12977.316406
31,0.678852,0.589664,13925.702148
32,0.647916,0.473429,14557.919922
33,0.642131,0.489428,15090.312500
34,0.652960,0.463314,15722.525391
35,0.593548,0.295707,16354.772461
36,0.520479,0.482346,17136.755859
37,0.505185,0.382834,17319.748047
38,0.781087,0.561526,17935.324219
39,0.777873,0.556214,18051.808594
40,0.799176,0.501486,18234.828125
41,0.871770,0.517728,18567.558594
42,0.869122,0.509383,18733.953125
43,0.932779,0.602636,19116.605469
44,0.922727,0.636901,19266.333984
45,0.960120,0.504516,19915.208984
46,0.966840,0.482234,20164.773438
47,0.963872,0.591798,20597.353516
48,0.962147,0.599736,20697.177734
49,0.967103,0.506293,20996.658203
50,0.017633,0.617078,21346.056641
51,0.007263,0.365088,21628.880859
52,0.001598,0.331527,21828.527344
53,0.025848,0.676975,22078.093750
54,0.916274,0.743061,22360.947266
55,0.890608,0.612523,22843.425781
56,0.833731,0.717427,23342.552734
57,0.879885,0.648718,23775.146484
58,0.902391,0.621334,24041.337891
59,0.993695,0.589328,24457.285156
60,0.957194,0.539388,24956.408203
0,0.725984,0.505039,316.111420
1,0.669604,0.442454,565.766052
2,0.653480,0.417145,715.424927
3,0.664194,0.413821,848.558899
4,0.742353,0.505501,1364.272583
5,0.754222,0.490525,1597.212524
6,0.759638,0.472469,1813.578735
7,0.674747,0.471424,2212.838379
8,0.632970,0.459499,2462.385742
9,0.004558,0.463900,3161.189941
10,0.012534,0.441957,3427.385742
11,0.107203,0.509876,4159.426270
12,0.782168,0.740564,5024.633789
13,0.796574,0.428996,5789.912598
14,0.811162,0.411240,5906.412109
15,0.807203,0.413967,6189.186035
16,0.681661,0.438686,6688.319336
17,0.662019,0.447585,6871.331543
18,0.724733,0.430156,7337.226074
19,0.948999,0.505699,8202.419922
20,0.155729,0.497033,9333.735352
21,0.150383,0.496223,9450.205078
22,0.355858,0.481360,10149.018555
23,0.413688,0.502308,10764.596680
24,0.452720,0.491785,11080.685547
25,0.517206,0.340038,12478.246094
26,0.504409,0.312011,12777.686523
27,0.554054,0.463134,13127.125000
28,0.505120,0.301164,13393.313477
29,0.523979,0.267743,13726.048828
30,0.593060,0.318920,13925.679688
31,0.515231,0.335223,14607.820312
32,0.510502,0.246744,14807.513672
33,0.525044,0.247834,15107.042969
34,0.503117,0.284498,15556.184570
35,0.474389,0.342172,15822.385742
36,0.390418,0.506613,16521.150391
37,0.394895,0.501438,16654.259766
38,0.451324,0.529802,16903.814453
39,0.466514,0.558781,17136.761719
40,0.462874,0.590868,17536.085938
41,0.633523,0.474238,18367.923828
42,0.276326,0.453418,19299.625000
43,0.320758,0.431542,19549.248047
44,0.310927,0.433537,19748.847656
45,0.300210,0.501877,20081.623047
46,0.032760,0.483339,21412.634766
47,0.009828,0.529361,21612.285156
48,0.025786,0.584786,21861.824219
49,0.000582,0.597316,22094.755859
50,0.999540,0.592984,22261.136719
51,0.918778,0.553323,22743.621094
52,0.996220,0.475243,23076.373047
53,0.983533,0.491759,23309.335938
54,0.052939,0.487589,23592.119141
55,0.682012,0.453621,24690.212891
0,0.732466,0.702372,33.251198
1,0.717119,0.476014,499.139771
2,0.683927,0.433148,732.112793
3,0.673036,0.414577,881.817505
4,0.732881,0.437150,1231.161377
5,0.815490,0.431041,1730.276978
6,0.818914,0.439552,1830.129272
7,0.899451,0.477657,2312.618408
8,0.928684,0.491541,2512.243896
9,0.939872,0.546197,2711.896973
10,0.928798,0.555037,2878.285400
11,0.929253,0.501935,3277.647461
12,0.995446,0.515163,3543.778320
13,0.039731,0.506735,3893.247314
14,0.805257,0.780037,4841.555664
15,0.786125,0.747572,5074.439453
16,0.806235,0.711533,5440.480957
17,0.768083,0.432370,5806.491211
18,0.698962,0.446727,6189.231934
19,0.651163,0.415581,6638.474121
20,0.520734,0.495640,7154.178223
21,0.508013,0.472844,7403.740723
22,0.505368,0.384181,7570.099609
23,0.497057,0.334147,7753.142090
24,0.492945,0.263252,8135.775391
25,0.434385,0.378939,8418.589844
26,0.436914,0.375587,8601.588867
27,0.418829,0.454385,8817.894531
28,0.398971,0.511841,9034.290039
29,0.433226,0.472789,9433.526367
30,0.524363,0.281135,9699.710938
31,0.524668,0.236271,9866.190430
32,0.478988,0.273347,10564.832031
33,0.338699,0.514453,11030.691406
34,0.295124,0.548232,11396.716797
35,0.406832,0.517152,11646.274414
36,0.406634,0.492836,11912.488281
37,0.460469,0.463805,12212.004883
38,0.457795,0.448037,12361.751953
39,0.561260,0.459350,12927.421875
40,0.509975,0.377814,13193.580078
41,0.500798,0.337897,13376.720703
42,0.603209,0.440309,13792.545898
43,0.670758,0.438972,14108.708984
44,0.693346,0.429486,14308.420898
45,0.692874,0.423872,14690.962891
46,0.710401,0.458376,15273.337891
47,0.723505,0.482598,15522.897461
48,0.649714,0.380418,15922.146484
49,0.738764,0.491657,16487.863281
50,0.768186,0.509101,16670.830078
51,0.819205,0.481064,17103.449219
52,0.822326,0.454103,17386.306641
53,0.858534,0.458043,17685.744141
54,0.908355,0.508573,17968.607422
55,0.902069,0.510754,18068.507812
56,0.919269,0.538232,18284.689453
57,0.800175,0.429611,18883.693359
58,0.794450,0.445644,19183.113281
59,0.800296,0.455784,19582.517578
60,0.715303,0.400983,19832.021484
61,0.691551,0.390127,20015.097656
62,0.708378,0.437758,20547.425781
63,0.732521,0.506076,20763.724609
64,0.935937,0.567897,21512.365234
65,0.927224,0.563903,21678.820312
66,0.921271,0.559575,21828.529297
67,0.922025,0.575006,22144.628906
68,0.018207,0.595535,22627.187500
69,0.997217,0.526975,23076.328125
70,0.993705,0.516296,23342.505859
71,0.053243,0.485150,23575.455078
72,0.979319,0.406051,24008.078125
73,0.960819,0.396465,24174.382812
74,0.931049,0.446653,24490.492188
0,0.780238,0.627530,149.754547
1,0.744897,0.563788,366.131897
2,0.715340,0.508167,549.073059
3,0.691635,0.464718,815.329529
4,0.670952,0.422715,1114.720337
5,0.668163,0.424785,1331.005615
6,0.748250,0.542596,1813.513428
7,0.820835,0.464311,2578.831543
8,0.813166,0.468911,2695.300049
9,0.947719,0.513135,3310.968994
10,0.939915,0.515772,3394.129150
11,0.941978,0.544373,3510.629150
12,0.960390,0.569972,3859.923096
13,0.039889,0.496129,4209.424316
14,0.033070,0.517149,4392.420410
15,0.978013,0.493140,4675.244629
16,0.909350,0.514031,4874.870605
17,0.878250,0.488315,5074.516113
18,0.877539,0.477654,5240.844238
19,0.789270,0.475189,5640.142578
20,0.460442,0.474386,6538.612793
21,0.528405,0.305993,7270.682129
22,0.522403,0.308695,7403.790527
23,0.529592,0.325941,7786.403320
24,0.537621,0.404841,7952.804688
25,0.547289,0.506305,8318.838867
26,0.542293,0.487508,8468.601562
27,0.522606,0.524009,8784.690430
28,0.400610,0.553558,9683.109375
29,0.340143,0.531461,9949.381836
30,0.290483,0.541834,10248.827148
31,0.244140,0.545728,10531.685547
32,0.243766,0.540665,10631.456055
33,0.275618,0.534565,10814.460938
34,0.202407,0.550438,11097.283203
35,0.214460,0.534629,11380.156250
36,0.287168,0.487830,11563.142578
37,0.328809,0.508281,11746.153320
38,0.540777,0.517298,12993.983398
39,0.538039,0.521039,13110.472656
40,0.588223,0.497289,13409.964844
41,0.637444,0.474984,13576.295898
42,0.627677,0.480965,13726.039062
43,0.695052,0.453123,13975.628906
44,0.888322,0.531662,15156.937500
45,0.925076,0.563622,15456.326172
46,0.966609,0.734530,15955.493164
47,0.937991,0.555442,16604.351562
48,0.035858,0.524152,17136.771484
49,0.180958,0.488865,17835.529297
50,0.048302,0.378856,18584.265625
51,0.921735,0.515586,19233.113281
52,0.926437,0.502298,19465.982422
53,0.795984,0.481659,19965.171875
54,0.791938,0.449809,20297.908203
55,0.795240,0.441096,20414.351562
56,0.704636,0.497067,20713.871094
57,0.668643,0.469796,20963.408203
58,0.653037,0.446838,21229.576172
59,0.657379,0.440265,21379.320312
60,0.650660,0.470178,21845.214844
61,0.653171,0.451879,22011.593750
62,0.671675,0.466852,22211.232422
63,0.717085,0.519104,22410.833984
64,0.744785,0.540309,22643.804688
65,0.741827,0.559152,23142.916016
66,0.743807,0.586766,23459.021484
67,0.733709,0.604034,23758.535156
68,0.755550,0.635308,24091.267578
0,0.729602,0.513012,49.928528
1,0.746311,0.453247,299.418030
2,0.725260,0.392220,565.741638
3,0.796993,0.349235,981.610962
4,0.941748,0.561252,2112.998535
5,0.977719,0.528889,2462.315186
6,0.039610,0.317899,3044.644531
7,0.031340,0.322828,3144.458252
8,0.040140,0.354906,3443.967529
9,0.054109,0.233803,3626.966309
10,0.038050,0.475662,4159.368652
11,0.972058,0.499055,4375.637207
12,0.971012,0.496745,4508.749512
13,0.786505,0.385648,5357.291504
14,0.777904,0.425445,5839.770508
15,0.716265,0.431480,6222.448730
16,0.639078,0.382121,6621.713867
17,0.356178,0.990647,7753.109375
18,0.202530,0.868921,7952.723633
19,0.546235,0.883616,8801.294922
20,0.872517,0.313271,9599.852539
21,0.968468,0.470208,10115.651367
22,0.977679,0.436229,10282.027344
23,0.783550,0.371059,10880.951172
24,0.496505,0.433438,12328.440430
25,0.450797,0.221513,12860.894531
26,0.392794,0.548769,13276.777344
27,0.375936,0.554891,13476.425781
28,0.376001,0.544218,13576.292969
29,0.427936,0.668501,14108.636719
30,0.428777,0.647276,14208.505859
31,0.462956,0.286080,14990.482422
32,0.539623,0.210562,15423.024414
33,0.545291,0.176923,15838.955078
34,0.540736,0.194418,16071.911133
35,0.534389,0.195466,16155.050781
36,0.405832,0.520153,17003.636719
37,0.415285,0.502987,17236.556641
38,0.408580,0.484855,17369.597656
39,0.406771,0.452937,17835.515625
40,0.405578,0.437192,17951.984375
41,0.417802,0.405185,18168.208984
42,0.387392,0.401002,18434.449219
43,0.248569,0.379270,19166.603516
44,0.197391,0.448353,19416.111328
45,0.157404,0.415647,19682.240234
46,0.158168,0.403597,19815.347656
47,0.072249,0.479342,20381.025391
48,0.079553,0.329930,20547.435547
49,0.126622,0.395142,20896.861328
50,0.241612,0.407766,21512.412109
51,0.269785,0.300485,21761.949219
52,0.297936,0.380691,22177.931641
53,0.535465,0.466738,23176.187500
54,0.540614,0.460657,23442.330078
55,0.540575,0.444256,23675.300781
56,0.686267,0.397719,24357.406250
57,0.673937,0.358205,24656.916016
0,0.867981,0.647271,183.014999
1,0.756642,0.515282,532.363220
2,0.730300,0.445040,748.733887
3,0.667891,0.382012,1347.632080
4,0.725651,0.545569,1747.018555
5,0.973769,0.581281,2412.415771
6,0.025245,0.590856,2645.317627
7,0.975848,0.800852,3194.384766
8,0.946648,0.540569,4009.637207
9,0.981037,0.500577,4176.044922
10,0.291767,0.598461,4991.267090
11,0.326741,0.585378,5224.181152
12,0.425986,0.543864,5789.857910
13,0.422645,0.495360,6006.113281
14,0.500999,0.244098,6954.478027
15,0.498143,0.220919,7137.509766
16,0.601956,0.454759,8601.613281
17,0.500766,0.432979,9150.628906
18,0.457848,0.416107,9317.035156
19,0.414313,0.425364,9533.322266
20,0.407299,0.411570,9699.655273
21,0.404116,0.437223,9965.874023
22,0.391655,0.553307,10398.512695
23,0.546096,0.285614,11197.067383
24,0.498846,0.353699,11796.027344
25,0.463498,0.381533,12045.597656
26,0.525603,0.348264,12345.110352
27,0.527984,0.339174,12461.558594
28,0.526892,0.326993,12760.977539
29,0.332213,0.511113,13958.929688
30,0.315406,0.476164,14208.556641
31,0.324071,0.478671,14308.313477
32,0.291791,0.455883,14657.751953
33,0.294443,0.472086,14774.179688
34,0.362564,0.482009,15339.795898
35,0.465063,0.593127,16038.630859
36,0.724771,0.809436,17086.765625
37,0.812279,0.749036,17802.203125
38,0.401610,0.445375,19282.904297
39,0.434223,0.418786,19582.400391
40,0.567195,0.270544,20464.183594
41,0.862715,0.217350,21529.003906
42,0.920761,0.583320,22909.970703
43,0.915494,0.578117,23093.001953
44,0.907136,0.550978,23292.619141
45,0.962985,0.593754,23558.812500
46,0.035882,0.564058,23758.421875
47,0.034415,0.538071,24041.302734
48,0.899779,0.518177,24540.394531
0,0.752501,0.413787,99.806381
1,0.723979,0.432401,449.251404
2,0.775245,0.727654,1031.482666
3,0.750978,0.807233,1331.023071
4,0.707431,0.883421,1530.673950
5,0.712901,0.934044,1846.762939
6,0.694865,0.465280,2429.037598
7,0.645449,0.435595,2761.802979
8,0.539932,0.464073,3327.465576
9,0.511258,0.421253,3626.984619
10,0.473943,0.392193,3843.239746
11,0.452387,0.385738,4192.701660
12,0.442949,0.426433,4458.893066
13,0.425756,0.385332,4758.369141
14,0.429479,0.332234,4958.001953
15,0.505365,0.233195,5224.169434
16,0.459646,0.193295,5540.314941
17,0.327575,0.459966,5939.592285
18,0.268253,0.435845,6255.699219
19,0.286443,0.557832,6671.649414
20,0.370930,0.597865,6854.638184
21,0.416966,0.492920,7204.050293
22,0.416461,0.495709,7403.688477
23,0.464146,0.482214,7686.543457
24,0.530478,0.476531,8085.826172
25,0.567007,0.475215,8318.754883
26,0.727090,0.466231,9017.552734
27,0.821096,0.461128,9416.838867
28,0.818488,0.461326,9500.031250
29,0.909278,0.451888,9832.776367
30,0.901183,0.449167,9949.245117
31,0.980630,0.449062,10681.300781
32,0.023942,0.423104,11163.786133
33,0.045598,0.372491,11596.394531
34,0.104877,0.450025,12045.620117
35,0.130121,0.517958,12411.642578
36,0.023405,0.514663,12744.348633
37,0.033069,0.498947,13127.020508
38,0.990683,0.409225,13892.338867
39,0.985204,0.410643,14141.917969
40,0.975230,0.513660,14657.678711
41,0.960651,0.479187,15023.719727
42,0.827010,0.415318,15672.630859
43,0.783625,0.442551,16088.517578
44,0.774368,0.450157,16421.294922
45,0.741307,0.351133,16654.222656
46,0.734203,0.381022,16887.113281
47,0.751251,0.480861,17203.228516
48,0.740494,0.446878,17585.892578
49,0.747461,0.402477,18018.476562
50,0.745556,0.378150,18251.441406
51,0.731920,0.459704,18600.781250
52,0.729726,0.467822,18916.931641
53,0.761929,0.460165,19233.064453
54,0.741147,0.525257,19981.707031
55,0.724983,0.483721,20197.996094
56,0.749557,0.435496,20430.927734
57,0.791171,0.436401,20913.419922
58,0.797272,0.419953,21196.259766
59,0.751020,0.517284,21745.287109
60,0.732783,0.476197,22061.404297
61,0.697071,0.510697,22460.730469
62,0.713402,0.470126,23292.587891
63,0.722647,0.419519,23758.453125
64,0.734041,0.458123,24057.941406
0,0.746587,0.650240,83.254532
1,0.741706,0.516793,399.306458
2,0.714083,0.387995,598.960876
3,0.694866,0.334546,765.294678
4,0.695959,0.361412,1098.117676
5,0.738310,0.549817,1497.397217
6,0.746474,0.576153,1880.062866
7,0.690925,0.367776,2179.494141
8,0.684295,0.344804,2395.795654
9,0.746821,0.447645,2911.700195
10,0.818808,0.443634,3377.484375
11,0.816819,0.434507,3543.772705
12,0.937357,0.630329,4092.874268
13,0.930874,0.619500,4292.473145
14,0.843097,0.838278,4708.502441
15,0.838665,0.831046,4808.233398
16,0.959002,0.577351,5141.028320
17,0.961010,0.506865,5324.124023
18,0.010318,0.516273,5573.572266
19,0.005946,0.523717,5723.390137
20,0.982643,0.536517,5922.982422
21,0.911790,0.548700,6288.990234
22,0.915075,0.563042,6472.076660
23,0.029176,0.534520,6937.964844
24,0.058380,0.519915,7071.016113
25,0.056570,0.522378,7237.365723
26,0.081969,0.408507,7536.802734
27,0.144999,0.560790,7902.829102
28,0.139655,0.590959,8135.766602
29,0.139238,0.577334,8252.268555
30,0.142724,0.560385,8368.689453
31,0.141518,0.545114,8518.503906
32,0.331934,0.576965,9699.725586
33,0.350087,0.587982,9866.134766
34,0.430430,0.419808,10498.354492
35,0.468675,0.395509,10731.322266
36,0.553533,0.230081,11496.645508
37,0.552451,0.235747,11596.370117
38,0.529254,0.511373,12494.827148
39,0.558298,0.498090,12694.487305
40,0.555040,0.465370,13010.697266
41,0.524598,0.194949,13559.677734
42,0.457740,0.343373,13892.447266
43,0.525724,0.351871,14574.545898
44,0.524558,0.358543,14657.782227
45,0.382400,0.437936,14940.587891
46,0.335698,0.420934,15123.598633
47,0.336269,0.442582,15289.963867
48,0.378561,0.444388,15672.706055
49,0.241280,0.449548,16038.718750
50,0.300133,0.506912,16288.185547
51,0.316258,0.637561,16504.482422
52,0.029796,0.488560,17436.179688
53,0.022324,0.587616,17702.376953
54,0.021480,0.639917,17918.787109
55,0.031181,0.671008,18218.150391
56,0.022221,0.803702,18600.853516
57,0.922351,0.574779,18983.466797
58,0.871372,0.875294,19915.162109
59,0.864425,0.859253,20015.105469
60,0.926001,0.505003,20464.250000
61,0.920634,0.519603,20880.189453
62,0.907919,0.381058,21628.902344
63,0.906403,0.383044,21994.894531
64,0.906842,0.402418,22111.332031
65,0.796165,0.441408,22693.701172
66,0.802100,0.447972,22810.167969
67,0.802598,0.468784,22976.498047
68,0.739119,0.490133,23226.093750
69,0.701464,0.459979,23442.341797
70,0.705117,0.454135,23575.445312
71,0.671191,0.417252,23924.873047
72,0.752062,0.401158,24374.060547
73,0.794409,0.424026,24640.279297
0,0.708986,0.503130,16.644823
1,0.714403,0.501205,266.162781
2,0.709093,0.452766,482.543060
3,0.672722,0.427512,732.039612
4,0.737635,0.720676,1214.528564
5,0.735260,0.730762,1314.320435
6,0.643515,0.924669,1896.747925
7,0.653417,0.933746,2029.760742
8,0.669268,0.952877,2279.302490
9,0.821171,0.772541,2612.072021
10,0.666484,0.418535,3260.919678
11,0.621263,0.446828,3660.223389
12,0.619189,0.447756,3760.120605
13,0.671880,0.417710,3926.444824
14,0.733766,0.478683,4525.375977
15,0.736722,0.549802,4708.384766
16,0.830916,0.443159,5074.420410
17,0.940341,0.547865,5906.313965
18,0.027844,0.506797,6405.432617
19,0.029376,0.512765,6571.816406
20,0.029159,0.526885,6871.296875
21,0.061011,0.486791,7054.300293
22,0.053386,0.372478,7553.423828
23,0.975281,0.502166,7902.838867
24,0.792913,0.414143,9017.531250
25,0.533050,0.494781,9915.984375
26,0.493897,0.462354,10132.250000
27,0.440642,0.472136,10348.540039
28,0.459911,0.327676,10664.666992
29,0.537870,0.256410,10997.446289
30,0.549014,0.229550,11197.098633
31,0.391520,0.554240,11529.825195
32,0.325441,0.528388,11812.689453
33,0.318873,0.454214,12278.516602
34,0.249719,0.499148,12578.000000
35,0.243031,0.668745,13127.025391
36,0.194233,0.454346,13759.256836
37,0.208505,0.420696,14058.732422
38,0.256060,0.401780,14474.675781
39,0.249990,0.374566,15173.455078
40,0.265910,0.234399,15755.755859
41,0.285284,0.207212,15988.684570
42,0.298850,0.188040,16204.982422
43,0.297045,0.192814,16437.904297
44,0.387424,0.269692,16820.591797
45,0.388008,0.537412,17186.601562
46,0.377715,0.528961,17303.056641
47,0.419898,0.549522,17702.363281
48,0.458386,0.509159,18001.876953
49,0.513563,0.496105,18384.515625
50,0.511676,0.488934,18534.253906
51,0.534818,0.465608,18883.617188
52,0.541824,0.433091,20031.619141
53,0.598257,0.436492,20430.921875
54,0.645642,0.416617,20880.136719
55,0.638005,0.394663,21162.982422
56,0.693298,0.389918,21562.304688
57,0.683906,0.382452,21878.406250
58,0.679790,0.396466,21978.208984
59,0.727383,0.403913,22610.458984
60,0.824641,0.459775,23009.759766
61,0.839011,0.394474,23575.427734
62,0.898297,0.445923,23941.492188
63,0.905933,0.438115,24207.662109
64,0.922726,0.459762,24440.593750
0,0.764732,0.489712,0.036838
1,0.713828,0.390936,515.796875
2,0.679271,0.339854,1181.276855
3,0.653746,0.327527,1613.895508
4,0.647147,0.326339,2146.265869
5,0.633512,0.395681,2545.602539
6,0.599664,0.409454,2928.216309
7,0.540170,0.484388,3277.626465
8,0.534662,0.339201,4841.591309
9,0.505559,0.315363,5357.320801
10,0.497773,0.281050,5640.177246
11,0.484050,0.285640,6172.565918
12,0.524664,0.464143,6538.607910
13,0.497753,0.548449,7021.105957
14,0.753689,0.516574,7536.848145
15,0.776546,0.527211,7836.318848
16,0.779277,0.568965,8169.057617
17,0.818706,0.532640,8568.379883
18,0.833335,0.509461,8784.699219
19,0.834420,0.501325,9034.251953
20,0.833358,0.498437,9217.249023
21,0.831708,0.503198,9350.375000
22,0.918190,0.494257,9716.349609
23,0.929755,0.528651,10099.088867
24,0.951980,0.582955,10331.980469
25,0.965397,0.622090,10648.105469
26,0.972851,0.597068,10997.467773
27,0.984523,0.530616,11380.165039
28,0.010255,0.510873,11746.174805
29,0.050405,0.532836,12045.632812
30,0.050191,0.524762,12228.638672
31,0.046114,0.524233,12328.491211
32,0.062966,0.444143,12661.221680
33,0.058554,0.370774,13027.265625
34,0.003371,0.439216,13243.556641
35,0.004629,0.378033,14175.236328
36,0.940564,0.280629,14790.832031
37,0.933294,0.261738,14990.500977
38,0.852431,0.211024,15306.622070
39,0.878200,0.182703,15522.882812
40,0.883745,0.185175,15772.454102
41,0.978419,0.646505,16853.912109
42,0.977311,0.710689,17569.335938
43,0.983048,0.695255,17835.509766
44,0.079945,0.598345,19815.416016
45,0.089087,0.665061,21196.298828
46,0.085745,0.666378,21312.791016
47,0.088566,0.590378,21595.656250
48,0.095970,0.502955,21961.648438
49,0.081938,0.432944,22194.578125
50,0.071117,0.383021,22643.804688
51,0.043214,0.357932,23192.822266
52,0.044237,0.355465,23276.000000
53,0.028863,0.362536,23459.025391
54,0.980892,0.418125,23841.677734
55,0.978854,0.410035,23991.421875
56,0.963969,0.423843,24124.529297
0,0.701289,0.462596,465.866425
1,0.726965,0.551965,915.044373
2,0.743355,0.525615,1064.779541
3,0.816009,0.444177,1330.989014
4,0.927596,0.551281,2129.608154
5,0.017803,0.504469,2528.894287
6,0.078929,0.539980,3427.341064
7,0.035523,0.449469,3643.614014
8,0.035397,0.446711,3743.458008
9,0.514523,0.486173,4924.702148
10,0.479140,0.392009,5107.727051
11,0.494301,0.295885,5373.934570
12,0.499202,0.238969,5590.216797
13,0.389422,0.518281,5889.697266
14,0.337200,0.536756,6272.359375
15,0.305583,0.570314,6655.048340
16,0.277729,0.570164,6937.836914
17,0.231006,0.472533,7353.803711
18,0.646103,0.834114,8967.645508
19,0.005064,0.494762,10997.422852
20,0.001387,0.492162,11080.608398
21,0.215850,0.537091,12045.614258
22,0.266334,0.528301,12311.842773
23,0.306858,0.553589,12727.726562
24,0.324661,0.534403,13027.250000
25,0.319215,0.528991,13160.315430
26,0.281615,0.450018,13343.331055
27,0.800419,0.416837,15705.862305
28,0.799875,0.421817,15938.800781
29,0.796276,0.433500,16138.439453
30,0.349403,0.492180,17768.947266
31,0.357080,0.499635,18018.523438
32,0.314300,0.555088,18251.435547
33,0.684259,0.425252,19199.773438
34,0.670108,0.419758,19499.230469
35,0.666555,0.412610,19599.097656
36,0.738850,0.523566,19948.433594
37,0.808797,0.471085,20430.966797
38,0.815345,0.450789,20630.623047
39,0.809380,0.451402,20796.962891
40,0.760276,0.410073,21029.931641
41,0.746193,0.388080,21412.587891
42,0.743579,0.357584,21728.703125
43,0.733458,0.501207,23708.544922
44,0.732025,0.508450,24423.953125
45,0.816298,0.475445,24839.927734
46,0.813786,0.477459,24973.037109
0,0.735109,0.505732,416.023895
1,0.538654,0.482424,1264.467041
2,0.524797,0.451687,1464.097412
3,0.513600,0.367722,1680.406982
4,0.419728,0.369861,2162.913818
5,0.385905,0.464014,2445.702637
6,0.363173,0.510170,2728.630371
7,0.363359,0.711486,3360.781250
8,0.913897,0.958603,4192.668945
9,0.777865,0.853076,4475.549805
10,0.020077,0.913897,4991.306641
11,0.426916,0.968656,5324.051270
12,0.421890,0.963710,5507.057129
13,0.361103,0.950222,5906.312988
14,0.044140,0.454156,7303.951660
15,0.031491,0.406142,7470.312500
16,0.990266,0.508269,7719.827148
17,0.075787,0.371457,7969.472168
18,0.803519,0.457648,9067.574219
19,0.806452,0.447128,9217.245117
20,0.788519,0.463713,9383.670898
21,0.803427,0.458108,9599.873047
22,0.617164,0.470712,10265.402344
23,0.571365,0.475491,10465.022461
24,0.528919,0.416637,10731.264648
25,0.500219,0.291607,11113.978516
26,0.531602,0.266233,11363.481445
27,0.261338,0.436728,12411.626953
28,0.228310,0.446497,12628.016602
29,0.209990,0.452166,12944.057617
30,0.231718,0.583646,13376.646484
31,0.213391,0.682747,13709.405273
32,0.204509,0.714554,14042.148438
33,0.169846,0.668290,14391.488281
34,0.205280,0.651705,14691.020508
35,0.167543,0.593336,14890.671875
36,0.153165,0.587642,15223.374023
37,0.119011,0.546007,15489.677734
38,0.094852,0.498881,15755.838867
39,0.083021,0.485529,16022.029297
40,0.069258,0.458921,16171.744141
41,0.109918,0.486257,16404.681641
42,0.127284,0.470121,16803.998047
43,0.473125,0.499716,17685.855469
44,0.507361,0.485039,18035.251953
45,0.665709,0.469711,18867.013672
46,0.691671,0.466074,19066.658203
47,0.779023,0.471406,19615.771484
48,0.815465,0.457257,19765.441406
49,0.807356,0.465148,19882.009766
50,0.845540,0.471386,20114.888672
51,0.823761,0.456551,20447.605469
52,0.857966,0.466808,20663.888672
53,0.774436,0.878765,21479.119141
54,0.760169,0.854001,21745.310547
55,0.586183,0.849960,22344.310547
56,0.584413,0.830332,22427.486328
57,0.544862,0.821008,22926.589844
58,0.404959,0.788848,23642.021484
59,0.379999,0.789662,23808.384766
60,0.379617,0.908358,23974.750000
61,0.303512,0.472875,24939.726562
0,0.750542,0.670797,249.658813
1,0.658114,0.350055,1880.115723
2,0.670123,0.372733,2029.852417
3,0.720358,0.499989,2828.462402
4,0.706017,0.497754,3127.989014
5,0.708081,0.467241,3410.783691
6,0.709677,0.474888,3493.979736
7,0.677189,0.356910,3926.561035
8,0.676377,0.425521,4309.211914
9,0.707767,0.420864,4641.992676
10,0.659644,0.363398,5057.854980
11,0.655902,0.335457,5257.522949
12,0.471635,0.417033,7004.455078
13,0.503303,0.508085,7303.976074
14,0.499381,0.498364,7487.039062
15,0.529986,0.476034,7669.995117
16,0.508651,0.381999,8302.225586
17,0.536674,0.228366,8851.280273
18,0.533658,0.205536,9001.067383
19,0.773651,0.396540,9899.397461
20,0.853870,0.449322,10265.453125
21,0.822664,0.576925,10531.655273
22,0.933968,0.597160,11346.930664
23,0.024094,0.434732,11779.463867
24,0.096964,0.387862,12278.622070
25,0.100013,0.412582,12494.915039
26,0.172586,0.442795,12694.528320
27,0.170885,0.422670,12860.907227
28,0.225052,0.521164,13360.087891
29,0.282171,0.590870,13526.422852
30,0.289611,0.601306,13842.517578
31,0.284579,0.593905,13942.334961
32,0.973729,0.529376,14973.867188
33,0.933744,0.494597,15556.184570
34,0.934139,0.483984,15755.858398
35,0.006251,0.510558,15938.854492
36,0.016609,0.621605,16338.155273
37,0.018074,0.588819,16537.806641
38,0.023224,0.543239,16737.511719
39,0.100662,0.321798,17353.046875
40,0.124062,0.438473,17685.791016
41,0.118175,0.466507,17902.083984
42,0.090125,0.363858,18085.136719
43,0.057508,0.318370,18284.783203
44,0.045611,0.255254,18750.597656
45,0.068057,0.583439,19449.410156
46,0.370367,0.481458,20913.529297
47,0.485477,0.436581,21595.669922
48,0.525003,0.514667,22128.064453
49,0.381989,0.432754,22810.162109
50,0.359341,0.470313,23076.369141
51,0.360618,0.464291,23292.697266
52,0.535687,0.254789,24057.992188
53,0.528673,0.189196,24290.947266
54,0.497490,0.625095,24756.828125
0,0.712483,0.420626,116.463081
1,0.705728,0.461891,399.314606
2,0.672689,0.432981,615.677612
3,0.663861,0.428730,964.987427
4,0.660871,0.417261,1447.476318
5,0.543919,0.495898,1813.534668
6,0.512795,0.502334,1996.592285
7,0.494200,0.455832,2229.507812
8,0.475800,0.446265,2495.665771
9,0.430688,0.490851,2911.604492
10,0.391901,0.493254,3144.604980
11,0.398577,0.484451,3360.818359
12,0.342506,0.485928,3676.927734
13,0.302805,0.513050,3876.588623
14,0.272843,0.508438,4176.028320
15,0.232025,0.484544,4575.312988
16,0.235778,0.490177,4758.390625
17,0.517727,0.498248,6039.459961
18,0.503990,0.471226,6388.925781
19,0.516698,0.279229,6854.753906
20,0.509050,0.266499,7104.324219
21,0.451049,0.376002,8152.451660
22,0.414695,0.407146,8485.219727
23,0.310396,0.527875,9167.353516
24,0.327283,0.501572,9683.108398
25,0.423241,0.521611,9999.171875
26,0.462673,0.528624,10415.150391
27,0.689464,0.452347,11446.664062
28,0.674192,0.418767,11613.080078
29,0.693299,0.476581,12494.920898
30,0.682076,0.464964,12877.571289
31,0.670140,0.438955,13193.598633
32,0.517887,0.356613,13909.060547
33,0.526902,0.284679,14308.349609
34,0.514542,0.263177,14424.827148
35,0.514461,0.500787,15106.947266
36,0.480021,0.472908,15539.541016
37,0.498301,0.472055,15838.967773
38,0.501926,0.515592,16404.718750
39,0.497645,0.452523,17136.712891
40,0.502103,0.439997,17352.986328
41,0.505994,0.427856,17486.146484
42,0.508231,0.420479,17585.966797
43,0.505861,0.504515,17785.560547
44,0.482768,0.447730,20231.296875
45,0.495524,0.333479,20497.570312
46,0.509748,0.251712,20980.015625
47,0.609786,0.483660,21529.042969
48,0.418144,0.542286,21911.722656
49,0.426985,0.544439,22061.458984
50,0.409786,0.536682,22227.814453
51,0.477087,0.571189,22843.427734
52,0.395741,0.532260,23275.990234
53,0.317232,0.549795,23758.468750
54,0.340424,0.502624,24224.361328
55,0.299753,0.500605,24507.224609
0,0.735858,0.503053,282.850311
1,0.719189,0.544598,598.901367
2,0.666952,0.435118,931.682678
3,0.668708,0.412213,1114.678711
4,0.726540,0.569114,1697.063843
5,0.731221,0.579700,1929.943115
6,0.636513,0.627788,2312.565918
7,0.689123,0.464448,2711.992188
8,0.525860,0.505615,3177.769775
9,0.496849,0.443550,3477.288574
10,0.452508,0.472624,3976.383789
11,0.456420,0.464042,4192.670410
12,0.575353,0.276973,4991.358887
13,0.566953,0.285907,5107.720215
14,0.375087,0.482291,5673.418457
15,0.314412,0.467429,6022.849121
16,0.314879,0.442820,6205.779297
17,0.284103,0.406423,6472.011719
18,0.288301,0.424617,6738.251465
19,0.362659,0.504033,7021.052246
20,0.381277,0.516960,7170.771973
21,0.408860,0.495855,7486.901855
22,0.448521,0.460984,7753.098633
23,0.471213,0.423651,8002.636230
24,0.497676,0.369567,8302.136719
25,0.531148,0.366881,8468.524414
26,0.627136,0.400235,8967.689453
27,0.624830,0.381186,9366.914062
28,0.519995,0.254578,9782.870117
29,0.528557,0.238700,9965.948242
30,0.529747,0.247877,10115.731445
31,0.645783,0.363524,10365.221680
32,0.643503,0.355811,10498.311523
33,0.505980,0.576828,10731.240234
34,0.509705,0.581042,10914.291016
35,0.485630,0.504446,11063.957031
36,0.470494,0.505681,11346.803711
37,0.454409,0.481987,11746.107422
38,0.520473,0.484973,11995.693359
39,0.560695,0.477014,12311.815430
40,0.816065,0.441656,13676.057617
41,0.806932,0.428691,13908.987305
42,0.792618,0.431492,14258.392578
43,0.793768,0.449300,14507.957031
44,0.783013,0.461041,15173.483398
45,0.788882,0.456619,15356.452148
46,0.792813,0.456183,15522.833008
47,0.952822,0.560970,17070.134766
48,0.014426,0.520434,17569.246094
49,0.051617,0.556268,17852.087891
50,0.062392,0.506053,18201.494141
51,0.002684,0.478436,18517.615234
52,0.017118,0.513776,18883.652344
53,0.016179,0.582971,19050.003906
54,0.929321,0.592060,19266.285156
55,0.905053,0.534514,19532.480469
56,0.663540,0.478331,20613.939453
57,0.643751,0.443309,20896.808594
58,0.633683,0.458589,21113.070312
59,0.621710,0.450994,21379.267578
60,0.652277,0.383156,21795.226562
61,0.661503,0.381016,21895.041016
62,0.508009,0.285086,23259.306641
63,0.539032,0.260036,23558.800781
64,0.477433,0.356013,23808.363281
65,0.428062,0.444529,24041.292969
66,0.434186,0.451288,24157.759766
67,0.426515,0.396335,24307.494141
68,0.460715,0.342386,24756.705078
0,0.744294,0.514167,216.342422
1,0.667655,0.409331,798.677185
2,0.816346,0.440816,1630.542480
3,0.824134,0.440588,2013.187988
4,0.883053,0.438966,2229.501465
5,0.933812,0.536912,2662.102539
6,0.936671,0.534562,2894.976562
7,0.979744,0.535084,3044.724121
8,0.004539,0.503927,3244.380127
9,0.028210,0.520211,3477.278809
10,0.023143,0.422519,3859.969971
11,0.920776,0.430630,4359.077148
12,0.908115,0.378087,4542.093262
13,0.792583,0.478497,5157.674805
14,0.792278,0.468371,5340.734863
15,0.508114,0.436105,6521.979492
16,0.498904,0.353695,6671.784668
17,0.505985,0.264842,6854.714355
18,0.530316,0.246731,7204.138184
19,0.533687,0.252898,7420.376465
20,0.501358,0.285349,8135.831543
21,0.489577,0.315519,8418.723633
22,0.451412,0.347051,8684.884766
23,0.389611,0.506002,9150.725586
24,0.336319,0.509281,9367.114258
25,0.291299,0.454387,10165.609375
26,0.374692,0.470722,10481.781250
27,0.457338,0.484320,10814.462891
28,0.528590,0.499406,11147.211914
29,0.538895,0.480944,11363.482422
30,0.516164,0.307844,11712.910156
31,0.524304,0.253594,11895.910156
32,0.531035,0.261578,12128.821289
33,0.537647,0.268644,12444.969727
34,0.492503,0.331737,13027.256836
35,0.681666,0.445095,14408.177734
36,0.676274,0.444301,14574.636719
37,0.783496,0.457369,14807.545898
38,0.806611,0.432639,15123.661133
39,0.899742,0.427996,15656.004883
40,0.894574,0.434402,15789.107422
41,0.939255,0.507414,16288.247070
42,0.934500,0.517886,16554.449219
43,0.946120,0.575328,16853.966797
44,0.922117,0.540429,17469.488281
45,0.882451,0.817393,17868.789062
46,0.931222,0.796189,18168.277344
47,0.017030,0.560454,18567.621094
48,0.993329,0.492345,18883.763672
49,0.889816,0.450043,19249.724609
50,0.891956,0.441479,19416.113281
51,0.882052,0.410336,19549.166016
52,0.857818,0.366705,19798.744141
53,0.836210,0.315059,20048.347656
54,0.797963,0.434880,20297.904297
55,0.794484,0.449834,20414.378906
56,0.776739,0.476760,20780.445312
57,0.661992,0.427072,21296.113281
58,0.670692,0.421613,21512.455078
59,0.668714,0.427888,22028.207031
60,0.519668,0.288945,22560.669922
61,0.535492,0.291502,22793.607422
62,0.466026,0.393036,23176.166016
63,0.413186,0.405854,23508.935547
64,0.379728,0.402400,23691.935547
65,0.345849,0.402974,23874.972656
66,0.527849,0.538369,24290.916016
67,0.534091,0.523488,24523.888672
68,0.604499,0.697403,24989.689453
