Idx, longitude, latitude, start timestamp
0,0.692865,0.560936,615.666992
1,0.720009,0.511772,865.107117
2,0.740073,0.471757,1430.887939
3,0.771275,0.540903,1780.298218
4,0.827277,0.499733,1996.505981
5,0.856090,0.519637,2429.089600
6,0.940053,0.511546,2678.741699
7,0.936692,0.443073,2894.952393
8,0.953134,0.429751,3144.464844
9,0.055587,0.521832,3477.178955
10,0.092478,0.491079,3710.182861
11,0.153645,0.466460,4225.977539
12,0.191687,0.455595,4525.472656
13,0.227131,0.545668,4808.311523
14,0.260648,0.609692,5124.469238
15,0.279282,0.683031,5440.524414
16,0.269577,0.808657,5789.891113
17,0.207093,0.793790,6022.811523
18,0.161680,0.668375,6239.123535
19,0.140123,0.601946,6538.597656
20,0.780089,0.495108,7852.882812
21,0.478206,0.743951,9034.217773
22,0.441380,0.750464,9283.769531
23,0.411980,0.677980,9549.952148
24,0.374180,0.642812,9849.479492
25,0.386245,0.577921,10115.631836
26,0.416883,0.531438,10398.432617
27,0.475180,0.501776,10598.062500
28,0.507707,0.543719,11113.992188
29,0.547447,0.596314,11413.428711
30,0.723576,0.472614,12228.520508
31,0.766070,0.500567,12461.578125
32,0.851471,0.359227,13210.250000
33,0.895933,0.219444,13509.681641
34,0.915407,0.235314,13842.458008
35,0.891070,0.167635,14491.255859
36,0.838018,0.260721,14807.405273
37,0.780236,0.415583,15539.474609
38,0.691789,0.426823,15822.349609
39,0.609450,0.514299,16521.089844
40,0.568777,0.479361,16803.966797
41,0.538269,0.466948,17036.820312
42,0.536798,0.486720,17169.949219
43,0.497430,0.501094,17352.943359
44,0.456379,0.531644,17735.593750
45,0.382087,0.483413,18068.478516
46,0.384050,0.490860,18218.126953
47,0.370311,0.422374,18401.212891
48,0.394620,0.482602,18733.949219
49,0.402662,0.516978,19183.033203
50,0.428082,0.510841,19532.556641
51,0.422002,0.500664,19765.447266
52,0.355811,0.450216,20231.367188
53,0.338951,0.441339,20430.947266
54,0.288983,0.621838,20963.275391
55,0.327794,0.676933,21262.726562
56,0.333353,0.789954,21529.005859
57,0.391765,0.794492,22094.638672
58,0.427602,0.797362,22327.666016
59,0.493135,0.796897,22593.744141
60,0.825154,0.524110,24374.015625
0,0.762499,0.606879,299.545074
1,0.761885,0.480978,549.094482
2,0.768500,0.379227,748.715454
3,0.794831,0.296143,964.977112
4,0.854739,0.315654,1181.395386
5,0.133107,0.565572,2212.815186
6,0.166835,0.596367,2578.829102
7,0.169085,0.552287,2811.884277
8,0.175504,0.554908,2944.958740
9,0.235587,0.577828,3710.239502
10,0.334415,0.654262,4292.607422
11,0.315047,0.788929,4625.313477
12,0.327872,0.820144,4908.190918
13,0.588172,0.963176,8069.208984
14,0.586343,0.934974,8218.959961
15,0.534643,0.897489,8451.947266
16,0.325336,0.926906,8734.745117
17,0.430441,0.733925,9549.922852
18,0.332325,0.755769,10032.456055
19,0.505447,0.680100,10747.901367
20,0.510038,0.723008,11247.030273
21,0.507552,0.733661,11679.683594
22,0.400690,0.802930,12178.677734
23,0.514662,0.491960,12927.412109
24,0.449901,0.509841,13193.643555
25,0.816352,0.506246,15922.195312
26,0.817283,0.483799,16188.328125
27,0.958091,0.454008,16937.113281
28,0.928365,0.435226,17186.609375
29,0.895277,0.548288,17768.923828
30,0.936287,0.426554,19682.271484
31,0.916648,0.416707,19915.187500
32,0.962910,0.422746,20214.617188
33,0.979043,0.429321,20430.917969
34,0.896004,0.533562,20980.017578
35,0.650472,0.467362,22410.867188
0,0.787387,0.572710,316.028931
1,0.772281,0.622651,482.426727
2,0.754824,0.890888,1430.815186
3,0.751620,0.874499,1647.102417
4,0.807370,0.504945,2196.175781
5,0.815695,0.552577,2445.771484
6,0.957807,0.521205,2911.513672
7,0.979479,0.521277,3111.199707
8,0.191615,0.651725,4408.865234
9,0.119119,0.497160,5124.296875
10,0.099409,0.576469,5373.893555
11,0.486348,0.640258,8834.435547
12,0.472798,0.751289,9133.971680
13,0.443213,0.647971,9333.670898
14,0.448367,0.489456,9832.863281
15,0.330767,0.855668,11563.038086
16,0.358614,0.880192,11795.989258
17,0.306631,0.668710,12344.982422
18,0.385208,0.546452,13592.858398
19,0.395042,0.587940,13792.500000
20,0.216976,0.632894,15140.116211
21,0.270555,0.497829,15838.947266
22,0.316611,0.767959,17718.914062
23,0.297980,0.859144,18001.824219
24,0.443324,0.807303,19665.542969
25,0.822606,0.593703,21994.908203
26,0.820938,0.535045,22344.222656
27,0.821213,0.549029,22627.119141
28,0.816601,0.536678,22893.222656
29,0.784038,0.783530,23192.748047
0,0.777829,0.508576,382.593506
1,0.808590,0.534170,648.835999
2,0.833263,0.493837,914.949951
3,0.832427,0.476753,1147.951538
4,0.811835,0.477692,1730.186279
5,0.875304,0.471064,2129.565674
6,0.938941,0.474351,2329.232666
7,0.971838,0.445327,2612.021240
8,0.880936,0.685330,2878.196777
9,0.909487,0.416598,3127.821533
10,0.241669,0.592551,5107.606445
11,0.084219,0.434252,5856.356445
12,0.095385,0.589865,6654.897949
13,0.321208,0.766758,10597.962891
14,0.322543,0.762799,10780.953125
15,0.348327,0.747277,11246.803711
16,0.352865,0.735202,11479.655273
17,0.241162,0.589936,11945.528320
18,0.190829,0.541636,12394.778320
19,0.344925,0.699537,13126.749023
20,0.302793,0.718056,13576.012695
21,0.313968,0.606912,13808.938477
22,0.315123,0.596861,13975.302734
23,0.331909,0.556579,14258.058594
24,0.352623,0.493575,14491.071289
25,0.347370,0.427648,14890.265625
26,0.358999,0.411018,15173.128906
27,0.383008,0.408325,15822.042969
28,0.470763,0.501338,16088.226562
29,0.664916,0.477619,17452.496094
30,0.709046,0.470727,17868.468750
31,0.846434,0.807751,18866.685547
32,0.842691,0.887559,19548.804688
33,0.909108,0.909240,19781.779297
34,0.661947,0.941556,20247.476562
35,0.616140,0.790293,21811.439453
36,0.605644,0.477163,22743.173828
37,0.610694,0.762671,24623.146484
0,0.744805,0.489004,183.173264
1,0.663551,0.463591,582.483459
2,0.751765,0.421163,1014.980042
3,0.819591,0.467074,1347.730469
4,0.907734,0.782856,1930.020874
5,0.938669,0.842535,2246.117188
6,0.997774,0.929329,2412.490967
7,0.192265,0.582687,3177.874023
8,0.214980,0.536194,3427.436768
9,0.255641,0.586683,3593.859863
10,0.302710,0.570843,4059.797607
11,0.347252,0.615798,4359.043457
12,0.366917,0.675031,4675.191406
13,0.316947,0.476324,5190.944336
14,0.136278,0.507926,5806.575684
15,0.377898,0.786382,6605.168945
16,0.328918,0.791543,6821.470215
17,0.454391,0.740384,7220.782715
18,0.445959,0.737135,7370.524414
19,0.391926,0.761499,7553.569824
20,0.333539,0.607641,7952.972656
21,0.292427,0.574428,8269.091797
22,0.335285,0.567279,8551.808594
23,0.398651,0.512069,9283.882812
24,0.414691,0.507138,9683.121094
25,0.488298,0.655654,10115.753906
26,0.456629,0.675031,10481.722656
27,0.456355,0.675318,10714.705078
28,0.404582,0.695556,11047.375000
29,0.501618,0.759611,11430.172852
30,0.526196,0.733963,11879.281250
31,0.520073,0.611259,12295.221680
32,0.485907,0.553094,12511.564453
33,0.463620,0.508002,12910.817383
34,0.432161,0.467983,13077.186523
35,0.369417,0.403960,13409.996094
36,0.352248,0.385036,13909.053711
37,0.363136,0.405862,14125.281250
38,0.661391,0.481462,15406.501953
39,0.563361,0.548700,15772.458008
40,0.485987,0.715447,16171.732422
41,0.472732,0.744904,16388.146484
42,0.487152,0.745358,16820.617188
43,0.564677,0.795046,17086.931641
44,0.762261,0.736684,17785.566406
45,0.742347,0.745905,17968.548828
46,0.749107,0.604278,18367.972656
47,0.741121,0.496426,18667.435547
48,0.792572,0.467664,18983.613281
49,0.820134,0.448077,19249.667969
50,0.805431,0.446916,19649.091797
51,0.770974,0.412019,19815.460938
52,0.763165,0.418377,20031.646484
53,0.756691,0.329369,20214.638672
54,0.762584,0.332515,20314.521484
55,0.817783,0.279775,20663.927734
56,0.818915,0.276160,20963.515625
57,0.809842,0.767129,21728.728516
58,0.783330,0.782714,22094.765625
59,0.733877,0.747343,22360.861328
60,0.677543,0.600624,22660.464844
61,0.645272,0.476095,22909.994141
62,0.630470,0.482156,23292.591797
63,0.651835,0.400310,23509.007812
64,0.750744,0.387019,23991.439453
65,0.688404,0.478465,24324.113281
0,0.749630,0.521170,282.815979
1,0.760731,0.454761,565.760193
2,0.755424,0.407799,748.703369
3,0.748157,0.387759,881.789551
4,0.774415,0.334718,1148.062622
5,0.769136,0.317555,1297.774414
6,0.810272,0.380590,1547.359009
7,0.815203,0.486140,2246.053223
8,0.808827,0.507616,2545.536865
9,0.779720,0.519269,2944.873047
10,0.794512,0.513173,3210.991211
11,0.765402,0.572537,3427.405273
12,0.730865,0.527342,3693.597900
13,0.722916,0.616585,4076.243896
14,0.760252,0.658063,4292.509766
15,0.786788,0.743705,4492.139160
16,0.772429,0.748868,4824.841797
17,0.777857,0.869016,5207.617188
18,0.776507,0.861884,5473.732910
19,0.792422,0.849109,5623.475098
20,0.952609,0.947653,6571.870117
21,0.849217,0.969236,6738.293945
22,0.945147,0.447223,7570.041016
23,0.930518,0.420174,7786.503418
24,0.905650,0.421599,8035.906738
25,0.643646,0.457580,10065.795898
26,0.675023,0.462254,10248.747070
27,0.671934,0.455492,10581.524414
28,0.628754,0.479918,10864.356445
29,0.618716,0.636586,11247.045898
30,0.227122,0.402180,16321.378906
31,0.177715,0.483536,16521.173828
32,0.641087,0.472452,19965.101562
33,0.759281,0.556260,20497.433594
34,0.213872,0.561963,24973.009766
0,0.741008,0.511795,249.638077
1,0.752367,0.545988,382.778473
2,0.751480,0.637700,615.596375
3,0.774853,0.699836,798.724060
4,0.790440,0.766100,998.299561
5,0.817637,0.771921,1214.568726
6,0.898450,0.793836,1863.459229
7,0.923831,0.804183,2063.101562
8,0.935707,0.463956,2678.695068
9,0.927376,0.425171,2911.614990
10,0.958550,0.436437,3094.605225
11,0.946826,0.448535,3360.822021
12,0.804830,0.381949,3909.832764
13,0.760807,0.431139,4408.996582
14,0.819165,0.461688,4675.210449
15,0.658678,0.433887,5257.544434
16,0.651662,0.475128,5423.896484
17,0.640847,0.484710,5606.894043
18,0.517610,0.751025,6754.972168
19,0.414738,0.761625,7137.641602
20,0.354967,0.776071,7353.842773
21,0.328337,0.750987,7603.385742
22,0.251090,0.505969,8501.835938
23,0.209497,0.540969,8784.766602
24,0.190433,0.576198,8984.347656
25,0.182030,0.577651,9300.430664
26,0.165666,0.564364,9466.841797
27,0.150187,0.537329,9699.743164
28,0.167540,0.565879,10215.481445
29,0.195888,0.481965,10465.077148
30,0.202808,0.470164,10614.784180
31,0.206100,0.467524,10797.880859
32,0.274815,0.474141,11313.573242
33,0.080569,0.634897,12079.012695
34,0.057242,0.587411,12245.301758
35,0.092030,0.520400,12794.417969
36,0.106985,0.486827,12977.412109
37,0.141836,0.505119,13243.524414
38,0.128429,0.501352,13592.930664
39,0.154313,0.488442,13775.941406
40,0.178882,0.484136,14158.662109
41,0.213105,0.462238,14591.208008
42,0.322397,0.600744,15290.058594
43,0.348709,0.490464,15656.037109
44,0.368679,0.493281,15888.949219
45,0.385921,0.499921,16121.843750
46,0.405929,0.504986,16388.039062
47,0.376346,0.424912,16670.908203
48,0.462549,0.484949,16920.484375
49,0.454884,0.490266,17253.238281
50,0.441273,0.451144,17386.328125
51,0.472729,0.537656,17935.339844
52,0.472367,0.548347,18035.257812
53,0.477304,0.560864,18184.925781
54,0.467790,0.545989,18417.888672
55,0.475642,0.567488,18634.140625
56,0.513652,0.554022,18800.517578
57,0.528527,0.547192,19449.371094
58,0.527330,0.548837,19682.300781
59,0.530145,0.593517,20064.982422
60,0.528328,0.738032,20264.705078
61,0.518579,0.750940,20913.503906
62,0.531162,0.732006,21196.332031
63,0.528111,0.753860,21379.363281
64,0.568703,0.815055,21562.353516
65,0.620168,0.913383,21745.367188
66,0.587452,0.893519,21978.310547
67,0.743316,0.855247,22244.533203
68,0.770499,0.753414,22560.595703
69,0.749959,0.732541,22843.470703
70,0.740872,0.710034,23026.466797
71,0.751262,0.743217,23309.310547
72,0.768110,0.785304,23642.054688
73,0.729047,0.718191,23908.230469
74,0.755045,0.628504,24091.330078
75,0.766971,0.605912,24290.943359
0,0.741576,0.406832,515.773926
1,0.791987,0.517966,1014.866882
2,0.633503,0.535179,1497.379395
3,0.441292,0.594723,2312.565186
4,0.301768,0.637720,2961.482178
5,0.230363,0.638906,3776.667480
6,0.176008,0.555220,4625.211914
7,0.133513,0.545592,4924.643066
8,0.113075,0.546120,5373.909668
9,0.105420,0.517519,5956.314453
10,0.102210,0.512522,6355.489746
11,0.121472,0.521305,6838.021973
12,0.120661,0.519850,7603.371582
13,0.110421,0.515546,8435.273438
14,0.833346,0.475333,12411.697266
15,0.524851,0.717754,14757.511719
16,0.523219,0.725800,15239.991211
17,0.481754,0.734474,15539.519531
18,0.313760,0.713334,16537.738281
19,0.291039,0.698668,16737.369141
20,0.341395,0.408805,17951.972656
21,0.354572,0.446418,18201.462891
22,0.322008,0.474829,18484.291016
23,0.342012,0.515106,18750.591797
24,0.345192,0.511314,19000.070312
25,0.334858,0.524606,19199.652344
26,0.359769,0.541309,19499.179688
27,0.290809,0.578038,20014.914062
0,0.757050,0.506893,282.890930
1,0.729062,0.499689,499.194092
2,0.713507,0.632436,715.429810
3,0.724501,0.691061,881.816650
4,0.766693,0.699835,1098.138550
5,0.777429,0.770396,1331.105713
6,0.760644,0.793576,1580.575684
7,0.782295,0.384064,2079.764893
8,0.782268,0.368180,2179.535400
9,0.738554,0.387769,2429.139893
10,0.618993,0.532966,3094.596436
11,0.567924,0.560386,3410.733643
12,0.541142,0.564302,3676.921143
13,0.616355,0.532516,4009.684082
14,0.656843,0.474646,4225.957520
15,0.687376,0.443825,4375.701660
16,0.717402,0.475796,4791.645508
17,0.717298,0.492648,5091.123535
18,0.976348,0.474011,6006.203125
19,0.942566,0.735278,6488.692383
20,0.873189,0.797820,6871.371582
21,0.863693,0.780410,7104.303711
22,0.852662,0.810384,7287.302734
23,0.810655,0.862171,7536.860352
24,0.359799,0.677443,9117.453125
25,0.297364,0.705003,9450.204102
26,0.333399,0.723468,9683.100586
27,0.336828,0.760009,9965.938477
28,0.327769,0.704890,10415.163086
29,0.344983,0.708821,10697.998047
30,0.362813,0.540319,10997.458984
31,0.400031,0.501307,11180.490234
32,0.467386,0.488071,11363.507812
33,0.484733,0.537672,11779.446289
34,0.526842,0.528239,12062.256836
35,0.165352,0.593433,13193.671875
36,0.145407,0.511863,13592.929688
37,0.216334,0.557863,13825.863281
38,0.354802,0.662494,14208.519531
39,0.369581,0.687600,14391.547852
40,0.353078,0.701376,14657.735352
41,0.330197,0.717676,14840.745117
42,0.320796,0.732485,15007.135742
43,0.333318,0.778108,15173.511719
44,0.357183,0.798719,15556.160156
45,0.418102,0.751747,15722.545898
46,0.432460,0.713455,16005.396484
47,0.461463,0.935998,16737.472656
48,0.400296,0.900043,17303.111328
49,0.392857,0.897252,17885.460938
50,0.394088,0.895117,18184.908203
51,0.372097,0.886234,18351.289062
52,0.395553,0.887055,18700.669922
53,0.406070,0.910403,18900.312500
54,0.437117,0.912658,19166.546875
55,0.435684,0.891704,19515.929688
56,0.412967,0.877011,19632.376953
57,0.322462,0.680311,20081.609375
58,0.307872,0.586296,20247.976562
59,0.345205,0.490953,20514.175781
60,0.377111,0.519941,20930.101562
61,0.395728,0.637723,21412.605469
62,0.443106,0.891331,21712.109375
63,0.444207,0.903010,21928.365234
64,0.439589,0.904705,22128.048828
65,0.412008,0.924964,22444.134766
66,0.434524,0.930137,23009.833984
67,0.462809,0.903820,23209.457031
68,0.543164,0.734821,23558.839844
69,0.557750,0.774181,23858.333984
70,0.589626,0.535900,24191.097656
71,0.585876,0.469413,24374.080078
72,0.572957,0.409141,24607.005859
0,0.742406,0.554293,33.281750
1,0.761323,0.557647,332.781708
2,0.748223,0.620498,698.821533
3,0.745879,0.741379,1164.621826
4,0.781077,0.785027,1380.991821
5,0.764629,0.803039,1896.705811
6,0.763890,0.793021,2079.693848
7,0.774852,0.870758,2595.440674
8,0.708572,0.933730,2761.849854
9,0.659785,0.979935,3028.067383
10,0.694313,0.971450,3144.503174
11,0.929381,0.961627,3294.263916
12,0.404244,0.953751,3593.705811
13,0.321767,0.916865,3826.665771
14,0.320858,0.879190,4109.485352
15,0.321091,0.894152,4192.681641
16,0.698290,0.961685,4458.905762
17,0.816396,0.903192,4708.450195
18,0.784276,0.778870,5224.187500
19,0.776513,0.713505,5673.467773
20,0.741393,0.562955,5923.008789
21,0.749496,0.511897,6189.211426
22,0.760080,0.470218,6355.591309
23,0.750406,0.417966,6638.394043
24,0.751145,0.413025,6871.400879
25,0.743926,0.419918,7320.561035
26,0.664256,0.444291,7686.658203
27,0.634708,0.479725,7919.483398
28,0.636664,0.494386,8085.905762
29,0.603590,0.532137,8252.230469
30,0.604917,0.611929,8551.766602
31,0.512391,0.717622,8951.083008
32,0.479825,0.743434,9150.685547
33,0.391162,0.768089,9982.594727
34,0.349427,0.699925,10448.481445
35,0.456336,0.551989,10930.882812
36,0.448554,0.494373,11197.086914
37,0.409958,0.495360,11396.731445
38,0.379669,0.499545,11812.683594
39,0.377039,0.467483,12012.357422
40,0.366157,0.408304,12162.103516
41,0.359130,0.422775,12494.812500
42,0.348382,0.634375,12944.028320
43,0.352489,0.666692,13160.418945
44,0.324989,0.716602,13443.188477
45,0.273349,0.728032,13709.371094
46,0.296285,0.641696,13942.359375
47,0.317598,0.506029,14158.600586
48,0.286798,0.501494,14491.365234
49,0.291279,0.478382,14757.569336
50,0.333021,0.500126,15073.662109
51,0.350142,0.485995,15306.611328
52,0.360500,0.454123,15589.449219
53,0.410491,0.489084,15838.966797
54,0.459369,0.540823,16055.291992
55,0.469476,0.433748,16604.326172
56,0.465829,0.421565,16720.863281
57,0.484495,0.393737,16870.550781
58,0.547733,0.433920,17186.654297
59,0.565947,0.434724,17369.648438
60,0.565685,0.422576,17502.738281
61,0.564566,0.399564,17635.851562
62,0.714841,0.728294,18600.818359
63,0.711968,0.657769,18800.515625
64,0.661005,0.488616,19266.351562
65,0.685323,0.443334,19482.638672
66,0.686253,0.428768,19682.277344
67,0.678031,0.421318,19865.269531
68,0.725063,0.479553,20131.517578
69,0.722721,0.543182,20331.128906
70,0.638910,0.572751,20663.912109
71,0.625259,0.526583,20863.533203
72,0.636027,0.444733,21113.099609
73,0.975031,0.503965,22294.380859
74,0.971246,0.502566,22427.503906
75,0.967120,0.480993,22760.259766
76,0.961702,0.662279,23043.074219
77,0.039518,0.714502,23275.992188
78,0.148502,0.737864,23841.671875
79,0.191679,0.774120,24141.183594
80,0.095328,0.932520,24590.359375
81,0.027594,0.954955,24790.033203
0,0.832148,0.466454,316.127625
1,0.825596,0.466454,449.224609
2,0.971823,0.418273,1048.212769
3,0.967451,0.407164,1181.280518
4,0.231446,0.465839,2845.081543
5,0.519366,0.432806,5257.526855
6,0.417167,0.393775,6771.558105
7,0.181791,0.441761,8751.385742
8,0.197249,0.436731,8901.158203
9,0.231164,0.458252,9084.209961
10,0.233602,0.476506,9233.906250
11,0.231839,0.488878,9450.181641
12,0.336961,0.639143,9866.249023
13,0.347092,0.673671,10065.790039
14,0.276202,0.743808,10465.112305
15,0.423706,0.528561,12627.969727
16,0.476246,0.522811,13077.166016
17,0.478539,0.505641,13160.411133
18,0.306880,0.771026,13726.125000
19,0.292917,0.849879,14108.690430
20,0.357244,0.870718,14308.349609
21,0.019962,0.960715,14591.303711
22,0.993834,0.953088,14774.222656
23,0.485491,0.686297,17353.060547
24,0.494615,0.689763,17502.763672
25,0.504675,0.737289,17868.781250
26,0.507090,0.749977,18035.207031
27,0.467953,0.718129,18484.390625
28,0.516465,0.679605,18767.253906
29,0.431436,0.705829,20281.251953
30,0.279059,0.595726,21562.394531
31,0.304626,0.342203,24806.732422
32,0.304456,0.334479,24973.029297
0,0.682631,0.730956,316.197174
1,0.778513,0.708292,1946.633545
2,0.731250,0.725339,2113.109863
3,0.767833,0.724723,2445.788574
4,0.784163,0.654207,2845.116943
5,0.786165,0.661225,2961.541748
6,0.776181,0.637707,3094.626709
7,0.757634,0.787226,3510.568848
8,0.727959,0.800113,4059.618652
9,0.709479,0.865959,4275.980469
10,0.713960,0.890578,4492.219727
11,0.746363,0.685140,6205.850586
12,0.762810,0.633538,6438.787109
13,0.773366,0.656454,7487.000000
14,0.762760,0.712980,7919.523926
15,0.778069,0.752058,8335.479492
16,0.740218,0.690765,8518.530273
17,0.774149,0.348211,9250.592773
18,0.737610,0.368062,9483.494141
19,0.704308,0.418693,9816.237305
20,0.601547,0.547828,10365.282227
21,0.539467,0.508736,11563.219727
22,0.505893,0.452020,11812.757812
23,0.436642,0.449659,12045.650391
24,0.438870,0.463069,12195.485352
25,0.344631,0.371020,12627.964844
26,0.390359,0.490933,12877.632812
27,0.392822,0.519468,13193.642578
28,0.425952,0.504286,13476.582031
29,0.539009,0.222903,14341.685547
30,0.604257,0.372926,14607.940430
31,0.663301,0.418261,15007.182617
32,0.679569,0.425592,15223.432617
33,0.647446,0.448514,15539.612305
34,0.194345,0.533734,16587.742188
35,0.343854,0.681051,17286.552734
36,0.328861,0.641356,17502.851562
37,0.342706,0.676045,17685.816406
38,0.299358,0.567353,18001.953125
39,0.336433,0.694203,18318.107422
40,0.318206,0.825187,19332.962891
41,0.440139,0.787450,19599.138672
42,0.447111,0.747879,19765.505859
43,0.372151,0.373465,19948.501953
44,0.327617,0.346640,20114.925781
45,0.385206,0.440193,20431.041016
46,0.215037,0.419447,20763.833984
47,0.070071,0.483759,21562.373047
48,0.054506,0.529169,22078.218750
49,0.061858,0.528290,22344.349609
50,0.087662,0.519942,22993.210938
51,0.116866,0.546120,23209.472656
52,0.325306,0.909593,23592.138672
53,0.420044,0.944621,23924.953125
54,0.525805,0.921531,24141.218750
55,0.525431,0.950037,24324.234375
56,0.590576,0.882693,24973.066406
0,0.767608,0.575499,482.525757
1,0.843583,0.800764,1647.088745
2,0.514238,0.671505,2429.113770
3,0.502318,0.599055,2745.159668
4,0.434736,0.591381,2944.770752
5,0.361928,0.558863,3493.856934
6,0.331193,0.551704,3693.533691
7,0.336388,0.539417,3993.050049
8,0.352334,0.749272,4691.727051
9,0.316519,0.753670,4974.697754
10,0.333311,0.754058,5240.883789
11,0.326308,0.699130,5573.580078
12,0.336477,0.796309,5972.839844
13,0.336633,0.833277,6272.354980
14,0.375497,0.820027,6621.738281
15,0.448980,0.908497,6954.541992
16,0.386605,0.976149,7819.619141
17,0.467649,0.989343,7936.067871
18,0.764514,0.964221,8767.988281
19,0.791108,0.936036,8967.743164
20,0.179816,0.670594,9865.995117
21,0.136842,0.491777,10165.517578
22,0.164755,0.491645,10365.109375
23,0.185434,0.481311,10564.822266
24,0.228777,0.491907,10781.156250
25,0.203187,0.510782,11030.658203
26,0.246786,0.598225,11496.520508
27,0.816974,0.333697,13027.186523
28,0.505917,0.449808,13942.204102
29,0.342931,0.423088,14724.209961
30,0.318036,0.439038,15023.657227
31,0.356177,0.411629,15190.043945
32,0.375914,0.409704,15589.262695
33,0.356481,0.392303,15888.882812
34,0.347731,0.629108,16387.919922
35,0.352458,0.679323,16537.621094
36,0.357031,0.689365,16670.789062
37,0.361372,0.391757,17253.107422
38,0.371909,0.410586,17469.417969
39,0.373778,0.417298,17585.861328
40,0.339297,0.405285,17868.707031
41,0.227365,0.513930,18184.771484
42,0.171938,0.546058,18351.128906
43,0.208512,0.484665,18683.894531
44,0.218917,0.448255,18900.257812
45,0.212817,0.450094,19216.365234
46,0.230519,0.444367,19449.248047
47,0.208364,0.441772,19948.416016
48,0.205179,0.455759,20247.867188
49,0.210292,0.586269,20547.351562
50,0.209881,0.601622,20663.826172
51,0.166210,0.613275,20896.666016
52,0.149532,0.544504,21129.693359
53,0.125621,0.513614,21362.533203
54,0.125542,0.496003,21545.527344
55,0.132601,0.479335,21911.574219
56,0.163077,0.472757,22510.525391
57,0.164057,0.462409,22760.078125
58,0.127662,0.482665,23325.787109
59,0.144746,0.493372,23575.417969
60,0.123529,0.518986,23924.781250
61,0.152731,0.554916,24207.613281
62,0.132602,0.587179,24556.980469
63,0.138393,0.558655,24773.277344
64,0.139543,0.552354,24972.847656
0,0.756236,0.504548,199.750107
1,0.784648,0.516852,532.421448
2,0.786754,0.681931,732.094055
3,0.762605,0.720833,915.075989
4,0.752252,0.779544,1114.770020
5,0.748554,0.439139,1830.147827
6,0.813680,0.500468,2079.677002
7,0.824630,0.501706,2345.979492
8,0.759984,0.453270,2612.163330
9,0.829840,0.507840,2878.286621
10,0.756817,0.386727,3327.492188
11,0.749494,0.340867,3527.177734
12,0.674181,0.452293,4259.276855
13,0.628932,0.596992,4791.687012
14,0.330970,0.711812,7137.520996
15,0.269692,0.738092,7586.824219
16,0.370588,0.813452,8102.497070
17,0.370074,0.800049,8202.331055
18,0.312118,0.756826,8634.904297
19,0.303733,0.688131,8917.724609
20,0.327594,0.684111,9117.419922
21,0.305470,0.617406,9433.533203
22,0.317082,0.586716,9633.162109
23,0.179019,0.730360,9799.539062
24,0.350574,0.483368,10248.772461
25,0.384799,0.523629,10431.788086
26,0.379698,0.517722,10564.887695
27,0.426489,0.506238,10797.805664
28,0.464823,0.507100,10997.481445
29,0.367799,0.501938,11829.325195
30,0.343088,0.517541,12128.808594
31,0.167976,0.514936,13659.465820
32,0.139397,0.512493,13909.092773
33,0.117356,0.515624,14191.853516
34,0.086549,0.493981,14507.971680
35,0.095953,0.498499,14724.274414
36,0.093170,0.577289,15472.945312
37,0.110906,0.554696,15705.867188
38,0.203031,0.566176,16005.357422
39,0.205420,0.528831,16388.025391
40,0.235308,0.550254,16737.398438
41,0.260617,0.588933,16920.429688
42,0.265917,0.642777,17286.464844
43,0.273883,0.473329,17635.839844
44,0.263822,0.426356,17852.105469
45,0.223414,0.441835,18151.601562
46,0.190318,0.448867,18417.812500
47,0.161633,0.454797,18684.013672
48,0.130182,0.467257,18966.837891
49,0.103860,0.491729,19233.076172
50,0.077871,0.492479,19532.523438
51,0.000375,0.460536,20064.916016
52,0.928476,0.457951,20597.320312
53,0.917684,0.474139,20979.976562
54,0.900367,0.437878,21262.863281
55,0.957526,0.443754,22926.619141
56,0.952664,0.448896,23043.048828
57,0.905302,0.424028,23259.328125
58,0.968317,0.430853,23459.033203
59,0.965308,0.429957,23974.771484
60,0.043561,0.479687,24440.617188
61,0.081955,0.660979,24989.660156
0,0.746091,0.649285,316.136902
1,0.759325,0.560678,499.102692
2,0.737148,0.471247,715.437256
3,0.676986,0.464671,964.951965
4,0.594993,0.488233,1447.445068
5,0.568395,0.499373,1613.844238
6,0.524700,0.531046,1830.155273
7,0.495719,0.546806,2179.488525
8,0.453501,0.553466,2412.508301
9,0.439387,0.532001,2628.784668
10,0.441211,0.508458,2861.615723
11,0.421021,0.497351,3177.768555
12,0.376363,0.643764,3693.563232
13,0.357222,0.628635,3826.604004
14,0.333499,0.646369,4076.198242
15,0.308609,0.623405,4392.304688
16,0.304278,0.599271,4625.298828
17,0.314847,0.670551,4991.293457
18,0.299091,0.728337,5257.448242
19,0.251569,0.474243,5673.377930
20,0.337821,0.497560,5972.897461
21,0.359852,0.457466,6372.206055
22,0.370944,0.412693,6571.796875
23,0.365775,0.411964,6771.509766
24,0.378135,0.398192,7154.160156
25,0.362425,0.397759,7536.824219
26,0.469834,0.502023,7919.496582
27,0.454940,0.545177,8218.919922
28,0.160223,0.652864,10747.900391
29,0.221220,0.580044,11163.802734
30,0.218412,0.545637,11313.521484
31,0.284578,0.840202,11762.769531
32,0.333940,0.661167,12245.259766
33,0.354190,0.818369,12627.927734
34,0.389868,0.898960,13127.022461
35,0.408678,0.907953,13243.492188
36,0.564779,0.934549,14541.215820
37,0.655262,0.933333,14807.426758
38,0.091589,0.957770,15206.734375
39,0.788335,0.919419,15722.512695
40,0.617399,0.992465,16105.154297
41,0.387176,0.968650,16437.906250
42,0.358389,0.964658,16537.750000
43,0.327398,0.957243,16704.134766
44,0.209914,0.948549,16970.296875
45,0.143070,0.938133,17153.333984
46,0.131466,0.945100,17319.720703
47,0.879990,0.914711,18317.962891
48,0.806661,0.915727,18584.173828
49,0.812825,0.914117,18817.083984
50,0.844299,0.932720,19033.376953
51,0.017934,0.925986,19316.246094
52,0.802356,0.781581,19698.865234
53,0.803501,0.743732,19931.820312
54,0.823328,0.739918,20148.121094
55,0.809237,0.434044,20747.060547
56,0.822484,0.464548,21063.160156
57,0.944481,0.433683,21529.054688
58,0.956233,0.465773,21662.140625
59,0.959405,0.496868,21994.894531
60,0.977444,0.526414,22344.294922
61,0.102662,0.530929,22810.136719
62,0.127293,0.516762,23076.324219
63,0.131916,0.531607,23342.527344
64,0.177830,0.598272,23608.738281
65,0.146771,0.603798,23908.212891
66,0.206028,0.552187,24257.574219
67,0.186161,0.532237,24473.865234
68,0.231059,0.490600,24706.824219
69,0.231316,0.475648,24973.035156
0,0.769148,0.497483,399.279907
1,0.823333,0.461670,748.693542
2,0.832284,0.471856,1131.377441
3,0.814856,0.472204,1613.804199
4,0.830573,0.475540,2062.994629
5,0.802400,0.508183,2495.631348
6,0.741623,0.553620,2695.333740
7,0.759143,0.626260,2961.537842
8,0.776304,0.636533,3144.549072
9,0.805747,0.655283,3510.540039
10,0.779088,0.709660,3843.296875
11,0.818231,0.737887,4026.257324
12,0.824283,0.743587,4209.247070
13,0.734814,0.409969,4675.111328
14,0.783721,0.388168,4891.410156
15,0.788429,0.390595,4991.237793
16,0.966776,0.437437,5506.992188
17,0.894597,0.526193,5773.179199
18,0.923451,0.485332,6355.518066
19,0.944035,0.450532,6538.515137
20,0.913854,0.771733,7137.477051
21,0.933696,0.818095,7387.039551
22,0.893200,0.880740,7686.509277
23,0.866990,0.903516,7819.629883
24,0.840632,0.931037,8002.628906
25,0.025962,0.976918,8401.943359
26,0.952670,0.978034,8634.883789
27,0.200727,0.584440,9616.502930
28,0.234690,0.471760,10132.231445
29,0.148596,0.500665,10398.440430
30,0.116213,0.482654,10531.531250
31,0.103374,0.474848,10714.546875
32,0.165906,0.447355,10947.490234
33,0.176238,0.455793,11280.238281
34,0.167041,0.453188,11679.591797
35,0.194824,0.460767,12078.860352
36,0.192830,0.498057,12378.334961
37,0.166347,0.485318,12544.693359
38,0.151568,0.461088,12993.896484
39,0.184228,0.514206,13359.948242
40,0.173366,0.479620,13642.783203
41,0.169745,0.458158,13908.966797
42,0.320200,0.548378,14225.092773
43,0.346974,0.694968,14724.225586
44,0.336368,0.740536,14923.876953
45,0.355484,0.764898,15123.501953
46,0.363815,0.785440,15556.096680
47,0.346830,0.788935,15822.303711
48,0.351583,0.732167,16055.233398
49,0.346824,0.702161,16288.140625
50,0.315402,0.698439,16471.169922
51,0.313133,0.638682,16687.453125
52,0.318322,0.608546,16903.742188
53,0.343711,0.685017,17136.660156
54,0.337917,0.792570,17352.958984
55,0.333271,0.814840,17552.619141
56,0.399363,0.770215,17885.355469
57,0.406107,0.720417,18068.367188
58,0.415392,0.612101,18234.750000
59,0.471655,0.533773,18634.056641
60,0.421916,0.511368,18850.351562
61,0.395759,0.499975,19050.013672
62,0.380594,0.503835,19316.199219
63,0.419276,0.498691,19765.427734
64,0.541555,0.525061,20647.212891
65,0.506427,0.756960,21162.966797
66,0.413471,0.757281,22094.693359
67,0.307934,0.641581,22493.966797
68,0.321737,0.576811,22810.113281
69,0.326260,0.569922,22943.205078
70,0.309860,0.496854,23242.666016
71,0.196835,0.482740,23891.552734
72,0.212970,0.475740,24107.818359
0,0.761706,0.417533,732.107178
1,0.755335,0.404193,981.636841
2,0.741924,0.585495,1314.390015
3,0.737429,0.766110,1730.384521
4,0.798253,0.794690,1930.062744
5,0.855464,0.799703,2163.010254
6,0.848670,0.801876,2345.951172
7,0.137987,0.585833,3344.270752
8,0.170850,0.578087,3527.202637
9,0.056543,0.457305,3826.672852
10,0.639611,0.469601,5207.598633
11,0.432840,0.623481,5939.675293
12,0.367047,0.615269,6205.886719
13,0.368777,0.618233,6438.833984
14,0.332798,0.612183,6621.784668
15,0.332912,0.619090,6738.350098
16,0.308434,0.669170,6904.655273
17,0.318186,0.685935,7603.440918
18,0.308867,0.601988,8019.382324
19,0.329089,0.491786,8335.492188
20,0.330329,0.477934,8451.961914
21,0.282450,0.458236,8618.333008
22,0.207489,0.469868,8917.780273
23,0.199486,0.458003,9034.283203
24,0.194855,0.559560,9300.432617
25,0.227176,0.583033,9550.071289
26,0.364950,0.496167,9882.750977
27,0.412351,0.465461,10115.676758
28,0.416929,0.479557,10365.305664
29,0.398897,0.507862,10531.662109
30,0.423334,0.542997,10930.920898
31,0.441217,0.540010,11263.668945
32,0.430899,0.484545,11663.008789
33,0.418734,0.464271,11879.271484
34,0.413228,0.463446,11995.733398
35,0.417371,0.484071,12245.350586
36,0.532343,0.550411,12611.420898
37,0.511031,0.702822,12894.207031
38,0.506682,0.734350,13060.561523
39,0.475596,0.744597,13260.176758
40,0.456963,0.746248,13526.443359
41,0.372026,0.713563,13909.103516
42,0.383387,0.721136,14075.441406
43,0.445533,0.659289,14408.184570
44,0.506968,0.725168,14774.204102
45,0.502081,0.702055,15073.722656
46,0.560062,0.637436,15256.785156
47,0.581973,0.556789,15522.935547
48,0.729858,0.498158,16238.397461
49,0.775008,0.436666,16487.882812
50,0.793456,0.516697,16953.740234
51,0.819350,0.504008,17153.373047
52,0.817320,0.513390,17386.359375
53,0.826634,0.524729,17702.431641
54,0.827962,0.519911,17818.937500
55,0.816340,0.511671,18168.287109
56,0.826749,0.437365,18534.404297
57,0.755658,0.684930,18966.878906
58,0.776421,0.757431,19266.394531
59,0.790809,0.803077,19565.890625
60,0.775219,0.803358,19765.539062
61,0.856735,0.816390,20098.224609
62,0.907819,0.752183,20331.250000
63,0.909657,0.457941,20730.599609
64,0.927408,0.412637,20930.105469
65,0.933729,0.428145,21246.226562
66,0.918559,0.409321,21645.568359
67,0.884131,0.373578,21828.593750
68,0.937518,0.428334,22028.195312
69,0.948407,0.386764,22311.054688
70,0.937448,0.390147,22494.082031
71,0.900222,0.387926,22810.216797
72,0.750959,0.352235,23342.574219
73,0.829616,0.292094,23758.552734
74,0.662197,0.399270,24224.447266
75,0.647962,0.419418,24557.230469
0,0.745778,0.603620,415.973297
1,0.756011,0.646386,748.661682
2,0.821958,0.714375,931.710144
3,0.892033,0.734987,1247.783203
4,0.935569,0.780706,1480.712280
5,0.935977,0.788320,1613.812744
6,0.980417,0.855174,2063.074219
7,0.982781,0.861785,2179.532715
8,0.029833,0.846130,2412.519043
9,0.079475,0.660290,2745.220703
10,0.984509,0.511520,3044.713135
11,0.949862,0.486540,3194.426514
12,0.942540,0.449125,3527.154541
13,0.955770,0.446864,3610.433350
14,0.928960,0.447069,3959.762451
15,0.933920,0.447483,4059.594238
16,0.924424,0.441148,4292.587402
17,0.813040,0.443416,4791.627441
18,0.838159,0.497400,5224.268066
19,0.843228,0.498231,5323.996094
20,0.853159,0.506503,5457.188477
21,0.839197,0.498886,5673.430664
22,0.839918,0.494088,5806.496094
23,0.766994,0.534225,6122.597168
24,0.655810,0.452071,6771.527832
25,0.577803,0.531777,7004.449219
26,0.455225,0.556153,7520.236328
27,0.497586,0.713974,7786.436523
28,0.466174,0.766627,8019.340332
29,0.379174,0.758933,8285.541016
30,0.323268,0.721010,8535.054688
31,0.337061,0.716339,8851.188477
32,0.320119,0.726508,10015.792969
33,0.323642,0.721604,10248.815430
34,0.334463,0.711784,10348.540039
35,0.325973,0.727089,10731.269531
36,0.350288,0.760508,11263.726562
37,0.418647,0.768686,11912.522461
38,0.403813,0.910878,12444.941406
39,0.390697,0.921897,12544.812500
40,0.500422,0.778147,12993.967773
41,0.461503,0.675504,14391.509766
42,0.372677,0.610508,14674.321289
43,0.375564,0.624566,14957.227539
44,0.299531,0.618650,15240.065430
45,0.312331,0.618702,15456.297852
46,0.257237,0.604978,15822.376953
47,0.328044,0.671795,16304.913086
48,0.224716,0.607987,16870.488281
49,0.197867,0.573516,17120.078125
50,0.201732,0.572322,17402.884766
51,0.279497,0.706408,17818.875000
52,0.276921,0.723971,17985.228516
53,0.252740,0.738568,18484.388672
54,0.196644,0.764209,18667.355469
55,0.247196,0.699448,19299.578125
56,0.264848,0.724991,19449.408203
57,0.335788,0.547324,20081.535156
58,0.351993,0.511760,20314.511719
59,0.357853,0.501809,20564.082031
60,0.353023,0.513528,20763.750000
61,0.176420,0.478217,21445.853516
62,0.161665,0.493820,21595.568359
63,0.133085,0.489098,21861.798828
64,0.084899,0.446047,22211.267578
65,0.095258,0.441380,22311.027344
66,0.165644,0.505188,22577.203125
67,0.165169,0.566301,22810.148438
68,0.152108,0.572326,23043.056641
69,0.173924,0.507205,23226.119141
70,0.192024,0.536659,24008.126953
0,0.739122,0.415113,33.316227
1,0.770999,0.409411,432.618927
2,0.794211,0.423037,748.756165
3,0.800534,0.383471,915.050964
4,0.806114,0.403972,1580.557617
5,0.917074,0.334827,1929.939575
6,0.900354,0.484767,2495.692383
7,0.888422,0.505630,2628.826172
8,0.936198,0.449665,2861.671875
9,0.951851,0.488089,3144.617432
10,0.974581,0.499226,3310.912598
11,0.877980,0.513020,3710.294189
12,0.203452,0.582202,5091.094238
13,0.227838,0.650217,5423.879395
14,0.236359,0.545331,5756.631348
15,0.248221,0.493290,5939.641113
16,0.319218,0.679506,6638.385742
17,0.342928,0.744509,6871.389648
18,0.383720,0.451584,7303.916504
19,0.426039,0.408074,7503.581055
20,0.937513,0.394362,9317.051758
21,0.180303,0.952445,10947.507812
22,0.143828,0.907361,12245.248047
23,0.081512,0.952147,12794.300781
24,0.180543,0.907962,12944.084961
25,0.187883,0.919922,13060.495117
26,0.226962,0.925389,13176.981445
27,0.197934,0.936635,13476.457031
28,0.227122,0.942321,14075.396484
29,0.482828,0.956666,15439.688477
30,0.434935,0.967212,15556.132812
31,0.449217,0.963859,15672.596680
32,0.384672,0.957339,16354.736328
33,0.409377,0.932747,16720.769531
34,0.433316,0.842490,17053.509766
35,0.492321,0.685428,17419.552734
36,0.521152,0.515294,17635.835938
37,0.532858,0.465860,17835.519531
38,0.547469,0.367914,18118.322266
39,0.567138,0.304782,18317.992188
40,0.556260,0.288228,18517.628906
41,0.784704,0.472818,19482.623047
42,0.825373,0.458138,19748.804688
43,0.812954,0.367390,19948.468750
44,0.239821,0.954050,21113.119141
45,0.192490,0.940811,21262.847656
46,0.343203,0.759395,22577.240234
47,0.422603,0.430634,23076.349609
48,0.420517,0.440983,23176.150391
49,0.341122,0.376703,23775.128906
50,0.389026,0.403624,24057.951172
51,0.374701,0.724804,24457.277344
52,0.323532,0.743739,24823.292969
53,0.339935,0.777507,24973.025391
0,0.757041,0.546376,366.078827
1,0.771096,0.486925,648.870239
2,0.698976,0.411251,881.850281
3,0.647279,0.493993,1197.962036
4,0.657461,0.544323,1414.245850
5,0.663441,0.498546,1547.339966
6,0.659367,0.482097,1713.715332
7,0.790586,0.697944,2345.987305
8,0.867683,0.727971,2628.751465
9,0.477383,0.569641,3710.259766
10,0.419394,0.558900,4043.002686
11,0.398184,0.499161,4275.880371
12,0.317370,0.691867,4825.016113
13,0.349801,0.732113,5057.887207
14,0.317705,0.739111,5573.673340
15,0.383788,0.764252,5806.572754
16,0.523037,0.762668,6289.011719
17,0.453273,0.923184,6871.395996
18,0.572128,0.911612,7087.649414
19,0.324592,0.640841,8435.322266
20,0.185022,0.518418,9067.537109
21,0.171027,0.582944,9300.533203
22,0.113439,0.502214,9550.053711
23,0.113960,0.484620,9649.797852
24,0.095955,0.475918,9916.023438
25,0.059704,0.477895,10415.211914
26,0.013216,0.283633,10814.478516
27,0.962466,0.474723,11280.320312
28,0.937863,0.466987,11496.635742
29,0.891055,0.434079,11712.903320
30,0.897012,0.428149,12028.996094
31,0.961607,0.467498,12245.305664
32,0.062524,0.486055,12644.623047
33,0.064676,0.492417,12744.390625
34,0.127828,0.655687,13276.809570
35,0.155810,0.663734,13493.098633
36,0.217645,0.557768,14058.806641
37,0.303095,0.462697,14441.470703
38,0.354081,0.458677,15206.787109
39,0.341229,0.627179,15572.892578
40,0.352202,0.595336,15772.520508
41,0.335890,0.635950,17236.580078
42,0.351505,0.674653,17486.207031
43,0.325293,0.711333,18184.923828
44,0.314346,0.712499,18484.406250
45,0.346228,0.665219,19083.328125
46,0.317254,0.637194,19582.500000
47,0.342510,0.594642,19848.652344
48,0.328896,0.499087,20131.500000
49,0.259930,0.561921,20663.906250
50,0.278272,0.533252,21013.361328
51,0.320047,0.387091,21479.208984
52,0.326871,0.380322,21795.275391
53,0.358934,0.607127,22277.748047
54,0.384777,0.706170,22660.470703
55,0.338022,0.645362,23226.089844
56,0.332929,0.700092,23375.826172
57,0.328359,0.580573,23558.871094
58,0.387387,0.552536,23775.210938
59,0.331234,0.653462,24240.996094
60,0.239475,0.666402,24490.529297
0,0.748283,0.671739,249.586411
1,0.798871,0.611833,515.741699
2,0.808787,0.515810,682.150818
3,0.722763,0.582756,1214.631470
4,0.653309,0.451165,1846.842285
5,0.680820,0.452925,2079.676758
6,0.633546,0.442839,2362.557861
7,0.677218,0.502900,2761.853516
8,0.777137,0.531615,3310.927002
9,0.815755,0.534829,3543.839111
10,0.782656,0.772580,3893.179443
11,0.771570,0.785337,4275.886719
12,0.745376,0.751006,4475.576172
13,0.744476,0.745562,4824.886719
14,0.754485,0.759092,5373.984375
15,0.488749,0.785783,6155.934082
16,0.369258,0.802228,6505.296875
17,0.358421,0.828629,6704.944336
18,0.313286,0.774613,7137.616211
19,0.324193,0.752699,7353.864258
20,0.281531,0.679724,7570.086426
21,0.351731,0.641524,7852.929199
22,0.402300,0.610713,8119.139160
23,0.380539,0.487929,8418.673828
24,0.382107,0.470958,8518.444336
25,0.427241,0.450694,8684.917969
26,0.427143,0.461902,8768.072266
27,0.424711,0.507517,8917.733398
28,0.484176,0.546785,9267.121094
29,0.536932,0.532555,9766.300781
30,0.568696,0.386742,10182.197266
31,0.559524,0.399259,10415.207031
32,0.525266,0.151601,11014.073242
33,0.541970,0.438685,11363.501953
34,0.539346,0.436142,11879.241211
35,0.412162,0.522736,12860.925781
36,0.471491,0.570054,13160.325195
37,0.465321,0.569985,13359.986328
38,0.446794,0.542467,13559.646484
39,0.167978,0.609737,14641.177734
40,0.125546,0.610208,14973.887695
41,0.103949,0.552201,15156.904297
42,0.060236,0.573818,15339.915039
43,0.064260,0.558994,15522.901367
44,0.094559,0.652636,15838.980469
45,0.088009,0.676717,16005.455078
46,0.895048,0.449321,16970.365234
47,0.951029,0.459971,17203.328125
48,0.969404,0.494772,17502.824219
49,0.902867,0.782372,17935.322266
50,0.781297,0.772551,18634.130859
51,0.769839,0.760886,19050.087891
52,0.944909,0.863985,19332.865234
53,0.340888,0.906962,20131.472656
54,0.365637,0.910404,20530.804688
55,0.419921,0.928658,20747.109375
56,0.338638,0.904263,21046.636719
57,0.334004,0.901403,21479.138672
58,0.347070,0.902959,22327.716797
59,0.402759,0.883621,23292.644531
60,0.323610,0.893354,23592.152344
61,0.387821,0.895252,24573.748047
62,0.341757,0.899747,24740.125000
0,0.768450,0.311754,16.695356
1,0.667123,0.478902,449.249786
2,0.740882,0.519354,715.556396
3,0.783353,0.532411,998.279419
4,0.829101,0.504300,1197.917480
5,0.831480,0.482861,1414.364624
6,0.820724,0.489622,1613.948120
7,0.833328,0.488281,2013.194458
8,0.831895,0.499771,2262.726807
9,0.821032,0.502653,2545.562256
10,0.834667,0.388503,2778.549316
11,0.751659,0.407152,3177.793945
12,0.739513,0.401296,3277.615479
13,0.753473,0.396446,3560.544922
14,0.748301,0.631714,4092.863281
15,0.771321,0.657882,4242.642578
16,0.765278,0.725504,4725.143555
17,0.753829,0.757990,4941.440430
18,0.744690,0.789585,5191.003418
19,0.756373,0.813619,5457.197266
20,0.772965,0.822720,5723.380859
21,0.795536,0.839054,6089.404297
22,0.862947,0.841959,6571.916504
23,0.888398,0.757566,6821.535156
24,0.892759,0.571834,7137.604492
25,0.917556,0.531346,7437.025879
26,0.934106,0.467654,7836.382324
27,0.969703,0.476677,8119.158203
28,0.981508,0.470299,8368.727539
29,0.981935,0.452116,8634.965820
30,0.978317,0.427061,8867.929688
31,0.945854,0.449460,9084.177734
32,0.894808,0.462384,10082.452148
33,0.779772,0.446443,10598.172852
34,0.720828,0.434054,10847.761719
35,0.533632,0.480182,11812.759766
36,0.475830,0.530465,12095.636719
37,0.452499,0.622511,12361.859375
38,0.425726,0.666751,12528.124023
39,0.414133,0.555412,12811.004883
40,0.356941,0.596967,13177.007812
41,0.317915,0.656992,13376.684570
42,0.286455,0.631530,13626.205078
43,0.334596,0.728543,13958.964844
44,0.405786,0.500226,14258.434570
45,0.388286,0.481793,14541.284180
46,0.339460,0.483379,14840.815430
47,0.278280,0.492901,15140.299805
48,0.277240,0.525648,15556.181641
49,0.221896,0.572027,15838.991211
50,0.187845,0.555194,16205.070312
51,0.165781,0.525501,16537.822266
52,0.146250,0.503141,16737.431641
53,0.153785,0.482192,16953.794922
54,0.106381,0.494493,17419.675781
55,0.128739,0.517387,17868.833984
56,0.131422,0.502411,18101.751953
57,0.166401,0.474530,18334.681641
58,0.187186,0.461476,18534.335938
59,0.217548,0.435875,18900.425781
60,0.222103,0.427372,19283.011719
61,0.213886,0.426543,19582.474609
62,0.189723,0.516580,20248.031250
63,0.229975,0.574489,20547.503906
64,0.313151,0.584127,20913.566406
65,0.350492,0.482005,21662.173828
66,0.359997,0.464572,21828.541016
67,0.360963,0.469015,22028.312500
68,0.351235,0.471456,22277.744141
69,0.346197,0.471128,22826.814453
70,0.464158,0.470556,23309.330078
71,0.427422,0.498590,23625.431641
72,0.393230,0.495705,23891.591797
0,0.738756,0.715607,332.714813
1,0.763236,0.626296,881.784363
2,0.729217,0.427479,1630.449097
3,0.638793,0.532510,2112.924561
4,0.610771,0.534972,2262.668457
5,0.586695,0.648868,2528.959229
6,0.515743,0.615325,2878.284668
7,0.474969,0.624757,3194.372559
8,0.421416,0.681112,3543.849609
9,0.419715,0.693804,3660.245361
10,0.372786,0.646327,3976.407959
11,0.351270,0.603967,4259.225098
12,0.314124,0.666486,4608.589844
13,0.309108,0.739736,4924.737793
14,0.350379,0.843449,5274.090820
15,0.989129,0.598598,6821.369629
16,0.950728,0.466529,7004.490723
17,0.928295,0.480349,7303.976562
18,0.943825,0.501246,7536.846680
19,0.913838,0.508354,7736.515137
20,0.956028,0.548668,8202.355469
21,0.870106,0.867437,9500.050781
22,0.718685,0.890258,9683.063477
23,0.766799,0.885634,9932.612305
24,0.336984,0.760856,11097.228516
25,0.258780,0.696067,11446.638672
26,0.263088,0.702120,11563.110352
27,0.172957,0.577553,12028.937500
28,0.124116,0.617931,12411.624023
29,0.155079,0.500208,12577.983398
30,0.156221,0.484248,12810.911133
31,0.157951,0.497636,13010.573242
32,0.110419,0.412474,13443.140625
33,0.146618,0.473631,13642.796875
34,0.343679,0.538902,14441.394531
35,0.393189,0.564449,14957.159180
36,0.350410,0.555841,15256.640625
37,0.356036,0.436185,15672.581055
38,0.460766,0.607270,16471.193359
39,0.403638,0.572922,16720.726562
40,0.319991,0.784619,17469.435547
41,0.305579,0.777412,17685.726562
42,0.308958,0.771789,18001.839844
43,0.348212,0.800282,18184.843750
44,0.339125,0.833035,18517.615234
45,0.259284,0.808789,19016.757812
46,0.239525,0.828232,19599.048828
47,0.245312,0.827045,19748.792969
48,0.208814,0.812016,19948.423828
49,0.209777,0.811347,20031.626953
50,0.428396,0.776325,20381.031250
51,0.431856,0.756453,20630.587891
52,0.432690,0.748292,21046.509766
53,0.398706,0.782224,21279.443359
54,0.482601,0.820985,21795.208984
55,0.499299,0.825724,22094.679688
56,0.492229,0.849670,22344.257812
57,0.529032,0.806521,22893.296875
58,0.463957,0.776442,23242.671875
59,0.432392,0.742840,23525.558594
60,0.397890,0.670981,23841.628906
61,0.360883,0.693716,24074.566406
62,0.367496,0.698007,24240.947266
63,0.352177,0.677605,24706.777344
0,0.743087,0.501685,399.299164
1,0.761973,0.499350,831.929565
2,0.795530,0.402497,1414.262573
3,0.695587,0.413705,1813.528320
4,0.653894,0.438409,2046.519531
5,0.657579,0.461203,2412.463135
6,0.721244,0.493486,2761.894043
7,0.787184,0.366846,3044.713867
8,0.850715,0.306767,3427.361084
9,0.948999,0.435311,4076.204346
10,0.950897,0.425521,4259.223145
11,0.979431,0.431660,4525.495117
12,0.443469,0.111716,5590.265137
13,0.453647,0.203201,6106.006348
14,0.434639,0.512091,6971.218262
15,0.432755,0.510739,7204.171875
16,0.359298,0.473636,7387.112793
17,0.340059,0.560706,7620.039062
18,0.376852,0.646698,7919.502441
19,0.366836,0.638321,8335.454102
20,0.316628,0.637926,8668.205078
21,0.329967,0.716424,9034.305664
22,0.354746,0.408209,9466.839844
23,0.354654,0.389255,9599.896484
24,0.439630,0.433407,9916.073242
25,0.439352,0.432760,10165.574219
26,0.405962,0.498738,10465.097656
27,0.402364,0.496605,10914.373047
28,0.348535,0.474112,11197.202148
29,0.369056,0.449109,11596.479492
30,0.376583,0.552456,11912.527344
31,0.358852,0.588877,12228.653320
32,0.466829,0.354944,12627.937500
33,0.470327,0.296505,12977.363281
34,0.441379,0.608879,13626.247070
35,0.517190,0.635812,13992.266602
36,0.519581,0.524141,14258.468750
37,0.427821,0.479495,15173.535156
38,0.409326,0.535945,15423.171875
39,0.402775,0.538963,15656.031250
40,0.405606,0.516922,16038.688477
41,0.404546,0.513833,16454.617188
42,0.528243,0.534288,16587.707031
43,0.382548,0.527191,16870.625000
44,0.414007,0.499242,17203.310547
45,0.353889,0.726909,18001.892578
46,0.314815,0.776374,18334.656250
47,0.325286,0.777025,18584.326172
48,0.380694,0.929413,18867.037109
49,0.409258,0.960838,19316.292969
50,0.591313,0.983334,19599.150391
51,0.214675,0.972844,19965.166016
52,0.321277,0.913522,20514.269531
53,0.307152,0.895930,21063.302734
54,0.520238,0.719520,21728.796875
55,0.531492,0.472057,22477.431641
56,0.523239,0.465191,22710.390625
57,0.573995,0.400075,23425.804688
58,0.458350,0.361185,24540.535156
59,0.446587,0.416399,24939.882812
0,0.725344,0.542253,216.361725
1,0.742274,0.603555,366.040894
2,0.898798,0.531162,2578.893555
3,0.893484,0.539619,2711.976807
4,0.935675,0.476330,2911.655518
5,0.947550,0.437598,3111.261963
6,0.918450,0.448971,3543.850342
7,0.901322,0.452282,3760.085205
8,0.926986,0.423871,4359.125000
9,0.970378,0.420691,5207.649414
10,0.803067,0.529084,6006.220215
11,0.816126,0.498792,6222.461426
12,0.826047,0.486916,6655.059082
13,0.773004,0.688607,6937.953613
14,0.486737,0.549700,7736.583008
15,0.432728,0.547371,7936.165039
16,0.435091,0.536301,8052.680176
17,0.484097,0.568557,8252.246094
18,0.404552,0.527239,8468.548828
19,0.380586,0.505191,8668.195312
20,0.314500,0.581948,8984.291016
21,0.291742,0.601652,9300.504883
22,0.321873,0.754962,9849.476562
23,0.323894,0.776646,10032.557617
24,0.339058,0.810440,10365.290039
25,0.288795,0.718177,10897.710938
26,0.269186,0.693219,11047.415039
27,0.188229,0.521619,11945.830078
28,0.182950,0.493674,12278.574219
29,0.201075,0.465628,12478.252930
30,0.206177,0.450548,12661.239258
31,0.244988,0.459029,13509.771484
32,0.242086,0.440382,13609.550781
33,0.230377,0.450438,13759.363281
34,0.285243,0.539663,14025.532227
35,0.107336,0.488921,14557.926758
36,0.081058,0.455665,14740.951172
37,0.118351,0.521344,15106.971680
38,0.101145,0.543023,15256.699219
39,0.520093,0.733729,16404.712891
40,0.489124,0.737910,16620.990234
41,0.435451,0.692285,16970.335938
42,0.295026,0.742799,17685.794922
43,0.281886,0.726758,17785.591797
44,0.297789,0.698560,18085.169922
45,0.280988,0.703823,18567.613281
46,0.315937,0.696150,18950.304688
47,0.319227,0.745685,20031.732422
48,0.340227,0.782678,20347.779297
49,0.264150,0.761399,20597.369141
50,0.254528,0.753182,20980.007812
51,0.427343,0.742632,21229.591797
52,0.473342,0.730993,21462.501953
53,0.422606,0.744813,21678.796875
54,0.349659,0.753170,22127.988281
55,0.402932,0.788800,22643.841797
56,0.440728,0.783007,23009.783203
57,0.612829,0.875692,23192.824219
58,0.846157,0.889313,23459.019531
59,0.835918,0.801965,24324.187500
60,0.832715,0.684040,24623.656250
61,0.822353,0.664174,24790.039062
0,0.693144,0.485204,449.307343
1,0.659245,0.521150,665.668579
2,0.652817,0.547215,815.323975
3,0.762510,0.628715,1114.851807
4,0.788573,0.636013,1464.239624
5,0.822846,0.831423,2329.346436
6,0.769127,0.896472,2578.883545
7,0.694267,0.933457,2811.835938
8,0.620716,0.903067,3094.730713
9,0.642950,0.858036,3427.483398
10,0.441221,0.883405,4226.020508
11,0.377072,0.867398,4458.936035
12,0.308191,0.863239,4725.133789
13,0.296080,0.825533,4974.747070
14,0.289618,0.723411,5540.415527
15,0.284185,0.648470,5773.354980
16,0.313285,0.466259,6422.205566
17,0.337833,0.450129,6588.581055
18,0.454744,0.506988,7170.936035
19,0.443805,0.506523,7420.430176
20,0.345244,0.520991,7969.474121
21,0.333199,0.520899,8169.113770
22,0.359231,0.566376,8485.221680
23,0.389631,0.510505,8834.646484
24,0.398838,0.477579,9084.195312
25,0.411402,0.503703,9450.213867
26,0.421633,0.510392,9683.227539
27,0.388476,0.512572,10581.617188
28,0.390814,0.494304,10781.307617
29,0.412926,0.500688,11130.645508
30,0.194044,0.536366,12261.992188
31,0.159438,0.506527,12511.536133
32,0.128974,0.563045,12877.597656
33,0.106522,0.582979,13060.561523
34,0.078086,0.505861,13326.765625
35,0.112893,0.483316,13592.960938
36,0.174312,0.473130,13942.459961
37,0.175201,0.453433,14158.655273
38,0.096789,0.469827,14774.267578
39,0.085711,0.455489,15107.027344
40,0.072838,0.483135,15439.849609
41,0.081492,0.535353,15772.562500
42,0.044271,0.552331,16038.707031
43,0.958510,0.486173,16421.402344
44,0.939211,0.453797,16670.929688
45,0.932066,0.463801,16903.890625
46,0.961407,0.508614,17219.955078
47,0.228795,0.622907,17885.503906
48,0.283445,0.689944,18135.052734
49,0.331077,0.715869,18401.273438
50,0.329553,0.720582,18517.695312
51,0.340116,0.710229,18684.080078
52,0.291776,0.727783,19016.835938
53,0.336640,0.689616,19283.029297
54,0.347099,0.611863,19582.593750
55,0.351441,0.608960,19715.630859
56,0.412605,0.611775,19882.076172
57,0.490046,0.725607,20281.394531
58,0.550340,0.698055,20580.810547
59,0.529598,0.686591,20813.744141
60,0.503755,0.696487,21329.484375
61,0.823856,0.654773,22327.816406
62,0.805930,0.656036,22643.824219
63,0.846134,0.555827,22926.689453
64,0.946508,0.425507,23508.976562
65,0.904695,0.433060,23725.289062
66,0.898149,0.438128,24107.923828
67,0.804127,0.477253,24490.636719
0,0.485968,0.519991,1264.350464
1,0.196359,0.510923,4059.468994
2,0.376326,0.586656,5906.280273
3,0.355106,0.696429,6172.436523
4,0.343893,0.769137,6422.023926
5,0.388200,0.476921,6754.768555
6,0.333424,0.766631,7020.973633
7,0.340696,0.765521,7187.376465
8,0.372985,0.787562,7337.101562
9,0.366745,0.784700,7503.465332
10,0.319956,0.773111,7869.498047
11,0.278609,0.353637,8418.537109
12,0.354346,0.373682,8767.941406
13,0.359356,0.392942,8934.325195
14,0.473477,0.504911,9466.674805
15,0.415880,0.473584,9699.666992
16,0.602498,0.367259,10631.357422
17,0.494088,0.718372,11080.570312
18,0.155538,0.441521,11945.685547
19,0.162620,0.424818,12095.476562
20,0.196887,0.353567,12261.805664
21,0.173158,0.373946,12711.018555
22,0.164880,0.626440,12943.957031
23,0.724758,0.141394,16354.637695
24,0.928968,0.290543,17119.974609
25,0.941833,0.298854,17569.240234
26,0.791111,0.493968,17835.388672
27,0.792776,0.491028,17951.884766
28,0.798526,0.469227,18101.593750
29,0.774842,0.501571,18401.070312
30,0.773000,0.498734,18600.728516
31,0.633521,0.351562,19682.158203
32,0.637320,0.361842,19865.175781
33,0.348947,0.808308,21262.765625
34,0.338219,0.812616,21429.125000
35,0.292120,0.645555,21861.699219
36,0.315469,0.581461,22094.626953
37,0.315414,0.637847,22327.544922
38,0.483873,0.762148,22710.205078
39,0.548693,0.782391,23026.332031
40,0.536293,0.805255,23808.289062
41,0.554805,0.744340,24091.160156
42,0.486334,0.465017,24307.419922
43,0.529406,0.491915,24839.820312
44,0.469784,0.383371,24989.611328
0,0.717582,0.777229,16.639214
1,0.770630,0.713736,266.180634
2,0.763527,0.652122,482.534546
3,0.803859,0.559721,881.860962
4,0.623824,0.514826,1680.411865
5,0.608738,0.618577,1946.573486
6,0.539114,0.735594,2246.170166
7,0.511847,0.786953,2462.404297
8,0.011333,0.962015,3593.770508
9,0.924301,0.860718,3826.660400
10,0.901580,0.827834,4076.302734
11,0.864258,0.799152,4325.879883
12,0.832171,0.916388,4658.589844
13,0.021401,0.877590,4874.911621
14,0.072880,0.761173,5057.903320
15,0.057151,0.679699,5290.793457
16,0.105032,0.655883,5590.266113
17,0.144713,0.672178,5873.131348
18,0.143432,0.633875,6272.419434
19,0.141643,0.618268,6721.621094
20,0.142147,0.607659,6821.437500
21,0.172472,0.658300,7070.997070
22,0.210721,0.660760,7353.920410
23,0.229030,0.566781,7620.075684
24,0.222436,0.558535,7769.802246
25,0.281682,0.552920,8019.440918
26,0.329194,0.662276,8418.719727
27,0.318358,0.744867,8701.486328
28,0.288276,0.763445,9017.563477
29,0.355890,0.525087,9400.257812
30,0.375611,0.515689,9749.673828
31,0.357933,0.496314,10082.413086
32,0.434216,0.513302,10348.572266
33,0.413709,0.528684,10481.674805
34,0.424654,0.541028,10881.099609
35,0.423359,0.521734,11147.220703
36,0.386955,0.508745,11463.401367
37,0.430136,0.523869,11779.419922
38,0.428806,0.529563,11995.691406
39,0.422971,0.529764,12128.844727
40,0.387330,0.538577,12627.944336
41,0.393247,0.534497,13077.200195
42,0.406244,0.503170,13326.755859
43,0.404170,0.537101,13592.897461
44,0.426808,0.534330,13925.756836
45,0.401843,0.514800,14175.271484
46,0.469209,0.560033,14790.813477
47,0.457230,0.565739,15423.086914
48,0.336649,0.516827,15622.743164
49,0.338488,0.567207,15938.837891
50,0.322582,0.608796,16205.000977
51,0.313964,0.688253,16504.484375
52,0.325984,0.700076,16737.439453
53,0.311465,0.711851,17153.457031
54,0.264539,0.711166,17635.833984
55,0.417655,0.746572,17985.242188
56,0.415631,0.747951,18151.625000
57,0.411858,0.743502,18268.078125
58,0.450734,0.772580,18467.734375
59,0.513188,0.783456,18750.574219
60,0.511604,0.792428,19416.066406
61,0.418678,0.915047,19782.093750
62,0.407080,0.919137,19865.281250
63,0.449133,0.974967,19998.380859
64,0.416852,0.969656,20247.931641
65,0.502379,0.723045,20896.833984
66,0.531089,0.727296,21262.832031
67,0.521279,0.722312,21828.558594
68,0.528988,0.567108,22028.175781
69,0.522118,0.571276,22161.283203
70,0.523633,0.501966,22410.839844
71,0.537573,0.536353,22560.570312
72,0.569281,0.417140,22959.884766
73,0.627712,0.487926,23192.826172
74,0.584850,0.525235,23575.474609
75,0.497775,0.586979,23775.132812
76,0.474748,0.575947,24157.773438
77,0.375166,0.544584,24457.244141
0,0.767732,0.490124,232.885284
1,0.777326,0.517760,482.505280
2,0.803016,0.594736,815.235596
3,0.810907,0.618624,1131.325317
4,0.722562,0.614292,1763.593140
5,0.683380,0.552282,2395.774658
6,0.634240,0.484979,2661.987793
7,0.588935,0.491654,3144.485596
8,0.591552,0.488980,3443.960205
9,0.563131,0.520086,3710.138916
10,0.555171,0.518242,3893.177979
11,0.584385,0.575791,4392.327148
12,0.549595,0.544173,4808.228027
13,0.522983,0.504456,5473.724121
14,0.503652,0.519774,5739.943848
15,0.518947,0.532450,6122.634277
16,0.522888,0.501156,6538.566406
17,0.513702,0.474066,6854.695312
18,0.512996,0.455444,7137.511719
19,0.506388,0.444216,7287.229980
20,0.517105,0.429526,7570.080078
21,0.526636,0.475934,7786.367188
22,0.541056,0.503547,8035.934570
23,0.577911,0.557677,8418.613281
24,0.624641,0.584168,9483.400391
25,0.619946,0.616800,9899.352539
26,0.527454,0.609501,10165.533203
27,0.541260,0.616242,10381.843750
28,0.468533,0.617046,11197.089844
29,0.324675,0.587664,12278.505859
30,0.308030,0.532558,12960.708008
31,0.355304,0.494840,13243.503906
32,0.368921,0.441412,13526.383789
33,0.427711,0.477804,13775.886719
34,0.458198,0.484933,14025.447266
35,0.466008,0.485965,14108.646484
36,0.677546,0.456226,14840.743164
37,0.753986,0.416925,15389.730469
38,0.803462,0.406819,15572.743164
39,0.834357,0.371989,15922.178711
40,0.907456,0.411336,16204.989258
41,0.963127,0.428650,16604.287109
42,0.023313,0.443725,17120.050781
43,0.078728,0.475771,17386.244141
44,0.111014,0.513682,17802.230469
45,0.146518,0.503864,18317.958984
46,0.146734,0.488876,18500.978516
47,0.144095,0.483190,18733.882812
48,0.074922,0.454228,18966.820312
49,0.019457,0.375814,19416.068359
50,0.877618,0.268286,20031.615234
51,0.918838,0.325427,20381.035156
52,0.942850,0.383499,20747.064453
53,0.833194,0.375323,21129.701172
54,0.783094,0.412330,21479.101562
55,0.775879,0.422193,21628.824219
56,0.790904,0.465360,21795.232422
57,0.768375,0.453065,22211.156250
58,0.759623,0.459435,22460.724609
59,0.784219,0.499082,22860.017578
60,0.767600,0.476263,23192.796875
61,0.784212,0.475623,23392.410156
62,0.780504,0.480542,23525.558594
63,0.758995,0.480188,23725.183594
64,0.785652,0.464089,24008.015625
65,0.779601,0.466186,24457.244141
0,0.732907,0.504241,382.763977
1,0.744645,0.558908,532.555725
2,0.732213,0.660781,765.483887
3,0.700541,0.653062,1297.855713
4,0.554148,0.651315,1763.732056
5,0.500003,0.697956,1979.925171
6,0.492875,0.578082,2196.290527
7,0.422069,0.604535,2545.652100
8,0.370365,0.623502,2861.740234
9,0.357051,0.622300,3061.415039
10,0.297201,0.649421,3444.043701
11,0.323454,0.716457,3643.722168
12,0.293869,0.783526,4109.545898
13,0.218138,0.726078,4392.419922
14,0.185073,0.763215,4558.781738
15,0.167523,0.657177,4841.588379
16,0.198576,0.586484,5041.250488
17,0.174202,0.531550,5290.834961
18,0.164635,0.505289,5457.175781
19,0.112494,0.607830,5956.403809
20,0.079245,0.630756,6289.108887
21,0.045312,0.655089,6521.978027
22,0.048056,0.648452,6638.544922
23,0.061804,0.545361,6888.050781
24,0.093228,0.478414,7104.291504
25,0.159536,0.469896,7370.551270
26,0.210412,0.493344,7686.649902
27,0.327801,0.602134,8219.069336
28,0.356293,0.682534,8501.849609
29,0.353138,0.707294,8651.689453
30,0.429524,0.688290,8917.899414
31,0.511795,0.682404,9300.440430
32,0.518366,0.717329,9466.890625
33,0.547185,0.639600,9716.386719
34,0.633065,0.612552,10015.882812
35,0.668706,0.558396,10248.896484
36,0.798244,0.450052,11064.152344
37,0.814306,0.477181,11496.625000
38,0.471513,0.927891,12761.119141
39,0.471933,0.949906,12877.588867
40,0.941433,0.942953,13842.515625
41,0.926304,0.955962,14358.370117
42,0.008996,0.913753,14674.408203
43,0.841099,0.813635,14973.923828
44,0.132972,0.614469,16887.238281
45,0.184423,0.628123,17170.162109
46,0.236713,0.622804,17536.085938
47,0.193403,0.537371,17802.267578
48,0.180696,0.529187,18051.923828
49,0.116160,0.530280,18401.246094
50,0.105143,0.551686,18534.306641
51,0.136004,0.526913,18867.117188
52,0.190459,0.458116,19183.244141
53,0.247259,0.466163,19482.646484
54,0.277769,0.521486,19815.400391
55,0.278398,0.501850,20164.820312
56,0.322839,0.518938,20747.154297
57,0.337030,0.529380,20913.535156
58,0.370832,0.474907,21179.712891
59,0.368301,0.451625,21312.882812
60,0.258802,0.547292,22011.621094
61,0.279846,0.621225,22227.873047
62,0.284229,0.663588,22427.562500
63,0.278329,0.676105,22560.650391
64,0.368394,0.708350,22860.093750
65,0.503220,0.597859,23608.851562
66,0.521298,0.517260,23941.541016
67,0.570572,0.490115,24224.410156
68,0.583497,0.447764,24557.121094
0,0.770653,0.269990,133.142227
1,0.787391,0.409894,332.783173
2,0.740166,0.754438,781.996033
3,0.737522,0.766251,898.477112
4,0.647992,0.920451,1464.151123
5,0.489507,0.796175,2079.705566
6,0.538211,0.530544,2395.827881
7,0.521413,0.461969,2595.509033
8,0.551580,0.407722,2811.793213
9,0.665073,0.435484,3144.513184
10,0.810202,0.452784,3660.330811
11,0.898728,0.494078,3993.063965
12,0.830426,0.502310,4225.977051
13,0.947401,0.466626,5191.038086
14,0.901094,0.545437,5523.701660
15,0.920978,0.426577,5972.917480
16,0.434394,0.609224,7620.024902
17,0.422543,0.715315,7819.700195
18,0.376191,0.778962,8152.466309
19,0.320846,0.743196,8435.282227
20,0.312459,0.705466,8651.549805
21,0.368052,0.750316,8884.499023
22,0.380382,0.833843,9150.762695
23,0.382228,0.775280,9450.220703
24,0.435951,0.762158,9649.792969
25,0.437812,0.773874,9866.149414
26,0.870994,0.935341,10648.060547
27,0.504614,0.760733,11014.083008
28,0.489489,0.516333,11430.034180
29,0.520624,0.539739,11679.577148
30,0.401234,0.509960,12228.618164
31,0.388823,0.467687,12511.491211
32,0.340856,0.516827,12777.747070
33,0.343057,0.574353,13193.638672
34,0.289065,0.511770,13409.962891
35,0.326107,0.627638,13809.264648
36,0.322278,0.636122,13975.588867
37,0.352192,0.768268,14241.815430
38,0.344649,0.759038,14391.541992
39,0.189431,0.521776,14924.013672
40,0.212715,0.447859,15123.606445
41,0.132626,0.486722,15472.991211
42,0.134990,0.489348,16005.420898
43,0.194153,0.539109,16537.826172
44,0.189845,0.529954,16654.236328
45,0.189424,0.527576,17303.187500
46,0.218117,0.519849,17985.220703
47,0.213174,0.478183,18284.767578
48,0.239349,0.521942,18650.748047
49,0.213009,0.494465,18933.617188
50,0.175878,0.516753,19432.744141
51,0.147861,0.486919,19732.224609
52,0.133606,0.483793,20198.140625
53,0.187133,0.661581,20580.710938
54,0.161730,0.489959,20730.443359
55,0.154449,0.496597,20830.316406
56,0.107275,0.494698,21096.462891
57,0.097026,0.673341,21578.960938
58,0.345802,0.776026,22876.710938
59,0.345466,0.799528,23009.869141
60,0.357240,0.741186,23242.728516
61,0.321786,0.728872,23525.566406
62,0.285749,0.751445,23725.210938
63,0.300794,0.631917,24041.347656
64,0.321333,0.655480,24290.957031
65,0.486423,0.728073,24723.486328
