Idx, longitude, latitude, start timestamp
0,0.721201,0.513866,299.485870
1,0.714437,0.482615,482.494629
2,0.699662,0.363779,1713.703125
3,0.668759,0.385260,2246.010742
4,0.500987,0.460437,3726.724365
5,0.902931,0.912661,6987.668945
6,0.036427,0.517916,12494.699219
7,0.090856,0.410400,13176.794922
8,0.900034,0.426191,14225.052734
9,0.902744,0.422767,14424.650391
10,0.841225,0.547335,16171.673828
11,0.823698,0.497867,16471.162109
12,0.784803,0.460507,16787.253906
13,0.668186,0.367293,19182.937500
14,0.693926,0.370104,19682.052734
15,0.658931,0.244246,19931.738281
16,0.698215,0.446164,20447.433594
17,0.907381,0.412572,21695.337891
18,0.914375,0.413579,21944.785156
19,0.833200,0.396839,22244.347656
20,0.862841,0.588027,23309.113281
21,0.855256,0.583967,23525.375000
22,0.855718,0.588912,23708.400391
23,0.869884,0.552227,23974.642578
0,0.739074,0.548877,282.813629
1,0.709838,0.476882,565.736328
2,0.826837,0.565170,1081.361206
3,0.834911,0.531934,1347.640869
4,0.812899,0.648736,1630.467285
5,0.905368,0.561319,1979.930908
6,0.912265,0.458138,2312.598877
7,0.920492,0.432670,2528.858887
8,0.929074,0.417809,2844.990479
9,0.994243,0.559127,3194.407959
10,0.041706,0.574560,3593.704346
11,0.033853,0.557114,3743.453369
12,0.000544,0.542576,4142.679688
13,0.121030,0.553268,4492.081543
14,0.137528,0.573373,4675.104004
15,0.182498,0.575275,4941.423340
16,0.188705,0.551486,5224.207031
17,0.163278,0.458168,5423.842285
18,0.159117,0.474718,5656.859375
19,0.181139,0.654375,6205.817383
20,0.243268,0.552864,6904.551270
21,0.230124,0.647950,7253.892090
22,0.234734,0.528872,7886.181641
23,0.283258,0.458002,8235.563477
24,0.271457,0.360635,8684.755859
25,0.249931,0.362460,8917.739258
26,0.156361,0.394738,9849.389648
27,0.151844,0.353726,10099.019531
28,0.123882,0.571741,10814.393555
29,0.111335,0.550745,11063.958984
30,0.801892,0.494841,13775.921875
31,0.648450,0.446370,15273.343750
32,0.649695,0.383244,15506.146484
33,0.642898,0.381921,15988.658203
34,0.751675,0.346181,16537.800781
35,0.621169,0.510678,18318.062500
36,0.601641,0.441793,19466.033203
37,0.628952,0.558602,20480.863281
38,0.665277,0.572160,21029.861328
39,0.682125,0.575648,21412.615234
40,0.650258,0.402062,22427.457031
41,0.650699,0.388505,22693.691406
42,0.709327,0.483048,22993.210938
43,0.484900,0.515515,24091.214844
44,0.480411,0.577856,24640.302734
0,0.804068,0.504576,415.966553
1,0.854326,0.503583,682.067566
2,0.846594,0.471219,964.998779
3,0.855744,0.419941,1164.612183
4,0.891145,0.395483,1447.465332
5,0.884866,0.446426,1946.541138
6,0.902586,0.486090,2096.300781
7,0.934291,0.463724,2562.151855
8,0.929199,0.465543,2844.952881
9,0.858345,0.735969,3111.126221
10,0.994098,0.484290,3344.125000
11,0.001820,0.484491,3527.103760
12,0.027672,0.430428,3759.972412
13,0.046064,0.491104,4059.502197
14,0.955770,0.661007,4425.474121
15,0.973383,0.658571,4641.840820
16,0.937380,0.723372,5224.097168
17,0.079918,0.518770,5407.064453
18,0.074403,0.492283,5756.478516
19,0.092824,0.460562,6055.909180
20,0.150168,0.431855,6555.028320
21,0.197766,0.502788,6771.382324
22,0.182414,0.501635,7087.563965
23,0.133942,0.510095,7253.863770
24,0.121836,0.509165,7553.360352
25,0.150990,0.436859,7902.728516
26,0.144062,0.454613,8052.513184
27,0.161525,0.413765,8268.726562
28,0.116684,0.401520,8551.629883
29,0.158325,0.357820,8767.845703
30,0.037899,0.312853,9100.619141
31,0.982559,0.298749,9316.825195
32,0.921695,0.265095,9516.585938
33,0.835671,0.266580,9832.704102
34,0.779291,0.141763,10464.889648
35,0.572288,0.202932,10980.714844
36,0.528044,0.240096,11230.158203
37,0.486731,0.297474,11512.996094
38,0.461882,0.350261,11862.346680
39,0.460600,0.312716,12045.354492
40,0.371247,0.542044,13293.195312
41,0.374442,0.521449,13526.072266
42,0.570175,0.288932,14956.902344
43,0.669108,0.380666,15838.737305
44,0.697537,0.366550,16171.470703
45,0.741789,0.386697,16537.494141
46,0.833825,0.496852,17568.921875
47,0.823099,0.597714,18367.511719
48,0.820011,0.595020,18600.429688
49,0.819964,0.514992,18866.630859
50,0.053819,0.503377,20463.867188
51,0.533542,0.439336,23974.337891
0,0.748306,0.511079,382.686829
1,0.736277,0.450191,532.510376
2,0.780938,0.399072,765.330811
3,0.854529,0.434510,998.330200
4,0.906109,0.483235,1563.905151
5,0.900577,0.368025,1780.122559
6,0.832298,0.533311,2162.880859
7,0.819911,0.522910,2412.387695
8,0.704177,0.555319,2911.567871
9,0.702443,0.550485,3011.360596
10,0.702388,0.524775,3177.746094
11,0.635499,0.444995,3510.497070
12,0.635897,0.391813,3693.465088
13,0.643125,0.336116,3893.097900
14,0.660027,0.330513,4175.929199
15,0.531954,0.500524,4508.694336
16,0.444372,0.536982,5157.563477
17,0.455440,0.345630,5723.270020
18,0.424757,0.465056,6056.002930
19,0.365190,0.654565,7287.119141
20,0.340904,0.634478,7935.932129
21,0.347165,0.544547,8351.909180
22,0.348342,0.549079,8568.207031
23,0.226584,0.535807,9250.335938
24,0.225170,0.386074,9749.517578
25,0.149173,0.363317,10448.276367
26,0.145830,0.366316,10631.302734
27,0.163141,0.541167,11080.518555
28,0.107179,0.559692,11812.484375
29,0.169259,0.441426,12428.035156
30,0.171926,0.435402,12577.810547
31,0.164745,0.421846,12943.820312
32,0.016321,0.523679,13625.929688
33,0.901549,0.385926,14973.633789
34,0.871869,0.462861,15705.615234
35,0.986783,0.572678,16404.539062
36,0.098556,0.391944,17801.888672
37,0.169097,0.420679,19132.908203
38,0.241235,0.578924,19632.091797
39,0.226012,0.688819,20314.191406
40,0.231718,0.673477,20563.712891
41,0.324447,0.443754,21711.662109
42,0.329036,0.472510,21911.369141
43,0.356079,0.566851,22610.126953
44,0.351857,0.561942,22843.009766
45,0.351647,0.543171,23109.250000
46,0.367765,0.554931,23292.234375
47,0.392060,0.542140,23974.312500
48,0.401471,0.540442,24423.611328
49,0.365309,0.619889,24656.550781
50,0.423427,0.705945,24955.953125
0,0.634128,0.763215,266.244507
1,0.704631,0.488459,565.658997
2,0.728189,0.410514,815.309021
3,0.724999,0.341175,1014.943359
4,0.701491,0.314734,1231.093994
5,0.647163,0.466125,1630.536743
6,0.643999,0.418286,1863.405396
7,0.653290,0.357096,2112.956299
8,0.623142,0.511953,2362.535889
9,0.622186,0.524591,2595.507568
10,0.552522,0.571685,2878.196533
11,0.521641,0.566112,3277.712402
12,0.452842,0.887774,4275.927246
13,0.303206,0.919028,4741.740723
14,0.189041,0.906332,5074.477051
15,0.112946,0.915653,5274.079590
16,0.424170,0.934569,5573.669434
17,0.463020,0.918000,5823.162109
18,0.467836,0.893535,6006.164062
19,0.552396,0.809001,6338.916992
20,0.508855,0.880888,6522.027344
21,0.462310,0.885411,6738.245117
22,0.742737,0.868553,7486.841309
23,0.744089,0.835710,7803.043945
24,0.749189,0.822472,7936.186523
25,0.808586,0.814177,8302.180664
26,0.832462,0.537612,8751.465820
27,0.825983,0.450272,8967.686523
28,0.811122,0.342030,9616.511719
29,0.806896,0.368912,10182.119141
30,0.846268,0.378709,10564.888672
31,0.867284,0.453152,11180.458008
32,0.875045,0.393846,11430.043945
33,0.899808,0.382066,11812.662109
34,0.901543,0.374953,11979.094727
35,0.905241,0.458106,12494.779297
36,0.963006,0.288651,13010.648438
37,0.125410,0.408074,14058.730469
38,0.143655,0.415575,14241.743164
39,0.153318,0.435159,14374.820312
40,0.158950,0.500640,14807.458008
41,0.193373,0.432812,15256.707031
42,0.153911,0.419079,15456.338867
43,0.140091,0.376148,15655.930664
44,0.130219,0.303089,16205.078125
45,0.122665,0.309206,16371.528320
46,0.123405,0.359326,16887.162109
47,0.120299,0.352025,17186.621094
48,0.111368,0.325276,18351.269531
49,0.638196,0.391593,19532.542969
50,0.603863,0.410448,19881.917969
51,0.553254,0.532421,20114.833984
52,0.556107,0.528213,20447.628906
53,0.569833,0.560347,20946.740234
54,0.576575,0.573295,21046.447266
55,0.481946,0.562262,21678.750000
56,0.428241,0.568931,22044.816406
57,0.396430,0.586683,22394.214844
58,0.379847,0.638033,22693.597656
59,0.401358,0.535222,22926.574219
60,0.410951,0.493380,23126.173828
61,0.443138,0.461446,23558.839844
62,0.572587,0.348716,23958.037109
63,0.577423,0.357510,24058.025391
64,0.612039,0.362810,24207.654297
65,0.583189,0.412122,24490.599609
0,0.750575,0.441690,99.798836
1,0.730215,0.454850,349.431671
2,0.702492,0.423397,565.721924
3,0.692073,0.419021,748.698120
4,0.613884,0.278507,1530.645264
5,0.144484,0.378655,5107.732422
6,0.151506,0.273484,5490.498047
7,0.313488,0.065902,6139.363770
8,0.583726,0.423280,7071.127441
9,0.829906,0.448982,8085.912598
10,0.873230,0.403470,8302.155273
11,0.940335,0.348105,8817.948242
12,0.034327,0.472123,9583.319336
13,0.182499,0.454867,10215.564453
14,0.108410,0.464002,10481.735352
15,0.956599,0.451738,11197.135742
16,0.669809,0.444181,12078.839844
17,0.639979,0.298667,12711.150391
18,0.651067,0.339038,12977.435547
19,0.633944,0.273737,13343.356445
20,0.650615,0.266868,13526.340820
21,0.655285,0.380001,13875.669922
22,0.670534,0.452888,14158.585938
23,0.690977,0.395299,14973.828125
24,0.124963,0.441276,16853.900391
25,0.039954,0.491906,17269.755859
26,0.004241,0.457797,17535.994141
27,0.831651,0.468011,18500.994141
28,0.799447,0.454608,18684.031250
29,0.694557,0.430992,19349.503906
0,0.740239,0.495505,266.280853
1,0.718923,0.483143,415.989868
2,0.692944,0.353534,981.635559
3,0.651365,0.389183,1231.277710
4,0.650756,0.403505,1381.051880
5,0.652713,0.515161,2013.212769
6,0.657968,0.509423,2362.638672
7,0.573458,0.500968,2728.625977
8,0.575518,0.506298,2945.022461
9,0.519814,0.491180,3161.193115
10,0.513080,0.486048,3294.390381
11,0.510571,0.436244,3527.262695
12,0.516160,0.392718,3743.662842
13,0.481112,0.486139,4093.040039
14,0.455003,0.519033,4425.709961
15,0.582592,0.430014,5207.694824
16,0.678038,0.421364,5423.948242
17,0.664004,0.410849,5690.184082
18,0.656441,0.513205,6588.566895
19,0.660114,0.493578,6854.773438
20,0.731597,0.503467,7137.532715
21,0.811126,0.513926,7470.366211
22,0.844750,0.503370,7703.260742
23,0.897949,0.470766,7869.617188
24,0.929466,0.488556,8135.861328
25,0.007046,0.505641,8751.351562
26,0.032663,0.522256,9134.132812
27,0.014201,0.525062,9267.260742
28,0.983813,0.484368,9699.721680
29,0.011778,0.519124,10232.236328
30,0.252645,0.404992,11846.100586
31,0.162054,0.433157,12378.411133
32,0.174550,0.520496,13060.544922
33,0.734675,0.417151,15789.123047
34,0.733738,0.408606,15988.730469
35,0.694586,0.465805,16471.240234
36,0.722273,0.462813,16720.871094
37,0.652244,0.501464,17253.261719
38,0.519550,0.352703,19199.779297
39,0.575009,0.388171,19432.654297
40,0.576359,0.391603,19649.095703
41,0.825868,0.500078,22360.845703
42,0.905116,0.513660,23076.371094
43,0.922436,0.514190,23325.851562
44,0.940520,0.518374,23625.328125
45,0.953652,0.517014,23924.863281
46,0.853771,0.515379,24423.935547
0,0.749700,0.571327,149.716904
1,0.714267,0.531316,582.292480
2,0.709371,0.493170,865.130920
3,0.733789,0.433174,1098.126587
4,0.738500,0.376771,1364.235962
5,0.736867,0.350501,1597.199097
6,0.724490,0.319207,1746.812622
7,0.704820,0.298097,1963.244385
8,0.717476,0.238382,2229.483154
9,0.510361,0.564316,3028.069580
10,0.345874,0.520813,4142.692871
11,0.438443,0.266948,5340.643066
12,0.494117,0.226417,5556.868652
13,0.705320,0.058005,6255.633301
14,0.739995,0.031170,6405.391113
15,0.293600,0.042281,6754.895020
16,0.007817,0.511948,8385.361328
17,0.000916,0.511506,8551.796875
18,0.043260,0.517456,8867.770508
19,0.040455,0.521584,9150.595703
20,0.021209,0.522404,9383.549805
21,0.010925,0.536045,9550.000000
22,0.163682,0.454111,10498.350586
23,0.153767,0.428728,10731.188477
24,0.156372,0.415570,11346.800781
25,0.149906,0.403907,11729.388672
26,0.127479,0.455443,12328.400391
27,0.161092,0.459398,12627.928711
28,0.161492,0.434292,12777.729492
29,0.157192,0.419094,13443.124023
30,0.156605,0.414734,13692.624023
31,0.159061,0.407191,13775.856445
32,0.644814,0.418240,15057.044922
33,0.655821,0.420201,15206.579102
34,0.659602,0.517395,15439.624023
35,0.667455,0.527966,15639.240234
36,0.664221,0.587263,15905.463867
37,0.679443,0.582471,16204.987305
38,0.682560,0.925960,16887.064453
39,0.480808,0.980305,17552.587891
40,0.003326,0.917107,17685.664062
41,0.006081,0.958263,18301.294922
42,0.950284,0.899169,18550.806641
43,0.389358,0.876030,19632.302734
44,0.524116,0.915738,20381.042969
45,0.613548,0.901685,20597.261719
46,0.645948,0.817580,20880.167969
47,0.619470,0.781886,21129.582031
48,0.555715,0.795452,21545.580078
49,0.532389,0.816077,21712.013672
50,0.534078,0.751110,22011.482422
51,0.663872,0.588152,23043.007812
52,0.685438,0.577485,23209.314453
53,0.673690,0.510268,23425.556641
54,0.656732,0.446409,23691.800781
55,0.658841,0.434180,23841.550781
56,0.650120,0.387868,24373.953125
57,0.452101,0.531912,24989.572266
0,0.766908,0.482652,16.651793
1,0.722339,0.498887,399.255219
2,0.712408,0.405131,549.028015
3,0.666747,0.341187,848.537537
4,0.630927,0.315171,1031.537842
5,0.628957,0.326038,1181.196411
6,0.646574,0.363566,1480.757324
7,0.576701,0.464211,2445.698975
8,0.580165,0.450532,2661.959229
9,0.589403,0.456069,2811.703125
10,0.657123,0.369040,3360.841309
11,0.648403,0.342158,3743.402344
12,0.695061,0.287199,4342.398438
13,0.691700,0.260701,4475.390137
14,0.758677,0.322817,4758.324219
15,0.732145,0.308478,5207.521484
16,0.717583,0.308761,5573.552246
17,0.827065,0.344540,6155.878906
18,0.861528,0.348002,6305.671875
19,0.820233,0.371841,6588.422852
20,0.799347,0.384234,6821.349121
21,0.791962,0.348671,7170.734863
22,0.844182,0.361345,7520.170898
23,0.815897,0.304179,8002.602539
24,0.855120,0.361932,8368.572266
25,0.865271,0.370951,8701.447266
26,0.887156,0.334079,9050.804688
27,0.928038,0.328212,9350.419922
28,0.018002,0.329383,9866.120117
29,0.030608,0.393643,10165.611328
30,0.076154,0.442064,10381.785156
31,0.771552,0.346293,11496.552734
32,0.731043,0.370874,11729.389648
33,0.825944,0.317473,12328.420898
34,0.459959,0.406336,13409.729492
35,0.434299,0.440766,13892.386719
36,0.437045,0.431590,14125.287109
37,0.502552,0.373441,14507.843750
38,0.501595,0.446323,14857.388672
39,0.471031,0.459288,15339.707031
40,0.830059,0.343744,16404.583984
41,0.360818,0.578654,22028.076172
42,0.360779,0.587642,22227.707031
43,0.389789,0.555643,22477.353516
44,0.396674,0.541721,22810.083984
45,0.568040,0.379784,24091.162109
46,0.580965,0.382257,24190.927734
47,0.669655,0.339704,24989.578125
0,0.719390,0.483777,382.589966
1,0.713020,0.505806,548.956238
2,0.837533,0.535490,1064.748901
3,0.835407,0.515054,1231.085693
4,0.796366,0.489708,1513.900024
5,0.816560,0.555314,1913.185669
6,0.830572,0.567491,2112.941895
7,0.824414,0.508805,2478.953613
8,0.819688,0.487186,2745.120117
9,0.924329,0.495119,3027.907715
10,0.913949,0.509362,3294.207031
11,0.910454,0.422922,3526.998047
12,0.901685,0.413947,3676.796631
13,0.937152,0.426965,4175.917480
14,0.902287,0.419766,4558.592285
15,0.026005,0.531084,4891.335449
16,0.046736,0.534154,5090.989258
17,0.086718,0.428872,5506.898438
18,0.090702,0.414984,5756.443359
19,0.136687,0.448161,6006.090332
20,0.153472,0.503902,6255.653809
21,0.176832,0.468945,6455.241699
22,0.171456,0.430400,6688.236328
23,0.160517,0.500888,7520.044922
24,0.252075,0.530739,8568.185547
25,0.303363,0.501638,9017.441406
26,0.180186,0.534478,10065.628906
27,0.187064,0.532594,10298.536133
28,0.187206,0.607617,10631.238281
29,0.240974,0.569423,10997.252930
30,0.406184,0.511982,12211.821289
31,0.400831,0.520030,12444.701172
32,0.399774,0.517476,12694.377930
33,0.412776,0.521170,12977.236328
34,0.489032,0.542775,13443.133789
35,0.519687,0.541469,13725.805664
36,0.505560,0.507852,14175.067383
37,0.504411,0.496051,14408.050781
38,0.541932,0.525498,17086.667969
39,0.360750,0.523114,18051.593750
40,0.355990,0.516226,18800.371094
41,0.345895,0.517982,18916.708984
42,0.177099,0.477263,20014.867188
43,0.184306,0.526470,20597.199219
44,0.111692,0.517052,20830.052734
45,0.115256,0.514753,21029.718750
46,0.025833,0.516429,22044.691406
47,0.026526,0.435760,22543.783203
48,0.028066,0.522285,22776.675781
49,0.976960,0.521803,23026.330078
50,0.979192,0.523798,23126.031250
51,0.001452,0.535287,23558.640625
52,0.028235,0.521064,24007.882812
53,0.980831,0.521358,24257.416016
54,0.981292,0.520327,24540.236328
55,0.978741,0.518931,24739.904297
0,0.813891,0.572978,332.779968
1,0.748179,0.514907,565.681702
2,0.772989,0.557302,815.231934
3,0.837106,0.626350,1181.275024
4,0.807378,0.553537,1530.691284
5,0.913762,0.612840,2146.239014
6,0.925856,0.566200,2312.635498
7,0.978208,0.525328,2828.375488
8,0.988259,0.596190,3194.411865
9,0.984738,0.594722,3327.523926
10,0.029650,0.632342,3726.823486
11,0.033431,0.613024,3926.467529
12,0.024459,0.564306,4242.586914
13,0.017217,0.553489,4392.321289
14,0.043293,0.546561,4824.913086
15,0.037901,0.540068,5057.826172
16,0.101967,0.575515,5340.661133
17,0.138639,0.589001,5523.685547
18,0.064114,0.525417,5922.974609
19,0.163874,0.575868,6222.460449
20,0.198724,0.596411,6405.473633
21,0.188698,0.557766,6738.223633
22,0.180990,0.444716,6921.283691
23,0.255410,0.591279,7486.918945
24,0.243978,0.555324,7902.851562
25,0.175884,0.567538,8468.539062
26,0.082524,0.460449,9000.933594
27,0.833708,0.491940,10431.768555
28,0.727688,0.494371,10831.078125
29,0.686698,0.486982,11097.268555
30,0.696140,0.486375,11280.274414
31,0.633429,0.468632,11479.934570
32,0.627782,0.466318,11696.268555
33,0.587838,0.457754,11945.783203
34,0.539094,0.459857,12211.999023
35,0.529699,0.468831,12478.218750
36,0.534440,0.488090,12794.328125
37,0.537191,0.534079,12993.968750
38,0.515744,0.564721,13127.052734
39,0.481879,0.568073,13393.259766
40,0.369299,0.569862,14108.702148
41,0.316585,0.561463,14424.780273
42,0.292186,0.559456,14724.267578
43,0.290291,0.567879,14957.235352
44,0.272575,0.572564,15173.483398
45,0.400303,0.577534,15655.968750
46,0.385171,0.579618,15855.640625
47,0.361486,0.598147,16071.891602
48,0.346368,0.605095,16205.026367
49,0.343076,0.766187,16637.576172
50,0.450708,0.879828,17103.470703
51,0.445172,0.933327,17386.294922
52,0.523643,0.945174,17519.371094
53,0.536228,0.926273,17719.037109
54,0.526137,0.931644,17902.041016
55,0.499914,0.938341,18051.802734
56,0.536837,0.937827,18151.621094
57,0.544620,0.936646,18401.177734
58,0.598900,0.938142,18567.582031
59,0.608594,0.944526,18750.578125
60,0.686828,0.947061,18966.884766
61,0.716372,0.944523,19183.144531
62,0.681351,0.945524,19449.332031
63,0.827493,0.945309,19648.982422
64,0.810899,0.952329,19782.087891
65,0.832206,0.948562,20048.316406
66,0.955737,0.863373,23858.304688
67,0.916039,0.917225,24091.218750
68,0.918138,0.957967,24240.988281
0,0.724274,0.430880,16.648724
1,0.735340,0.499567,282.927460
2,0.698350,0.448708,665.533020
3,0.493978,0.479542,1697.133179
4,0.900873,0.400524,2678.634521
5,0.909086,0.409566,2911.645020
6,0.001444,0.536862,3327.579102
7,0.000146,0.564221,3560.489502
8,0.027858,0.506658,4059.587891
9,0.163182,0.383092,4824.935547
10,0.150727,0.359194,5074.478027
11,0.157959,0.352605,5274.216309
12,0.186854,0.530488,5573.579102
13,0.215968,0.437027,5873.120117
14,0.170264,0.441300,6172.538086
15,0.130056,0.499802,6438.780273
16,0.082016,0.461284,6771.492676
17,0.065353,0.448747,7054.398926
18,0.065369,0.436419,7470.390137
19,0.069087,0.418815,7653.333496
20,0.069781,0.409182,7869.572754
21,0.928639,0.483934,8185.731934
22,0.805205,0.517413,9034.291992
23,0.725856,0.439765,9416.988281
24,0.727519,0.363789,9633.247070
25,0.659867,0.375432,10132.338867
26,0.637052,0.381985,10298.698242
27,0.647431,0.413896,10564.931641
28,0.542124,0.425772,11047.458008
29,0.537809,0.415805,11147.250000
30,0.460833,0.420909,11446.664062
31,0.360476,0.429361,12095.556641
32,0.246703,0.486542,12694.531250
33,0.235465,0.488454,12910.772461
34,0.240521,0.474000,13226.874023
35,0.336628,0.948070,14308.389648
36,0.463782,0.918139,14508.031250
37,0.336831,0.887808,15106.919922
38,0.563359,0.876053,15705.877930
39,0.691360,0.845658,15938.832031
40,0.863331,0.905139,16471.318359
41,0.879594,0.939828,16970.367188
42,0.838723,0.937729,17086.835938
43,0.950377,0.945399,17269.859375
44,0.991524,0.945755,17918.722656
45,0.051735,0.947987,18134.960938
46,0.712954,0.362561,19682.269531
47,0.743588,0.356777,19998.404297
48,0.695428,0.473706,20397.687500
49,0.663288,0.354615,21079.863281
50,0.631839,0.360890,21429.218750
51,0.641056,0.347132,21545.742188
52,0.646324,0.354783,21695.470703
53,0.645776,0.375477,21811.955078
54,0.656532,0.371041,22227.837891
55,0.513229,0.340355,22910.054688
56,0.538307,0.251509,23076.328125
57,0.526227,0.145373,23459.107422
58,0.514602,0.122238,23642.072266
59,0.523546,0.145068,23841.687500
60,0.595308,0.257990,24074.626953
0,0.804795,0.525133,99.861877
1,0.742324,0.538234,316.161224
2,0.707078,0.498073,532.393433
3,0.697991,0.464322,732.044373
4,0.699183,0.447052,898.462891
5,0.652788,0.572590,1164.668579
6,0.619497,0.565153,1530.734131
7,0.638794,0.385632,2179.544189
8,0.645983,0.413862,2296.036865
9,0.679577,0.406418,2628.744873
10,0.694856,0.402374,2828.434814
11,0.675209,0.177510,3044.688721
12,0.789554,0.320831,3610.455078
13,0.887870,0.468292,4292.511230
14,0.913816,0.445257,4558.730469
15,0.924167,0.440384,4691.807617
16,0.990009,0.549303,5041.203613
17,0.029997,0.576768,5340.676270
18,0.061781,0.553841,5573.606934
19,0.075508,0.419967,5873.072266
20,0.073817,0.372139,6056.133789
21,0.071895,0.359013,6272.381348
22,0.157153,0.379743,6921.248047
23,0.159073,0.323693,7137.530273
24,0.153268,0.530836,7636.656250
25,0.149015,0.597881,7786.389160
26,0.159620,0.608822,8002.686523
27,0.155648,0.474451,8368.713867
28,0.107538,0.501581,8651.540039
29,0.030165,0.528389,8867.843750
30,0.009574,0.523168,9050.851562
31,0.798100,0.495443,10381.895508
32,0.711823,0.496713,10697.999023
33,0.694874,0.499550,10831.079102
34,0.650161,0.590190,11180.476562
35,0.627148,0.585989,11363.496094
36,0.616754,0.586806,11563.161133
37,0.537450,0.916479,12095.547852
38,0.200663,0.884716,13110.452148
39,0.298420,0.826347,13393.293945
40,0.369319,0.810044,13576.278320
41,0.448213,0.823249,13759.307617
42,0.531016,0.883803,13992.218750
43,0.502283,0.923589,14524.610352
44,0.693072,0.956588,14724.300781
45,0.936051,0.976005,15223.389648
46,0.001459,0.989054,15589.437500
47,0.353437,0.980127,15805.720703
48,0.863701,0.986844,16022.022461
49,0.953929,0.881281,16288.194336
50,0.889462,0.796559,16521.126953
51,0.836826,0.757115,16737.443359
52,0.809076,0.825503,17203.273438
53,0.845706,0.869789,17369.642578
54,0.667269,0.418355,18367.902344
55,0.638780,0.390684,18567.580078
56,0.665832,0.292779,18833.789062
57,0.639285,0.340882,19083.353516
58,0.576970,0.523512,19698.923828
59,0.605059,0.488439,19915.214844
60,0.619217,0.420049,20613.978516
61,0.619788,0.402334,20813.648438
62,0.496310,0.455585,21079.830078
63,0.467041,0.455927,21379.324219
64,0.438655,0.470727,21678.804688
65,0.450522,0.448304,22094.718750
66,0.401111,0.527819,22410.851562
67,0.370878,0.533014,22693.691406
68,0.369113,0.515959,22943.246094
69,0.377072,0.553538,23325.937500
70,0.405093,0.534933,23625.396484
71,0.420800,0.546724,23924.873047
72,0.424048,0.535895,24057.962891
0,0.737021,0.600360,49.923225
1,0.737099,0.486567,582.335815
2,0.694769,0.387233,831.907715
3,0.829110,0.394458,1264.468262
4,0.758388,0.286062,1663.807617
5,0.617300,0.405170,2612.146240
6,0.632051,0.430997,3028.129883
7,0.636562,0.420515,3161.138672
8,0.541450,0.427293,3643.711182
9,0.466559,0.439692,4043.030762
10,0.447415,0.448360,4209.379395
11,0.450362,0.442679,4425.588867
12,0.389496,0.404179,4808.294434
13,0.395600,0.400572,4958.018066
14,0.400907,0.396913,5057.881348
15,0.407329,0.293553,5557.015625
16,0.404709,0.301294,5923.034180
17,0.641966,0.277955,6887.989258
18,0.636091,0.282271,7054.354492
19,0.656057,0.519140,7636.681641
20,0.652274,0.529762,7753.228027
21,0.775059,0.450225,8035.978027
22,0.774332,0.432440,8218.975586
23,0.761216,0.434053,8451.900391
24,0.829618,0.448404,8751.444336
25,0.872982,0.472542,9167.368164
26,0.946255,0.458135,9550.002930
27,0.999051,0.479699,10115.700195
28,0.050957,0.468365,10348.678711
29,0.050588,0.473687,10431.781250
30,0.107872,0.461627,10831.114258
31,0.105422,0.455986,10947.586914
32,0.100973,0.370398,11330.269531
33,0.098625,0.364473,11546.532227
34,0.078183,0.278936,11779.471680
35,0.692683,0.278269,14591.224609
36,0.745825,0.340317,14774.250977
37,0.819278,0.397313,15123.604492
38,0.849508,0.497579,15323.218750
39,0.798174,0.437022,15822.396484
40,0.698369,0.479394,16221.684570
41,0.676469,0.483604,16471.224609
42,0.690004,0.437701,16853.941406
43,0.523338,0.514833,17502.880859
44,0.455723,0.501832,17902.119141
45,0.471958,0.435327,18234.849609
46,0.472970,0.439712,18567.623047
47,0.469664,0.447983,18850.414062
48,0.566314,0.282901,19249.720703
49,0.674209,0.445620,19965.164062
50,0.721121,0.429898,20314.544922
51,0.821770,0.445368,21179.687500
52,0.812943,0.445653,21362.730469
53,0.918220,0.470189,22028.208984
54,0.992009,0.486655,22976.554688
55,0.990768,0.484529,23159.537109
56,0.992007,0.469715,23342.539062
57,0.901025,0.444268,23775.242188
58,0.894878,0.288017,24141.189453
0,0.721111,0.489568,632.141541
1,0.716720,0.476200,831.810669
2,0.790311,0.404189,1181.236938
3,0.911669,0.460909,1563.895874
4,0.940733,0.433365,1830.122070
5,0.933176,0.423167,2029.755981
6,0.892023,0.431082,2229.423584
7,0.923342,0.431327,2462.328613
8,0.638380,0.416767,3427.314453
9,0.661122,0.458469,3760.156494
10,0.660735,0.461163,3876.536133
11,0.658207,0.468548,3976.351074
12,0.460037,0.481217,4409.000000
13,0.455988,0.517394,4608.554688
14,0.489480,0.507246,4841.475586
15,0.373416,0.511554,5423.780762
16,0.350496,0.515902,5789.817871
17,0.332256,0.432923,6222.392578
18,0.278618,0.443018,6505.229492
19,0.229406,0.482565,6721.525391
20,0.219079,0.498191,6954.458984
21,0.172768,0.483825,7204.005859
22,0.147806,0.421148,7436.953613
23,0.150685,0.419711,7786.360352
24,0.151406,0.385084,8218.910156
25,0.056785,0.401496,8817.861328
26,0.063599,0.404173,9017.501953
27,0.072868,0.391336,9167.247070
28,0.171768,0.393362,9366.901367
29,0.163522,0.400118,9566.559570
30,0.169594,0.403321,9866.011719
31,0.154911,0.482119,10148.867188
32,0.116462,0.538803,10498.245117
33,0.165228,0.473520,10764.459961
34,0.158809,0.481057,10947.488281
35,0.110583,0.526422,11496.500000
36,0.206741,0.549792,11762.714844
37,0.246385,0.552355,12095.465820
38,0.302157,0.482720,12528.037109
39,0.252664,0.401694,12810.870117
40,0.330988,0.420277,13077.071289
41,0.385441,0.466119,13875.694336
42,0.322530,0.451079,14092.010742
43,0.314136,0.459421,14491.290039
44,0.371142,0.487487,15023.679688
45,0.406155,0.539258,15190.060547
46,0.441520,0.546121,15456.252930
47,0.458427,0.510599,15822.283203
48,0.495207,0.497067,16055.226562
49,0.492142,0.484505,16188.317383
50,0.503354,0.525111,16570.968750
51,0.490422,0.500244,16803.898438
52,0.593793,0.540356,17469.429688
53,0.661817,0.433407,17885.353516
54,0.651417,0.445170,19116.523438
55,0.647638,0.438767,19249.626953
56,0.164307,0.452529,20048.244141
57,0.138077,0.435836,20331.076172
58,0.147594,0.431317,20464.164062
59,0.683415,0.439669,22261.029297
60,0.663967,0.422787,22444.072266
61,0.814970,0.436349,24640.195312
0,0.831960,0.480668,482.498871
1,0.839749,0.470511,698.836609
2,0.739191,0.405203,981.691101
3,0.828293,0.389169,1330.983643
4,0.896595,0.460340,1680.481689
5,0.891240,0.441884,1963.265259
6,0.966194,0.480637,2246.114014
7,0.011807,0.551149,2678.636963
8,0.055795,0.554897,2861.700195
9,0.052245,0.542942,2961.555176
10,0.099083,0.467709,3260.942627
11,0.096834,0.459923,3410.692139
12,0.098423,0.473788,3560.461670
13,0.169763,0.528649,3926.484619
14,0.165910,0.517109,4076.190186
15,0.184988,0.444499,4309.154297
16,0.187209,0.383834,4542.029785
17,0.181006,0.373893,4758.320312
18,0.213193,0.515729,5041.176758
19,0.251247,0.509524,5274.158203
20,0.193219,0.475187,5723.348145
21,0.335254,0.494849,6072.715820
22,0.379434,0.549428,6438.745117
23,0.404168,0.409724,6771.474609
24,0.398124,0.396351,6954.547363
25,0.480098,0.519736,7353.865234
26,0.508546,0.477901,7703.186523
27,0.554694,0.263997,8468.604492
28,0.555714,0.272089,8551.742188
29,0.623475,0.446463,8751.375977
30,0.617099,0.430291,8901.131836
31,0.627259,0.431935,9067.482422
32,0.679559,0.383218,9450.176758
33,0.667999,0.539199,9882.756836
34,0.727749,0.512016,10331.933594
35,0.376216,0.967996,11213.714844
36,0.425144,0.906497,11446.671875
37,0.327355,0.835181,11712.869141
38,0.251023,0.833322,11979.049805
39,0.185332,0.861899,12228.603516
40,0.365712,0.893984,12511.486328
41,0.523186,0.912568,12761.071289
42,0.764698,0.953829,13276.791992
43,0.076458,0.936514,13742.617188
44,0.947532,0.978135,14141.926758
45,0.119900,0.946151,14291.684570
46,0.047349,0.957653,14491.309570
47,0.173372,0.941825,14790.830078
48,0.755162,0.862169,15073.641602
49,0.719418,0.453002,15855.600586
50,0.721354,0.474735,16088.529297
51,0.741508,0.536834,16221.622070
52,0.765560,0.542760,16571.031250
53,0.831364,0.494001,16970.355469
54,0.703419,0.496383,17336.371094
55,0.721861,0.405410,17619.296875
56,0.685075,0.395734,17852.109375
57,0.652484,0.363256,18101.673828
58,0.611191,0.456245,18617.464844
59,0.514567,0.425548,19083.306641
60,0.491847,0.501404,19499.271484
61,0.441999,0.522509,19848.666016
62,0.442247,0.514480,19931.814453
63,0.466170,0.531413,20131.476562
64,0.464510,0.512868,20297.830078
65,0.364744,0.529571,20846.916016
66,0.371660,0.520781,20996.630859
67,0.387263,0.516716,21429.203125
68,0.336646,0.480669,21712.031250
69,0.263830,0.480737,22161.261719
70,0.259993,0.487429,22344.263672
71,0.221039,0.497866,22493.990234
72,0.224195,0.492456,22693.664062
73,0.241016,0.465730,23026.441406
74,0.245475,0.468722,23226.060547
75,0.174642,0.401255,23508.910156
76,0.196292,0.367931,23841.689453
77,0.266271,0.490810,24224.355469
78,0.315044,0.409288,24523.843750
79,0.379264,0.488805,24889.849609
0,0.726976,0.426548,83.121834
1,0.747694,0.482291,282.733429
2,0.738790,0.517635,432.455719
3,0.719859,0.505968,781.905457
4,0.827854,0.511958,1314.347290
5,0.837381,0.509365,1430.720215
6,0.872755,0.489020,1896.572388
7,0.908016,0.472990,2129.498779
8,0.919901,0.422150,2329.153076
9,0.908659,0.425163,2562.192383
10,0.938283,0.410929,2795.069336
11,0.903367,0.428632,3044.559326
12,0.871958,0.438561,4175.971191
13,0.894392,0.429949,4458.769531
14,0.902873,0.431293,5340.572754
15,0.774199,0.444168,5789.756836
16,0.704268,0.417308,6205.708496
17,0.682170,0.374166,6422.032227
18,0.652649,0.397760,6688.314453
19,0.663303,0.392462,7453.567871
20,0.671221,0.390482,7836.233887
21,0.668574,0.503829,8535.044922
22,0.669306,0.526323,8668.096680
23,0.659993,0.430988,9034.140625
24,0.654263,0.398067,9233.812500
25,0.576722,0.440807,9483.347656
26,0.488624,0.505265,10598.070312
27,0.458362,0.544793,10764.428711
28,0.452586,0.547286,10964.048828
29,0.166709,0.510098,12494.824219
30,0.137428,0.490592,12777.570312
31,0.155842,0.424604,13260.053711
32,0.158290,0.392662,13559.570312
33,0.151843,0.428593,13875.677734
34,0.154121,0.438543,14491.270508
35,0.273205,0.417422,14807.363281
36,0.352734,0.500987,15173.443359
37,0.383042,0.530104,15506.178711
38,0.335795,0.508741,15822.247070
39,0.340070,0.506797,15955.358398
40,0.410896,0.536674,16138.372070
41,0.410138,0.539090,16704.019531
42,0.413483,0.591855,16936.994141
43,0.415244,0.594277,17303.019531
44,0.480612,0.553468,17602.494141
45,0.504886,0.502214,17951.857422
46,0.510806,0.454443,18800.394531
47,0.545980,0.424940,19049.970703
48,0.578912,0.388503,19282.861328
49,0.576434,0.395171,19482.537109
50,0.620540,0.435184,20131.369141
51,0.640195,0.456344,20863.429688
52,0.672006,0.423889,21212.857422
53,0.664692,0.415153,21395.861328
54,0.662783,0.386046,21961.511719
55,0.597167,0.402223,22660.332031
56,0.626975,0.400211,23126.173828
57,0.697890,0.446020,23425.623047
58,0.690366,0.450471,23558.742188
59,0.685591,0.475154,24024.580078
60,0.644867,0.482047,24640.169922
61,0.691052,0.481964,24956.292969
0,0.697892,0.624172,66.614876
1,0.707177,0.492368,382.741302
2,0.712251,0.433309,582.358215
3,0.708730,0.428921,865.229919
4,0.744616,0.329789,1231.198730
5,0.770254,0.407589,1630.524292
6,0.830313,0.541688,1846.772949
7,0.836407,0.570016,2146.336670
8,0.829803,0.518922,2495.757568
9,0.849758,0.430272,2761.953369
10,0.823958,0.632477,3111.328613
11,0.843310,0.673726,3311.007324
12,0.910685,0.571049,3676.961670
13,0.027638,0.592566,4575.426758
14,0.001543,0.578869,4775.016113
15,0.987274,0.488816,5024.555664
16,0.097561,0.411333,5440.607910
17,0.110126,0.379349,5590.277832
18,0.095081,0.357848,5923.061523
19,0.133217,0.597829,6804.813477
20,0.160204,0.583982,7087.620605
21,0.172606,0.508605,7337.331055
22,0.175431,0.424327,7620.029785
23,0.166256,0.383992,7819.696777
24,0.158801,0.360485,8019.329590
25,0.156273,0.349986,8501.824219
26,0.157213,0.311600,8801.352539
27,0.148963,0.307782,9017.657227
28,0.198077,0.576784,9583.358398
29,0.194655,0.512894,9816.234375
30,0.255449,0.509207,10465.083008
31,0.247490,0.487164,10581.571289
32,0.243788,0.495961,10764.585938
33,0.241407,0.593125,11180.472656
34,0.120639,0.593690,11446.663086
35,0.163618,0.489994,11879.352539
36,0.159548,0.439613,12128.814453
37,0.150728,0.583355,12428.411133
38,0.150902,0.600299,12594.713867
39,0.162326,0.434977,12810.952148
40,0.159559,0.412786,12993.961914
41,0.014620,0.575934,13409.943359
42,0.021380,0.544519,13642.845703
43,0.855816,0.337411,14508.079102
44,0.857497,0.344262,14774.238281
45,0.805229,0.622439,15339.868164
46,0.659573,0.570404,16354.807617
47,0.657934,0.528231,16637.666016
48,0.644300,0.403016,16937.128906
49,0.638861,0.366964,17136.802734
50,0.642797,0.349645,17602.630859
51,0.649200,0.305549,17802.349609
52,0.653120,0.301120,19515.917969
53,0.556634,0.376768,20614.015625
54,0.622942,0.464024,21196.373047
55,0.606098,0.437182,21462.613281
56,0.603439,0.429776,21712.085938
57,0.600113,0.431875,22943.308594
58,0.595043,0.450247,24074.642578
0,0.709252,0.531147,399.343170
1,0.705839,0.412096,565.651123
2,0.737551,0.303234,798.598938
3,0.641642,0.327365,1896.684326
4,0.644069,0.301343,2628.723633
5,0.633692,0.288444,3077.987061
6,0.651794,0.443018,3660.357422
7,0.650640,0.435804,3843.324951
8,0.719171,0.413253,4209.333496
9,0.663603,0.506500,4591.938965
10,0.613053,0.405384,4791.626465
11,0.591779,0.419106,4991.268066
12,0.568609,0.462825,5190.893555
13,0.553096,0.463807,5556.990723
14,0.549437,0.378833,5823.184570
15,0.543575,0.343652,6056.075684
16,0.525188,0.353178,6289.009766
17,0.628714,0.379986,6571.846680
18,0.677686,0.410949,6788.121582
19,0.825653,0.453150,7337.162109
20,0.833493,0.424704,7470.296875
21,0.815521,0.561740,7986.036133
22,0.646457,0.348915,9167.346680
23,0.645386,0.332584,10065.719727
24,0.645037,0.289882,10232.132812
25,0.605211,0.273324,10498.308594
26,0.651180,0.344228,10814.400391
27,0.668952,0.344381,10997.502930
28,0.564013,0.445281,11679.578125
29,0.452626,0.454938,11912.494141
30,0.451132,0.322231,12195.333984
31,0.355902,0.478373,13243.547852
32,0.348896,0.484852,13426.533203
33,0.339709,0.478848,13659.422852
34,0.353795,0.362640,13909.105469
35,0.352735,0.305821,14075.458984
36,0.366957,0.317683,14291.717773
37,0.394707,0.411726,14641.060547
38,0.396901,0.375018,14940.548828
39,0.316172,0.389337,15223.367188
40,0.277486,0.413616,15439.653320
41,0.277771,0.406863,15522.907227
42,0.218441,0.379704,15705.860352
43,0.219917,0.381551,15805.695312
44,0.220619,0.500471,15988.700195
45,0.213317,0.559819,16304.814453
46,0.166040,0.522889,16571.052734
47,0.185287,0.636057,17253.167969
48,0.131861,0.427251,17785.578125
49,0.128192,0.377919,17935.308594
50,0.130379,0.332780,18118.351562
51,0.134166,0.354999,18517.617188
52,0.117978,0.513339,19266.324219
53,0.644644,0.940610,20247.994141
54,0.365564,0.897509,20464.228516
55,0.428102,0.842622,20813.623047
56,0.396836,0.855937,21013.281250
57,0.373543,0.855469,21146.414062
58,0.503453,0.827054,21329.392578
59,0.584327,0.856783,21645.511719
60,0.571931,0.971361,21994.890625
61,0.335177,0.978172,22211.189453
62,0.662532,0.967750,22410.832031
63,0.790449,0.912734,22577.203125
64,0.847431,0.889961,22943.218750
65,0.175622,0.876893,24723.470703
0,0.726197,0.514636,316.221375
1,0.713642,0.480912,515.930603
2,0.693141,0.840935,1281.188965
3,0.547991,0.916458,2545.646240
4,0.104959,0.851084,3493.980469
5,0.073984,0.843461,3610.454834
6,0.145865,0.864115,4625.308105
7,0.891897,0.947119,4874.880859
8,0.842513,0.916048,5007.973145
9,0.689940,0.905967,5257.632324
10,0.635723,0.824513,5490.533691
11,0.035475,0.827293,6272.477539
12,0.514145,0.417699,7703.301758
13,0.502535,0.400340,7919.584961
14,0.495645,0.488352,8202.427734
15,0.543603,0.500273,8651.651367
16,0.622783,0.484955,8917.877930
17,0.671998,0.405248,9466.866211
18,0.661992,0.426719,9932.724609
19,0.656911,0.418236,10781.220703
20,0.648405,0.412433,10947.591797
21,0.662679,0.479078,11247.098633
22,0.772687,0.450407,11546.531250
23,0.845053,0.423361,11879.344727
24,0.839541,0.420594,11995.763672
25,0.799401,0.417462,12311.979492
26,0.845874,0.438510,12677.941406
27,0.902324,0.468894,13160.391602
28,0.962619,0.414549,13376.705078
29,0.921866,0.442442,13593.000977
30,0.896416,0.449527,13825.934570
31,0.035878,0.534967,14092.210938
32,0.045559,0.521849,14241.840820
33,0.042388,0.539777,14557.982422
34,0.079937,0.512621,14741.038086
35,0.154389,0.510767,15090.375977
36,0.197530,0.503575,15306.668945
37,0.201919,0.507461,15423.136719
38,0.167292,0.453826,15656.053711
39,0.156493,0.428606,15805.795898
40,0.149417,0.430097,16005.470703
41,0.152351,0.433807,16121.923828
42,0.153936,0.402079,16338.229492
43,0.133874,0.492815,16587.730469
44,0.349393,0.464593,17319.789062
45,0.386788,0.515861,17586.066406
46,0.414936,0.461712,17835.554688
47,0.373277,0.538455,18251.599609
48,0.225731,0.556368,18783.900391
49,0.175943,0.540305,19166.660156
50,0.151182,0.811224,21079.923828
51,0.033778,0.480953,22211.294922
52,0.991585,0.439563,22627.226562
53,0.960575,0.447470,22926.718750
54,0.903874,0.432883,23142.978516
55,0.887584,0.413412,23392.554688
56,0.714699,0.487389,24407.480469
0,0.775025,0.490038,83.247940
1,0.716186,0.493529,615.608337
2,0.665576,0.509524,1098.073242
3,0.667972,0.510514,1231.232422
4,0.636336,0.424316,1497.420166
5,0.650224,0.484862,1929.958740
6,0.590661,0.414467,2545.652832
7,0.547418,0.340893,2928.197998
8,0.544715,0.323578,3028.035889
9,0.475163,0.309726,3310.932861
10,0.445526,0.383203,3976.405273
11,0.426401,0.246392,4542.056152
12,0.470601,0.162206,4891.448730
13,0.752627,0.325815,5972.945801
14,0.747232,0.312971,6106.043457
15,0.715854,0.394682,6422.114746
16,0.825813,0.519622,7120.922363
17,0.823212,0.505276,7437.007812
18,0.823001,0.498732,7686.572266
19,0.822974,0.478090,7786.428711
20,0.813399,0.483779,8135.805176
21,0.051308,0.501477,9483.417969
22,0.042564,0.504582,9666.445312
23,0.195892,0.503225,10465.087891
24,0.169446,0.436603,10781.204102
25,0.154400,0.414924,10947.541016
26,0.158863,0.385356,11180.479492
27,0.247168,0.308596,11496.577148
28,0.217434,0.264646,11729.518555
29,0.233473,0.513263,12461.546875
30,0.367555,0.517678,12994.063477
31,0.373747,0.586563,13160.384766
32,0.324775,0.718348,13409.903320
33,0.887062,0.466848,14441.465820
34,0.892007,0.458488,14624.498047
35,0.891866,0.426836,14874.037109
36,0.835966,0.469721,15406.479492
37,0.839131,0.466230,15622.700195
38,0.904447,0.433682,15905.543945
39,0.897166,0.442075,16088.573242
40,0.899813,0.417616,16354.747070
41,0.900973,0.232863,16670.906250
42,0.901518,0.160505,16920.560547
43,0.840947,0.158004,17153.455078
44,0.793352,0.092559,17386.394531
45,0.633236,0.069634,17669.130859
46,0.647414,0.092774,18151.656250
47,0.712900,0.088682,18534.314453
48,0.666086,0.121166,19166.619141
49,0.774983,0.080312,19565.880859
50,0.835542,0.181181,19815.380859
51,0.733517,0.280720,20131.500000
52,0.749692,0.281079,20347.773438
53,0.704748,0.444755,20680.636719
54,0.709403,0.441633,21063.203125
55,0.694609,0.417586,21246.294922
56,0.733912,0.374434,21512.443359
57,0.726056,0.386518,22111.414062
58,0.703546,0.510980,22410.851562
59,0.701792,0.505324,22593.857422
60,0.649628,0.539291,23492.326172
61,0.662623,0.570236,23675.326172
62,0.729275,0.641913,24423.992188
0,0.749848,0.444161,116.423187
1,0.723969,0.474896,299.558197
2,0.711752,0.483043,465.931244
3,0.701462,0.463591,682.172241
4,0.635154,0.422820,981.647888
5,0.656789,0.408696,1264.495239
6,0.650764,0.416835,1863.389893
7,0.668100,0.404185,2295.992188
8,0.658433,0.428567,2545.576660
9,0.669449,0.438675,2761.817627
10,0.687476,0.441509,2944.833984
11,0.474044,0.501745,3394.118408
12,0.499495,0.485662,3676.872803
13,0.494643,0.571382,4176.078613
14,0.452914,0.586915,4691.870117
15,0.456038,0.601379,4774.950684
16,0.583837,0.528507,5107.725098
17,0.597765,0.508311,5324.049316
18,0.597551,0.499703,5507.080566
19,0.593260,0.545404,5839.866211
20,0.690683,0.514201,6106.010254
21,0.667430,0.568127,6322.287109
22,0.650459,0.580673,6472.027832
23,0.630446,0.583199,6671.742188
24,0.605307,0.835966,7104.244141
25,0.595663,0.932148,7287.249023
26,0.609016,0.937538,7387.144531
27,0.445809,0.906358,7570.069824
28,0.404324,0.906454,7852.973145
29,0.982277,0.922818,8501.828125
30,0.010865,0.931875,8884.537109
31,0.060371,0.946659,9084.125977
32,0.025370,0.844555,9350.312500
33,0.233800,0.940329,9766.278320
34,0.188080,0.958733,10049.083008
35,0.999967,0.828239,10598.145508
36,0.131493,0.480591,11014.100586
37,0.158043,0.384472,11280.313477
38,0.150550,0.378487,11430.045898
39,0.161816,0.376413,11696.205078
40,0.184728,0.483403,12012.313477
41,0.192505,0.508334,12261.882812
42,0.152147,0.464754,12544.742188
43,0.153624,0.422849,12761.054688
44,0.149643,0.424000,13360.068359
45,0.171606,0.410070,13626.183594
46,0.168022,0.403962,14008.868164
47,0.171461,0.416957,14158.601562
48,0.966688,0.401270,14607.807617
49,0.934811,0.505311,14890.609375
50,0.750638,0.365199,16371.409180
51,0.756750,0.382237,16504.466797
52,0.694069,0.360080,16987.013672
53,0.660676,0.374685,17353.062500
54,0.675710,0.379666,17652.517578
55,0.649198,0.539532,18234.816406
56,0.568877,0.499944,18667.396484
57,0.525230,0.492155,18950.250000
58,0.512345,0.495266,19216.519531
59,0.385031,0.526728,19798.781250
60,0.472121,0.517923,20131.455078
61,0.823230,0.511616,21462.500000
62,0.968380,0.554273,22211.160156
63,0.018931,0.538441,22477.378906
64,0.996702,0.528794,22793.490234
65,0.983575,0.503122,23026.505859
66,0.071785,0.528478,23359.242188
67,0.092244,0.497933,23808.371094
68,0.081587,0.500529,24057.958984
69,0.076771,0.507532,24423.949219
0,0.775838,0.505434,33.272041
1,0.746485,0.515903,349.405487
2,0.754715,0.414257,748.781799
3,0.750693,0.396221,1031.509521
4,0.821188,0.503101,1380.896851
5,0.819211,0.525346,1613.867554
6,0.848005,0.480824,1830.220825
7,0.859482,0.491860,2196.214600
8,0.882059,0.500862,2395.860840
9,0.878308,0.511625,2595.529541
10,0.862322,0.415070,2811.838135
11,0.815658,0.400439,3028.061768
12,0.645436,0.483078,3693.585693
13,0.650321,0.436752,3959.847656
14,0.660022,0.419286,4226.016602
15,0.601108,0.524573,4708.516602
16,0.570346,0.519394,4957.997559
17,0.645465,0.555454,5324.025391
18,0.664993,0.414334,5706.731445
19,0.669600,0.421744,6288.998047
20,0.674994,0.525948,6555.219238
21,0.675249,0.567261,6954.535156
22,0.662699,0.578831,7154.142578
23,0.680180,0.581586,7620.000488
24,0.688670,0.581206,7969.437500
25,0.754189,0.435369,9067.469727
26,0.757052,0.395891,9217.250977
27,0.773300,0.435151,9782.979492
28,0.802806,0.503075,10099.007812
29,0.803346,0.511230,10182.257812
30,0.796211,0.534890,10381.879883
31,0.819510,0.537824,10930.927734
32,0.865147,0.541563,11263.682617
33,0.878231,0.525922,11629.686523
34,0.832168,0.521094,11929.253906
35,0.928901,0.481682,12361.815430
36,0.938041,0.421334,12794.371094
37,0.915124,0.438840,13276.822266
38,0.891117,0.449629,13576.324219
39,0.934682,0.442966,13942.394531
40,0.005971,0.510741,14241.778320
41,0.956186,0.530958,14857.402344
42,0.977320,0.521786,15522.973633
43,0.096655,0.416580,16188.423828
44,0.133714,0.440249,16504.509766
45,0.151441,0.481147,16687.533203
46,0.158832,0.523475,16987.054688
47,0.165387,0.552231,17153.332031
48,0.168341,0.489883,17436.261719
49,0.167564,0.466347,17569.367188
50,0.165870,0.402204,17852.193359
51,0.097395,0.405524,18168.267578
52,0.077090,0.399859,18384.568359
53,0.147093,0.436881,18684.035156
54,0.210929,0.524193,19033.406250
55,0.262308,0.495936,19449.396484
56,0.235694,0.424267,19698.886719
57,0.213644,0.433795,19898.542969
58,0.167702,0.531792,20081.576172
59,0.170847,0.549727,20580.714844
60,0.172219,0.568164,20780.324219
61,0.164817,0.574180,21029.906250
62,0.121342,0.564375,21312.757812
63,0.099660,0.574267,21462.574219
64,0.079343,0.597277,21628.843750
65,0.060387,0.609908,21828.599609
66,0.065142,0.589407,21944.970703
67,0.965109,0.443531,22593.835938
68,0.820934,0.516993,23159.607422
69,0.758279,0.468681,23458.980469
70,0.727587,0.436399,23691.941406
71,0.677756,0.418308,23941.548828
72,0.750275,0.395156,24324.130859
73,0.651568,0.451247,24673.533203
0,0.793303,0.543044,349.318298
1,0.826247,0.486515,515.750610
2,0.842911,0.457304,898.356750
3,0.037186,0.521416,1763.510742
4,0.024071,0.417611,2146.242188
5,0.012220,0.360275,2395.780518
6,0.988333,0.310180,2645.311768
7,0.851961,0.971245,3527.212402
8,0.340211,0.905947,4309.158691
9,0.261787,0.901230,4558.645020
10,0.397192,0.942487,5274.091797
11,0.455582,0.816384,5490.333496
12,0.506873,0.613292,5956.225098
13,0.505697,0.476525,6605.060059
14,0.499702,0.490233,6721.551758
15,0.534123,0.494410,7420.353516
16,0.518507,0.546510,7736.431641
17,0.482644,0.549674,7902.782715
18,0.520668,0.509489,8318.716797
19,0.523471,0.490043,8518.473633
20,0.527941,0.512336,8734.693359
21,0.483983,0.508461,9000.934570
22,0.459621,0.524774,9183.897461
23,0.485596,0.540957,9433.492188
24,0.487671,0.539632,9683.041016
25,0.492582,0.585691,9816.125000
26,0.490171,0.500744,10082.316406
27,0.493879,0.483382,10265.363281
28,0.598661,0.487575,10714.583008
29,0.596331,0.499964,10864.302734
30,0.664207,0.483177,11479.879883
31,0.669120,0.473237,11646.276367
32,0.664901,0.470728,11895.816406
33,0.675344,0.477461,12028.927734
34,0.723716,0.488834,12278.466797
35,0.720161,0.496217,12727.723633
36,0.821773,0.484013,13010.557617
37,0.833564,0.490874,13176.948242
38,0.838503,0.519764,13493.015625
39,0.835639,0.522332,13592.867188
40,0.822639,0.547973,13742.590820
41,0.987270,0.500219,14458.014648
42,0.981356,0.496999,14591.152344
43,0.040644,0.487278,14857.307617
44,0.048192,0.507110,15023.681641
45,0.070906,0.503550,15256.606445
46,0.067763,0.535075,15672.572266
47,0.133216,0.506121,16021.943359
48,0.255455,0.514596,16554.345703
49,0.244708,0.521213,16637.541016
50,0.249556,0.531362,16853.824219
51,0.188992,0.527086,17086.746094
52,0.188561,0.568161,17303.037109
53,0.188730,0.504486,17918.666016
54,0.125167,0.510898,18717.251953
55,0.116083,0.508886,18850.378906
56,0.161059,0.471324,19066.626953
57,0.159828,0.416180,19282.908203
58,0.168154,0.387650,19865.244141
59,0.312518,0.483507,20447.558594
60,0.259658,0.519433,20896.767578
61,0.240663,0.516176,21079.785156
62,0.228359,0.514663,21329.349609
63,0.020675,0.427035,22144.585938
64,0.075339,0.386275,22360.880859
65,0.053477,0.385692,22793.439453
66,0.949540,0.429990,22959.869141
67,0.968915,0.390989,23242.650391
68,0.085158,0.383569,23775.054688
69,0.067881,0.400250,24324.132812
70,0.929625,0.460716,24773.337891
0,0.792679,0.496911,432.541504
1,0.716834,0.469901,815.274353
2,0.788531,0.568476,1064.784424
3,0.694955,0.385425,1447.527710
4,0.694447,0.375889,1563.956055
5,0.638403,0.481312,1796.871948
6,0.639740,0.489135,1896.655884
7,0.666579,0.554179,2063.064453
8,0.640487,0.566132,2312.602051
9,0.623626,0.821758,2828.403809
10,0.596903,0.899721,3227.663818
11,0.615199,0.924223,3394.099365
12,0.527634,0.830320,3810.039307
13,0.558736,0.472978,4309.165527
14,0.563121,0.426745,4425.588867
15,0.569348,0.376918,4592.012695
16,0.569668,0.352191,4824.884766
17,0.678813,0.415273,5074.521484
18,0.669712,0.380074,5390.572754
19,0.696013,0.369018,5590.240723
20,0.830781,0.419358,5989.533203
21,0.866625,0.507429,6388.822266
22,0.903149,0.577440,6788.221680
23,0.910532,0.569910,7054.339355
24,0.999808,0.461264,7320.554688
25,0.981885,0.596074,7586.749512
26,0.102239,0.570822,7902.884766
27,0.155023,0.585500,8468.609375
28,0.180192,0.597404,8601.688477
29,0.165545,0.408156,8867.860352
30,0.161746,0.390260,9100.788086
31,0.219861,0.450408,9433.587891
32,0.265023,0.427299,9782.951172
33,0.256622,0.550956,10015.864258
34,0.302250,0.551525,10381.855469
35,0.294310,0.604036,10631.505859
36,0.243303,0.778866,10847.718750
37,0.137092,0.581976,11063.968750
38,0.087936,0.402205,11463.306641
39,0.062619,0.400922,11696.244141
40,0.054436,0.393104,12045.684570
41,0.057726,0.391891,12211.979492
42,0.080113,0.384651,12378.439453
43,0.987965,0.459152,12860.916016
44,0.908753,0.463238,13626.157227
45,0.917712,0.428264,13775.947266
46,0.892389,0.430595,13975.593750
47,0.887928,0.424489,14308.344727
48,0.932036,0.413338,14690.965820
49,0.788592,0.461515,15173.467773
50,0.739614,0.351249,15472.980469
51,0.723307,0.406683,15789.122070
52,0.738445,0.390011,16022.030273
53,0.675078,0.379201,16304.862305
54,0.704448,0.523247,16637.601562
55,0.700213,0.593042,16770.697266
56,0.718634,0.525415,17036.912109
57,0.722166,0.495175,17319.755859
58,0.729734,0.528453,17968.636719
59,0.732109,0.523962,18351.261719
60,0.816660,0.519045,19083.312500
61,0.790250,0.535295,19515.886719
62,0.764506,0.524259,19881.919922
63,0.782733,0.538861,20297.882812
64,0.684467,0.432113,21595.564453
65,0.644323,0.416863,21828.505859
66,0.649972,0.402786,22194.523438
67,0.658399,0.384322,22793.478516
68,0.662081,0.359850,22976.486328
69,0.486146,0.397501,23392.472656
70,0.490678,0.355621,23775.105469
71,0.494301,0.300360,23958.123047
72,0.377911,0.356060,24174.427734
73,0.347046,0.466685,24440.605469
0,0.715122,0.486511,332.703827
1,0.836008,0.491836,798.639893
2,0.847234,0.460355,1131.364380
3,0.929285,0.457520,1830.102173
4,0.915139,0.435757,2112.959961
5,0.920007,0.433391,2312.627197
6,0.990038,0.506502,2695.248047
7,0.008208,0.530092,2861.709229
8,0.045663,0.535275,3094.564209
9,0.025774,0.532508,3394.032715
10,0.091762,0.522539,3693.532959
11,0.065476,0.485190,4458.863281
12,0.081694,0.413755,4675.151855
13,0.039804,0.392717,4908.030762
14,0.099254,0.410293,5157.638184
15,0.959244,0.337746,5756.618164
16,0.913592,0.465421,6472.025879
17,0.880377,0.469801,6771.498535
18,0.831135,0.510939,7337.179199
19,0.789230,0.541013,7586.759766
20,0.778398,0.507588,7869.541504
21,0.730762,0.417156,8202.290039
22,0.658221,0.417309,8701.408203
23,0.646644,0.407184,8851.206055
24,0.656964,0.289585,9117.392578
25,0.605458,0.299987,9450.130859
26,0.581006,0.268215,9649.841797
27,0.571150,0.277593,9999.227539
28,0.508060,0.406406,10498.332031
29,0.466229,0.465290,10847.712891
30,0.462541,0.504642,11064.007812
31,0.463480,0.504502,11180.424805
32,0.439275,0.519064,11380.110352
33,0.403055,0.504569,11696.198242
34,0.406514,0.506512,11879.245117
35,0.413707,0.452102,12112.186523
36,0.412993,0.419619,12428.247070
37,0.458989,0.384962,12944.052734
38,0.473883,0.366627,13293.477539
39,0.499847,0.357391,13859.104492
40,0.581653,0.436556,14474.728516
41,0.597471,0.406032,15106.886719
42,0.668635,0.458767,15938.794922
43,0.667222,0.454393,16055.265625
44,0.689334,0.413231,16188.338867
45,0.665150,0.506049,16937.054688
46,0.717657,0.515563,17352.984375
47,0.722987,0.502711,17519.423828
48,0.802517,0.507191,18301.333984
49,0.803591,0.462555,18600.783203
50,0.879747,0.440050,18933.568359
51,0.901911,0.438323,19183.187500
52,0.914553,0.442057,19449.363281
53,0.905037,0.434560,19682.232422
54,0.003927,0.460283,20064.884766
55,0.011376,0.323062,20863.529297
56,0.006508,0.285771,21113.050781
57,0.973814,0.274415,21429.185547
58,0.019497,0.214459,22044.859375
59,0.035451,0.218169,22144.636719
60,0.050844,0.212780,22344.281250
61,0.047380,0.206703,22477.367188
62,0.063211,0.194908,22693.666016
63,0.940147,0.191291,23009.804688
64,0.981583,0.164701,23558.867188
65,0.964917,0.164973,23708.519531
0,0.700248,0.589180,149.783951
1,0.688403,0.496978,449.289490
2,0.725086,0.328691,865.149414
3,0.671915,0.265846,1081.503052
4,0.710662,0.205080,1264.481445
5,0.703363,0.146434,1497.434814
6,0.681828,0.090666,1730.335083
7,0.778700,0.115333,2029.872681
8,0.878242,0.138829,2196.178955
9,0.864713,0.106517,2379.207031
10,0.640201,0.363566,3144.543945
11,0.631148,0.565613,3593.698486
12,0.628621,0.506877,3793.355957
13,0.629401,0.515602,3926.449707
14,0.804298,0.517222,4658.526367
15,0.783267,0.686313,5224.242188
16,0.784224,0.628431,5606.897949
17,0.838686,0.500507,6056.171387
18,0.841252,0.488511,6172.539551
19,0.835851,0.464420,6455.436035
20,0.748726,0.490716,7187.482422
21,0.769008,0.482065,7470.338867
22,0.760633,0.333651,7669.950195
23,0.838107,0.382477,7936.200195
24,0.892024,0.432901,8368.695312
25,0.896713,0.433730,8585.013672
26,0.895908,0.427816,8767.995117
27,0.958625,0.512701,9034.206055
28,0.973333,0.618526,9217.235352
29,0.970058,0.600680,9383.588867
30,0.966318,0.568418,9500.060547
31,0.976515,0.592564,10115.645508
32,0.005654,0.568116,10498.349609
33,0.007348,0.583079,10781.132812
34,0.096988,0.582174,11646.316406
35,0.105674,0.570837,11829.368164
36,0.148945,0.484636,12461.548828
37,0.149701,0.414713,12677.828125
38,0.144802,0.354062,12960.682617
39,0.153161,0.363650,13243.523438
40,0.154833,0.386655,13775.989258
41,0.171125,0.473901,14075.397461
42,0.170893,0.639605,14391.583008
43,0.174089,0.614041,14557.938477
44,0.231921,0.540427,15057.020508
45,0.090721,0.557106,15805.701172
46,0.065053,0.468814,16088.570312
47,0.137734,0.398907,16338.165039
48,0.290074,0.464165,17319.761719
49,0.292314,0.468629,17519.392578
50,0.289239,0.530108,17802.285156
51,0.285654,0.538642,18035.132812
52,0.364053,0.588080,18301.412109
53,0.361152,0.583474,18534.318359
54,0.346272,0.417437,18733.984375
55,0.363967,0.387636,18983.568359
56,0.370661,0.411133,19133.253906
57,0.372657,0.415380,19482.716797
58,0.375624,0.458140,20164.806641
59,0.257434,0.475862,20597.396484
60,0.220621,0.399685,20946.802734
61,0.210583,0.379962,21146.382812
62,0.217296,0.373456,21495.824219
63,0.126567,0.419649,21795.226562
64,0.123438,0.425166,22078.132812
65,0.032985,0.403700,22510.666016
66,0.989346,0.473148,22876.695312
67,0.933271,0.428026,23325.894531
68,0.914000,0.422878,23908.253906
69,0.916004,0.435554,23991.382812
70,0.980380,0.583255,24257.617188
71,0.973822,0.608241,24424.001953
0,0.714797,0.522733,316.094452
1,0.714131,0.495733,549.003540
2,0.644715,0.500450,948.350830
3,0.658199,0.383959,1314.289185
4,0.681825,0.337799,1746.880615
5,0.665707,0.344014,1996.492065
6,0.669351,0.346767,2112.921143
7,0.656611,0.381426,2362.538330
8,0.655018,0.382736,2795.068604
9,0.566447,0.526074,3211.060059
10,0.518320,0.515139,3477.266113
11,0.578680,0.393127,4192.597656
12,0.573236,0.375011,4342.307617
13,0.615914,0.433431,5257.426270
14,0.620426,0.438406,5407.150391
15,0.629654,0.458771,5540.283691
16,0.629053,0.452010,5823.115234
17,0.596367,0.502018,7104.188965
18,0.924442,0.445074,8485.124023
19,0.032892,0.537857,9932.588867
20,0.003382,0.542199,10098.975586
21,0.031446,0.507768,10581.476562
22,0.170083,0.446806,11679.558594
23,0.156840,0.404386,11845.921875
24,0.530725,0.462562,13626.090820
25,0.545978,0.457198,13792.508789
26,0.623426,0.452527,14241.695312
27,0.643136,0.498065,14657.651367
28,0.413317,0.393199,15822.292969
29,0.390184,0.413625,16138.371094
30,0.404129,0.438453,16354.693359
31,0.391821,0.588551,16704.187500
32,0.375976,0.541772,16970.285156
33,0.371659,0.529993,17136.714844
34,0.386127,0.508412,17269.750000
35,0.388293,0.504812,17402.865234
36,0.441086,0.489101,17802.156250
37,0.422925,0.530141,18218.091797
38,0.408185,0.508907,18384.457031
39,0.406244,0.495246,18567.478516
40,0.232910,0.507179,19099.955078
41,0.229571,0.513889,19399.333984
42,0.183412,0.547107,19665.570312
43,0.146470,0.461504,20347.685547
44,0.143722,0.445844,20580.650391
45,0.187106,0.460970,20913.423828
46,0.187536,0.475570,21662.087891
0,0.772778,0.609164,316.147522
1,0.796191,0.565607,831.931580
2,0.702031,0.572445,1447.484741
3,0.707526,0.535711,1746.922241
4,0.672123,0.447126,2063.072998
5,0.650729,0.408636,2262.801758
6,0.667346,0.344215,2512.276611
7,0.692367,0.359286,2795.172852
8,0.651149,0.373962,2978.191895
9,0.660063,0.370971,3310.900879
10,0.652166,0.363057,3527.207520
11,0.660768,0.375704,4042.891846
12,0.663970,0.385318,4375.651367
13,0.654262,0.401748,4591.973145
14,0.573800,0.450545,4808.260742
15,0.552179,0.407603,5007.894531
16,0.494318,0.513808,5440.458008
17,0.501887,0.561274,5640.157715
18,0.448644,0.403958,6272.347656
19,0.411491,0.409224,6704.916016
20,0.386097,0.422949,6887.951660
21,0.386544,0.426545,7054.307617
22,0.350155,0.423543,7237.319824
23,0.221005,0.563971,8834.534180
24,0.176644,0.542187,9200.550781
25,0.733444,0.930426,11147.174805
26,0.521767,0.924040,11696.199219
27,0.607579,0.903253,12162.061523
28,0.656257,0.877238,12394.964844
29,0.909214,0.890313,12993.965820
30,0.116437,0.911379,13343.351562
31,0.019644,0.859095,14524.597656
32,0.803788,0.656729,15173.475586
33,0.817015,0.621054,15639.333008
34,0.715606,0.576647,16937.066406
35,0.668785,0.424258,17303.066406
36,0.643093,0.422015,17452.839844
37,0.649711,0.428895,17835.478516
38,0.653666,0.433422,18268.042969
39,0.654268,0.427146,18550.896484
40,0.656049,0.451389,18900.283203
41,0.597267,0.529426,20131.453125
42,0.604654,0.529802,20447.587891
43,0.473189,0.417855,21262.849609
44,0.516129,0.574354,21994.896484
45,0.482156,0.562383,22244.445312
46,0.483323,0.550949,22577.183594
47,0.421788,0.523709,22926.587891
48,0.444068,0.419747,23325.896484
49,0.397440,0.414240,23908.197266
50,0.404542,0.527195,24357.412109
51,0.423136,0.651522,24806.638672
0,0.748601,0.544547,316.150177
1,0.716201,0.496868,515.775574
2,0.715628,0.402932,1048.165283
3,0.748767,0.373399,1297.732178
4,0.830364,0.493038,1713.679565
5,0.831793,0.506549,1830.131348
6,0.838087,0.499578,2296.063477
7,0.904476,0.448718,2612.108154
8,0.919295,0.416738,2828.427246
9,0.940724,0.412146,3078.003906
10,0.007532,0.510856,3610.358643
11,0.048755,0.478500,3859.924316
12,0.042493,0.491317,4142.843262
13,0.656421,0.504228,5540.324707
14,0.659869,0.455711,6205.810059
15,0.664882,0.424450,6771.499512
16,0.670341,0.436405,9000.963867
17,0.658722,0.433668,9699.734375
18,0.659550,0.419509,9999.254883
19,0.510119,0.501893,11064.046875
20,0.493483,0.498729,11213.806641
21,0.459817,0.518941,11912.518555
22,0.361244,0.516188,12328.517578
23,0.388454,0.521373,12777.656250
24,0.402862,0.519391,13210.275391
25,0.333035,0.416437,13642.843750
26,0.260797,0.459309,13992.201172
27,0.162417,0.442022,14524.640625
28,0.161789,0.399560,14724.292969
29,0.160335,0.359192,15090.304688
30,0.407134,0.462500,15888.933594
31,0.485644,0.540350,16171.750977
32,0.540934,0.514642,16704.183594
33,0.609127,0.510587,17036.894531
34,0.610107,0.513712,17170.023438
35,0.668918,0.505516,17319.775391
36,0.666176,0.505745,17569.355469
37,0.658988,0.461933,17968.642578
38,0.668109,0.554394,18484.382812
39,0.685194,0.563726,18733.939453
40,0.683945,0.565937,18867.027344
41,0.720560,0.480617,19016.789062
42,0.660468,0.433163,19349.556641
43,0.655135,0.413841,19565.830078
44,0.651850,0.385582,19981.750000
45,0.692955,0.352574,20580.722656
46,0.667786,0.500073,21046.548828
47,0.662546,0.485732,21545.736328
48,0.663323,0.508779,21662.164062
49,0.724085,0.502931,22111.382812
50,0.727948,0.497809,22294.421875
51,0.733502,0.488206,22793.511719
52,0.703312,0.496545,23159.564453
53,0.630669,0.527166,23325.900391
54,0.667302,0.576482,23991.447266
55,0.661943,0.516614,24274.238281
0,0.761049,0.579237,133.182556
1,0.749815,0.493600,299.567932
2,0.715353,0.485960,565.682434
3,0.680452,0.407062,1081.431885
4,0.661587,0.436032,1231.262939
5,0.661298,0.385710,1480.732300
6,0.608581,0.426833,1963.244995
7,0.575891,0.477788,2196.183594
8,0.578203,0.502276,2495.609375
9,0.530779,0.459137,2795.135986
10,0.530585,0.455414,2911.668213
11,0.505059,0.544854,3211.120605
12,0.507284,0.525702,3394.104004
13,0.484105,0.485530,3643.637451
14,0.475421,0.494459,4042.918457
15,0.458558,0.531824,4225.934570
16,0.450923,0.517458,4475.633789
17,0.448095,0.504366,4691.847656
18,0.445599,0.495975,4958.006836
19,0.444734,0.406013,5290.822266
20,0.452862,0.385338,5590.254395
21,0.409287,0.425386,5839.921875
22,0.378803,0.527680,6205.920410
23,0.344729,0.540905,6721.548828
24,0.339661,0.534316,6838.015137
25,0.342318,0.520501,6937.908203
26,0.355727,0.508152,7054.318359
27,0.676219,0.392587,8618.247070
28,0.844525,0.484936,9267.109375
29,0.876605,0.468046,9666.499023
30,0.890088,0.398215,9916.082031
31,0.882986,0.389600,10032.496094
32,0.909569,0.385563,10198.830078
33,0.919909,0.385239,10631.415039
34,0.020713,0.465196,11163.811523
35,0.039817,0.471684,11380.128906
36,0.985968,0.487505,12045.704102
37,0.149466,0.436934,14524.641602
38,0.116983,0.532131,15323.235352
39,0.108029,0.536067,15522.846680
40,0.204591,0.515423,15789.081055
41,0.242541,0.507057,16138.429688
42,0.630084,0.485556,17186.595703
43,0.668549,0.396203,17386.328125
44,0.699978,0.467620,17719.068359
45,0.662276,0.488181,18068.400391
46,0.654845,0.485031,18484.378906
47,0.720631,0.472264,18700.626953
48,0.441467,0.505259,19665.623047
49,0.404603,0.495984,19815.349609
50,0.399314,0.493119,20098.207031
51,0.361749,0.490530,20381.031250
52,0.292726,0.501345,21312.724609
53,0.240918,0.496224,21662.158203
54,0.233653,0.491002,21861.783203
55,0.226218,0.488736,22044.800781
56,0.131921,0.517835,22294.357422
57,0.153997,0.432857,22660.375000
58,0.160954,0.417635,23009.763672
59,0.140481,0.433545,23242.708984
60,0.210387,0.412346,23558.798828
61,0.137834,0.413534,23941.517578
62,0.144812,0.395962,24124.509766
63,0.160218,0.386657,24340.771484
64,0.160845,0.381673,24473.882812
0,0.801181,0.640517,16.588099
1,0.832180,0.546202,765.254028
2,0.833639,0.525691,964.995544
3,0.648232,0.518378,1580.478760
4,0.639026,0.421708,2545.451660
5,0.657608,0.390944,2728.538574
6,0.664297,0.384109,3327.413574
7,0.656450,0.376923,3477.219971
8,0.691931,0.372206,3776.718750
9,0.708271,0.507860,4092.777588
10,0.725937,0.536225,4359.042480
11,0.180673,0.521863,7287.170410
12,0.176396,0.483964,7570.018555
13,0.202037,0.572116,7819.570801
14,0.202753,0.544773,8019.227051
15,0.193025,0.469355,8285.440430
16,0.167606,0.442575,8468.444336
17,0.170896,0.414625,8618.178711
18,0.168648,0.402943,8901.056641
19,0.178994,0.395472,9084.043945
20,0.253937,0.431724,9333.627930
21,0.156199,0.388470,9616.438477
22,0.144765,0.390234,9732.890625
23,0.142691,0.387134,10065.654297
24,0.051191,0.424159,10714.510742
25,0.052046,0.418712,10914.167969
26,0.072943,0.464154,11063.901367
27,0.067357,0.466006,11313.500977
28,0.070061,0.395824,11696.131836
29,0.085460,0.386844,11945.694336
30,0.080914,0.385999,12128.718750
31,0.059061,0.384543,12295.117188
32,0.917066,0.426847,12511.403320
33,0.877888,0.420768,12711.033203
34,0.900341,0.433873,13077.074219
35,0.864184,0.463862,13692.653320
36,0.850779,0.447617,13908.945312
37,0.788145,0.430275,15223.326172
38,0.819338,0.418901,15422.956055
39,0.816532,0.427366,15655.907227
40,0.805198,0.437542,15822.263672
41,0.403845,0.487059,16620.863281
42,0.356085,0.466131,16953.626953
43,0.373229,0.431440,17136.638672
44,0.401890,0.550077,17369.558594
45,0.415280,0.559266,17768.869141
46,0.402975,0.553379,18168.148438
47,0.411465,0.550973,18700.568359
48,0.395660,0.554380,19149.783203
49,0.426336,0.542991,19515.808594
50,0.493610,0.525541,20131.382812
51,0.507027,0.514565,20297.765625
52,0.348857,0.579013,21445.769531
53,0.325616,0.595316,21695.335938
54,0.301415,0.587209,21994.808594
55,0.283732,0.569753,22377.468750
56,0.278328,0.567566,22760.142578
57,0.298713,0.572309,22926.511719
58,0.319610,0.582464,23076.273438
59,0.325478,0.583676,23242.634766
60,0.296410,0.572605,23442.265625
61,0.281809,0.567301,23558.728516
62,0.287479,0.705440,24024.597656
63,0.368915,0.853584,24390.656250
64,0.416974,0.916117,24656.843750
0,0.748712,0.404782,316.171875
1,0.746991,0.392292,415.951447
2,0.801702,0.370173,632.236755
3,0.733254,0.376666,1048.175537
4,0.742416,0.521158,1863.498047
5,0.646585,0.249608,3261.028320
6,0.637976,0.235787,3510.600586
7,0.640139,0.272252,3726.799561
8,0.725251,0.285548,3976.386230
9,0.675036,0.312312,4492.166016
10,0.671238,0.309301,4758.364258
11,0.666609,0.351587,5107.725098
12,0.672460,0.301678,6155.984863
13,0.654836,0.288411,6355.541504
14,0.668875,0.299684,6638.425293
15,0.721196,0.288180,6838.018555
16,0.723185,0.301398,6954.519531
17,0.717484,0.355135,7603.454102
18,0.720306,0.396894,7936.161621
19,0.708975,0.344982,8418.647461
20,0.770132,0.294703,8884.540039
21,0.758240,0.285606,9000.909180
22,0.730253,0.446783,9500.052734
23,0.802976,0.465286,9866.061523
24,0.779442,0.279058,10714.624023
25,0.833012,0.475171,11247.045898
26,0.827168,0.437853,11446.650391
27,0.719507,0.303545,11829.311523
28,0.615174,0.423066,13060.597656
29,0.652168,0.400091,13409.958984
30,0.651996,0.342837,13659.429688
31,0.650155,0.291918,14175.202148
32,0.647024,0.504968,14557.975586
33,0.647792,0.292498,14807.472656
34,0.638755,0.269172,14990.440430
35,0.648383,0.260105,15589.402344
36,0.501498,0.496438,16421.332031
37,0.478696,0.461821,16687.525391
38,0.450681,0.517363,17070.210938
39,0.412765,0.364587,17402.953125
40,0.370018,0.557561,17719.058594
41,0.351209,0.563559,18085.072266
42,0.351359,0.545547,18268.103516
43,0.215720,0.520607,18733.908203
44,0.207566,0.607404,19166.478516
45,0.205120,0.417443,19366.187500
46,0.738611,0.359119,21578.978516
47,0.839863,0.472601,21828.503906
48,0.834756,0.483282,21961.609375
49,0.040143,0.544839,22860.109375
50,0.025236,0.555873,23276.023438
51,0.177073,0.646915,23641.994141
52,0.169284,0.633978,23741.878906
53,0.197339,0.478758,24124.564453
54,0.165911,0.348006,24640.248047
55,0.170753,0.329525,24989.656250
0,0.692302,0.527756,16.726025
1,0.723445,0.515073,299.557312
2,0.715021,0.482624,549.057068
3,0.719563,0.836941,948.375610
4,0.796387,0.954665,1331.087891
5,0.468654,0.926604,1597.274902
6,0.478891,0.872925,1896.714966
7,0.402801,0.897181,2196.190674
8,0.140557,0.932777,2612.142334
9,0.295742,0.902922,2911.643555
10,0.427238,0.867760,3127.995605
11,0.532855,0.834865,3460.704346
12,0.896422,0.885862,4209.333984
13,0.743324,0.828278,4458.928223
14,0.908670,0.893988,4691.864258
15,0.998509,0.898278,4974.771973
16,0.831771,0.932576,5257.525879
17,0.053847,0.944754,5440.526367
18,0.049200,0.942924,5673.449707
19,0.210813,0.937057,5839.923340
20,0.743436,0.871327,6355.603027
21,0.455281,0.922665,6921.301758
22,0.309697,0.917443,7237.383301
23,0.437969,0.946594,7670.022461
24,0.563102,0.923726,8019.374023
25,0.651210,0.919913,8318.927734
26,0.731563,0.913015,8634.977539
27,0.842259,0.903650,8934.421875
28,0.680407,0.473104,9766.369141
29,0.721401,0.475645,9965.955078
30,0.626672,0.411192,10348.601562
31,0.673012,0.348815,10698.007812
32,0.621444,0.172871,11197.226562
33,0.566549,0.157394,11480.011719
34,0.509847,0.514320,12494.962891
35,0.523443,0.499075,12794.437500
36,0.464113,0.526422,12994.039062
37,0.491883,0.487662,13310.110352
38,0.256445,0.516458,14208.548828
39,0.201018,0.495951,14408.233398
40,0.154361,0.474252,14657.754883
41,0.158498,0.472396,14774.310547
42,0.146254,0.448367,14990.523438
43,0.292220,0.494275,15273.360352
44,0.359188,0.455881,15722.577148
45,0.348059,0.445835,16005.403320
46,0.333455,0.422617,16388.150391
47,0.681953,0.353786,18168.320312
48,0.821534,0.499486,18850.521484
49,0.895783,0.387870,19149.904297
50,0.939066,0.408148,19449.410156
51,0.042064,0.502472,20198.146484
52,0.067988,0.483059,20464.312500
53,0.173752,0.468397,20913.548828
54,0.170455,0.413029,21129.820312
55,0.151721,0.388587,21429.324219
56,0.113682,0.420938,21678.910156
57,0.142447,0.359223,21945.076172
58,0.147778,0.347011,22211.281250
59,0.156285,0.345843,22311.033203
60,0.103663,0.301378,22610.576172
61,0.063643,0.504084,22893.429688
62,0.074320,0.457795,23176.220703
63,0.995303,0.518326,23692.013672
64,0.977351,0.537656,23974.843750
65,0.032902,0.509741,24241.107422
0,0.841417,0.422725,49.865837
1,0.795360,0.425038,366.003998
2,0.709758,0.492760,715.404419
3,0.655603,0.514365,1630.414917
4,0.796018,0.848569,2245.974609
5,0.829322,0.867521,2412.403809
6,0.569939,0.967561,2711.832275
7,0.619639,0.955295,2795.125244
8,0.673127,0.949835,3044.583740
9,0.726379,0.952437,3560.374023
10,0.806588,0.909558,3760.071533
11,0.789162,0.871095,3959.659912
12,0.969346,0.980350,4225.882324
13,0.000695,0.879735,4941.311035
14,0.024563,0.858798,5174.242188
15,0.756267,0.968548,5756.568848
16,0.632762,0.911449,6006.079590
17,0.660432,0.890248,6272.280273
18,0.707977,0.882449,6538.505859
19,0.451891,0.492914,7387.085449
20,0.494072,0.465977,7703.150391
21,0.372435,0.551958,8385.274414
22,0.374363,0.561640,8535.026367
23,0.374509,0.551336,8734.696289
24,0.243875,0.529972,9133.951172
25,0.175394,0.514741,9383.541992
26,0.666934,0.404751,11113.850586
27,0.664151,0.404352,11246.927734
28,0.663763,0.432369,11895.806641
29,0.680673,0.376583,12777.621094
30,0.799158,0.485523,13193.549805
31,0.829963,0.526233,13426.527344
32,0.716091,0.501053,14058.693359
33,0.658489,0.501707,14258.316406
34,0.664380,0.472926,14574.495117
35,0.158847,0.508899,15456.271484
36,0.009757,0.450020,16088.470703
37,0.010419,0.447884,16188.292969
38,0.013175,0.442554,16271.476562
39,0.057206,0.504948,16487.794922
40,0.968982,0.515522,16837.189453
41,0.980487,0.519062,17053.445312
42,0.896939,0.440827,17768.939453
43,0.907957,0.495645,18018.417969
44,0.832844,0.544918,18284.630859
45,0.209249,0.449076,20347.695312
46,0.228250,0.489294,20564.000000
47,0.166254,0.554675,20930.031250
48,0.163730,0.590727,21096.392578
49,0.178251,0.594855,21345.953125
50,0.182177,0.540710,21728.654297
51,0.146928,0.384965,22111.294922
52,0.133587,0.384403,22327.560547
53,0.197102,0.403487,22660.320312
54,0.810619,0.103049,24573.621094
0,0.750575,0.441690,99.798836
1,0.730215,0.454850,349.431671
2,0.702492,0.423397,565.721924
3,0.692073,0.419021,748.698120
4,0.613884,0.278507,1530.645264
5,0.144484,0.378655,5107.732422
6,0.151506,0.273484,5490.498047
7,0.313488,0.065902,6139.363770
8,0.583726,0.423280,7071.127441
9,0.829906,0.448982,8085.912598
10,0.873230,0.403470,8302.155273
11,0.940335,0.348105,8817.948242
12,0.034327,0.472123,9583.319336
13,0.182499,0.454867,10215.564453
14,0.108410,0.464002,10481.735352
15,0.956599,0.451738,11197.135742
16,0.669809,0.444181,12078.839844
17,0.639979,0.298667,12711.150391
18,0.651067,0.339038,12977.435547
19,0.633944,0.273737,13343.356445
20,0.650615,0.266868,13526.340820
21,0.655285,0.380001,13875.669922
22,0.670534,0.452888,14158.585938
23,0.690977,0.395299,14973.828125
24,0.124963,0.441276,16853.900391
25,0.039954,0.491906,17269.755859
26,0.004241,0.457797,17535.994141
27,0.831651,0.468011,18500.994141
28,0.799447,0.454608,18684.031250
29,0.694557,0.430992,19349.503906
30,0.651556,0.442862,19981.736328
0,0.721221,0.468928,16.679230
1,0.819205,0.591858,1064.889648
2,0.819748,0.626103,1214.578491
3,0.821365,0.435230,1597.203979
4,0.153960,0.527004,2761.922607
5,0.191354,0.524606,3011.391602
6,0.180331,0.520252,3094.608643
7,0.250990,0.509102,3610.360596
8,0.009985,0.488363,4758.385742
9,0.987949,0.499101,4974.665527
10,0.007025,0.507056,5190.993164
11,0.030415,0.464673,5939.649414
12,0.701109,0.514605,6705.027832
13,0.640200,0.505853,6987.833008
14,0.575349,0.502152,7586.720215
15,0.587057,0.498456,7919.490723
16,0.488200,0.463015,8618.358398
17,0.495431,0.458116,8767.986328
18,0.476357,0.526219,8984.291992
19,0.470562,0.568447,9450.151367
20,0.478331,0.523721,9633.155273
21,0.401382,0.536170,10049.099609
22,0.400359,0.546370,10248.746094
23,0.365066,0.581733,10648.058594
24,0.468447,0.460110,10897.624023
25,0.574286,0.308915,11596.393555
26,0.513621,0.247526,11895.869141
27,0.222229,0.534794,13210.237305
28,0.189588,0.526967,13493.063477
29,0.164199,0.509241,13709.385742
30,0.165088,0.516320,13842.486328
31,0.141518,0.532444,13992.232422
32,0.140301,0.427488,14308.309570
33,0.140812,0.480319,14591.159180
34,0.178858,0.559093,14890.664062
35,0.109512,0.531474,15240.018555
36,0.043912,0.533494,15789.046875
37,0.169564,0.497212,16188.407227
38,0.208087,0.512572,16487.832031
39,0.203324,0.515707,16571.017578
40,0.198268,0.521960,16654.214844
41,0.246359,0.528490,16837.232422
42,0.236534,0.566513,17253.162109
43,0.231141,0.562059,17469.474609
44,0.372604,0.579469,17818.843750
45,0.357666,0.559403,18134.964844
46,0.214497,0.462224,18733.939453
47,0.164830,0.472663,19050.054688
48,0.148752,0.431452,19382.771484
49,0.207912,0.373426,19648.980469
50,0.258200,0.317568,19948.466797
51,0.375551,0.417974,20547.425781
52,0.349425,0.389504,20913.435547
53,0.346587,0.423848,21196.279297
54,0.399930,0.474611,21429.207031
55,0.397470,0.415800,21761.947266
56,0.390136,0.378357,21978.259766
57,0.316326,0.379269,22760.236328
58,0.284587,0.409059,23043.052734
59,0.145863,0.468511,23691.955078
60,0.104805,0.473727,23891.585938
61,0.044427,0.482783,24191.037109
62,0.048786,0.490138,24340.849609
63,0.063498,0.475334,24557.076172
0,0.725605,0.478141,399.270569
1,0.800403,0.518160,715.374695
2,0.795642,0.525506,848.474609
3,0.810723,0.493967,1014.857971
4,0.806011,0.369657,1330.976196
5,0.716257,0.333360,1547.252075
6,0.726765,0.308158,1846.724487
7,0.678141,0.568445,2179.504639
8,0.760086,0.715388,2545.515137
9,0.722666,0.579739,2911.543213
10,0.701007,0.529623,3077.923584
11,0.702082,0.523442,3211.022705
12,0.684126,0.403439,3410.706299
13,0.664663,0.325928,3793.325439
14,0.630759,0.374000,4126.161621
15,0.733471,0.382894,4658.493652
16,0.741868,0.342240,4824.866211
17,0.716260,0.638773,5257.443359
18,0.698235,0.586774,5473.780273
19,0.702773,0.508852,5889.715332
20,0.716618,0.514854,6189.155273
21,0.630581,0.529556,6704.920898
22,0.645656,0.522864,7021.093262
23,0.639030,0.370244,7420.340332
24,0.764319,0.400731,8135.778809
25,0.731040,0.345216,8401.975586
26,0.731155,0.348381,8501.829102
27,0.734990,0.330206,8668.186523
28,0.690793,0.550470,9117.372070
29,0.703777,0.522396,9267.146484
30,0.888463,0.493344,10015.819336
31,0.882586,0.492963,10198.810547
32,0.903070,0.505065,10365.224609
33,0.033583,0.619653,11246.982422
34,0.085962,0.588692,11579.751953
35,0.113571,0.645169,11979.049805
36,0.151290,0.581258,12328.453125
37,0.152156,0.569813,12511.434570
38,0.160389,0.535332,12661.205078
39,0.181438,0.596685,12944.042969
40,0.181416,0.586082,13176.927734
41,0.221942,0.610775,13493.062500
42,0.233170,0.579130,13659.439453
43,0.213905,0.334754,14125.312500
44,0.199325,0.255453,14374.849609
45,0.145894,0.455469,14607.773438
46,0.118298,0.195453,15339.833008
47,0.101862,0.107750,15506.231445
48,0.971109,0.091890,15972.046875
49,0.996076,0.180582,16454.583984
50,0.979543,0.373105,16737.425781
51,0.912722,0.363001,17070.132812
52,0.802365,0.311457,17536.005859
53,0.816493,0.510828,17735.673828
54,0.694459,0.561851,18334.623047
55,0.645062,0.551204,18584.142578
56,0.637384,0.426819,19066.669922
57,0.545624,0.514700,19465.998047
58,0.508433,0.583822,19698.894531
59,0.443223,0.593670,20014.996094
60,0.393904,0.594582,20414.304688
61,0.393654,0.585723,20630.576172
62,0.349495,0.604100,20796.955078
63,0.339341,0.573844,21279.449219
64,0.378805,0.509159,21745.314453
65,0.363113,0.388225,22028.150391
66,0.360923,0.335096,22211.146484
67,0.361176,0.344078,22310.994141
68,0.372696,0.321722,22444.087891
69,0.437502,0.332474,22760.203125
70,0.351490,0.887308,23641.990234
71,0.341288,0.960361,24141.134766
72,0.336374,0.935257,24290.875000
73,0.270425,0.643759,24490.519531
74,0.273461,0.569046,24956.369141
0,0.762520,0.635073,415.999481
1,0.819145,0.581611,865.198425
2,0.820883,0.522894,1464.107666
3,0.814489,0.549562,2162.917236
4,0.639085,0.554849,3144.485596
5,0.660808,0.570854,3394.033691
6,0.669951,0.484825,3676.905518
7,0.138827,0.709345,7636.578613
8,0.096493,0.930457,8618.189453
9,0.182266,0.470205,11014.064453
10,0.165525,0.347396,11346.822266
11,0.045510,0.274752,12245.237305
12,0.945940,0.504721,13060.536133
13,0.939923,0.503706,13260.142578
14,0.570489,0.531628,18118.289062
15,0.614258,0.494067,19216.392578
16,0.513855,0.567744,20081.468750
0,0.834700,0.770088,83.183357
1,0.756057,0.541443,399.320618
2,0.723598,0.498164,598.940430
3,0.740053,0.365808,798.601929
4,0.748777,0.360072,915.138733
5,0.923612,0.427038,1763.574829
6,0.959645,0.418533,2296.029541
7,0.951705,0.435942,2445.763916
8,0.006295,0.521417,2928.210205
9,0.047192,0.530870,3144.507324
10,0.804197,0.512775,3959.744629
11,0.569551,0.427936,4974.630859
12,0.653620,0.424261,5224.191895
13,0.645905,0.408975,5423.854492
14,0.661157,0.399148,5656.785156
15,0.658116,0.375277,6322.271973
16,0.660715,0.359911,6704.946777
17,0.564485,0.232166,7120.895996
18,0.542474,0.228772,7253.984375
19,0.487540,0.523667,7936.150391
20,0.459679,0.538201,8085.871094
21,0.575746,0.949405,8684.825195
22,0.641965,0.830605,10648.078125
23,0.524920,0.949774,10930.892578
24,0.230165,0.902091,11363.468750
25,0.224474,0.919003,11496.581055
26,0.137781,0.927780,11662.943359
27,0.167830,0.952106,11945.774414
28,0.424318,0.867912,12162.069336
29,0.318580,0.930251,12494.830078
30,0.012724,0.948013,12844.205078
31,0.812005,0.892460,13143.689453
32,0.784199,0.867462,13293.423828
33,0.395913,0.889159,14225.126953
34,0.491441,0.921749,14391.508789
35,0.612581,0.928018,15023.757812
36,0.312761,0.540079,18850.378906
37,0.230751,0.522352,19299.597656
38,0.314137,0.454475,19948.460938
39,0.156777,0.442631,20647.255859
40,0.153263,0.429701,20896.832031
41,0.144011,0.390691,21329.384766
42,0.119578,0.435333,21678.806641
43,0.057984,0.426900,21895.072266
44,0.136916,0.435076,22310.994141
45,0.127112,0.438681,22510.669922
46,0.147913,0.534903,22776.876953
47,0.207346,0.540366,22993.150391
48,0.520211,0.480867,24141.150391
49,0.679135,0.491733,24790.021484
