Idx, longitude, latitude, start timestamp
0,0.761970,0.415184,16.626585
1,0.708594,0.417898,349.359131
2,0.700756,0.395670,465.850494
3,0.711051,0.359694,632.282776
4,0.709629,0.341065,898.348877
5,0.758686,0.327333,1147.990234
6,0.806662,0.348916,1364.315674
7,0.831792,0.345544,1530.642212
8,0.859066,0.332865,1713.593872
9,0.925532,0.214662,2412.451904
10,0.909230,0.266634,2911.563232
11,0.928175,0.343547,3211.110352
12,0.951366,0.376750,3527.127686
13,0.911827,0.399286,3776.697021
14,0.998862,0.503483,4042.933594
15,0.992636,0.511229,4176.032227
16,0.000720,0.491185,4425.543945
17,0.978609,0.567948,4974.532227
18,0.962327,0.699428,5324.051270
19,0.973963,0.709616,5556.997070
20,0.998570,0.763782,5789.800293
21,0.985344,0.830692,6105.920898
22,0.925803,0.904008,6804.751953
23,0.928177,0.918488,7087.493652
24,0.009884,0.872473,7886.146484
25,0.909266,0.881549,8202.315430
26,0.870293,0.863223,8468.568359
27,0.421303,0.712046,10614.690430
28,0.247149,0.726177,11429.948242
29,0.289755,0.690324,11779.323242
30,0.501356,0.584079,12594.529297
31,0.523646,0.581400,12877.444336
32,0.561412,0.538418,13393.148438
33,0.594779,0.542029,13692.670898
34,0.619152,0.521235,13975.602539
35,0.632574,0.492905,14175.227539
36,0.626280,0.516869,15040.404297
37,0.615351,0.499851,15189.962891
38,0.613636,0.491214,15273.214844
39,0.621889,0.440001,15423.001953
40,0.641372,0.352400,15772.362305
41,0.654146,0.348464,15938.708984
42,0.674880,0.345131,16188.393555
43,0.674184,0.354437,16271.507812
44,0.672128,0.350813,16371.375977
45,0.622843,0.214033,17036.851562
46,0.515163,0.238140,17685.675781
47,0.498409,0.284416,18018.462891
48,0.495946,0.355025,18401.076172
49,0.490366,0.407153,18617.384766
50,0.503146,0.552176,19166.447266
51,0.536368,0.627752,19565.669922
52,0.599905,0.675089,19898.513672
53,0.660573,0.714532,20264.550781
54,0.684195,0.724581,20480.820312
55,0.673588,0.723846,20763.630859
56,0.779571,0.781238,21429.130859
57,0.870994,0.751439,21728.597656
58,0.942527,0.795764,22078.070312
59,0.927415,0.583736,22494.033203
60,0.907989,0.513437,22676.990234
61,0.899640,0.492661,22959.750000
62,0.845071,0.401761,23325.880859
63,0.855332,0.374339,23625.310547
64,0.805055,0.354602,23891.517578
65,0.824231,0.295676,24157.785156
66,0.870164,0.229433,24590.220703
0,0.725036,0.306621,532.436951
1,0.749153,0.194174,865.127563
2,0.579486,0.254328,1081.544922
3,0.994606,0.373176,2196.226807
4,0.986746,0.320241,2379.284668
5,0.982312,0.312752,2512.278564
6,0.022798,0.809277,3327.610596
7,0.012813,0.793088,3444.004639
8,0.961044,0.876380,3893.199463
9,0.655620,0.830660,5174.353027
10,0.464651,0.701298,5789.927246
11,0.544878,0.601289,6039.473633
12,0.493507,0.592140,6605.186523
13,0.496471,0.595380,6854.671387
14,0.498335,0.592134,7120.900391
15,0.494746,0.344412,7886.250000
16,0.596215,0.360152,8368.792969
17,0.606612,0.395743,8668.157227
18,0.494152,0.513123,9167.349609
19,0.507167,0.450446,9616.475586
20,0.642518,0.239224,11114.000977
21,0.224908,0.365732,15356.497070
22,0.208590,0.339175,15839.019531
23,0.208962,0.308743,15955.365234
24,0.157165,0.494626,16820.587891
25,0.225668,0.525612,17186.597656
26,0.267002,0.738552,17868.701172
27,0.272603,0.728735,18085.103516
28,0.250096,0.703915,18417.802734
29,0.267240,0.684511,18817.078125
30,0.275738,0.569793,19149.818359
31,0.953997,0.536255,20647.185547
32,0.975467,0.586471,22061.427734
33,0.979244,0.571980,22560.535156
34,0.822321,0.369918,23908.261719
35,0.882664,0.514068,24972.939453
0,0.742094,0.565320,282.856964
1,0.716204,0.657607,632.239807
2,0.722327,0.704386,831.808105
3,0.720484,0.715227,931.712280
4,0.680201,0.748256,1131.393066
5,0.738599,0.748655,1414.229248
6,0.760009,0.749394,1597.231201
7,0.910659,0.729235,2013.102783
8,0.914240,0.857215,2628.713623
9,0.975815,0.809808,2911.561279
10,0.001768,0.534538,3809.897949
11,0.001341,0.515976,4109.447754
12,0.002135,0.564711,4658.546875
13,0.009932,0.381969,5024.552734
14,0.005655,0.365878,5573.532715
15,0.016895,0.330760,6006.168457
16,0.989885,0.369135,6488.653320
17,0.910305,0.385065,6871.223633
18,0.879191,0.284692,7287.219727
19,0.868282,0.262225,7436.984863
20,0.850623,0.390695,7769.853516
21,0.798059,0.376798,8002.601562
22,0.719356,0.712042,8884.461914
23,0.513941,0.613778,11063.956055
24,0.511080,0.620892,11313.531250
25,0.564763,0.451553,12062.154297
26,0.589949,0.378405,12844.147461
27,0.489967,0.384084,13359.929688
28,0.489219,0.312510,14058.778320
29,0.538301,0.455598,14308.250000
30,0.432974,0.606107,14624.368164
31,0.426754,0.627813,14774.119141
32,0.499216,0.585104,15206.791992
33,0.503631,0.572681,15489.625977
34,0.493160,0.571322,15739.148438
35,0.498104,0.780714,16970.332031
36,0.344736,0.721845,17170.023438
37,0.265495,0.693747,17901.980469
38,0.316122,0.519343,18650.728516
39,0.325642,0.505839,18883.560547
40,0.335987,0.440646,19166.431641
41,0.260266,0.360116,20613.951172
42,0.238469,0.375006,21845.173828
43,0.333940,0.636275,22261.060547
44,0.278954,0.752307,22943.308594
45,0.246751,0.363505,24939.726562
0,0.747142,0.483192,133.128754
1,0.734029,0.644217,698.701477
2,0.542192,0.597871,1497.335205
3,0.486948,0.567966,1796.846191
4,0.507703,0.599936,2329.232178
5,0.510699,0.591234,3460.513184
6,0.485049,0.536053,3643.630859
7,0.491186,0.438290,3976.394287
8,0.503950,0.277661,4625.203125
9,0.491949,0.258349,4824.829102
10,0.481831,0.192010,5174.177734
11,0.523872,0.144046,5373.800781
12,0.609396,0.063106,5789.839844
13,0.690625,0.038932,5956.065918
14,0.671605,0.234439,6455.256348
15,0.830267,0.359699,7337.109863
16,0.849994,0.326402,7470.151855
17,0.902220,0.263967,7786.217285
18,0.968961,0.286230,8102.333008
19,0.014478,0.315655,8368.681641
20,0.010240,0.354442,9150.504883
21,0.096759,0.261894,9416.753906
22,0.106410,0.247950,9533.166016
23,0.121554,0.603359,10414.925781
24,0.162754,0.544280,10631.309570
25,0.266930,0.570509,10930.679688
26,0.238941,0.500229,11612.882812
27,0.232124,0.404096,12195.177734
28,0.205879,0.365961,12361.494141
29,0.195847,0.345548,12594.445312
30,0.180051,0.322732,13043.743164
31,0.198263,0.480843,13426.293945
32,0.187699,0.542406,13609.283203
33,0.239138,0.551905,13808.933594
34,0.181042,0.610056,14358.011719
35,0.284167,0.799779,14740.749023
36,0.388598,0.719736,15406.166016
37,0.285112,0.677826,15755.476562
38,0.438923,0.675669,16104.834961
39,0.248615,0.655391,16620.751953
40,0.992892,0.511454,17801.951172
41,0.982581,0.499203,17951.761719
42,0.996580,0.521186,18267.769531
43,0.996735,0.520532,18600.513672
44,0.872915,0.496923,19066.419922
45,0.874592,0.496319,19182.791016
46,0.695767,0.565412,20181.154297
47,0.587664,0.503707,20597.052734
48,0.525293,0.507227,20929.685547
49,0.471811,0.536368,21295.679688
50,0.461375,0.463120,21678.414062
51,0.380809,0.516817,22160.947266
52,0.388634,0.484378,22393.828125
53,0.394554,0.378910,22809.808594
54,0.327556,0.428244,23292.261719
55,0.301976,0.445080,23558.388672
56,0.354036,0.315850,23957.804688
57,0.376092,0.195784,24490.134766
58,0.395784,0.165954,24689.746094
59,0.356903,0.226062,24922.685547
0,0.917772,0.458911,2246.055908
1,0.180406,0.510098,3377.420898
2,0.196261,0.503555,3577.051758
3,0.964089,0.806556,4375.596191
4,0.845519,0.867324,4608.684082
5,0.023936,0.912901,5939.593750
6,0.015147,0.834722,6139.262207
7,0.575478,0.459707,7170.726562
8,0.573722,0.469295,7270.596191
9,0.520761,0.609246,7570.112305
10,0.495670,0.512514,7802.926758
11,0.486359,0.490422,8185.727051
12,0.422179,0.397192,8817.916016
13,0.386332,0.501547,9167.350586
14,0.339519,0.680564,9383.581055
15,0.344256,0.855217,9616.424805
16,0.391839,0.920331,10215.430664
17,0.252136,0.734809,10481.668945
18,0.245806,0.653427,10814.394531
19,0.441415,0.159637,12378.370117
20,0.496668,0.211599,13309.975586
21,0.495405,0.351263,13592.963867
22,0.491448,0.510167,13842.533203
23,0.519992,0.560306,14058.781250
24,0.554882,0.533180,14308.214844
25,0.585515,0.466297,14757.543945
26,0.528974,0.335570,14973.707031
27,0.521505,0.346021,15239.992188
28,0.498314,0.509894,15589.327148
29,0.502640,0.594516,15855.604492
30,0.508796,0.575765,16038.606445
31,0.509889,0.539835,17802.191406
32,0.640462,0.393795,18567.552734
33,0.701705,0.396753,18867.031250
34,0.714347,0.704717,19249.701172
35,0.714464,0.758753,19399.423828
36,0.724261,0.769561,19782.056641
37,0.731122,0.759991,20148.076172
38,0.744320,0.679423,20480.753906
39,0.694237,0.841324,20680.500000
40,0.724766,0.903188,20946.642578
41,0.962226,0.479885,21512.367188
42,0.998431,0.451549,21845.234375
43,0.026721,0.438186,22177.888672
44,0.026441,0.334376,22394.171875
45,0.113144,0.265036,22909.849609
46,0.133986,0.262706,23142.886719
47,0.126076,0.262554,23276.027344
48,0.154081,0.212772,23459.021484
49,0.178678,0.227555,23708.458984
50,0.179016,0.454370,23991.382812
51,0.150703,0.560554,24340.753906
52,0.235495,0.727994,24706.820312
0,0.765943,0.624132,648.857605
1,0.741214,0.686604,1247.891846
2,0.711137,0.767979,2512.337891
3,0.728705,0.802341,2711.990479
4,0.576691,0.204094,5357.320801
5,0.454300,0.248519,6106.032227
6,0.411709,0.258245,6322.249512
7,0.369795,0.267716,6571.877930
8,0.418419,0.236783,6821.437988
9,0.332417,0.450501,7853.004883
10,0.315450,0.433936,8119.137207
11,0.437656,0.630566,9333.764648
12,0.480150,0.673384,9616.594727
13,0.443322,0.707119,9915.946289
14,0.504467,0.715192,10548.221680
15,0.489415,0.557559,11280.314453
16,0.381791,0.374510,12910.812500
17,0.441761,0.347765,13143.670898
18,0.605942,0.341072,14790.904297
19,0.579614,0.517557,16338.106445
20,0.569877,0.585778,16587.746094
21,0.489460,0.590940,17070.238281
22,0.517638,0.622310,17336.355469
23,0.505110,0.650764,18018.648438
24,0.511029,0.643455,18268.109375
25,0.513573,0.631620,18517.757812
26,0.513559,0.619639,18767.208984
27,0.506657,0.679578,19282.951172
28,0.517474,0.704926,19532.601562
29,0.500607,0.709696,19765.445312
30,0.500248,0.723960,19898.644531
31,0.499928,0.731743,20015.021484
32,0.852732,0.258628,23142.958984
33,0.018092,0.296006,24324.183594
34,0.013365,0.339832,24923.171875
0,0.738026,0.484906,249.475891
1,0.620704,0.222187,1580.522583
2,0.489798,0.241858,2029.738403
3,0.504297,0.253466,2179.451904
4,0.477247,0.312706,2745.225586
5,0.510834,0.283803,3011.336670
6,0.810369,0.130958,3743.424561
7,0.826861,0.117682,3843.261963
8,0.885075,0.114778,4009.581787
9,0.916012,0.068618,4209.305176
10,0.918018,0.055677,4458.826172
11,0.925800,0.036757,4608.556152
12,0.167517,0.007990,4791.577148
13,0.351624,0.035988,4974.626465
14,0.386605,0.052592,5440.444336
15,0.359461,0.053237,5540.273438
16,0.872927,0.372125,6887.909180
17,0.819713,0.345797,7137.494629
18,0.722389,0.613097,7686.519531
19,0.730419,0.617771,7786.432617
20,0.722020,0.663220,7969.442383
21,0.724076,0.682079,8302.165039
22,0.737370,0.705859,8601.629883
23,0.720522,0.714456,8851.140625
24,0.795858,0.539405,9433.451172
25,0.890548,0.601200,9633.090820
26,0.887575,0.618171,10132.250000
27,0.879708,0.608939,10282.026367
28,0.883025,0.613545,10548.234375
29,0.882535,0.615186,10747.839844
30,0.952447,0.490519,11047.321289
31,0.005393,0.325187,11895.812500
32,0.000256,0.340853,12095.556641
33,0.999566,0.344552,12211.975586
34,0.000763,0.364011,12328.441406
35,0.998304,0.303913,12577.968750
36,0.114326,0.499796,13476.453125
37,0.110903,0.490362,13592.848633
38,0.080919,0.518792,13775.911133
39,0.066556,0.550926,14158.607422
40,0.034871,0.583921,14391.493164
41,0.067317,0.537533,14757.490234
42,0.080739,0.542617,14973.813477
43,0.097897,0.505208,15173.495117
44,0.172371,0.481848,15722.469727
45,0.169953,0.479950,15988.726562
46,0.221371,0.341511,16571.001953
47,0.219986,0.350197,16670.826172
48,0.222179,0.356984,16920.457031
49,0.282043,0.587063,17502.742188
50,0.275285,0.583210,17669.105469
51,0.261832,0.333801,18035.119141
52,0.192701,0.333743,18550.896484
53,0.164880,0.341356,18717.230469
54,0.112312,0.364724,19000.166016
55,0.076130,0.376121,19166.416016
56,0.004264,0.365051,19682.218750
57,0.998222,0.280775,20247.935547
58,0.990204,0.288465,20397.638672
59,0.491578,0.243836,21645.417969
60,0.493524,0.283169,21861.851562
61,0.493982,0.375789,22377.523438
62,0.417528,0.365698,22726.871094
63,0.370232,0.247836,22993.068359
64,0.402550,0.544516,23642.035156
65,0.401841,0.529514,23741.830078
66,0.399412,0.529846,23858.222656
67,0.334652,0.373583,24290.843750
68,0.290066,0.355629,24507.183594
0,0.735410,0.573097,316.146515
1,0.750292,0.337374,715.513794
2,0.777678,0.321316,915.187012
3,0.799514,0.321749,1064.915649
4,0.895184,0.251258,1514.083740
5,0.949850,0.318240,1780.179321
6,0.955015,0.357728,1963.230469
7,0.994678,0.312123,2229.442871
8,0.022581,0.311774,2662.097412
9,0.021683,0.304830,2878.343506
10,0.792540,0.134364,3494.027344
11,0.840383,0.182373,3776.766357
12,0.848230,0.156651,4159.470703
13,0.808633,0.103427,4409.101074
14,0.577057,0.079472,4658.516113
15,0.532603,0.065352,4908.142090
16,0.570513,0.058941,5057.875000
17,0.608531,0.086524,5307.491211
18,0.533266,0.192032,5690.036133
19,0.539896,0.266333,5939.610352
20,0.502524,0.384422,6338.845703
21,0.505758,0.441758,6638.353516
22,0.509720,0.507404,7120.885254
23,0.508254,0.586618,7303.830078
24,0.505878,0.598880,7420.364258
25,0.497998,0.609335,7553.452148
26,0.496882,0.654691,7886.199219
27,0.429965,0.648110,8202.393555
28,0.324164,0.547591,9100.721680
29,0.279606,0.572879,9283.822266
30,0.281630,0.345214,9932.717773
31,0.216731,0.358718,10431.805664
32,0.220213,0.363479,10614.767578
33,0.188110,0.568560,10914.290039
34,0.087884,0.527190,11829.274414
35,0.121945,0.385544,12078.871094
36,0.103800,0.279674,13060.516602
37,0.267801,0.746031,14075.402344
38,0.272708,0.748858,14324.953125
39,0.363940,0.526744,15739.052734
40,0.545994,0.380879,16953.654297
41,0.214433,0.327017,20680.478516
42,0.162214,0.351772,20913.343750
43,0.914973,0.544572,23076.335938
44,0.752363,0.605235,23575.406250
45,0.487236,0.563543,24557.033203
46,0.485541,0.487082,24956.298828
0,0.727317,0.564244,249.536728
1,0.728675,0.545380,366.032776
2,0.699498,0.258365,715.399231
3,0.644752,0.263542,1330.997437
4,0.614504,0.289893,1580.597168
5,0.548604,0.682840,2395.819580
6,0.482641,0.579825,2795.075195
7,0.463180,0.551853,3028.011230
8,0.453820,0.657354,3294.228027
9,0.458414,0.745397,3460.638184
10,0.466970,0.743401,3743.489990
11,0.486657,0.737671,4076.195801
12,0.436326,0.788820,4375.696289
13,0.416719,0.782493,4591.992676
14,0.423203,0.940038,5157.657715
15,0.412257,0.612564,5906.342285
16,0.342928,0.541798,6155.892090
17,0.323648,0.594113,6338.926758
18,0.423055,0.420129,6887.967773
19,0.452531,0.334837,7137.513672
20,0.455218,0.324544,7320.538574
21,0.498808,0.339739,7586.752441
22,0.495824,0.283822,7852.923828
23,0.486542,0.252304,8102.479004
24,0.491683,0.183797,8385.330078
25,0.561355,0.196575,9100.752930
26,0.070627,0.125645,11363.449219
27,0.758288,0.351007,12661.224609
28,0.797001,0.272816,12794.303711
29,0.792493,0.295035,12927.409180
30,0.826379,0.536573,13509.718750
31,0.878900,0.299501,13892.385742
32,0.923597,0.341983,14158.589844
33,0.938943,0.455175,14474.678711
34,0.975321,0.468224,14724.357422
35,0.997280,0.475845,14973.812500
36,0.012680,0.464687,15206.748047
37,0.991494,0.321449,15572.762695
38,0.992150,0.252498,15789.056641
39,0.058555,0.476448,16121.797852
40,0.054269,0.486172,16304.835938
41,0.048792,0.445671,16554.443359
42,0.045543,0.444704,16704.126953
43,0.066616,0.447759,16887.169922
44,0.057634,0.267906,17319.734375
45,0.979213,0.241587,17669.134766
46,0.964564,0.241813,17818.916016
47,0.987222,0.596794,18234.781250
48,0.017491,0.652810,18584.222656
49,0.071952,0.463399,18850.380859
50,0.113289,0.387027,19050.035156
51,0.139853,0.477006,19332.859375
52,0.147447,0.445633,19582.453125
53,0.142004,0.441916,19782.074219
54,0.150630,0.362884,20064.923828
55,0.132583,0.264242,20297.863281
56,0.194866,0.259647,20530.763672
57,0.242064,0.571411,20963.367188
58,0.179941,0.222636,21761.953125
59,0.116747,0.305442,22161.304688
60,0.189935,0.238345,22444.095703
61,0.172748,0.254376,22860.035156
62,0.175598,0.250609,22993.142578
63,0.141861,0.233167,23525.548828
64,0.185623,0.214649,23825.011719
65,0.168193,0.278734,24191.050781
66,0.199587,0.270295,24374.072266
0,0.740267,0.547700,182.991730
1,0.737313,0.548358,465.851746
2,0.720543,0.415175,698.791931
3,0.705408,0.310971,865.116882
4,0.701014,0.286335,1048.179443
5,0.688678,0.245079,1247.851196
6,0.690179,0.262157,1330.998413
7,0.585539,0.206244,1880.045166
8,0.634885,0.353580,2262.751953
9,0.664371,0.391231,2495.729492
10,0.610317,0.392317,2728.638428
11,0.477345,0.280017,3144.517578
12,0.481787,0.397541,4392.303711
13,0.468947,0.535484,4791.635254
14,0.479817,0.635045,5207.554688
15,0.479223,0.571431,5706.667480
16,0.478663,0.542284,5873.066895
17,0.468242,0.775225,6322.303711
18,0.407279,0.889126,6921.231934
19,0.383066,0.969062,7070.954590
20,0.054372,0.967497,8784.643555
21,0.776842,0.883493,8984.358398
22,0.711811,0.836650,9433.483398
23,0.782084,0.877094,9683.116211
24,0.943471,0.785678,10099.069336
25,0.018674,0.698960,10498.278320
26,0.010394,0.443674,11113.916016
27,0.002352,0.457464,11230.355469
28,0.084184,0.365224,11845.969727
29,0.987433,0.328185,12528.083984
30,0.978295,0.331035,12811.005859
31,0.977269,0.274097,13260.201172
32,0.029947,0.231259,13825.830078
33,0.103389,0.222051,14125.275391
34,0.013117,0.321417,14441.409180
35,0.985571,0.417412,14674.333984
36,0.980648,0.400199,14940.550781
37,0.959089,0.482975,15239.997070
38,0.944402,0.547294,15439.681641
39,0.917730,0.563719,15639.311523
40,0.889938,0.538080,16055.352539
41,0.818694,0.245568,16388.009766
42,0.827555,0.205035,16521.138672
43,0.838324,0.187840,16837.240234
44,0.849338,0.177345,17170.000000
45,0.724379,0.075230,17552.628906
46,0.866580,0.093802,17885.435547
47,0.848213,0.192071,18268.050781
48,0.820626,0.202947,18634.136719
49,0.152423,0.929923,20198.044922
50,0.266585,0.781353,20647.222656
51,0.266748,0.730163,20796.994141
52,0.259198,0.682420,20980.074219
53,0.267816,0.640353,21196.318359
54,0.322555,0.585688,21429.216797
55,0.321498,0.541965,21712.056641
56,0.312950,0.535814,21978.218750
57,0.337253,0.573603,22277.740234
58,0.316969,0.557121,22677.013672
59,0.259850,0.523433,23259.361328
60,0.256124,0.535659,23409.089844
61,0.195847,0.478199,23658.634766
62,0.152318,0.483249,23924.820312
63,0.124130,0.559262,24423.974609
0,0.738494,0.496477,332.716400
1,0.721049,0.361344,632.224304
2,0.768259,0.727816,1564.011963
3,0.756215,0.721862,1680.385498
4,0.751367,0.765934,1880.037476
5,0.773522,0.684674,2029.774414
6,0.603498,0.689516,2528.968262
7,0.597385,0.466386,3211.117920
8,0.573102,0.391948,3444.015625
9,0.582289,0.381400,3560.433105
10,0.629601,0.382963,3793.355469
11,0.659601,0.368951,3976.469238
12,0.667509,0.345939,4192.714844
13,0.661529,0.187301,4591.980469
14,0.613730,0.110188,4991.287598
15,0.631928,0.066646,5157.633301
16,0.596392,0.220125,5690.112793
17,0.742463,0.357619,6106.027344
18,0.792656,0.319532,6854.658203
19,0.816126,0.310509,7170.816406
20,0.823035,0.294885,7370.461426
21,0.856364,0.273257,7570.067383
22,0.884765,0.246539,7703.243164
23,0.938019,0.381864,8102.572754
24,0.003935,0.328951,8352.037109
25,0.013899,0.322332,8501.841797
26,0.013830,0.384182,8718.139648
27,0.081487,0.571139,9866.072266
28,0.066019,0.520369,10049.068359
29,0.999145,0.470384,10465.055664
30,0.988865,0.470970,10631.431641
31,0.907731,0.468375,11396.802734
32,0.895428,0.466991,11513.211914
33,0.716420,0.555311,12644.580078
34,0.540236,0.706705,14075.439453
35,0.535396,0.652845,14358.260742
36,0.530195,0.647091,14491.340820
37,0.523847,0.619054,14674.345703
38,0.520779,0.615902,14757.552734
39,0.516510,0.619559,14857.340820
40,0.519147,0.607635,15290.029297
41,0.501768,0.387376,15972.104492
42,0.484199,0.359766,16304.857422
43,0.482412,0.296716,16487.849609
44,0.485180,0.303118,16587.636719
45,0.487190,0.293737,16720.767578
46,0.497831,0.305159,17336.382812
47,0.401960,0.361881,18251.406250
48,0.262428,0.618212,19898.537109
49,0.193573,0.622729,20148.080078
50,0.166794,0.617887,20314.472656
51,0.193355,0.350996,21229.539062
52,0.263210,0.308175,21778.576172
53,0.204432,0.587753,21961.583984
54,0.315537,0.347417,22177.898438
55,0.323843,0.308599,22327.630859
56,0.386360,0.247689,22776.869141
57,0.448750,0.270471,22993.109375
58,0.510631,0.323721,23259.373047
59,0.494251,0.353841,23608.826172
60,0.625974,0.222263,24257.582031
61,0.611869,0.224517,24490.533203
62,0.648693,0.256546,24690.222656
63,0.583178,0.095600,24989.673828
0,0.705553,0.662329,349.433990
1,0.630509,0.523236,915.172241
2,0.604896,0.477553,1081.540283
3,0.607448,0.472517,1231.301025
4,0.680755,0.365844,1697.115967
5,0.679393,0.405101,1996.537598
6,0.472261,0.634721,2761.886475
7,0.499018,0.651405,3011.456543
8,0.488444,0.593731,3244.456543
9,0.496021,0.580689,3627.076416
10,0.499121,0.698952,4275.940430
11,0.498012,0.764296,4425.643066
12,0.491378,0.756558,4542.192871
13,0.495208,0.770816,4691.815430
14,0.502566,0.774033,5057.883301
15,0.505717,0.698907,5457.181641
16,0.524116,0.746270,6022.879883
17,0.529115,0.867053,6455.455078
18,0.502960,0.884974,6738.305664
19,0.344379,0.692916,7353.941895
20,0.353601,0.646002,7570.191895
21,0.425547,0.616169,7753.192383
22,0.445713,0.603579,7919.523926
23,0.359796,0.516890,8202.396484
24,0.375574,0.475415,8402.012695
25,0.391875,0.392080,8634.976562
26,0.405015,0.380926,8884.620117
27,0.443132,0.353149,9167.438477
28,0.399027,0.382036,9400.362305
29,0.502458,0.392370,10215.566406
30,0.650290,0.440940,10964.300781
31,0.690579,0.450741,11396.791992
32,0.701783,0.399938,11579.896484
33,0.739614,0.380470,12062.337891
34,0.799903,0.400848,12228.746094
35,0.823386,0.370550,12544.791016
36,0.845098,0.343313,12877.511719
37,0.890630,0.411776,13160.416992
38,0.935685,0.417429,13759.331055
39,0.971558,0.450071,14408.212891
40,0.917556,0.391968,14774.281250
41,0.894604,0.378335,15090.334961
42,0.896618,0.365501,15406.485352
43,0.872091,0.332479,15789.127930
44,0.913687,0.268774,16205.156250
45,0.912681,0.240155,16437.998047
46,0.911227,0.585834,16920.466797
47,0.947479,0.565395,17086.843750
48,0.049792,0.597819,17569.330078
49,0.062554,0.599108,17685.777344
50,0.988910,0.634153,17918.722656
51,0.976812,0.597820,18085.134766
52,0.984879,0.601796,18467.767578
53,0.960335,0.551373,18833.800781
54,0.939488,0.565004,19316.292969
55,0.915255,0.548727,19599.140625
56,0.927613,0.554469,19832.050781
57,0.018536,0.541126,20064.968750
58,0.838861,0.578695,20747.134766
59,0.826869,0.593107,20863.572266
60,0.846116,0.645306,21029.972656
61,0.755165,0.650758,21279.519531
62,0.752956,0.610533,21462.546875
63,0.780108,0.600080,21712.085938
64,0.747498,0.642962,22061.490234
65,0.724320,0.718571,22377.601562
66,0.731277,0.697603,22593.880859
67,0.753217,0.625307,22810.173828
68,0.663557,0.672220,23159.576172
69,0.663162,0.674460,23309.314453
70,0.686580,0.648078,23708.593750
71,0.682772,0.589326,23908.277344
72,0.680251,0.511401,24124.535156
0,0.761445,0.306528,399.414673
1,0.645073,0.233357,1081.535767
2,0.633514,0.212889,1414.359619
3,0.713021,0.293095,3111.281982
4,0.648820,0.333970,3327.600342
5,0.618453,0.343688,3494.063965
6,0.668870,0.309974,3876.725830
7,0.688023,0.524256,4492.207520
8,0.684898,0.547135,4691.895020
9,0.614852,0.525795,5091.200684
10,0.575041,0.509896,5357.414062
11,0.575707,0.495596,5457.195312
12,0.556318,0.474038,5606.972168
13,0.485101,0.502556,5889.807617
14,0.475682,0.501034,6122.750000
15,0.467416,0.500376,6405.546387
16,0.495951,0.282585,6721.712402
17,0.504916,0.260312,6954.579590
18,0.516031,0.205255,8368.840820
19,0.466685,0.606331,10199.007812
20,0.463257,0.659169,10348.679688
21,0.504274,0.560048,10831.150391
22,0.517124,0.551885,11563.247070
23,0.606342,0.553500,11812.769531
24,0.636833,0.569148,11995.778320
25,0.666285,0.690646,12178.795898
26,0.736208,0.748079,12461.625000
27,0.731670,0.745368,12544.873047
28,0.652154,0.765007,12794.382812
29,0.711378,0.762085,13143.750000
30,0.740278,0.899709,13726.098633
31,0.719934,0.448617,14208.566406
32,0.686316,0.391159,14374.970703
33,0.647696,0.402476,14824.189453
34,0.604073,0.415132,14990.554688
35,0.801090,0.426800,16138.574219
36,0.789542,0.572984,16704.253906
37,0.956248,0.475031,17486.156250
38,0.011532,0.471818,17868.830078
39,0.017276,0.390077,18717.378906
40,0.002070,0.246251,19000.257812
41,0.991854,0.220795,19183.259766
42,0.985086,0.213037,19316.404297
43,0.988630,0.269060,19499.322266
44,0.975775,0.194382,19848.783203
45,0.898595,0.299772,20064.994141
46,0.086584,0.326381,20797.042969
47,0.159191,0.290937,21013.392578
48,0.134607,0.470157,21529.101562
49,0.998921,0.848414,21911.822266
50,0.273801,0.699652,23492.335938
51,0.252100,0.712128,24058.082031
52,0.261645,0.668523,24573.818359
53,0.278751,0.626701,24973.117188
0,0.789349,0.460248,182.983795
1,0.746496,0.560737,465.831787
2,0.753852,0.697075,831.879517
3,0.748289,0.713660,931.718323
4,0.707977,0.758210,1430.842163
5,0.627224,0.851826,1796.864990
6,0.674432,0.800545,2162.892578
7,0.573470,0.736157,2545.547119
8,0.551134,0.633632,2811.739258
9,0.480661,0.584592,3144.550537
10,0.485157,0.569821,3277.645020
11,0.471837,0.486757,3510.540527
12,0.519516,0.614629,3810.001465
13,0.508541,0.602335,4458.890625
14,0.474812,0.647467,4725.051758
15,0.416079,0.621471,5074.485840
16,0.380016,0.334338,5839.804688
17,0.514204,0.306274,6139.256348
18,0.507028,0.310788,6455.404785
19,0.597155,0.348951,6738.195312
20,0.603489,0.369027,7004.468750
21,0.712375,0.357301,7370.462402
22,0.703747,0.358772,7486.911621
23,0.729104,0.348954,7703.190918
24,0.828797,0.348442,8119.166504
25,0.803503,0.490294,8585.021484
26,0.799208,0.503211,8851.232422
27,0.890196,0.526863,9250.497070
28,0.881009,0.640218,9633.166016
29,0.901933,0.644281,9832.820312
30,0.936332,0.453685,10032.506836
31,0.008350,0.355274,10614.756836
32,0.998078,0.341950,10747.870117
33,0.000086,0.358105,11163.794922
34,0.006797,0.321226,11613.055664
35,0.006090,0.503370,12062.225586
36,0.001645,0.533065,12777.668945
37,0.071976,0.532111,13193.569336
38,0.924161,0.522985,13942.291992
39,0.929036,0.502840,14075.397461
40,0.907971,0.499955,14441.423828
41,0.918977,0.543439,14690.979492
42,0.924316,0.555308,14973.836914
43,0.852714,0.542480,15589.407227
44,0.903000,0.286758,16321.446289
45,0.156574,0.494157,17652.460938
46,0.185559,0.645646,18085.091797
47,0.184186,0.649894,18251.509766
48,0.119184,0.656907,18434.441406
49,0.113166,0.654237,18584.187500
50,0.974982,0.772792,19149.892578
51,0.732549,0.652550,19981.732422
52,0.650710,0.654747,20281.191406
53,0.576235,0.382586,20863.515625
54,0.468695,0.362819,21146.380859
55,0.478294,0.357008,21246.179688
56,0.480539,0.426882,21695.423828
57,0.495265,0.569410,22011.535156
58,0.491237,0.578771,22277.712891
59,0.375995,0.532894,22710.306641
60,0.410186,0.526292,23092.949219
61,0.511158,0.503461,23858.294922
62,0.526277,0.479665,24041.308594
63,0.507520,0.462663,24407.332031
64,0.581634,0.442621,24706.816406
0,0.695731,0.568868,99.832520
1,0.753037,0.556899,432.626740
2,0.748828,0.549970,698.837158
3,0.710536,0.712545,1364.299561
4,0.721464,0.713443,1464.165283
5,0.636329,0.692900,1880.089478
6,0.649353,0.690985,2063.096680
7,0.661850,0.681237,2229.420654
8,0.554630,0.567641,2662.041016
9,0.505805,0.587146,2911.568115
10,0.516192,0.585472,3211.100586
11,0.533137,0.567672,3527.190918
12,0.539562,0.567667,3643.617676
13,0.541466,0.585940,3793.470703
14,0.525485,0.524120,4275.857910
15,0.518689,0.531472,4608.615234
16,0.514849,0.571034,5057.828125
17,0.509281,0.546280,5324.024414
18,0.514517,0.985982,6721.649902
19,0.289143,0.224570,8867.864258
20,0.267312,0.282365,9100.805664
21,0.214588,0.308965,9516.688477
22,0.522815,0.217305,11130.602539
23,0.509096,0.265215,11679.665039
24,0.681737,0.334568,12212.070312
25,0.825018,0.266338,13093.892578
26,0.816424,0.552269,13542.991211
27,0.771600,0.674522,13825.895508
28,0.786180,0.662296,14042.115234
29,0.900116,0.529811,14258.468750
30,0.991276,0.349051,15240.028320
31,0.032180,0.428237,15689.268555
32,0.035895,0.458417,15855.644531
33,0.026663,0.492075,16171.769531
34,0.989132,0.416020,17353.015625
35,0.903821,0.416714,17785.589844
36,0.858556,0.407320,17951.962891
37,0.664423,0.523016,18900.294922
38,0.625728,0.493572,19099.951172
39,0.484714,0.459847,19931.849609
40,0.514583,0.569375,20430.972656
41,0.341870,0.430004,21645.513672
42,0.325078,0.396313,21778.644531
43,0.209101,0.389540,22593.857422
44,0.210346,0.374247,22693.669922
45,0.172755,0.357766,22993.189453
46,0.099651,0.376520,23392.443359
47,0.896729,0.468963,24423.998047
48,0.816175,0.465560,24973.023438
0,0.735832,0.667157,382.710876
1,0.295850,0.944894,1597.226685
2,0.624625,0.661737,2129.664062
3,0.477039,0.547460,3177.830811
4,0.419602,0.605868,3477.238281
5,0.463965,0.688027,3826.625488
6,0.571102,0.540103,4176.112305
7,0.540425,0.291067,4458.858398
8,0.536623,0.304629,4542.020020
9,0.484241,0.231651,4941.381348
10,0.679844,0.353071,5673.469238
11,0.682275,0.353179,5956.295410
12,0.716441,0.455989,6222.525391
13,0.708843,0.608853,6471.990723
14,0.680653,0.563590,6788.098145
15,0.803666,0.352438,7104.214355
16,0.794336,0.349882,7303.892578
17,0.812641,0.313266,7536.845215
18,0.913805,0.198551,7852.931152
19,0.864390,0.532767,8202.346680
20,0.918802,0.579215,8435.226562
21,0.939186,0.579236,8718.069336
22,0.927775,0.383191,9100.815430
23,0.005641,0.506273,9549.993164
24,0.001725,0.515386,9649.813477
25,0.010975,0.521778,9816.144531
26,0.013589,0.543418,10082.339844
27,0.078580,0.548152,10465.099609
28,0.082077,0.385546,10880.951172
29,0.956908,0.312884,11380.122070
30,0.946159,0.333827,11646.284180
31,0.962175,0.375809,12195.385742
32,0.949639,0.315322,12810.991211
33,0.982143,0.442799,13293.392578
34,0.017131,0.617516,13709.334961
35,0.128238,0.571032,14275.101562
36,0.128526,0.587974,14441.397461
37,0.284557,0.669773,15556.141602
38,0.336264,0.581094,15938.786133
39,0.268346,0.563772,16321.473633
40,0.196014,0.416456,16554.388672
41,0.211250,0.431653,16787.320312
42,0.125786,0.290018,17120.058594
43,0.126258,0.263937,17452.808594
44,0.128442,0.268328,17702.357422
45,0.052658,0.291394,18085.037109
46,0.962288,0.249028,18733.935547
47,0.877564,0.204422,19183.130859
48,0.750277,0.173827,19615.712891
49,0.649135,0.111752,20414.322266
50,0.784457,0.406521,20846.882812
51,0.793761,0.559250,21063.164062
52,0.759034,0.599891,21279.453125
53,0.013331,0.916600,23159.492188
54,0.452160,0.793274,24124.515625
55,0.514186,0.754643,24490.521484
0,0.737015,0.583158,149.802200
1,0.727024,0.620775,349.412903
2,0.711787,0.698697,515.841187
3,0.564158,0.651104,1397.651367
4,0.472872,0.560577,2262.754883
5,0.524170,0.614602,2528.953369
6,0.507199,0.611050,2778.551025
7,0.503557,0.607983,3227.715576
8,0.483388,0.434615,3577.084473
9,0.469572,0.348165,3893.250244
10,0.456149,0.296505,4076.168457
11,0.459355,0.296963,4209.305664
12,0.470506,0.304431,4408.945801
13,0.354576,0.444826,5157.657227
14,0.301714,0.420737,5690.033203
15,0.282895,0.495828,5989.545410
16,0.305571,0.713093,6555.260742
17,0.359702,0.703958,6887.993164
18,0.461578,0.690473,7220.753418
19,0.497587,0.669757,7853.056152
20,0.486546,0.667974,8135.800781
21,0.400913,0.607502,8934.369141
22,0.403875,0.541063,9233.863281
23,0.401889,0.516374,9466.875977
24,0.306471,0.554198,10082.389648
25,0.336281,0.560788,10548.249023
26,0.286343,0.560258,10914.306641
27,0.295767,0.554333,11213.763672
28,0.255259,0.539669,11529.827148
29,0.253485,0.528441,11845.915039
30,0.205629,0.505456,12261.886719
31,0.143967,0.523104,12578.097656
32,0.127618,0.523047,12810.878906
33,0.120409,0.378046,13343.479492
34,0.084404,0.393895,13676.167969
35,0.065972,0.398347,13942.235352
36,0.061178,0.403648,14208.495117
37,0.969927,0.599729,15556.123047
38,0.967326,0.542497,15822.393555
39,0.909735,0.577578,16105.249023
40,0.991409,0.486741,16504.443359
41,0.989129,0.489881,16604.402344
42,0.983622,0.480707,16720.681641
43,0.899408,0.558498,17852.070312
44,0.873590,0.555793,18051.783203
45,0.902847,0.524965,18584.208984
46,0.825188,0.458735,18867.083984
47,0.788709,0.443409,19033.423828
48,0.789768,0.432527,19149.759766
49,0.743992,0.619871,19815.308594
50,0.846912,0.556192,20381.035156
51,0.872407,0.647024,20880.158203
52,0.915453,0.645097,21046.527344
53,0.011038,0.804960,22011.517578
54,0.383705,0.827567,23425.785156
55,0.376564,0.479404,24374.048828
56,0.404502,0.388521,24723.484375
57,0.411431,0.334801,24989.582031
0,0.810609,0.570856,266.267975
1,0.851497,0.519370,515.783569
2,0.847727,0.520749,815.272400
3,0.905156,0.480785,1014.978455
4,0.934355,0.488170,1247.884888
5,0.918314,0.369154,1713.709839
6,0.921323,0.353939,1896.702881
7,0.021989,0.496567,2429.112793
8,0.013384,0.496403,2562.209961
9,0.013689,0.520854,2728.660156
10,0.996190,0.488213,3244.390137
11,0.937013,0.586239,3494.004883
12,0.046749,0.720086,4009.761475
13,0.066094,0.761262,4192.744141
14,0.989012,0.527922,4791.764160
15,0.022163,0.430331,5057.851562
16,0.971657,0.330776,5274.190918
17,0.879939,0.298730,5739.992188
18,0.860281,0.300822,5939.709961
19,0.956960,0.380059,6222.537109
20,0.949696,0.408266,6405.580566
21,0.005700,0.351090,6621.867188
22,0.043332,0.337213,6804.888184
23,0.053307,0.334771,7004.496094
24,0.095718,0.311633,7303.936523
25,0.102186,0.327042,7420.413086
26,0.139126,0.325996,7686.653320
27,0.099269,0.508779,8085.989746
28,0.104076,0.557452,8402.015625
29,0.188851,0.484247,8668.252930
30,0.240262,0.468336,8901.131836
31,0.241541,0.466677,9184.005859
32,0.286688,0.498740,9500.087891
33,0.300336,0.622572,9849.584961
34,0.316660,0.667785,10082.452148
35,0.303149,0.691233,10315.380859
36,0.361379,0.609597,10797.953125
37,0.322253,0.524850,11064.023438
38,0.239187,0.726620,11163.884766
39,0.248308,0.529673,11330.261719
40,0.246276,0.495932,11496.657227
41,0.300444,0.476806,11879.354492
42,0.320205,0.494261,12112.209961
43,0.354513,0.479467,12411.782227
44,0.350435,0.493810,12561.414062
45,0.354461,0.501476,12844.243164
46,0.314759,0.542549,13143.732422
47,0.312348,0.550856,13393.353516
48,0.484084,0.553474,14707.696289
49,0.502689,0.649210,14923.982422
50,0.496726,0.653255,15106.983398
51,0.268341,0.353752,16288.277344
52,0.323894,0.227292,16487.888672
53,0.495037,0.439110,17136.738281
54,0.498148,0.381152,17586.027344
55,0.472248,0.325848,17952.037109
56,0.462848,0.319699,18085.128906
57,0.433052,0.242717,18384.677734
58,0.406155,0.216442,18550.968750
59,0.412781,0.213025,18684.089844
60,0.391717,0.253762,18833.800781
61,0.441701,0.226299,19050.119141
62,0.462945,0.251493,19316.310547
63,0.491101,0.309134,19532.546875
64,0.539696,0.517769,20131.574219
65,0.563871,0.566224,20480.935547
66,0.556500,0.580856,20597.445312
67,0.534109,0.597192,20780.421875
68,0.521132,0.573237,20996.667969
69,0.523555,0.573756,21845.248047
70,0.534425,0.573460,22028.195312
71,0.523520,0.594717,22427.589844
72,0.575958,0.683653,23142.935547
73,0.499357,0.669569,23475.679688
74,0.512726,0.538438,24989.724609
0,0.728060,0.414682,316.076111
1,0.726597,0.343028,482.495514
2,0.772141,0.603144,1131.318848
3,0.779304,0.677555,1347.591797
4,0.010704,0.434709,3111.201416
5,0.024728,0.533936,3277.531738
6,0.085181,0.489190,3627.051514
7,0.110304,0.386086,3876.537354
8,0.182822,0.475258,4425.589844
9,0.315461,0.534236,5074.410156
10,0.458384,0.270137,7237.333984
11,0.325284,0.287918,7985.993652
12,0.310260,0.247211,8252.207031
13,0.245088,0.336790,8601.600586
14,0.909930,0.304648,9699.666992
15,0.535448,0.361078,11197.039062
16,0.515162,0.350471,11413.329102
17,0.522272,0.357309,11529.806641
18,0.502136,0.521394,11929.091797
19,0.487860,0.607380,12112.128906
20,0.490758,0.632097,12394.958008
21,0.495203,0.474174,12694.441406
22,0.510419,0.600372,12993.938477
23,0.529709,0.659387,13176.931641
24,0.505130,0.738699,13559.585938
25,0.513115,0.660990,13775.876953
26,0.516803,0.632464,13925.615234
27,0.514089,0.590659,14058.702148
28,0.514345,0.606418,14591.115234
29,0.515981,0.644025,14807.408203
30,0.523675,0.674914,15289.916016
31,0.507820,0.668158,15639.284180
32,0.510400,0.609641,15988.687500
33,0.472767,0.613480,16887.101562
34,0.488104,0.622326,17186.601562
35,0.552039,0.759638,17785.546875
36,0.535843,0.827065,18251.380859
37,0.485444,0.815109,18484.306641
38,0.404601,0.768357,18966.810547
39,0.463783,0.748465,19316.236328
40,0.517013,0.749497,19549.115234
41,0.513181,0.655660,19748.763672
42,0.519559,0.660927,20064.894531
43,0.506323,0.730781,21262.791016
44,0.521471,0.713442,21612.177734
45,0.871334,0.700934,22726.892578
46,0.635528,0.873699,23592.048828
47,0.795870,0.677807,23908.166016
48,0.510328,0.939736,24956.343750
0,0.766872,0.611589,465.803833
1,0.745249,0.417152,798.569885
2,0.739893,0.393244,948.388062
3,0.715737,0.389064,1081.454834
4,0.711188,0.398191,1214.591431
5,0.787343,0.423533,1397.505371
6,0.990657,0.500266,2429.124512
7,0.023521,0.519007,2628.784668
8,0.016838,0.377272,2911.616699
9,0.082541,0.542489,3260.993164
10,0.079185,0.532346,3427.331787
11,0.096901,0.388792,3726.824463
12,0.988969,0.330749,4042.929199
13,0.986153,0.523223,4309.155273
14,0.919196,0.539170,4758.316895
15,0.908475,0.679212,5240.839844
16,0.664433,0.714686,6122.642090
17,0.634152,0.655047,6372.203125
18,0.588504,0.475964,6937.853516
19,0.483989,0.530453,7204.043945
20,0.489980,0.539885,7320.486328
21,0.496446,0.545092,7470.269043
22,0.482921,0.405085,7753.095215
23,0.485141,0.407918,7836.309082
24,0.568564,0.903885,8401.986328
25,0.490620,0.617916,8817.949219
26,0.473907,0.529666,9084.091797
27,0.418480,0.386944,9483.420898
28,0.396964,0.363176,9666.430664
29,0.515490,0.348792,10032.465820
30,0.513366,0.386454,10315.299805
31,0.516161,0.313804,10514.934570
32,0.309612,0.822103,11430.020508
33,0.271653,0.633992,11879.208984
34,0.360184,0.666563,12278.513672
35,0.320665,0.452562,12561.365234
36,0.395273,0.445914,12910.720703
37,0.350137,0.510670,13193.563477
38,0.412246,0.511306,13576.255859
39,0.655884,0.404650,14624.397461
40,0.491422,0.514829,15339.843750
41,0.497038,0.519087,15506.203125
42,0.584003,0.619842,15739.159180
43,0.693563,0.714234,16171.713867
44,0.761864,0.713876,16687.470703
45,0.766361,0.419347,16970.330078
46,0.750334,0.330664,17219.865234
47,0.761544,0.301156,17436.166016
48,0.753323,0.584858,17669.087891
49,0.739837,0.544153,18617.443359
50,0.797825,0.524359,19099.910156
51,0.751606,0.600300,19515.873047
52,0.764731,0.558397,20164.736328
53,0.696189,0.489580,20930.050781
54,0.716464,0.349857,21246.160156
55,0.713774,0.331337,21379.261719
56,0.783063,0.410330,22078.056641
57,0.772764,0.413503,22677.003906
58,0.795306,0.492262,24623.607422
0,0.684247,0.732024,399.233673
1,0.735150,0.258435,765.266174
2,0.681318,0.384949,1497.314087
3,0.900449,0.380357,2329.216064
4,0.898238,0.367441,2445.700928
5,0.909435,0.645596,2844.977295
6,0.924863,0.597456,3260.973633
7,0.981185,0.522979,3460.606934
8,0.994225,0.499628,3676.854980
9,0.992746,0.483638,3909.774658
10,0.977007,0.376387,4076.158936
11,0.787130,0.516737,4824.901367
12,0.716758,0.620699,5074.396973
13,0.732373,0.597572,5224.155762
14,0.708844,0.788840,5656.751465
15,0.725687,0.799598,6089.313477
16,0.715290,0.763747,6438.731445
17,0.715634,0.739769,6588.479980
18,0.733570,0.764933,7120.814453
19,0.734435,0.804220,7353.827148
20,0.735159,0.811999,7453.555176
21,0.731781,0.826161,7586.769531
22,0.746316,0.808318,7919.472656
23,0.742161,0.800911,8368.638672
24,0.750384,0.831705,8701.426758
25,0.586833,0.693431,9167.280273
26,0.532491,0.610140,9483.377930
27,0.508452,0.513229,9732.965820
28,0.463093,0.589854,10065.779297
29,0.460856,0.372383,10498.279297
30,0.467587,0.309813,10664.686523
31,0.468976,0.313234,10797.813477
32,0.484718,0.222445,10964.109375
33,0.476435,0.233597,11246.974609
34,0.461578,0.322142,11629.641602
35,0.470196,0.112239,11945.717773
36,0.600706,0.182166,12162.101562
37,0.580375,0.204175,12295.106445
38,0.411052,0.074472,12744.378906
39,0.341035,0.084888,12993.874023
40,0.336557,0.052842,13226.824219
41,0.969194,0.094718,14358.216797
42,0.977726,0.107025,14657.632812
43,0.959482,0.103720,15156.828125
44,0.949139,0.087659,15439.659180
45,0.287298,0.900533,16620.966797
46,0.468564,0.670950,17103.406250
47,0.459382,0.701023,17386.210938
48,0.478604,0.573971,17669.048828
49,0.481620,0.513423,17902.000000
50,0.476323,0.531784,18101.689453
51,0.401844,0.358856,18534.216797
52,0.379485,0.299642,18783.824219
53,0.307747,0.480566,19116.572266
54,0.303389,0.562283,19615.662109
55,0.289491,0.568742,19881.910156
56,0.296145,0.571774,20314.476562
57,0.296851,0.527056,20880.187500
58,0.226885,0.612205,21129.712891
59,0.202959,0.480127,21612.156250
60,0.197234,0.393028,21928.283203
61,0.149026,0.395971,22111.291016
62,0.133673,0.493149,22444.058594
63,0.140489,0.298894,22760.199219
64,0.134602,0.309941,22893.267578
65,0.206396,0.332420,23176.126953
66,0.206902,0.309591,23625.292969
67,0.127800,0.314905,24074.576172
68,0.138670,0.296740,24440.574219
69,0.133159,0.304289,24973.013672
0,0.741903,0.588823,33.287338
1,0.700047,0.463140,1314.372314
2,0.695134,0.421932,1464.196045
3,0.716232,0.480121,1647.143921
4,0.739233,0.275141,1846.789307
5,0.652588,0.200288,2645.402588
6,0.544795,0.245470,2994.791504
7,0.497578,0.572147,3577.067139
8,0.523747,0.615595,3776.730713
9,0.507177,0.606704,3976.387939
10,0.518821,0.646559,4791.609375
11,0.491809,0.691801,4974.610352
12,0.515021,0.683662,5224.229004
13,0.511944,0.811451,5540.331543
14,0.397483,0.645697,5873.103516
15,0.515240,0.580568,6322.291016
16,0.512327,0.588216,6538.558594
17,0.485087,0.548363,7437.024414
18,0.481121,0.547554,7603.388184
19,0.253352,0.682971,8568.407227
20,0.214754,0.329534,9416.877930
21,0.433618,0.526435,10664.713867
22,0.371083,0.527428,11180.490234
23,0.986696,0.536591,12511.472656
24,0.995188,0.514275,12677.903320
25,0.967562,0.551957,12910.763672
26,0.986807,0.757514,13326.725586
27,0.950043,0.762416,13526.376953
28,0.906634,0.634499,13859.088867
29,0.157974,0.322360,15206.769531
30,0.199583,0.334635,15839.034180
31,0.187903,0.370184,16238.309570
32,0.235391,0.422877,16737.410156
33,0.235778,0.439814,16837.291016
34,0.236961,0.495199,17203.248047
35,0.200403,0.376287,17602.554688
36,0.239239,0.459940,17902.156250
37,0.241357,0.467786,18018.529297
38,0.285869,0.422915,18218.183594
39,0.281964,0.344170,18401.222656
40,0.253060,0.360659,18817.097656
41,0.247553,0.354856,19016.775391
42,0.266739,0.382562,19332.931641
43,0.276945,0.399937,19465.998047
44,0.244998,0.490594,19682.244141
45,0.276682,0.524781,20015.035156
46,0.277874,0.537119,20497.490234
47,0.264234,0.576423,20830.257812
48,0.249157,0.426208,21096.449219
49,0.231485,0.456957,21662.205078
50,0.193758,0.254360,22660.390625
51,0.237899,0.336661,23542.208984
52,0.992755,0.502939,24989.636719
0,0.769875,0.570358,549.007568
1,0.768122,0.590187,848.543335
2,0.746620,0.667309,1264.514160
3,0.746031,0.668135,1430.801880
4,0.700730,0.697738,1597.277222
5,0.730315,0.700699,1863.400269
6,0.668586,0.682082,2212.843750
7,0.668962,0.671981,2412.441650
8,0.619012,0.659797,2728.572266
9,0.578124,0.653330,2994.774658
10,0.539881,0.624490,3327.486084
11,0.504859,0.592182,3560.471191
12,0.561104,0.579195,3893.216797
13,0.514683,0.585372,4142.715332
14,0.512797,0.588973,4375.660645
15,0.500626,0.596393,4508.768066
16,0.504513,0.532803,4758.343750
17,0.512170,0.541507,6022.779297
18,0.489744,0.600724,6422.120117
19,0.471759,0.658570,6655.059082
20,0.459456,0.744346,7204.060059
21,0.431106,0.578918,7503.545898
22,0.494801,0.501760,7919.514160
23,0.496286,0.472640,8035.919434
24,0.492477,0.462540,8185.646973
25,0.435551,0.401321,8402.021484
26,0.392147,0.379420,8584.955078
27,0.339656,0.360332,8867.862305
28,0.334939,0.362271,9150.708984
29,0.330160,0.318363,9416.854492
30,0.366998,0.256162,9816.245117
31,0.274256,0.440991,10548.232422
32,0.354077,0.366506,10864.411133
33,0.358010,0.378545,11030.791992
34,0.356254,0.369941,11130.594727
35,0.412684,0.329764,11396.739258
36,0.400416,0.307698,11579.751953
37,0.280154,0.424664,11812.709961
38,0.252612,0.530094,12261.950195
39,0.198058,0.509147,12594.675781
40,0.252945,0.682618,13127.036133
41,0.260142,0.651000,13376.655273
42,0.261407,0.626105,13576.344727
43,0.257225,0.620736,13676.070312
44,0.252135,0.634219,13842.484375
45,0.434330,0.520573,14391.486328
46,0.496288,0.541021,15456.345703
47,0.521545,0.549401,15789.053711
48,0.580906,0.535317,16005.318359
49,0.608643,0.534087,16421.292969
50,0.635213,0.517260,16754.041016
51,0.695975,0.537983,17036.876953
52,0.699866,0.526508,17153.308594
53,0.710514,0.480182,17386.234375
54,0.712864,0.411588,17619.167969
55,0.718988,0.373381,17868.820312
56,0.800830,0.427238,18268.156250
57,0.804638,0.421841,18484.318359
58,0.807220,0.396525,18600.880859
59,0.806277,0.486079,18916.949219
60,0.852536,0.506212,19216.414062
61,0.854801,0.489985,19399.445312
62,0.853821,0.493508,19499.261719
63,0.908127,0.518464,19898.521484
64,0.944572,0.538396,20181.376953
65,0.952614,0.540586,20647.224609
66,0.009615,0.519391,20963.390625
67,0.019596,0.497978,21179.615234
68,0.062571,0.532635,21462.451172
69,0.063594,0.625332,21861.792969
70,0.073766,0.677202,22111.316406
71,0.076519,0.733436,22377.535156
72,0.098916,0.783494,22643.767578
73,0.108156,0.796237,22743.539062
74,0.126346,0.757395,22959.941406
75,0.187754,0.787824,23292.660156
76,0.179662,0.807627,23425.677734
77,0.222195,0.818818,23642.101562
78,0.217841,0.846520,23941.525391
79,0.262266,0.894460,24124.490234
0,0.765574,0.655818,49.905758
1,0.729897,0.630931,282.816620
2,0.685337,0.693028,532.429871
3,0.719462,0.751632,715.386902
4,0.715201,0.772676,865.154602
5,0.678871,0.773261,1114.664673
6,0.684563,0.930164,1580.562866
7,0.682794,0.924235,1796.848145
8,0.727526,0.793821,2079.648926
9,0.036961,0.820558,3244.268311
10,0.987013,0.467328,4359.067383
11,0.001044,0.359584,4808.235840
12,0.969907,0.315278,5074.466309
13,0.978771,0.315327,5274.061035
14,0.199385,0.356393,5906.303223
15,0.322087,0.583552,6788.141113
16,0.374628,0.578236,7187.389648
17,0.369492,0.714494,7619.982422
18,0.456513,0.617264,7902.812988
19,0.446060,0.541830,8169.003418
20,0.523346,0.557605,8518.504883
21,0.516475,0.554238,8618.219727
22,0.517787,0.552147,8734.737305
23,0.358174,0.508213,9000.903320
24,0.348801,0.512084,9366.933594
25,0.396366,0.367481,9616.486328
26,0.317709,0.251053,9932.708008
27,0.340247,0.219610,10098.964844
28,0.326270,0.214184,10348.553711
29,0.377283,0.220462,10631.361328
30,0.069455,0.033679,11463.242188
31,0.954751,0.022183,11812.684570
32,0.088673,0.007174,11912.500000
33,0.821401,0.083102,12178.666016
34,0.820260,0.065638,12278.532227
35,0.876920,0.362908,13027.186523
36,0.883998,0.402238,13193.603516
37,0.791717,0.348986,13426.596680
38,0.841390,0.556345,13775.887695
39,0.863327,0.616795,14092.003906
40,0.738410,0.610572,14408.146484
41,0.744892,0.609796,14508.020508
42,0.711458,0.592581,14774.179688
43,0.668727,0.526918,15007.181641
44,0.657568,0.691699,15522.853516
45,0.660056,0.699588,15639.283203
46,0.594867,0.611432,15988.772461
47,0.597539,0.605905,16138.408203
48,0.600735,0.211811,17070.103516
49,0.447171,0.334238,17569.250000
50,0.490143,0.466436,17885.373047
51,0.489368,0.640744,18218.121094
52,0.515987,0.810470,18567.505859
53,0.524732,0.887682,18867.070312
54,0.454977,0.864152,19249.632812
55,0.386560,0.896081,19549.148438
56,0.302963,0.774415,20231.291016
57,0.314653,0.771746,20314.457031
58,0.320612,0.739339,20447.576172
59,0.491106,0.673676,20697.109375
60,0.510100,0.600071,20913.513672
61,0.471857,0.692932,21246.197266
62,0.513271,0.705323,21495.724609
63,0.510634,0.728875,21595.609375
64,0.504143,0.717569,21928.337891
65,0.443827,0.547030,22344.277344
66,0.603094,0.677614,23275.951172
67,0.538604,0.663795,23492.240234
68,0.490904,0.677258,23891.654297
69,0.509672,0.626634,24290.833984
0,0.760574,0.284210,432.513184
1,0.809927,0.305863,682.140808
2,0.677958,0.345637,1414.245605
3,0.637417,0.323250,1697.018555
4,0.604646,0.224369,1979.897949
5,0.582520,0.219442,2212.782227
6,0.569399,0.617200,2961.567871
7,0.572009,0.599661,3077.939941
8,0.486400,0.555561,3377.504150
9,0.505837,0.406551,3743.408691
10,0.499052,0.321910,4026.283203
11,0.496329,0.321031,4225.881836
12,0.482296,0.258135,4558.685059
13,0.488636,0.268735,5024.493652
14,0.484977,0.277759,5490.350586
15,0.576760,0.204452,6039.395508
16,0.644997,0.210060,6388.838867
17,0.650542,0.193497,6704.892090
18,0.633067,0.373756,7004.472656
19,0.488518,0.295886,7453.668457
20,0.574297,0.333640,7952.809570
21,0.578419,0.316811,8052.579590
22,0.901034,0.192538,8817.943359
23,0.938882,0.177076,9200.592773
24,0.942458,0.159571,9350.302734
25,0.063985,0.108345,9566.643555
26,0.961880,0.061497,10099.030273
27,0.002926,0.389322,10681.383789
28,0.012806,0.425027,10914.250977
29,0.991196,0.540110,11629.675781
30,0.986266,0.519765,11729.455078
31,0.994750,0.553639,12295.124023
32,0.989818,0.531376,12711.129883
33,0.095996,0.387419,13060.491211
34,0.090384,0.346810,13276.774414
35,0.147470,0.531393,14108.670898
36,0.014857,0.798094,14690.954102
37,0.995910,0.820734,14940.560547
38,0.985354,0.864340,15356.492188
39,0.166348,0.959167,15606.078125
40,0.329803,0.936548,15822.389648
41,0.407011,0.895887,16071.939453
42,0.603367,0.907431,16504.445312
43,0.874979,0.874451,17020.283203
44,0.515540,0.924556,17236.500000
45,0.352332,0.792650,17585.912109
46,0.297581,0.560299,18168.277344
47,0.154505,0.425915,18867.015625
48,0.131468,0.307827,19099.921875
49,0.182400,0.271928,19382.759766
50,0.074449,0.245173,19732.148438
51,0.002805,0.185629,20114.816406
52,0.588246,0.091375,20896.804688
53,0.286924,0.175951,22560.548828
54,0.485293,0.276316,23026.392578
55,0.392278,0.359380,23359.179688
56,0.369161,0.392335,23525.591797
57,0.304635,0.351827,23858.285156
58,0.318853,0.335474,24124.490234
0,0.761210,0.540030,366.011200
1,0.736905,0.672088,682.115356
2,0.731029,0.707589,848.569946
3,0.753895,0.684322,1214.549316
4,0.755343,0.796450,1580.572998
5,0.683357,0.877833,1896.642578
6,0.222397,0.974124,2395.779053
7,0.157807,0.961562,2612.085449
8,0.134515,0.915677,2761.781982
9,0.131316,0.898688,3144.441162
10,0.668715,0.848349,3710.173828
11,0.487986,0.597912,5041.214355
12,0.493855,0.499054,5390.556641
13,0.481623,0.410488,5690.002441
14,0.469081,0.365415,5873.025391
15,0.570074,0.336443,6222.423340
16,0.681989,0.319895,7120.881348
17,0.683764,0.314605,7337.144531
18,0.619440,0.274220,7570.055176
19,0.748329,0.249337,7919.437012
20,0.937489,0.397613,8551.681641
21,0.971754,0.477412,8884.412109
22,0.009364,0.510159,9134.003906
23,0.004203,0.515118,9250.443359
24,0.933305,0.527515,9450.099609
25,0.925140,0.502988,9849.406250
26,0.998501,0.337580,10215.428711
27,0.012561,0.274783,10465.008789
28,0.048178,0.474018,10764.482422
29,0.047922,0.481846,10864.318359
30,0.072676,0.501794,11097.235352
31,0.110141,0.506479,11313.507812
32,0.079066,0.523861,11629.618164
33,0.073905,0.527725,11812.633789
34,0.143425,0.523087,12045.556641
35,0.235460,0.531978,12295.132812
36,0.275022,0.576181,12644.530273
37,0.308253,0.593277,12977.275391
38,0.321877,0.586478,13359.944336
39,0.329763,0.588891,13592.868164
40,0.354629,0.574536,13958.897461
41,0.349981,0.574024,14091.990234
42,0.324892,0.641818,14358.208008
43,0.331442,0.559488,14641.036133
44,0.308995,0.392797,15223.362305
45,0.176638,0.370305,15822.308594
46,0.153760,0.362113,16238.254883
47,0.069263,0.376478,16487.826172
48,0.063023,0.372599,16637.554688
49,0.996699,0.349250,16837.189453
50,0.972925,0.340816,17120.033203
51,0.992163,0.523960,17535.966797
52,0.920425,0.533589,18101.646484
53,0.913547,0.528877,18201.486328
54,0.766079,0.531717,18866.982422
55,0.731108,0.582067,19083.263672
56,0.668494,0.646152,19465.958984
57,0.742473,0.682593,19682.214844
58,0.726361,0.714209,19898.515625
59,0.757121,0.776846,20381.000000
60,0.487132,0.575192,21429.166016
61,0.506631,0.623330,21861.753906
62,0.518569,0.671696,22094.671875
63,0.513405,0.732294,22726.904297
64,0.449768,0.783170,23059.654297
65,0.472158,0.801504,23309.220703
66,0.492703,0.687451,23658.648438
67,0.379223,0.659432,24174.365234
68,0.356942,0.690816,24324.113281
0,0.722734,0.755504,382.724365
1,0.735797,0.784908,748.738647
2,0.755678,0.948353,1414.280151
3,0.701618,0.972363,1563.975464
4,0.216602,0.986559,1746.969116
5,0.331581,0.928368,2046.458618
6,0.310532,0.895796,2612.134521
7,0.286085,0.908172,2861.704102
8,0.630054,0.868836,3826.757080
9,0.636505,0.727522,4142.820801
10,0.489004,0.527711,4808.313965
11,0.492358,0.294222,5440.547363
12,0.499049,0.217183,5706.803223
13,0.417829,0.323757,6072.769043
14,0.395957,0.347960,6272.417969
15,0.306268,0.337513,7054.349121
16,0.310558,0.345908,7154.154785
17,0.282369,0.316930,7436.996582
18,0.369963,0.356168,7803.032227
19,0.338258,0.618977,8119.154785
20,0.396284,0.598550,8368.725586
21,0.328297,0.613168,8701.457031
22,0.326702,0.584275,8984.325195
23,0.400794,0.514879,9250.558594
24,0.426235,0.530612,9500.074219
25,0.424899,0.549707,9733.014648
26,0.388157,0.666787,9965.928711
27,0.494403,0.623876,10614.805664
28,0.522096,0.439542,10947.564453
29,0.509670,0.322846,11380.138672
30,0.507705,0.311000,11513.223633
31,0.505907,0.345136,11729.512695
32,0.515388,0.260612,12112.178711
33,0.594798,0.350188,12444.933594
34,0.669466,0.216657,12627.977539
35,0.654867,0.209382,12777.664062
36,0.693718,0.226257,13043.878906
37,0.701764,0.217434,13143.715820
38,0.648807,0.203133,13310.084961
39,0.574400,0.338157,13559.648438
40,0.590224,0.417546,13759.283203
41,0.636803,0.435331,13958.939453
42,0.681547,0.418848,14208.552734
43,0.679965,0.396760,14358.252930
44,0.680110,0.625583,14790.831055
45,0.750940,0.355771,15639.355469
46,0.733689,0.292617,15905.542969
47,0.796648,0.328078,16121.826172
48,0.820456,0.339677,16354.761719
49,0.874764,0.396781,16870.513672
50,0.923316,0.410715,17120.091797
51,0.905246,0.228327,17752.310547
52,0.900372,0.187409,18018.523438
53,0.005957,0.296460,18351.285156
54,0.021993,0.318135,18634.107422
55,0.008642,0.309832,18916.980469
56,0.921751,0.399840,19249.695312
57,0.857029,0.397934,19748.837891
58,0.866811,0.405960,19931.837891
59,0.915017,0.641459,20314.515625
60,0.913008,0.659603,20580.705078
61,0.886114,0.711893,20846.939453
62,0.871609,0.725003,21013.296875
63,0.006624,0.738253,21944.990234
64,0.002353,0.692584,22227.828125
65,0.003889,0.677524,22377.585938
66,0.998175,0.804906,22943.265625
67,0.984605,0.893623,23159.552734
68,0.005892,0.466568,23608.759766
69,0.099997,0.317165,24423.986328
0,0.699588,0.484775,33.203648
1,0.749880,0.605704,382.616699
2,0.748015,0.743388,682.062439
3,0.625776,0.970107,1397.524414
4,0.546153,0.959721,1730.218018
5,0.577259,0.819603,2412.415283
6,0.572994,0.476927,2894.858887
7,0.566382,0.397757,3194.343506
8,0.497488,0.427741,3543.737549
9,0.480730,0.408072,3876.480713
10,0.518110,0.645744,4242.482422
11,0.499417,0.596764,4425.513184
12,0.518611,0.665317,4774.937012
13,0.514908,0.665154,4941.350586
14,0.508998,0.633349,5274.144043
15,0.515448,0.619136,5523.594238
16,0.508010,0.685245,6854.688477
17,0.477904,0.626236,7204.012695
18,0.460833,0.362037,7802.955078
19,0.455757,0.350933,7886.134277
20,0.465929,0.309009,8085.790527
21,0.417051,0.406284,8318.708984
22,0.581819,0.328084,8718.017578
23,0.581946,0.178726,9217.144531
24,0.696742,0.367302,9766.199219
25,0.752694,0.714636,10764.439453
26,0.844843,0.511552,11779.323242
27,0.842813,0.524172,11929.072266
28,0.872176,0.355059,12228.566406
29,0.904626,0.247646,12594.566406
30,0.998787,0.667273,13326.622070
31,0.992343,0.588787,13559.557617
32,0.002112,0.794243,13925.592773
33,0.103020,0.910829,14258.358398
34,0.373892,0.992802,14491.249023
35,0.173054,0.460849,15256.600586
36,0.262939,0.573900,15972.005859
37,0.228572,0.363889,16254.862305
38,0.218704,0.320472,16454.513672
39,0.167447,0.365235,16820.525391
40,0.173817,0.525406,17269.755859
41,0.162674,0.341860,17669.044922
42,0.171381,0.318469,17968.519531
43,0.074935,0.279794,18667.326172
44,0.062165,0.229356,19016.671875
45,0.064985,0.459884,19399.365234
46,0.061479,0.521120,19732.089844
47,0.014659,0.536236,20364.330078
48,0.994868,0.525127,21229.509766
49,0.992610,0.501652,21778.539062
50,0.994145,0.490603,22161.197266
51,0.998326,0.487785,22277.636719
52,0.841894,0.467714,23841.601562
53,0.909729,0.494329,24074.517578
54,0.908661,0.495100,24224.244141
55,0.900663,0.352670,24473.832031
0,0.748338,0.293712,598.857117
1,0.689929,0.330259,781.874817
2,0.593434,0.246861,1281.070557
3,0.648492,0.653964,1780.134644
4,0.518183,0.645037,2329.230225
5,0.488837,0.591162,2512.225586
6,0.472498,0.458186,2811.710205
7,0.463238,0.271000,3543.761963
8,0.372327,0.262435,3843.296387
9,0.488120,0.580066,4458.843262
10,0.501746,0.722731,4791.534668
11,0.497780,0.738513,4941.312988
12,0.557662,0.971774,5407.155273
13,0.220523,0.342132,6721.563477
14,0.222518,0.332049,6921.145020
15,0.127734,0.457455,7420.323730
16,0.050925,0.545403,7736.472656
17,0.997880,0.531367,8185.661133
18,0.997654,0.346632,8767.925781
19,0.003812,0.299516,9000.882812
20,0.989031,0.341866,9366.949219
21,0.925366,0.528615,9732.928711
22,0.891563,0.358684,10165.518555
23,0.751256,0.660402,11147.127930
24,0.743277,0.731079,11380.044922
25,0.652329,0.733615,12012.258789
26,0.742057,0.681793,12544.658203
27,0.753009,0.731695,12844.147461
28,0.714252,0.717933,13243.451172
29,0.838132,0.030080,15389.694336
30,0.506809,0.367415,17003.535156
31,0.497141,0.398097,17352.939453
32,0.490983,0.481480,17951.878906
33,0.500000,0.494604,18218.109375
34,0.515326,0.593863,18550.824219
35,0.505988,0.584295,18750.496094
36,0.422479,0.558897,19033.337891
37,0.419182,0.550667,19166.451172
38,0.412607,0.566565,19316.158203
39,0.388890,0.533087,19549.082031
40,0.425945,0.541450,20014.933594
41,0.590958,0.223491,21246.142578
42,0.658143,0.337756,22044.716797
43,0.654533,0.562514,22477.318359
44,0.740288,0.721630,23442.306641
45,0.542386,0.505415,24024.640625
46,0.551759,0.620912,24324.072266
0,0.826875,0.700283,1014.850037
1,0.814749,0.768217,3111.238281
2,0.837911,0.797943,3943.046875
3,0.813855,0.801670,4791.611816
4,0.812563,0.796550,5041.136230
5,0.832560,0.800761,5723.330078
6,0.833151,0.803278,5972.880859
7,0.825891,0.812376,6239.057129
8,0.819861,0.803708,6372.141602
9,0.788726,0.697058,6821.385742
10,0.709693,0.412234,7137.484375
11,0.712318,0.387908,7669.916016
12,0.714975,0.395665,7869.562500
13,0.596815,0.409687,8252.182617
14,0.601015,0.332669,8518.396484
15,0.594964,0.302780,8851.140625
16,0.581801,0.279431,8950.981445
17,0.574437,0.260140,9050.819336
18,0.547152,0.232883,9283.731445
19,0.565327,0.426885,9633.143555
20,0.539308,0.202995,10115.643555
21,0.502437,0.450818,10564.855469
22,0.450438,0.334482,10930.872070
23,0.445925,0.273570,11180.416992
24,0.453487,0.243145,11413.349609
25,0.480290,0.629081,11779.344727
26,0.472818,0.711840,12178.674805
27,0.383833,0.683867,12810.885742
28,0.393310,0.532802,13143.667969
29,0.410319,0.336558,13393.205078
30,0.431883,0.284204,13759.223633
31,0.435756,0.264519,14275.041992
32,0.446393,0.196425,14674.315430
33,0.496929,0.151504,15090.267578
34,0.596855,0.202032,15373.083008
35,0.641435,0.165931,15805.655273
36,0.658098,0.117945,16088.511719
37,0.761738,0.160342,17003.574219
38,0.847113,0.235616,18184.820312
39,0.849988,0.204864,18367.855469
40,0.929639,0.236050,18750.533203
41,0.961831,0.254711,19016.710938
42,0.968541,0.257200,19382.742188
43,0.947692,0.371525,19948.435547
44,0.975873,0.309248,20131.472656
45,0.977604,0.286229,20247.902344
46,0.976500,0.259797,20430.949219
47,0.972910,0.262048,20514.107422
48,0.896093,0.308475,20680.472656
49,0.783173,0.446306,20963.337891
50,0.783036,0.441539,21079.783203
51,0.807065,0.421618,21462.470703
52,0.952324,0.345057,22161.212891
53,0.988526,0.329299,22394.152344
54,0.988560,0.321374,22593.802734
55,0.996008,0.521268,23275.937500
56,0.998161,0.549676,23492.257812
57,0.957133,0.617175,24324.111328
58,0.947409,0.608873,24557.029297
59,0.790883,0.620748,24972.968750
0,0.690117,0.367816,49.948627
1,0.736440,0.346148,399.266083
2,0.718226,0.600816,881.795471
3,0.719073,0.661580,1098.162231
4,0.689165,0.663548,1281.107544
5,0.684191,0.657099,1414.182861
6,0.676590,0.596181,1563.911255
7,0.995118,0.361422,2495.625732
8,0.031177,0.484759,2878.375244
9,0.024430,0.467951,3211.116943
10,0.986218,0.317409,3427.328613
11,0.962416,0.280631,3726.815430
12,0.589083,0.337902,4924.712402
13,0.479006,0.546753,6106.025879
14,0.428370,0.611370,6272.429688
15,0.538128,0.304583,7004.508301
16,0.437316,0.271409,7237.407715
17,0.399882,0.262329,7536.833008
18,0.462449,0.198104,7819.629395
19,0.535186,0.237775,8019.388184
20,0.671299,0.194436,8917.747070
21,0.653933,0.148947,9317.070312
22,0.666298,0.130759,9649.782227
23,0.597154,0.096502,10082.388672
24,0.709279,0.110529,10564.866211
25,0.551922,0.044371,11197.138672
26,0.660543,0.103078,11463.368164
27,0.636181,0.104754,11629.679688
28,0.415682,0.036288,12245.326172
29,0.435681,0.022538,12444.927734
30,0.428074,0.036671,12561.400391
31,0.510414,0.105004,13077.183594
32,0.142525,0.195848,13676.080078
33,0.169274,0.219933,13825.848633
34,0.076682,0.400991,15938.833984
35,0.896243,0.481155,18467.712891
36,0.932751,0.376784,18817.093750
37,0.965580,0.324868,19033.468750
38,0.013701,0.349854,19332.929688
39,0.018637,0.417478,19565.876953
40,0.992554,0.511566,19981.814453
41,0.995335,0.514482,20214.640625
42,0.005857,0.286718,20514.183594
43,0.035135,0.121690,20946.716797
44,0.148842,0.070308,21113.175781
45,0.185857,0.050187,21362.650391
46,0.865707,0.252894,21828.507812
47,0.909307,0.291004,21994.912109
48,0.058194,0.389581,22277.771484
49,0.074488,0.395035,22394.210938
50,0.939879,0.514513,23159.562500
51,0.917959,0.522196,23475.681641
52,0.922605,0.521287,23675.316406
53,0.901999,0.577606,24091.277344
54,0.927908,0.517825,24490.591797
55,0.954207,0.490968,24723.460938
0,0.743711,0.564040,316.145355
1,0.751260,0.660314,515.770752
2,0.688295,0.741677,682.194275
3,0.655623,0.766505,1081.513672
4,0.659475,0.744873,1297.710327
5,0.594535,0.672031,1647.220459
6,0.481809,0.585802,2146.285400
7,0.428047,0.637999,2545.551758
8,0.443040,0.621147,2761.956787
9,0.385901,0.677963,3394.168213
10,0.360139,0.774995,3577.091797
11,0.521551,0.644396,4342.467773
12,0.508462,0.674581,4641.910156
13,0.500030,0.690743,4741.717285
14,0.493162,0.672680,5007.963867
15,0.501676,0.694485,5224.257812
16,0.506693,0.716757,5523.653320
17,0.808779,0.590693,6821.451172
18,0.877964,0.589816,7220.749023
19,0.940829,0.555598,7570.134277
20,0.984037,0.538422,7886.207520
21,0.018277,0.523670,8169.098633
22,0.053170,0.598358,8501.830078
23,0.114258,0.608962,8901.139648
24,0.167195,0.548709,9267.236328
25,0.177230,0.509296,9416.870117
26,0.214229,0.593535,9766.286133
27,0.263883,0.643651,10165.555664
28,0.304200,0.542067,10481.783203
29,0.328726,0.601330,10897.620117
30,0.390037,0.550820,11513.223633
31,0.390203,0.537145,11662.954102
32,0.435394,0.610755,11829.323242
33,0.478173,0.631968,12345.093750
34,0.488708,0.638171,12578.019531
35,0.324650,0.459717,12927.419922
36,0.795303,0.576556,14408.152344
37,0.771626,0.483312,14607.836914
38,0.341256,0.564197,16254.923828
39,0.254555,0.589116,16471.207031
40,0.225310,0.627617,16720.773438
41,0.209133,0.719598,16887.154297
42,0.252692,0.738812,17136.730469
43,0.147486,0.570818,17402.906250
44,0.134772,0.518009,17585.925781
45,0.137138,0.527206,17735.677734
46,0.166156,0.448690,17918.675781
47,0.083878,0.580178,18251.445312
48,0.055152,0.587497,18500.998047
49,0.999940,0.602197,18783.869141
50,0.003721,0.599334,18933.574219
51,0.973859,0.566225,19116.613281
52,0.978303,0.567008,19233.050781
53,0.979427,0.494623,19382.798828
54,0.983492,0.456129,19632.355469
55,0.501527,0.611618,20880.160156
56,0.494652,0.609992,21029.919922
57,0.510199,0.653594,21262.833984
58,0.509289,0.679693,21429.230469
59,0.503506,0.684665,21745.330078
60,0.505865,0.611496,21994.902344
61,0.498191,0.616591,22527.306641
62,0.517087,0.639156,22743.576172
63,0.511354,0.678855,23192.810547
64,0.506115,0.584859,23825.033203
65,0.505609,0.564961,24074.589844
66,0.500227,0.558113,24307.527344
67,0.497590,0.546610,24440.613281
68,0.494246,0.526257,24573.738281
69,0.494365,0.518995,24956.410156
0,0.758303,0.576342,299.530945
1,0.761929,0.674867,1364.375122
2,0.507295,0.782706,2212.824707
3,0.478729,0.717821,2562.294678
4,0.474238,0.625411,2828.493164
5,0.481624,0.584799,3078.008057
6,0.506729,0.592952,3211.179932
7,0.510010,0.598241,3776.788574
8,0.521836,0.601818,4608.621094
9,0.508854,0.680611,5157.694824
10,0.499112,0.724703,5490.525879
11,0.513531,0.582303,5789.924805
12,0.511406,0.417092,6555.219727
13,0.483026,0.355428,6738.295898
14,0.480037,0.300720,6954.538086
15,0.482002,0.287114,7270.741211
16,0.636524,0.213107,8152.456055
17,0.573861,0.162847,8418.652344
18,0.464750,0.165347,8601.673828
19,0.363242,0.446415,8984.367188
20,0.369344,0.455960,9134.032227
21,0.301273,0.547988,9899.397461
22,0.251634,0.611005,10282.030273
23,0.263668,0.686590,10548.353516
24,0.251913,0.703524,10831.087891
25,0.231236,0.692010,11014.119141
26,0.157249,0.518427,11247.019531
27,0.147551,0.393484,11496.608398
28,0.112696,0.522007,11912.581055
29,0.066825,0.569339,12178.778320
30,0.048875,0.429534,12528.105469
31,0.061107,0.523882,12777.784180
32,0.063023,0.532443,12927.409180
33,0.031801,0.869428,13958.995117
34,0.988685,0.895683,14158.632812
35,0.897889,0.651916,14857.423828
36,0.871312,0.652121,15106.973633
37,0.863879,0.627193,15406.413086
38,0.798697,0.720041,15739.234375
39,0.807668,0.713734,15955.446289
40,0.821588,0.888367,16304.885742
41,0.726463,0.971129,16770.767578
42,0.011668,0.680332,17519.396484
43,0.969082,0.337914,18451.160156
44,0.988985,0.285024,18634.105469
45,0.975688,0.225699,18933.576172
46,0.932900,0.389244,19282.994141
47,0.928473,0.387143,19499.296875
48,0.014178,0.349211,19748.863281
49,0.307713,0.325197,21296.218750
50,0.404422,0.356288,21662.150391
51,0.419811,0.367021,21928.365234
52,0.418965,0.372823,22244.494141
53,0.497137,0.340993,22410.896484
54,0.472527,0.348731,22726.960938
55,0.516943,0.381805,23043.162109
56,0.504739,0.388094,23176.300781
57,0.503114,0.562342,24008.068359
58,0.497612,0.576670,24257.632812
