Idx, longitude, latitude, start timestamp
0,0.728683,0.616786,499.217133
1,0.666051,0.654534,732.037109
2,0.554096,0.631680,1098.211670
3,0.513938,0.594487,1364.286499
4,0.497877,0.568144,1547.303223
5,0.482718,0.558391,1763.653320
6,0.485015,0.545555,1979.916870
7,0.530763,0.543555,2212.760986
8,0.531591,0.545669,2362.500977
9,0.526064,0.556868,2662.028320
10,0.898914,0.453578,3876.686768
11,0.930195,0.456681,4076.352783
12,0.963425,0.448020,4359.150391
13,0.995897,0.238851,5507.124023
14,0.816643,0.753260,7387.119629
15,0.818833,0.750459,7669.938965
16,0.850919,0.703710,7936.214355
17,0.851130,0.699505,8052.700195
18,0.847105,0.681705,8352.099609
19,0.839272,0.675579,8551.685547
20,0.532066,0.546666,15722.625977
21,0.533175,0.544468,15922.219727
22,0.483749,0.561645,16737.482422
23,0.475186,0.539027,17186.726562
24,0.472865,0.503254,17635.955078
25,0.480519,0.457701,17918.710938
26,0.493400,0.438605,18168.326172
27,0.493207,0.429142,18367.960938
28,0.503857,0.452488,18667.404297
29,0.522202,0.461578,18850.480469
30,0.504122,0.409624,19116.679688
31,0.485774,0.329056,19898.701172
32,0.485088,0.336584,20098.261719
33,0.485681,0.259513,20880.246094
34,0.476846,0.189453,21695.517578
35,0.498358,0.444564,22311.117188
36,0.417583,0.552050,23375.871094
37,0.416809,0.555926,23808.478516
38,0.415160,0.564233,24290.968750
39,0.412374,0.564627,24507.253906
0,0.752129,0.482924,66.578758
1,0.755367,0.552997,316.146210
2,0.734629,0.622650,682.114075
3,0.790000,0.514715,1081.449219
4,0.820328,0.397210,1447.501953
5,0.821629,0.347625,1680.448608
6,0.827715,0.307976,1846.807617
7,0.880963,0.278119,2129.626709
8,0.933261,0.190013,2628.736816
9,0.952125,0.149938,2911.541748
10,0.016664,0.153097,3127.817139
11,0.835061,0.306402,3527.159912
12,0.790715,0.372691,3776.693115
13,0.848283,0.540975,4009.685303
14,0.875336,0.590076,4209.289551
15,0.021245,0.522832,4908.097656
16,0.038439,0.508816,5207.562500
17,0.999191,0.542662,5473.755371
18,0.897393,0.529868,5756.702148
19,0.851396,0.555024,5989.548340
20,0.536315,0.603430,7220.729492
21,0.503501,0.557593,7470.305664
22,0.480639,0.564701,7703.268066
23,0.485070,0.577582,7902.916016
24,0.502514,0.386792,8435.213867
25,0.489070,0.402485,8601.673828
26,0.486726,0.415778,8867.893555
27,0.502233,0.291644,9250.555664
28,0.524458,0.300352,9549.986328
29,0.490072,0.613837,9949.431641
30,0.496589,0.632866,10248.753906
31,0.397467,0.568918,10498.313477
32,0.406906,0.605901,10914.337891
33,0.419852,0.670433,11263.680664
34,0.444126,0.728278,11496.614258
35,0.536835,0.697298,12311.829102
36,0.577081,0.662316,12594.688477
37,0.584219,0.661090,12810.969727
38,0.574557,0.542733,13043.927734
39,0.552173,0.535860,13409.955078
40,0.513117,0.561085,13809.201172
41,0.513790,0.566738,14025.531250
42,0.500123,0.550696,14258.404297
43,0.484590,0.597915,14807.558594
44,0.526069,0.583639,15556.129883
45,0.496605,0.576064,16288.271484
46,0.469900,0.543451,16537.763672
47,0.509949,0.576864,16803.980469
48,0.502985,0.570561,17003.683594
49,0.464861,0.542508,17535.968750
50,0.464409,0.556893,17719.013672
51,0.403010,0.539413,18218.250000
52,0.404807,0.556094,18500.958984
53,0.393890,0.463742,18750.572266
54,0.389084,0.470860,19000.078125
55,0.381983,0.370071,19432.746094
56,0.431348,0.324149,19732.203125
57,0.449230,0.369152,19915.228516
58,0.504197,0.504264,20164.841797
59,0.456389,0.347817,20896.878906
60,0.523980,0.623027,21246.183594
61,0.398688,0.615063,21628.957031
62,0.401948,0.572257,22427.531250
63,0.403337,0.554567,22760.316406
64,0.406135,0.595202,23592.140625
65,0.502690,0.648535,23841.679688
66,0.516179,0.643891,24091.300781
0,0.749727,0.555155,499.118591
1,0.759008,0.477043,682.083923
2,0.819444,0.449197,964.981689
3,0.885065,0.434604,1197.843628
4,0.892622,0.414022,1430.686768
5,0.953994,0.402440,1730.200073
6,0.978089,0.393868,1996.490723
7,0.973903,0.398823,2096.268555
8,0.023275,0.442781,2445.627930
9,0.040489,0.472110,2628.624512
10,0.092365,0.433548,2911.511719
11,0.107894,0.413426,3144.408691
12,0.141711,0.388898,3327.410400
13,0.145668,0.372978,3510.351074
14,0.028334,0.271720,3843.086914
15,0.965958,0.239952,4076.145752
16,0.920975,0.226420,4259.133789
17,0.842544,0.190669,4691.604980
18,0.834776,0.160631,4841.308594
19,0.802649,0.191727,5024.465332
20,0.761308,0.190470,5323.789551
21,0.739485,0.192119,5523.585449
22,0.655933,0.213986,5823.067383
23,0.640290,0.192524,6022.590820
24,0.598333,0.234666,6272.162109
25,0.613889,0.339389,6505.191406
26,0.556828,0.349655,6837.887207
27,0.550768,0.377598,7187.282715
28,0.552666,0.386074,7336.980469
29,0.493542,0.423343,7569.845703
30,0.478335,0.451405,7802.838379
31,0.477590,0.514348,8052.422852
32,0.468074,0.566862,8268.774414
33,0.484177,0.572421,8701.296875
34,0.417222,0.589292,8900.968750
35,0.384591,0.473627,9200.352539
36,0.381499,0.371204,9383.360352
37,0.386040,0.316656,9616.348633
38,0.326346,0.399438,9899.225586
39,0.311202,0.446817,10248.541016
40,0.297393,0.471990,10498.043945
41,0.253175,0.521229,10947.331055
42,0.242000,0.548564,11346.623047
43,0.282103,0.310824,11729.261719
44,0.352278,0.246670,11978.830078
45,0.436400,0.263381,12178.373047
46,0.463455,0.271794,12411.361328
47,0.512698,0.306148,12694.267578
48,0.531523,0.327378,12993.733398
49,0.526735,0.377767,13193.296875
50,0.519244,0.413308,13409.601562
51,0.523794,0.449892,13609.325195
52,0.524265,0.503135,13858.803711
53,0.512564,0.483897,14125.037109
54,0.509951,0.449443,14391.163086
55,0.511955,0.530294,14790.500977
56,0.500520,0.530088,15089.990234
57,0.499351,0.562002,15206.385742
58,0.494390,0.624847,15489.364258
59,0.530546,0.564818,15655.675781
60,0.498246,0.597072,15921.900391
61,0.425059,0.579858,16254.639648
62,0.473915,0.640219,16953.302734
63,0.508881,0.636810,17618.787109
64,0.555939,0.703005,18151.314453
65,0.569508,0.751894,18500.679688
66,0.618941,0.750467,19116.171875
67,0.602483,0.590414,19332.552734
68,0.598109,0.567336,19598.835938
69,0.591268,0.558187,19731.765625
70,0.584511,0.471958,19948.126953
71,0.503024,0.445147,20197.652344
72,0.512098,0.520853,20563.566406
73,0.504023,0.563183,20730.080078
74,0.533755,0.543325,21262.464844
75,0.499683,0.592362,21811.443359
76,0.487110,0.600656,22044.394531
77,0.439546,0.500213,22260.683594
78,0.437236,0.421981,22510.126953
79,0.464888,0.378668,22726.554688
80,0.477194,0.356962,22926.138672
81,0.500823,0.422326,23175.796875
82,0.406595,0.519541,23508.513672
83,0.395291,0.509361,23841.220703
84,0.444304,0.564408,24074.093750
85,0.521431,0.556833,24506.710938
0,0.747351,0.355461,99.862282
1,0.745524,0.440606,332.746552
2,0.725702,0.719198,698.696106
3,0.770558,0.763131,915.107361
4,0.844835,0.405991,1347.616211
5,0.630480,0.098662,2661.899414
6,0.599169,0.145258,2894.896973
7,0.445304,0.094125,3377.455811
8,0.453984,0.067690,3493.969482
9,0.437777,0.130790,3876.543457
10,0.467442,0.232449,4142.810547
11,0.517923,0.748556,4791.655762
12,0.522489,0.755508,4924.653320
13,0.518937,0.769220,5024.556641
14,0.482125,0.455041,5573.566406
15,0.467910,0.576335,6089.408203
16,0.480767,0.626345,6289.028320
17,0.449696,0.321562,6771.521973
18,0.448299,0.304466,6921.174316
19,0.421275,0.308750,7170.774902
20,0.446024,0.341412,7503.513184
21,0.418428,0.513096,7802.958008
22,0.359866,0.417802,8169.021973
23,0.320677,0.258727,8585.008789
24,0.328172,0.115277,8950.943359
25,0.264637,0.056820,10332.027344
26,0.227384,0.118363,10581.542969
27,0.104837,0.024295,10864.296875
28,0.408279,0.140938,11147.175781
29,0.374334,0.100716,11396.706055
30,0.543758,0.215380,11779.402344
31,0.592210,0.249557,11979.023438
32,0.525470,0.628641,12993.943359
33,0.512366,0.762553,13426.591797
34,0.497572,0.771097,13759.248047
35,0.462133,0.715714,14208.537109
36,0.405658,0.644646,14507.980469
37,0.467700,0.581739,14740.939453
38,0.295522,0.571805,15339.892578
39,0.252059,0.566510,15572.781250
40,0.232672,0.553399,15805.629883
41,0.231806,0.607001,16022.086914
42,0.208838,0.368616,16404.605469
43,0.229350,0.351009,16571.021484
44,0.311014,0.295201,16803.957031
45,0.365297,0.291028,17086.734375
46,0.422911,0.401678,17303.125000
47,0.442654,0.498360,17602.570312
48,0.451462,0.548053,17802.251953
49,0.494236,0.521070,18135.017578
50,0.444042,0.589571,18384.437500
51,0.513879,0.546047,20364.408203
52,0.512584,0.555456,20514.175781
53,0.532053,0.536335,20647.152344
54,0.536732,0.482352,21029.898438
55,0.529270,0.466867,21379.316406
56,0.504052,0.477275,21745.322266
57,0.586434,0.480321,22094.630859
58,0.610909,0.488616,22294.443359
59,0.630644,0.528913,22543.958984
60,0.660206,0.385657,22760.187500
61,0.675111,0.371239,22926.572266
62,0.746972,0.394263,23242.623047
63,0.792859,0.365160,23458.984375
64,0.832128,0.393770,23741.833984
65,0.877872,0.323324,24290.857422
66,0.922033,0.309685,24540.412109
67,0.947307,0.308988,24873.158203
0,0.734618,0.380562,382.676910
1,0.694618,0.297274,615.581543
2,0.644830,0.235257,865.221985
3,0.509797,0.409499,1464.116089
4,0.465550,0.328184,1963.233154
5,0.462274,0.278144,2229.469727
6,0.419287,0.438767,3394.093750
7,0.422665,0.432463,3493.934570
8,0.453122,0.441763,3793.427734
9,0.498279,0.466246,4109.563477
10,0.494274,0.488967,4359.022461
11,0.490135,0.472510,4475.531250
12,0.473253,0.292064,4741.720215
13,0.470314,0.221624,4924.715332
14,0.457732,0.157094,5141.000488
15,0.432689,0.117443,5373.832031
16,0.421381,0.094212,5557.030273
17,0.430613,0.054682,5806.557129
18,0.351285,0.040522,5956.276367
19,0.877566,0.026077,6322.213379
20,0.687658,0.030222,6837.978516
21,0.696425,0.192512,7553.373535
22,0.859753,0.307723,8102.492188
23,0.880339,0.376363,8485.210938
24,0.942555,0.400159,8651.578125
25,0.996642,0.388477,8967.756836
26,0.031151,0.353988,9250.444336
27,0.526340,0.392010,11030.651367
28,0.478242,0.454720,11296.866211
29,0.430143,0.440800,11579.778320
30,0.381334,0.344339,11779.309570
31,0.226155,0.266682,12677.879883
32,0.227797,0.267851,12777.633789
33,0.241452,0.267002,12977.244141
34,0.255756,0.260033,13110.328125
35,0.286765,0.246344,13260.072266
36,0.324143,0.239564,13526.271484
37,0.306737,0.213985,13692.678711
38,0.506599,0.365470,14524.566406
39,0.508749,0.324961,14940.507812
40,0.504745,0.303444,15140.214844
41,0.505903,0.396184,15655.993164
42,0.509544,0.535187,16071.808594
43,0.526758,0.539069,16338.018555
44,0.525855,0.520391,16504.437500
45,0.525893,0.503634,16803.888672
46,0.520905,0.464261,17103.392578
47,0.512078,0.459169,17336.250000
48,0.509802,0.413212,18351.103516
49,0.534786,0.468012,18767.099609
50,0.534784,0.444871,19083.230469
51,0.563987,0.382147,19981.734375
0,0.766702,0.536087,316.161713
1,0.554389,0.137149,1730.292847
2,0.516562,0.566662,2678.657959
3,0.413837,0.533612,3227.782959
4,0.771604,0.654847,4209.352051
5,0.580838,0.881685,4758.348633
6,0.144899,0.991880,5074.537109
7,0.101387,0.961211,5274.183105
8,0.274152,0.976781,5490.490723
9,0.037729,0.964285,5839.859375
10,0.153018,0.973398,6255.703613
11,0.503710,0.955362,6555.217773
12,0.612855,0.904121,7137.562012
13,0.667795,0.947114,7470.301758
14,0.631566,0.994966,7719.832520
15,0.376913,0.976309,8202.309570
16,0.524663,0.959730,8335.487305
17,0.559636,0.953624,8535.051758
18,0.711141,0.918127,8917.837891
19,0.670788,0.880779,9150.652344
20,0.649747,0.884799,9450.120117
21,0.692032,0.371840,10265.362305
22,0.454298,0.178786,11197.132812
23,0.657421,0.457491,12644.581055
24,0.627318,0.434828,12794.449219
25,0.388245,0.566218,13459.878906
26,0.428473,0.529640,13726.122070
27,0.369207,0.476945,14158.533203
28,0.320634,0.263844,14774.255859
29,0.304028,0.216281,14957.269531
30,0.348311,0.112388,15439.642578
31,0.252948,0.069753,15639.342773
32,0.542375,0.510790,17269.751953
33,0.572264,0.662920,17985.234375
34,0.524741,0.720339,18201.505859
35,0.458946,0.596513,18650.701172
36,0.468584,0.603334,18833.720703
37,0.220095,0.677314,19748.835938
38,0.250725,0.604493,20014.955078
39,0.189164,0.668838,20364.375000
40,0.183645,0.692581,20630.572266
41,0.114418,0.420278,21196.171875
42,0.149335,0.240773,21612.166016
43,0.165062,0.201220,21861.779297
44,0.246867,0.198528,22111.300781
45,0.290982,0.345859,22444.050781
46,0.356812,0.433448,22726.947266
47,0.515076,0.425994,24008.001953
48,0.666188,0.457354,24972.990234
0,0.756967,0.448703,416.011749
1,0.810740,0.488658,965.009460
2,0.823740,0.516126,1114.691284
3,0.854771,0.646905,1397.606934
4,0.845917,0.646794,1663.783325
5,0.879456,0.404582,1913.267334
6,0.921772,0.374422,2162.867676
7,0.822468,0.162873,3061.264893
8,0.853542,0.144427,3244.289307
9,0.875932,0.117134,3427.287354
10,0.796167,0.192305,3810.085205
11,0.749923,0.329134,4026.281494
12,0.721474,0.387328,4209.279785
13,0.719028,0.378932,4359.035156
14,0.680585,0.379713,4508.794922
15,0.637313,0.497025,4774.952637
16,0.660381,0.562231,5057.788574
17,0.674657,0.576532,5257.465332
18,0.797027,0.748064,5789.918457
19,0.944354,0.727431,6521.956543
20,0.968242,0.767061,6721.650879
21,0.966062,0.761905,6954.471680
22,0.977378,0.729292,7137.507812
23,0.089651,0.432986,7470.363770
24,0.145750,0.417072,7653.299316
25,0.211380,0.429415,8102.457520
26,0.298640,0.625809,8551.755859
27,0.328084,0.714288,8768.021484
28,0.406697,0.602530,9067.466797
29,0.445144,0.596428,9317.002930
30,0.442952,0.598341,9450.202148
31,0.467353,0.560421,9732.977539
32,0.466043,0.559304,9816.218750
33,0.433749,0.583680,10082.362305
34,0.523337,0.567524,10398.499023
35,0.534746,0.545944,10681.394531
36,0.531867,0.519263,11163.770508
37,0.524234,0.525980,11280.268555
38,0.527738,0.510876,11579.711914
39,0.465426,0.503510,12245.262695
40,0.467108,0.524415,12578.027344
41,0.489381,0.580876,13326.692383
42,0.462459,0.433867,13709.357422
43,0.462937,0.334694,13975.609375
44,0.486098,0.370709,14491.404297
45,0.494970,0.435349,14824.075195
46,0.533227,0.492422,15040.371094
47,0.530633,0.497914,15223.355469
48,0.549392,0.445738,15389.745117
49,0.525933,0.488085,15672.607422
50,0.551531,0.466982,15888.853516
51,0.556987,0.490865,16105.130859
52,0.560790,0.503140,16338.077148
53,0.583683,0.587417,16853.904297
54,0.607086,0.645044,17136.753906
55,0.607120,0.634286,17269.857422
56,0.604116,0.635502,17669.058594
57,0.606181,0.632129,17835.462891
58,0.600604,0.629501,18134.974609
59,0.561220,0.638822,18317.949219
60,0.486236,0.690496,18467.738281
61,0.478571,0.718906,18600.789062
62,0.456857,0.815090,18800.443359
63,0.418082,0.896132,18983.494141
64,0.363331,0.929068,19116.591797
65,0.870712,0.908906,19715.527344
66,0.864340,0.888175,19865.236328
67,0.753128,0.881378,20148.091797
68,0.726157,0.898026,20331.095703
69,0.722108,0.904692,20580.691406
70,0.340959,0.311302,21978.203125
71,0.371481,0.218803,22177.962891
72,0.352056,0.204321,22427.476562
73,0.276980,0.210687,22760.218750
74,0.395023,0.141807,23126.261719
75,0.322441,0.092139,23425.750000
76,0.292972,0.097566,23858.251953
77,0.274748,0.121914,24074.550781
78,0.455709,0.353694,24690.152344
0,0.771581,0.580247,465.916779
1,0.811076,0.535846,748.690063
2,0.802635,0.519703,1014.930176
3,0.860606,0.551451,1464.127808
4,0.896777,0.499026,1713.680786
5,0.953920,0.465409,1946.637207
6,0.996495,0.434114,2229.441650
7,0.006116,0.292024,3294.214355
8,0.515067,0.548181,7187.400879
9,0.501879,0.557538,7387.039062
10,0.510206,0.537880,7669.951660
11,0.606185,0.537047,8202.260742
12,0.486922,0.425914,9084.139648
13,0.427944,0.576969,10298.608398
14,0.449877,0.656745,10548.200195
15,0.360553,0.976616,11845.985352
16,0.853419,0.967510,12245.231445
17,0.863221,0.969720,12478.187500
18,0.768192,0.961465,12777.694336
19,0.417261,0.042826,14441.404297
20,0.505065,0.351388,15206.782227
21,0.378479,0.269388,15772.405273
22,0.368302,0.287083,15938.738281
23,0.640998,0.410334,16970.287109
24,0.658353,0.457689,17353.013672
25,0.652537,0.417831,17619.111328
26,0.666642,0.408607,17885.386719
27,0.619379,0.479154,19083.220703
28,0.589894,0.442193,19831.937500
29,0.579910,0.454088,19948.455078
30,0.576665,0.449014,20064.783203
31,0.518252,0.481534,20314.466797
32,0.489538,0.495616,20564.052734
33,0.485139,0.453575,20846.775391
34,0.516157,0.438972,21296.068359
35,0.496512,0.459505,21595.550781
36,0.501560,0.451331,21828.375000
0,0.518272,0.581146,1364.331665
1,0.497554,0.545586,1497.354736
2,0.502148,0.539195,1680.369263
3,0.528766,0.526791,2063.155518
4,0.492365,0.454331,2229.459473
5,0.492547,0.412368,2512.271729
6,0.499680,0.587462,2961.500488
7,0.434598,0.578502,3227.687744
8,0.415907,0.556655,3427.330811
9,0.529116,0.531196,4009.670410
10,0.489523,0.557265,4475.487793
11,0.494180,0.562487,4691.783691
12,0.438191,0.565292,4924.729492
13,0.420297,0.573902,5057.811523
14,0.426110,0.570740,5240.821289
15,0.529245,0.552173,6022.784668
16,0.527863,0.533226,6272.347168
17,0.488057,0.562670,6854.697754
18,0.490147,0.563431,6987.774902
19,0.532381,0.525997,7187.400879
20,0.943960,0.913265,8352.083008
21,0.958714,0.963945,8851.164062
22,0.898369,0.934075,9150.665039
23,0.923765,0.923093,9333.661133
24,0.981735,0.400739,10415.130859
25,0.019882,0.390885,10598.119141
26,0.025875,0.273413,10831.079102
27,0.089605,0.418760,11197.070312
28,0.754788,0.565411,12827.555664
29,0.723147,0.558358,12993.945312
30,0.703466,0.578285,13276.778320
31,0.700872,0.659107,13476.441406
32,0.697738,0.637719,13592.889648
33,0.680376,0.657041,13958.916016
34,0.646323,0.746924,15057.025391
35,0.654481,0.744409,15240.034180
36,0.550517,0.662868,15789.064453
37,0.515186,0.737234,16005.370117
38,0.523120,0.723316,16238.302734
39,0.486013,0.796676,16620.931641
40,0.528444,0.835874,17169.964844
41,0.526315,0.864237,17436.197266
42,0.494838,0.849282,17802.210938
43,0.479224,0.771008,18051.792969
44,0.422574,0.572112,18434.427734
45,0.442110,0.520744,18833.759766
46,0.481318,0.783238,19233.041016
47,0.489242,0.796633,19332.867188
48,0.495911,0.824815,19499.228516
49,0.487601,0.804159,19848.632812
50,0.473333,0.769138,19998.363281
51,0.462278,0.766924,20098.181641
52,0.443972,0.783786,20264.607422
53,0.425242,0.433886,20863.517578
54,0.468469,0.519209,21712.041016
55,0.584018,0.542483,22277.732422
56,0.521729,0.518997,23325.890625
57,0.509073,0.456735,23508.904297
58,0.501513,0.400247,23691.917969
59,0.503958,0.297721,24107.869141
60,0.520711,0.279711,24407.324219
61,0.550209,0.261441,24756.722656
0,0.761950,0.414299,49.923943
1,0.767100,0.463967,432.594604
2,0.744261,0.700414,715.425903
3,0.728462,0.763907,1231.177979
4,0.720559,0.806763,1497.408691
5,0.681288,0.814589,1746.925659
6,0.813225,0.756321,2279.371338
7,0.810542,0.766058,2395.796143
8,0.806860,0.699469,2562.186768
9,0.841838,0.665569,3211.068848
10,0.830031,0.593599,3460.637207
11,0.837901,0.548177,3826.672119
12,0.849660,0.526493,4242.594238
13,0.870327,0.511879,4408.968750
14,0.866344,0.461686,4725.093750
15,0.850338,0.484982,5024.588867
16,0.857038,0.622285,5440.493164
17,0.831740,0.728325,5739.952637
18,0.734306,0.754736,5972.884277
19,0.727313,0.775203,6222.489746
20,0.748709,0.762460,6372.190430
21,0.744212,0.701971,6821.386230
22,0.805380,0.773014,7070.962402
23,0.589469,0.730620,7470.271973
24,0.554528,0.683222,7703.183105
25,0.539935,0.612563,7886.194336
26,0.510423,0.538929,8052.619141
27,0.494616,0.544827,8335.468750
28,0.483475,0.526804,8535.072266
29,0.461141,0.480915,8884.495117
30,0.462690,0.571040,9100.751953
31,0.472101,0.636306,9267.125977
32,0.476502,0.655336,9416.880859
33,0.475358,0.596744,9566.617188
34,0.460445,0.550957,9832.791016
35,0.465801,0.570651,10032.486328
36,0.424390,0.519206,10265.400391
37,0.409942,0.401834,10498.317383
38,0.439506,0.492309,10764.566406
39,0.472012,0.596177,11197.085938
40,0.478415,0.609033,11380.104492
41,0.500996,0.594810,11729.504883
42,0.523190,0.606722,11962.425781
43,0.532693,0.594627,12195.341797
44,0.522821,0.555626,12345.080078
45,0.537378,0.566897,12561.408203
46,0.556533,0.608548,12727.739258
47,0.559186,0.579131,13326.696289
48,0.559832,0.558082,13576.271484
49,0.543675,0.538253,13809.185547
50,0.468319,0.578318,14225.148438
51,0.418391,0.576595,14458.102539
52,0.411842,0.560596,14774.198242
53,0.501309,0.551991,15373.158203
54,0.474321,0.370282,15689.235352
55,0.462939,0.273573,15872.277344
56,0.427525,0.217333,16055.287109
57,0.957458,0.081323,17502.751953
58,0.460567,0.172916,18068.412109
59,0.433617,0.135317,18218.179688
60,0.406311,0.099781,18401.187500
61,0.257019,0.012885,18800.462891
62,0.951434,0.127371,19183.136719
63,0.877094,0.145126,19748.824219
64,0.923924,0.161982,20497.541016
65,0.575342,0.098608,20880.191406
66,0.779565,0.078201,21362.652344
67,0.810060,0.175635,22111.357422
68,0.812881,0.169005,22494.027344
69,0.816560,0.113714,22660.396484
70,0.696236,0.155815,23259.345703
71,0.739174,0.109886,23658.640625
72,0.780428,0.118437,24507.193359
73,0.824628,0.191607,24989.664062
0,0.767325,0.478088,366.032562
1,0.808445,0.421538,665.484070
2,0.932198,0.448742,1464.107178
3,0.569499,0.569235,2212.838867
4,0.500323,0.548789,2678.584229
5,0.525885,0.550573,2894.935547
6,0.516231,0.566195,3144.460938
7,0.484304,0.604567,3394.022461
8,0.482972,0.588976,3527.188965
9,0.477454,0.589601,3676.888428
10,0.501155,0.647335,3909.767822
11,0.500216,0.431933,4475.554688
12,0.489514,0.405280,4641.895508
13,0.469210,0.443640,5124.353516
14,0.471002,0.375163,5357.246094
15,0.496110,0.361841,5690.023926
16,0.497187,0.345831,5922.858398
17,0.507064,0.526871,6255.720703
18,0.505277,0.519974,6405.326660
19,0.537133,0.503108,6605.109375
20,0.536870,0.478884,6754.837891
21,0.559542,0.445409,7004.336426
22,0.560908,0.321947,7220.611816
23,0.532602,0.243397,7520.088379
24,0.523608,0.215335,7653.258301
25,0.514846,0.209893,7769.735352
26,0.510489,0.170810,7936.100586
27,0.475172,0.124126,8119.102051
28,0.356012,0.055898,8584.930664
29,0.330946,0.050373,8834.487305
30,0.146529,0.066553,9283.648438
31,0.592556,0.187988,9899.417969
32,0.596547,0.415462,10398.466797
33,0.385517,0.386344,11213.622070
34,0.331396,0.413811,11413.305664
35,0.133611,0.320644,11979.095703
36,0.110245,0.329585,12228.510742
37,0.063934,0.508509,12444.957031
38,0.416999,0.588617,14225.121094
39,0.419594,0.575307,14574.436523
40,0.443376,0.559132,15007.100586
41,0.418975,0.571061,15173.450195
42,0.411895,0.556880,15323.036133
43,0.486407,0.541557,15972.101562
44,0.506963,0.533716,16105.145508
45,0.508345,0.550784,16421.253906
46,0.504244,0.478469,16604.195312
47,0.502362,0.448898,16737.335938
48,0.495777,0.406778,16936.886719
49,0.492805,0.380396,17535.871094
50,0.608030,0.577331,18051.642578
51,0.521103,0.463470,19050.064453
52,0.499797,0.442795,19332.748047
53,0.491996,0.426116,19482.464844
54,0.490619,0.398859,19748.779297
55,0.497644,0.427435,20048.312500
56,0.496140,0.504253,20281.113281
57,0.526268,0.578121,20597.214844
58,0.550319,0.569718,20863.472656
59,0.524315,0.576441,21495.718750
60,0.517459,0.571211,21828.445312
61,0.494268,0.359331,22344.222656
62,0.472206,0.393119,22676.960938
63,0.455894,0.406782,22993.027344
64,0.452308,0.330938,23209.394531
65,0.495824,0.348285,23525.505859
66,0.509455,0.396973,23924.816406
67,0.500969,0.307579,24357.279297
68,0.493147,0.278135,24507.005859
69,0.486789,0.239214,24740.003906
0,0.707412,0.435079,116.491280
1,0.757139,0.581733,449.260284
2,0.760252,0.596349,582.334961
3,0.759477,0.518100,798.618530
4,0.002475,0.612036,2345.890381
5,0.998552,0.644183,2512.321045
6,0.851806,0.277224,3177.792969
7,0.819284,0.236390,3427.333008
8,0.698583,0.264541,4159.415039
9,0.531686,0.589016,4841.557129
10,0.493900,0.562939,5224.214355
11,0.473777,0.572568,5440.471680
12,0.470887,0.663064,5640.118164
13,0.418923,0.609642,5972.906738
14,0.490884,0.434031,6305.636230
15,0.551368,0.336287,6987.783203
16,0.585615,0.310394,7154.163574
17,0.793675,0.232733,8002.713867
18,0.012839,0.244463,8967.741211
19,0.016804,0.238349,9084.146484
20,0.017816,0.220176,9233.886719
21,0.156144,0.347296,9749.695312
22,0.179964,0.362838,9949.270508
23,0.205546,0.335915,10232.145508
24,0.177312,0.515138,10664.705078
25,0.222106,0.577358,10914.271484
26,0.260767,0.628178,11213.718750
27,0.273491,0.680608,11396.781250
28,0.298170,0.697200,11696.237305
29,0.331087,0.730511,11895.909180
30,0.361106,0.738183,12145.424805
31,0.373932,0.710092,12378.362305
32,0.489209,0.544054,13177.055664
33,0.517681,0.551722,13426.526367
34,0.509002,0.489214,13875.810547
35,0.506594,0.435871,14208.532227
36,0.493066,0.501895,14524.598633
37,0.498354,0.512734,14874.025391
38,0.518631,0.546141,15090.361328
39,0.522323,0.551542,15622.730469
40,0.538543,0.449224,15838.969727
41,0.501675,0.432906,16155.173828
42,0.494333,0.431314,16304.843750
43,0.471091,0.492350,16571.060547
44,0.464824,0.507956,16704.162109
45,0.332852,0.525111,17452.804688
46,0.351414,0.575016,17619.228516
47,0.358795,0.686600,17985.259766
48,0.310092,0.601326,18251.492188
49,0.304494,0.582380,18484.388672
50,0.372070,0.466053,18900.388672
51,0.385500,0.487824,19149.841797
52,0.350010,0.455183,19715.570312
53,0.418509,0.418011,19915.271484
54,0.429988,0.415829,20148.123047
55,0.440035,0.432838,20281.210938
56,0.535334,0.318319,21529.031250
57,0.538568,0.278413,21662.208984
58,0.535756,0.283987,21845.158203
59,0.536042,0.277893,21945.039062
60,0.512488,0.549744,22111.367188
61,0.572651,0.747199,23142.898438
62,0.576750,0.854791,23309.332031
63,0.314266,0.955342,23974.757812
64,0.217861,0.958188,24207.705078
65,0.075669,0.965946,24357.449219
66,0.028866,0.967006,24457.265625
67,0.034664,0.935157,24607.029297
0,0.777432,0.308101,199.698074
1,0.748888,0.480383,1014.949280
2,0.746871,0.401028,1347.671387
3,0.744384,0.382435,1563.958374
4,0.740204,0.542647,1796.908813
5,0.699238,0.390389,2079.721680
6,0.484342,0.450993,3327.564209
7,0.454501,0.385264,4109.526855
8,0.460140,0.449895,4808.303711
9,0.504843,0.166967,8718.119141
10,0.443990,0.389471,9749.630859
11,0.459165,0.363169,9882.723633
12,0.448606,0.352219,10631.418945
13,0.416807,0.337992,11030.714844
14,0.400657,0.344740,11230.371094
15,0.401765,0.337485,11380.125000
16,0.389190,0.366261,11596.411133
17,0.410884,0.391069,11879.258789
18,0.475272,0.455213,12345.112305
19,0.489514,0.379749,12644.591797
20,0.491330,0.355596,12794.324219
21,0.500512,0.449137,13077.167969
22,0.494187,0.428718,13193.611328
23,0.506379,0.390558,13576.300781
24,0.515491,0.372779,13709.418945
25,0.507511,0.411980,14358.255859
26,0.630998,0.349799,16338.116211
27,0.655346,0.298363,16487.865234
28,0.825770,0.214936,17635.845703
29,0.113787,0.145467,18867.056641
30,0.112438,0.135298,18950.212891
31,0.523334,0.076419,21662.146484
32,0.548240,0.083234,22061.451172
33,0.600798,0.065758,22311.064453
34,0.238142,0.433749,23675.285156
35,0.279100,0.384146,23958.136719
36,0.309708,0.382962,24224.423828
37,0.338156,0.435152,24457.328125
38,0.398593,0.614850,24973.035156
0,0.759960,0.265664,-0.009968
1,0.762667,0.271690,116.491943
2,0.741679,0.211926,282.864716
3,0.710525,0.333320,665.514587
4,0.625326,0.526121,1114.726562
5,0.553898,0.621651,1530.691772
6,0.506517,0.573537,1780.241089
7,0.484597,0.546658,1930.057251
8,0.490819,0.477405,2296.036865
9,0.495477,0.394590,2562.253174
10,0.495794,0.374997,2745.230713
11,0.482746,0.343623,3028.108398
12,0.494155,0.290751,3344.137939
13,0.522501,0.248709,3527.174805
14,0.589399,0.294617,3760.118652
15,0.626677,0.510324,4042.932373
16,0.627780,0.500389,4275.890137
17,0.888228,0.525853,5007.956055
18,0.936720,0.494052,5257.541016
19,0.987660,0.553412,5690.153809
20,0.042319,0.508346,5939.651367
21,0.083317,0.491574,6239.165527
22,0.175677,0.489648,6704.994629
23,0.215712,0.515713,7087.610352
24,0.258680,0.491124,7370.444824
25,0.272429,0.610788,7736.471191
26,0.266433,0.641602,7886.199707
27,0.236205,0.513942,8318.796875
28,0.235275,0.409460,8784.668945
29,0.177497,0.454666,9183.977539
30,0.163824,0.480132,9433.510742
31,0.124816,0.471412,9832.797852
32,0.154535,0.552692,10198.843750
33,0.132025,0.646525,10698.001953
34,0.991167,0.752715,11563.207031
35,0.971571,0.655095,11845.982422
36,0.898553,0.652282,12145.511719
37,0.779160,0.703662,12661.200195
38,0.737014,0.710628,12844.237305
39,0.663876,0.714394,13093.818359
40,0.666943,0.717285,13193.612305
41,0.610799,0.768455,13360.032227
42,0.556567,0.721286,13626.265625
43,0.483480,0.650334,14125.384766
44,0.167961,0.890591,15123.673828
45,0.202219,0.881445,15306.632812
46,0.280742,0.942321,15589.475586
47,0.346960,0.963614,15755.872070
48,0.551457,0.957690,15972.123047
49,0.823828,0.954921,16271.591797
50,0.026548,0.964141,16737.515625
51,0.050223,0.919222,16953.699219
52,0.068774,0.885186,17219.914062
53,0.211017,0.879790,17552.695312
54,0.355413,0.967530,17835.599609
55,0.570139,0.946362,18035.130859
56,0.683641,0.941301,18334.656250
57,0.506442,0.983519,18900.287109
58,0.462971,0.955257,19166.490234
59,0.700491,0.969821,19482.677734
60,0.492428,0.854955,20081.689453
61,0.455128,0.734797,20364.484375
62,0.420736,0.641426,20564.041016
63,0.364671,0.597014,20963.443359
64,0.393657,0.551297,21229.621094
65,0.393841,0.480480,21462.533203
66,0.429080,0.467595,21678.814453
67,0.428086,0.452640,21944.970703
68,0.433184,0.368477,22261.078125
69,0.483202,0.360583,22510.695312
70,0.505116,0.420448,22810.140625
71,0.512217,0.540198,23043.066406
72,0.517294,0.606737,23226.117188
73,0.531727,0.582854,23542.191406
74,0.478782,0.560211,23808.419922
75,0.419641,0.571644,24091.226562
76,0.418011,0.537011,24507.203125
0,0.763203,0.511384,449.227539
1,0.735046,0.678188,665.528931
2,0.475756,0.486031,1813.529541
3,0.455957,0.478683,1979.805786
4,0.460873,0.417384,2279.367920
5,0.489209,0.349248,2445.676514
6,0.509268,0.318697,2645.323242
7,0.519718,0.279740,2828.437500
8,0.526343,0.251011,3044.629395
9,0.539846,0.205722,3244.289795
10,0.540361,0.204107,3477.272705
11,0.548350,0.136623,3710.173096
12,0.533907,0.149266,3943.100342
13,0.514196,0.151355,4192.675293
14,0.838319,0.014603,4625.257324
15,0.761161,0.162227,5390.532227
16,0.784640,0.250774,5623.552246
17,0.789956,0.242459,5839.818359
18,0.779106,0.228056,5939.628418
19,0.861615,0.225357,6422.158691
20,0.970725,0.495624,7520.198242
21,0.852998,0.852458,7886.164062
22,0.360843,0.937105,8318.834961
23,0.369166,0.899533,8518.448242
24,0.346132,0.875496,8751.334961
25,0.309489,0.888848,8917.796875
26,0.342818,0.942037,9134.014648
27,0.283165,0.878162,9433.527344
28,0.253672,0.876462,9749.625000
29,0.175130,0.892173,9965.914062
30,0.257854,0.900562,10165.525391
31,0.123797,0.976411,10648.049805
32,0.415039,0.926449,10814.434570
33,0.319155,0.939755,11247.007812
34,0.238797,0.948724,11463.249023
35,0.196609,0.903888,11779.349609
36,0.609203,0.948112,12378.314453
37,0.985741,0.888872,12694.483398
38,0.073755,0.915101,13310.027344
39,0.087714,0.904993,13559.645508
40,0.078498,0.934898,13975.630859
41,0.452578,0.872213,14258.350586
42,0.626632,0.873026,14824.094727
43,0.689121,0.881777,15106.937500
44,0.861873,0.842712,15406.374023
45,0.296637,0.916767,16021.993164
46,0.282521,0.923290,16254.979492
47,0.347818,0.930321,16604.292969
48,0.223820,0.918163,16887.107422
49,0.690372,0.614478,17619.169922
50,0.809423,0.425625,18301.367188
51,0.849915,0.271365,18750.500000
52,0.914303,0.412377,19033.419922
53,0.084564,0.390650,19815.404297
54,0.228336,0.441735,20614.025391
55,0.224167,0.263906,20930.050781
56,0.447764,0.572489,23841.619141
57,0.431228,0.505853,24024.662109
58,0.286603,0.384544,24706.765625
0,0.728180,0.637290,199.743912
1,0.800657,0.616317,998.295044
2,0.808891,0.747473,1347.783203
3,0.813957,0.824348,1547.382446
4,0.815618,0.803618,1880.143311
5,0.834507,0.923520,2246.138428
6,0.806052,0.831682,2479.063965
7,0.784988,0.742021,2795.156494
8,0.118306,0.979366,4691.835449
9,0.407308,0.982076,4924.772949
10,0.561349,0.961483,5407.280273
11,0.598236,0.923520,5606.922852
12,0.730905,0.938093,5889.769531
13,0.091865,0.973115,6338.976562
14,0.310312,0.949108,6671.720703
15,0.008698,0.965910,6987.852051
16,0.436039,0.907264,8385.403320
17,0.447513,0.872284,8535.138672
18,0.485353,0.567660,9084.176758
19,0.411886,0.553000,9649.868164
20,0.493823,0.464322,9916.067383
21,0.507626,0.387527,10132.327148
22,0.522276,0.324863,10448.465820
23,0.539856,0.270408,10814.521484
24,0.537860,0.217127,10997.525391
25,0.523537,0.219580,11097.347656
26,0.589570,0.286405,11479.974609
27,0.142597,0.411271,13360.041016
28,0.130035,0.404038,13443.208008
29,0.086614,0.404142,13759.349609
30,0.689947,0.450912,14757.638672
31,0.584872,0.508675,15073.715820
32,0.207161,0.453227,16371.452148
33,0.243099,0.638150,16720.832031
34,0.494630,0.291015,17852.234375
35,0.479884,0.422276,18201.580078
36,0.469518,0.671306,18634.148438
37,0.484381,0.695881,18916.988281
38,0.486384,0.546286,19316.292969
39,0.486099,0.529915,19449.390625
40,0.499316,0.515120,19632.410156
41,0.431162,0.521019,19915.244141
42,0.408394,0.508017,20148.177734
43,0.455777,0.520829,20464.294922
44,0.418995,0.532359,20763.767578
45,0.418665,0.522828,20863.617188
46,0.421703,0.525353,21029.970703
47,0.507939,0.562536,21512.460938
48,0.526383,0.535836,21728.746094
49,0.513534,0.526573,21828.582031
50,0.510565,0.522752,22028.246094
51,0.504959,0.507246,22227.923828
52,0.533256,0.486880,22943.283203
53,0.495321,0.578303,23509.054688
54,0.489181,0.664817,23941.560547
0,0.742164,0.712777,16.723631
1,0.736489,0.718068,149.821198
2,0.729496,0.619223,382.704803
3,0.724076,0.502737,565.769409
4,0.739026,0.512726,881.867126
5,0.743290,0.524252,1064.852539
6,0.666893,0.581192,1364.291504
7,0.476826,0.568565,2113.067627
8,0.455598,0.568579,2545.585205
9,0.456070,0.482788,2761.957520
10,0.484218,0.402957,2994.868652
11,0.481917,0.350410,3227.760254
12,0.481232,0.332612,3477.270264
13,0.529967,0.528435,3760.137695
14,0.528551,0.596413,3909.897949
15,0.531325,0.552800,4176.109375
16,0.529101,0.570396,5157.750000
17,0.536579,0.596128,5690.178223
18,0.532886,0.617707,5873.172363
19,0.527566,0.590185,6355.601074
20,0.529301,0.570306,6638.420898
21,0.525275,0.576102,7070.997559
22,0.525112,0.555489,7370.459473
23,0.669869,0.414339,8468.544922
24,0.690486,0.399714,8635.065430
25,0.994635,0.687524,9966.010742
26,0.988021,0.669801,10049.200195
27,0.001882,0.394136,10448.523438
28,0.978077,0.343328,10681.396484
29,0.955484,0.343073,10864.422852
30,0.969310,0.367018,11130.560547
31,0.996400,0.495706,11479.958984
32,0.996491,0.534084,11579.882812
33,0.962418,0.715941,12078.901367
34,0.964214,0.698958,12628.024414
35,0.960226,0.680853,12910.793945
36,0.952259,0.716781,13226.913086
37,0.938525,0.714808,13676.180664
38,0.927710,0.712398,13975.693359
39,0.907386,0.713604,14208.580078
40,0.896131,0.697894,14557.918945
41,0.873990,0.687804,14707.701172
42,0.848061,0.681141,14957.300781
43,0.825140,0.691798,15339.885742
44,0.819197,0.687803,15539.647461
45,0.826036,0.451705,15855.760742
46,0.830782,0.392269,16055.405273
47,0.762991,0.654372,16621.054688
48,0.741524,0.659852,16820.703125
49,0.725758,0.666128,17020.332031
50,0.727696,0.666119,17120.087891
51,0.680511,0.711919,17336.406250
52,0.685700,0.769940,17536.078125
53,0.626836,0.800076,17702.476562
54,0.496853,0.620747,18301.400391
55,0.464684,0.526314,18800.515625
56,0.482309,0.437328,19100.007812
57,0.486823,0.359336,19249.722656
58,0.490146,0.351513,19549.214844
59,0.576186,0.582054,19965.167969
60,0.523291,0.681174,20231.369141
61,0.520476,0.720057,20530.808594
62,0.423717,0.644488,20946.734375
63,0.430001,0.624956,21163.097656
64,0.420434,0.605734,21329.455078
65,0.419730,0.601210,21878.511719
66,0.419990,0.621676,22910.093750
67,0.423589,0.618742,23359.214844
68,0.449345,0.595762,24107.962891
69,0.420588,0.621872,24257.628906
0,0.756695,0.563007,449.185516
1,0.741967,0.647210,682.164978
2,0.794851,0.412841,1064.794922
3,0.812624,0.465218,1297.769653
4,0.849028,0.377499,1597.223022
5,0.871551,0.395152,1863.411133
6,0.747904,0.741046,2395.833740
7,0.739465,0.718801,2662.017334
8,0.755067,0.603011,2828.352539
9,0.705483,0.545843,3094.538330
10,0.694635,0.397166,3344.105225
11,0.681402,0.307350,3776.774414
12,0.668262,0.301666,4059.506836
13,0.654193,0.311304,4425.592285
14,0.656646,0.560715,4924.678711
15,0.640810,0.606528,5140.947266
16,0.580998,0.626058,5423.821289
17,0.557029,0.609979,5922.950195
18,0.571472,0.577135,6205.763184
19,0.553908,0.571093,6488.619141
20,0.528955,0.553607,6688.228516
21,0.517370,0.508020,6921.180176
22,0.511634,0.454391,7087.572754
23,0.524145,0.593098,7503.500488
24,0.508005,0.599615,7869.497559
25,0.518919,0.689109,8268.847656
26,0.509411,0.631416,8601.568359
27,0.491757,0.651633,8867.768555
28,0.494487,0.512853,9150.626953
29,0.494038,0.420944,9300.330078
30,0.495085,0.390224,9533.272461
31,0.494795,0.387051,9849.385742
32,0.488331,0.346849,10232.069336
33,0.487884,0.361732,10781.099609
34,0.487160,0.415979,11246.961914
35,0.487157,0.393026,11612.969727
36,0.505776,0.426509,12128.737305
37,0.497702,0.431374,12478.135742
38,0.485684,0.300319,12661.131836
39,0.487893,0.273383,12860.807617
40,0.488174,0.241435,13010.538086
41,0.492575,0.205122,13592.864258
42,0.508633,0.239822,14058.692383
43,0.425972,0.269208,14408.086914
44,0.408863,0.317841,14757.479492
45,0.467284,0.285541,14990.412109
46,0.475879,0.355779,15356.440430
47,0.429748,0.519305,15672.570312
48,0.403883,0.509307,15805.643555
49,0.431878,0.627750,16221.584961
50,0.473087,0.627724,16487.787109
51,0.416628,0.631019,16837.185547
52,0.416921,0.619874,16970.298828
53,0.418701,0.632693,17086.742188
54,0.421656,0.634700,17303.082031
55,0.413960,0.579946,17569.240234
56,0.423613,0.587527,18118.294922
57,0.415463,0.614416,18833.708984
58,0.395889,0.453355,19083.242188
59,0.423207,0.402451,19432.658203
60,0.403783,0.293588,19665.580078
61,0.392110,0.262348,19782.041016
62,0.380922,0.254346,19948.406250
63,0.380635,0.264444,20647.183594
64,0.359748,0.402295,20880.097656
65,0.355147,0.380694,21146.316406
66,0.355727,0.464031,21595.542969
67,0.373536,0.667287,21828.439453
68,0.385057,0.531446,22643.714844
69,0.412890,0.509603,22843.349609
70,0.433033,0.505354,23159.464844
71,0.484597,0.479949,23542.111328
72,0.484644,0.504550,23824.976562
73,0.491933,0.586097,24141.072266
74,0.493523,0.614246,24357.378906
75,0.484687,0.565500,24640.222656
0,0.748654,0.543681,299.415955
1,0.738425,0.526647,465.832153
2,0.634693,0.603672,931.622742
3,0.538014,0.583624,1414.193237
4,0.477980,0.560073,1863.447754
5,0.482008,0.551014,2046.455811
6,0.477799,0.537175,2345.884521
7,0.480620,0.482239,2528.856934
8,0.490401,0.445145,2828.432861
9,0.492005,0.439247,3011.368164
10,0.492599,0.399241,3144.423584
11,0.487391,0.342252,3577.123535
12,0.469610,0.305928,3993.018799
13,0.455750,0.226008,4176.008789
14,0.437353,0.199171,4375.633301
15,0.511273,0.169078,4591.980957
16,0.461994,0.155207,4957.941406
17,0.503237,0.150665,5407.205566
18,0.500010,0.254308,5773.209473
19,0.567374,0.085657,6006.182129
20,0.617051,0.058959,6189.156250
21,0.521671,0.142341,6871.284180
22,0.498285,0.510000,7653.336914
23,0.495334,0.479249,7852.861328
24,0.497394,0.413976,8202.292969
25,0.483065,0.388461,8535.050781
26,0.473066,0.488715,8834.573242
27,0.480271,0.560224,9067.529297
28,0.506357,0.553671,9483.372070
29,0.505710,0.616970,9832.781250
30,0.551840,0.912293,10781.134766
31,0.541206,0.964201,10997.378906
32,0.673796,0.950368,11446.661133
33,0.415395,0.930225,12045.609375
34,0.458553,0.916336,12245.239258
35,0.272738,0.920648,12594.651367
36,0.227776,0.928603,12810.875977
37,0.652123,0.977119,13459.779297
38,0.645867,0.929238,13676.038086
39,0.270293,0.956716,14408.101562
40,0.006915,0.986247,14641.095703
41,0.465754,0.952402,14907.295898
42,0.388144,0.958507,15106.892578
43,0.026964,0.957085,15655.944336
44,0.972128,0.881948,15838.968750
45,0.809079,0.480114,16937.039062
46,0.863024,0.428912,17136.658203
47,0.858219,0.300656,17552.703125
48,0.826458,0.335699,17768.919922
49,0.012712,0.241200,18284.730469
50,0.087376,0.273037,18650.693359
51,0.156429,0.443232,19216.375000
52,0.156185,0.417276,19366.164062
53,0.064099,0.462481,19615.673828
54,0.066651,0.446536,19748.753906
55,0.044806,0.491423,20014.986328
56,0.672157,0.477345,21545.599609
57,0.650037,0.418719,21778.564453
58,0.550318,0.489665,22344.238281
59,0.544760,0.462568,22627.140625
60,0.415262,0.490345,23092.916016
61,0.375603,0.493461,23442.326172
62,0.359735,0.438077,23608.703125
63,0.226123,0.597161,24407.335938
0,0.737871,0.698580,199.674515
1,0.791349,0.656476,416.071808
2,0.887913,0.870529,831.898315
3,0.114133,0.948890,1031.600220
4,0.188506,0.909804,1380.933228
5,0.103289,0.926972,1930.021240
6,0.232669,0.971584,2146.270020
7,0.970733,0.360304,3859.974854
8,0.943311,0.227779,4242.652832
9,0.890336,0.143994,4458.945312
10,0.092020,0.446614,6405.480469
11,0.131821,0.531180,6588.570312
12,0.208361,0.539655,7004.472656
13,0.236406,0.494979,7337.269043
14,0.201862,0.552020,7520.250977
15,0.198471,0.597650,7686.581055
16,0.286727,0.694923,7969.434570
17,0.215472,0.732942,8651.579102
18,0.212986,0.781767,8984.433594
19,0.189682,0.841716,9167.413086
20,0.092657,0.910269,9500.108398
21,0.937135,0.963935,9733.049805
22,0.749471,0.952572,10149.001953
23,0.764970,0.921370,10714.642578
24,0.789969,0.906088,10897.654297
25,0.808966,0.885968,11163.846680
26,0.812317,0.878739,11280.317383
27,0.774529,0.853164,11413.452148
28,0.691050,0.850063,11729.554688
29,0.406417,0.818188,12112.187500
30,0.401830,0.783020,12361.773438
31,0.362645,0.646741,12578.098633
32,0.224580,0.601683,12977.403320
33,0.539832,0.555372,14208.544922
34,0.521644,0.434039,14657.798828
35,0.504730,0.297550,14973.866211
36,0.513386,0.240053,15156.873047
37,0.489729,0.229921,15356.534180
38,0.546487,0.246948,15655.982422
39,0.623353,0.539814,16188.427734
40,0.546936,0.664816,16687.572266
41,0.543941,0.520084,17020.318359
42,0.550749,0.514154,17219.941406
43,0.531386,0.663192,17536.105469
44,0.494783,0.537510,18184.958984
45,0.480425,0.734082,18567.599609
46,0.498155,0.492439,19050.080078
47,0.492957,0.444456,19299.646484
48,0.485081,0.423303,19432.738281
49,0.484207,0.435759,19682.384766
50,0.419728,0.449760,19981.783203
51,0.410256,0.473878,20148.144531
52,0.635051,0.435387,20630.738281
53,0.623891,0.415014,20996.708984
54,0.682295,0.339186,21229.652344
55,0.705867,0.394798,21562.339844
56,0.726139,0.481531,21811.978516
57,0.756654,0.484947,22111.404297
58,0.757683,0.353843,22693.712891
59,0.812952,0.539441,23176.251953
60,0.854022,0.523942,23508.978516
61,0.889780,0.549619,23741.851562
62,0.920862,0.520582,24174.478516
63,0.907488,0.269484,24756.808594
64,0.890972,0.259005,24956.396484
0,0.925001,0.765984,116.538101
1,0.753304,0.924478,316.204254
2,0.546779,0.831295,2212.875488
3,0.641709,0.651678,2628.888672
4,0.707688,0.442744,3427.451660
5,0.711789,0.463682,3527.271973
6,0.659366,0.402404,3893.258545
7,0.546851,0.588622,4192.791016
8,0.468422,0.595666,4725.154297
9,0.478179,0.554734,4908.177246
10,0.487198,0.647504,5257.581543
11,0.485667,0.406179,5640.197266
12,0.493555,0.334411,5889.792480
13,0.505028,0.251011,6189.319336
14,0.518541,0.155124,6522.020020
15,0.801051,0.161439,8119.209473
16,0.861546,0.130301,8335.516602
17,0.859886,0.130934,8485.241211
18,0.008725,0.132514,9000.990234
19,0.887252,0.403186,9317.202148
20,0.828084,0.496490,9683.166016
21,0.914581,0.534046,9966.066406
22,0.921086,0.394491,10431.902344
23,0.987608,0.521808,10947.609375
24,0.016180,0.554938,11147.244141
25,0.016718,0.579316,11413.455078
26,0.026554,0.648017,11696.376953
27,0.838294,0.989229,12378.433594
28,0.531986,0.980800,12544.855469
29,0.207612,0.935103,14924.007812
30,0.287770,0.936388,15439.758789
31,0.297195,0.919398,16720.841797
32,0.420847,0.898413,17053.585938
33,0.327076,0.947583,17436.257812
34,0.656599,0.958684,18634.160156
35,0.187878,0.512015,19931.902344
36,0.235082,0.547595,20464.302734
37,0.287211,0.587712,20846.955078
38,0.297702,0.532486,21196.361328
39,0.343543,0.500036,21479.205078
40,0.339086,0.515403,21612.304688
41,0.286551,0.685338,22078.138672
42,0.663019,0.571351,23592.177734
43,0.607143,0.547596,23941.578125
44,0.413378,0.613239,24956.433594
0,0.732225,0.511243,183.113998
1,0.740082,0.578032,332.961365
2,0.961795,0.407490,1331.127319
3,0.799276,0.202572,2229.443359
4,0.520612,0.497818,5057.937500
5,0.513998,0.486238,5307.402344
6,0.394283,0.564638,6039.504395
7,0.386696,0.522614,6289.060059
8,0.391860,0.515420,6721.612305
9,0.360595,0.440035,6987.871582
10,0.207697,0.820605,8501.831055
11,0.200613,0.868034,10381.996094
12,0.389317,0.854328,11130.557617
13,0.511037,0.845221,11463.309570
14,0.426351,0.909711,11846.059570
15,0.238033,0.913497,12328.555664
16,0.189155,0.911883,12444.912109
17,0.572331,0.912660,13792.541992
18,0.873348,0.531299,20181.431641
19,0.882317,0.531295,20414.419922
20,0.097676,0.399859,23226.076172
21,0.094105,0.403671,23375.851562
22,0.059417,0.381189,23658.738281
23,0.793425,0.411599,24989.662109
0,0.762410,0.487311,282.874176
1,0.742180,0.616486,615.594177
2,0.731494,0.720867,931.749084
3,0.744445,0.720815,1098.134766
4,0.683620,0.672623,1580.575317
5,0.677138,0.674619,1830.121948
6,0.550385,0.555691,2894.931885
7,0.520512,0.542110,3177.840820
8,0.508365,0.579038,4142.789551
9,0.477388,0.543339,5440.552246
10,0.489584,0.465695,5673.467773
11,0.495655,0.394429,5873.126953
12,0.513700,0.301569,6155.962891
13,0.512446,0.287380,6322.300293
14,0.565679,0.206609,6555.241699
15,0.574926,0.166004,6705.023438
16,0.625035,0.247924,6937.895996
17,0.853326,0.455692,8085.905273
18,0.852695,0.847991,9067.486328
19,0.329131,0.932517,10381.903320
20,0.353778,0.952573,10481.715820
21,0.315496,0.971898,10897.729492
22,0.334704,0.953464,11014.087891
23,0.404845,0.931562,11596.502930
24,0.403242,0.911276,11796.086914
25,0.047170,0.941540,12311.908203
26,0.050851,0.930347,12711.128906
27,0.107384,0.931725,13010.614258
28,0.150073,0.935320,13310.078125
29,0.136887,0.929063,13426.573242
30,0.323782,0.986029,13626.194336
31,0.002261,0.428523,14874.004883
32,0.005701,0.411068,15007.113281
33,0.958991,0.398230,15339.847656
34,0.054397,0.441525,15855.631836
35,0.084911,0.437670,16138.458984
36,0.134538,0.418078,16421.294922
37,0.155802,0.305797,16737.412109
38,0.210298,0.370853,17253.169922
39,0.207650,0.412331,17536.025391
40,0.197602,0.490941,17735.679688
41,0.217776,0.538604,17985.250000
42,0.292844,0.577091,18484.363281
43,0.333971,0.600987,18667.375000
44,0.404330,0.495732,19216.433594
45,0.403787,0.500350,19449.355469
46,0.395474,0.427062,20098.203125
47,0.433439,0.502438,20663.906250
48,0.433015,0.531855,20980.013672
49,0.349125,0.459221,22277.736328
50,0.254275,0.593919,22760.248047
51,0.275201,0.590039,23758.488281
52,0.298871,0.587106,24390.705078
0,0.760275,0.502637,382.651917
1,0.764279,0.593927,565.674622
2,0.740577,0.672556,781.927612
3,0.687667,0.695139,1014.838196
4,0.655890,0.701728,1197.881714
5,0.611631,0.690246,1414.127441
6,0.505152,0.534386,2046.424194
7,0.480175,0.539949,2212.829590
8,0.430997,0.546865,2645.327881
9,0.444708,0.473688,2978.094727
10,0.435187,0.412069,3277.548340
11,0.467569,0.327180,3577.024170
12,0.433360,0.286907,3826.598389
13,0.409764,0.260647,4059.516113
14,0.397219,0.263304,4342.369141
15,0.361527,0.424646,4558.637207
16,0.372840,0.501198,4841.483398
17,0.392199,0.572519,5074.435059
18,0.428260,0.607876,5357.278320
19,0.423078,0.584413,5839.727051
20,0.520807,0.318572,6555.149902
21,0.524965,0.264906,6754.800293
22,0.519501,0.266431,7570.046387
23,0.542953,0.224673,8235.542969
24,0.600101,0.275024,8634.847656
25,0.641606,0.256525,8901.063477
26,0.647285,0.257943,9017.522461
27,0.701673,0.205128,9316.987305
28,0.703151,0.196728,9549.925781
29,0.756631,0.229806,10132.252930
30,0.706354,0.442282,10614.721680
31,0.689006,0.403291,10797.736328
32,0.683106,0.447407,11147.129883
33,0.693165,0.426902,12328.401367
34,0.731308,0.314290,12877.433594
35,0.714879,0.337801,13176.940430
36,0.714195,0.323121,13343.292969
37,0.698458,0.310502,13676.049805
38,0.695422,0.287329,13925.620117
39,0.701066,0.308332,14175.172852
40,0.716553,0.348600,14324.894531
41,0.760246,0.236492,14873.973633
42,0.984402,0.223406,15872.208008
43,0.991348,0.245852,16005.301758
44,0.918582,0.434258,16953.644531
45,0.212375,0.515880,17918.640625
46,0.437700,0.547150,19282.906250
47,0.436048,0.481237,19632.324219
48,0.483472,0.556236,19948.404297
49,0.459408,0.604892,20164.722656
50,0.406460,0.618090,20347.742188
51,0.419177,0.632679,20580.658203
52,0.399757,0.615287,20863.484375
53,0.483233,0.541889,21479.074219
54,0.503722,0.401189,22127.964844
55,0.478306,0.317969,22327.593750
56,0.444438,0.290134,22610.445312
57,0.422387,0.307454,22826.714844
58,0.425219,0.383106,23026.373047
59,0.409802,0.445226,23209.388672
60,0.393244,0.471249,23409.031250
61,0.385883,0.493313,23608.705078
62,0.368961,0.390888,23841.607422
63,0.386388,0.279485,24091.164062
64,0.295367,0.225437,24457.210938
0,0.506820,0.586580,1031.492554
1,0.501252,0.539810,1181.335938
2,0.526814,0.526673,1746.974121
3,0.552627,0.453314,2329.266113
4,0.874772,0.265255,4425.561523
5,0.879171,0.201174,4625.227539
6,0.922411,0.189544,4808.264160
7,0.830142,0.109887,5141.067383
8,0.950491,0.788825,7403.693848
9,0.909539,0.861538,7753.111328
10,0.708249,0.979858,8218.973633
11,0.526033,0.960634,8485.188477
12,0.572530,0.925515,8767.992188
13,0.561792,0.971361,9050.864258
14,0.724726,0.950500,9333.666992
15,0.931836,0.966766,9533.294922
16,0.902143,0.932056,9832.792969
17,0.797059,0.910567,10182.281250
18,0.737581,0.907875,10448.423828
19,0.731877,0.926064,10781.147461
20,0.698247,0.901972,11180.432617
21,0.780535,0.864263,11496.584961
22,0.938838,0.944070,11746.124023
23,0.165103,0.966935,11979.108398
24,0.924878,0.916573,12278.541016
25,0.325690,0.058630,13958.901367
26,0.743713,0.965541,15406.426758
27,0.560241,0.943838,15639.360352
28,0.559438,0.970273,15922.150391
29,0.324928,0.935934,16221.646484
30,0.339326,0.941868,16421.341797
31,0.901112,0.993623,16604.287109
32,0.026143,0.914909,16837.222656
33,0.231327,0.887799,17086.841797
34,0.229329,0.849538,17336.380859
35,0.264928,0.823936,17502.773438
36,0.340136,0.757289,17951.974609
37,0.079305,0.945886,18567.623047
38,0.199690,0.978537,18817.134766
39,0.023085,0.866735,19216.427734
40,0.955368,0.866337,19482.628906
41,0.911710,0.912439,19782.070312
42,0.780401,0.973033,20031.666016
43,0.290156,0.571159,21279.455078
44,0.263536,0.332617,22028.191406
45,0.259664,0.300321,22227.792969
46,0.143699,0.426450,22560.548828
47,0.105126,0.413782,23076.339844
48,0.536045,0.558986,24340.863281
49,0.494506,0.539521,24607.003906
50,0.471823,0.554300,24856.535156
0,0.770657,0.607747,99.838554
1,0.726622,0.616859,382.704437
2,0.675089,0.650009,648.972046
3,0.678106,0.702077,898.431946
4,0.671465,0.727889,1164.625366
5,0.576282,0.681017,1563.948486
6,0.523940,0.647051,1813.531250
7,0.505288,0.636833,2079.797119
8,0.518951,0.617578,2229.483398
9,0.482537,0.623967,2462.446045
10,0.489071,0.621336,2678.646973
11,0.493418,0.620207,2795.149414
12,0.455661,0.628290,3011.440918
13,0.458382,0.615079,3161.239258
14,0.490864,0.584058,3593.733643
15,0.395856,0.529827,3909.901367
16,0.401863,0.515697,4026.385254
17,0.365026,0.493014,4275.865723
18,0.369150,0.593184,4575.450684
19,0.253931,0.603267,5290.747070
20,0.249104,0.641961,5640.229492
21,0.253127,0.448435,5989.589844
22,0.258143,0.435091,6089.454102
23,0.256044,0.392581,6272.378418
24,0.317905,0.381050,6571.886719
25,0.318613,0.320895,6738.256348
26,0.388417,0.294389,7104.299805
27,0.383694,0.288687,7303.905762
28,0.477905,0.307385,7669.951660
29,0.496499,0.260673,8019.316895
30,0.467642,0.291846,8202.351562
31,0.587410,0.276075,8535.092773
32,0.614957,0.411872,9150.676758
33,0.614613,0.417204,9250.535156
34,0.691173,0.419201,9616.537109
35,0.746896,0.437938,9916.031250
36,0.656197,0.468243,10348.594727
37,0.646330,0.475540,10564.882812
38,0.563712,0.574730,10797.804688
39,0.515333,0.587763,11047.419922
40,0.525664,0.580192,11247.006836
41,0.525359,0.555555,11546.547852
42,0.491061,0.613728,11812.796875
43,0.552955,0.669293,12078.893555
44,0.622641,0.701044,12361.845703
45,0.694271,0.678222,12761.095703
46,0.690381,0.687248,12910.828125
47,0.766120,0.635476,13243.631836
48,0.904778,0.467622,14075.520508
49,0.885086,0.416321,14408.170898
50,0.994794,0.442262,14724.310547
51,0.004263,0.296727,15373.193359
52,0.070771,0.402674,15755.899414
53,0.064260,0.419284,15938.827148
54,0.927629,0.483779,16238.292969
55,0.923259,0.480485,16371.475586
56,0.954175,0.214262,16903.814453
57,0.922106,0.150574,17103.496094
58,0.909544,0.113783,17386.316406
59,0.830572,0.033759,18035.146484
60,0.836586,0.036719,18567.576172
61,0.952733,0.051127,18867.105469
62,0.142043,0.077685,19399.455078
63,0.844434,0.095459,19565.810547
64,0.709928,0.123485,20331.173828
65,0.644481,0.180446,20564.123047
66,0.543702,0.114929,20863.568359
67,0.563387,0.125458,21046.597656
68,0.549743,0.118618,21146.458984
69,0.550931,0.125754,21262.851562
70,0.588481,0.057895,21429.279297
71,0.394311,0.168949,21911.728516
72,0.389329,0.249828,22327.675781
73,0.391061,0.200851,22543.980469
74,0.307405,0.208723,23043.142578
75,0.255499,0.286258,23226.144531
76,0.484879,0.567745,24191.103516
77,0.488783,0.573135,24290.923828
0,0.747984,0.508993,349.363770
1,0.740508,0.601405,682.186768
2,0.733144,0.634161,898.368774
3,0.720422,0.534301,1680.429810
4,0.705779,0.459171,1929.928101
5,0.707899,0.389754,2246.015625
6,0.705842,0.377719,2345.842285
7,0.691725,0.430048,2628.739990
8,0.671008,0.360595,2894.882080
9,0.654623,0.290586,3077.883057
10,0.588707,0.305318,3726.765381
11,0.595652,0.320281,3909.889648
12,0.568132,0.356065,4142.723145
13,0.538283,0.379133,4458.842773
14,0.508513,0.445702,4824.881348
15,0.478945,0.334452,5274.053223
16,0.488193,0.305884,5473.706543
17,0.493679,0.276824,5640.135254
18,0.486459,0.407444,6139.213867
19,0.485742,0.451672,6372.140137
20,0.491876,0.419000,6954.456055
21,0.489750,0.394547,7170.788086
22,0.513416,0.566338,7786.406250
23,0.519122,0.558828,7986.021973
24,0.511280,0.517952,8318.788086
25,0.491868,0.466971,8551.683594
26,0.493688,0.410678,8801.275391
27,0.570083,0.376590,9100.698242
28,0.591237,0.378010,9267.143555
29,0.566640,0.398801,9533.344727
30,0.442242,0.488865,10015.875977
31,0.393704,0.502245,10215.517578
32,0.381231,0.478784,10498.310547
33,0.403584,0.515837,10731.194336
34,0.368794,0.395353,11646.274414
35,0.331121,0.377413,11829.265625
36,0.331056,0.378919,11945.748047
37,0.304216,0.371081,12128.767578
38,0.296588,0.366630,12311.779297
39,0.244274,0.477872,13193.561523
40,0.240273,0.488455,13293.380859
41,0.211804,0.513827,13443.147461
42,0.199752,0.456527,13759.231445
43,0.205562,0.424114,14025.418945
44,0.222702,0.419142,14241.746094
45,0.244056,0.372521,14458.035156
46,0.301881,0.420001,14690.954102
47,0.314136,0.420435,14907.242188
48,0.336538,0.597138,15373.085938
49,0.340414,0.661169,15622.642578
50,0.352488,0.665610,15805.649414
51,0.402562,0.631692,16171.697266
52,0.410071,0.588358,16387.992188
53,0.413489,0.604332,17286.390625
54,0.528457,0.430508,18268.041016
55,0.582926,0.446344,18550.875000
56,0.581922,0.420155,18783.785156
57,0.592984,0.489006,19183.087891
58,0.594059,0.474394,19765.406250
59,0.557136,0.483825,20081.505859
60,0.552498,0.464983,20181.367188
61,0.537325,0.563342,20580.634766
62,0.511896,0.542812,20896.753906
63,0.475199,0.444715,21495.714844
64,0.480439,0.447661,21994.845703
65,0.480592,0.465648,22144.593750
66,0.558944,0.679327,22261.042969
67,0.537526,0.656809,22959.824219
68,0.545464,0.629358,23109.550781
69,0.456214,0.439211,23691.876953
70,0.488318,0.400439,23941.443359
71,0.611311,0.345376,24340.750000
72,0.745639,0.396830,24972.964844
0,0.786892,0.457624,416.020050
1,0.813613,0.510088,648.893982
2,0.923628,0.558937,1430.835938
3,0.947317,0.654918,1680.367432
4,0.664069,0.951042,2462.438232
5,0.669121,0.957693,2761.856934
6,0.949654,0.966431,3011.381348
7,0.928726,0.976141,3377.417725
8,0.967511,0.959782,3493.884277
9,0.213150,0.419578,4525.485840
10,0.201680,0.435210,4725.082031
11,0.192154,0.171372,5124.370605
12,0.100864,0.158579,5407.208984
13,0.061666,0.119747,5623.527344
14,0.036798,0.069519,6105.979492
15,0.303854,0.046070,6322.311523
16,0.360836,0.070625,6538.567383
17,0.340107,0.054168,6821.500000
18,0.043338,0.042708,7220.715820
19,0.992069,0.034575,7370.562012
20,0.065484,0.072986,7736.542480
21,0.051890,0.071025,7819.671875
22,0.704039,0.184973,8152.390625
23,0.548496,0.498845,9466.752930
24,0.524240,0.511071,9683.093750
25,0.527535,0.511736,9782.924805
26,0.508685,0.510237,9999.159180
27,0.478682,0.506201,10265.365234
28,0.502071,0.510832,10697.935547
29,0.525506,0.518049,10947.577148
30,0.535021,0.517930,11246.990234
31,0.482356,0.518448,11513.241211
32,0.475605,0.520181,11829.334961
33,0.471217,0.522924,11995.730469
34,0.425231,0.528640,12228.635742
35,0.428777,0.510890,12444.893555
36,0.429469,0.539202,12927.386719
37,0.377032,0.536275,13359.946289
38,0.424113,0.554786,13626.155273
39,0.510685,0.533449,13925.642578
40,0.523120,0.534696,14075.430664
41,0.547870,0.534604,14291.699219
42,0.519107,0.358096,14807.464844
43,0.509383,0.377036,15223.386719
44,0.500306,0.387771,15406.436523
45,0.488293,0.414978,15622.753906
46,0.589233,0.462859,15988.794922
47,0.583119,0.463344,16171.770508
48,0.517071,0.428490,16388.001953
49,0.535308,0.263879,16604.279297
50,0.523966,0.147939,17020.216797
51,0.519684,0.125469,17219.925781
52,0.637861,0.063410,17602.580078
53,0.418978,0.568507,18750.554688
54,0.412638,0.531068,19199.767578
55,0.427640,0.517272,19615.720703
56,0.522308,0.529177,19782.087891
57,0.550307,0.544928,20131.478516
58,0.549237,0.546583,20680.496094
59,0.540372,0.592435,20846.882812
60,0.525515,0.601151,21079.828125
61,0.537238,0.683398,21362.654297
62,0.485989,0.968864,22011.496094
63,0.334818,0.974358,22394.187500
64,0.303795,0.974095,22543.925781
65,0.272921,0.971111,22677.011719
66,0.616907,0.964749,23275.972656
67,0.771604,0.601733,23974.759766
0,0.744886,0.450751,382.608521
1,0.748141,0.645143,615.554260
2,0.654876,0.716862,831.801697
3,0.601404,0.691406,1147.891235
4,0.563813,0.600394,1447.370972
5,0.501947,0.516916,1663.692017
6,0.468193,0.442752,1963.135620
7,0.459090,0.499471,2162.823486
8,0.449756,0.405896,2445.615479
9,0.443644,0.325102,2611.998047
10,0.423530,0.187006,3044.613037
11,0.405627,0.122617,3310.765869
12,0.369123,0.244654,3560.354736
13,0.427916,0.577458,4192.609863
14,0.426074,0.668188,4541.962402
15,0.543906,0.665011,4924.652344
16,0.526059,0.688265,5107.646484
17,0.005747,0.163829,6471.935547
18,0.986592,0.117942,6738.179199
19,0.014251,0.556783,7087.492188
20,0.996470,0.525892,7520.110840
21,0.027917,0.390110,7852.840820
22,0.025069,0.314548,8052.488770
23,0.024009,0.266317,8335.329102
24,0.057525,0.290347,8651.444336
25,0.001916,0.441173,9034.169922
26,0.995082,0.536544,9416.769531
27,0.989951,0.548775,9533.245117
28,0.980369,0.478239,9782.844727
29,0.977715,0.464319,9866.005859
30,0.977720,0.455799,9982.540039
31,0.916639,0.434858,10148.808594
32,0.906174,0.345890,10464.950195
33,0.918745,0.542999,10897.598633
34,0.911576,0.586440,11130.597656
35,0.900072,0.586243,11446.586914
36,0.918011,0.538114,12361.611328
37,0.918322,0.547380,12894.047852
38,0.918477,0.546302,13043.783203
39,0.912978,0.528147,13310.000977
40,0.913084,0.535490,13692.657227
41,0.910777,0.523231,13809.166016
42,0.902686,0.488933,14025.408203
43,0.896289,0.424607,14341.536133
44,0.910958,0.400583,14824.032227
45,0.889334,0.398862,15506.114258
46,0.885922,0.397654,15705.773438
47,0.836904,0.413897,15888.816406
48,0.844192,0.410185,16005.284180
49,0.831213,0.444150,16454.494141
50,0.814375,0.504062,16920.312500
51,0.785816,0.563484,17302.984375
52,0.783624,0.574197,17419.490234
53,0.718660,0.625506,17685.652344
54,0.723780,0.601660,17768.839844
55,0.729404,0.582322,18101.656250
56,0.694516,0.497836,18334.533203
57,0.683128,0.437572,18767.083984
58,0.646914,0.439464,19000.009766
59,0.632809,0.391717,19282.890625
60,0.651574,0.542773,19698.830078
61,0.580609,0.550587,20514.087891
62,0.517356,0.547084,21063.113281
63,0.459006,0.509932,21429.109375
64,0.456877,0.414339,21728.625000
65,0.457482,0.336392,21961.519531
66,0.457332,0.289701,22194.500000
67,0.448336,0.222389,22444.091797
68,0.450046,0.210324,22810.056641
69,0.461983,0.218067,23159.439453
70,0.481983,0.302052,23442.250000
71,0.532702,0.578323,23958.039062
72,0.495468,0.671324,24440.556641
73,0.485741,0.693589,24740.017578
0,0.744864,0.619375,249.612869
1,0.706650,0.541919,449.192810
2,0.712048,0.452635,798.638428
3,0.644809,0.455147,1131.344360
4,0.575416,0.573662,1347.671875
5,0.551469,0.607301,1530.717163
6,0.526715,0.582946,1746.984863
7,0.497117,0.570458,2063.006836
8,0.524154,0.557778,2495.645752
9,0.533699,0.692091,2728.569336
10,0.595751,0.631369,3177.755859
11,0.492538,0.403926,3626.945068
12,0.485062,0.359708,3893.242676
13,0.446847,0.362906,4309.098633
14,0.413432,0.390948,4575.336426
15,0.400557,0.341015,4808.258789
16,0.399549,0.359438,4957.962402
17,0.357147,0.412383,5140.969727
18,0.328292,0.409114,5440.548340
19,0.312985,0.392291,5773.258301
20,0.316098,0.398817,5856.403809
21,0.314885,0.467266,6072.703125
22,0.350472,0.441028,6338.874023
23,0.421594,0.514470,6638.480957
24,0.423329,0.567997,6854.765625
25,0.381214,0.587145,7087.669434
26,0.458835,0.556637,7586.800293
27,0.455593,0.560071,7686.644531
28,0.497107,0.541260,8052.648926
29,0.487970,0.457226,8268.936523
30,0.502420,0.397858,8568.314453
31,0.542489,0.467909,9000.968750
32,0.610223,0.524438,9317.068359
33,0.585293,0.519754,9549.920898
34,0.557849,0.569401,9882.739258
35,0.531255,0.544631,10248.743164
36,0.552670,0.599003,10498.272461
37,0.643778,0.709369,10847.761719
38,0.739755,0.666546,11063.951172
39,0.757106,0.553295,11346.864258
40,0.816188,0.546026,11579.758789
41,0.835790,0.620791,11879.265625
42,0.764032,0.633255,12212.030273
43,0.762986,0.682244,12428.267578
44,0.851780,0.656000,12877.458008
45,0.900656,0.475567,13243.467773
46,0.886249,0.420516,13459.842773
47,0.958554,0.428943,13925.643555
48,0.941528,0.425236,14125.316406
49,0.977786,0.385765,14391.466797
50,0.997738,0.271762,14574.556641
51,0.971162,0.238408,14807.409180
52,0.037284,0.210300,15057.019531
53,0.049232,0.161691,15389.820312
54,0.029168,0.148378,15506.250000
55,0.966542,0.132825,15789.069336
56,0.845282,0.089384,16055.349609
57,0.855253,0.015730,16421.285156
58,0.031730,0.148293,16720.800781
59,0.759595,0.111764,17070.113281
60,0.609429,0.151709,17286.449219
61,0.573539,0.062389,17569.291016
62,0.449591,0.032674,17802.232422
63,0.326223,0.061500,18118.404297
64,0.254265,0.093276,18268.083984
65,0.213887,0.099926,18451.160156
66,0.178384,0.085779,18600.832031
67,0.303307,0.113658,19000.113281
68,0.317685,0.118560,19099.937500
69,0.380262,0.093869,19332.916016
70,0.240888,0.228558,19815.386719
71,0.249278,0.233386,19915.193359
72,0.253771,0.234082,20015.109375
73,0.174467,0.198255,20181.400391
74,0.348092,0.329703,20980.001953
75,0.356420,0.337520,21196.267578
76,0.309833,0.268515,21495.771484
77,0.305710,0.277296,21628.878906
78,0.433823,0.366969,21911.660156
79,0.429997,0.376712,22128.011719
80,0.397134,0.369378,22277.693359
81,0.397040,0.358271,22377.515625
82,0.361284,0.331824,22610.455078
83,0.635092,0.342817,23309.218750
84,0.524210,0.419970,23608.718750
85,0.485389,0.428781,23791.714844
86,0.482736,0.404217,24024.667969
87,0.485133,0.427474,24157.746094
88,0.490451,0.400568,24324.154297
89,0.512104,0.466808,24590.326172
0,0.835411,0.469672,133.099609
1,0.791550,0.507770,332.722961
2,0.495920,0.507660,1214.609009
3,0.492821,0.420910,1547.340454
4,0.490439,0.313958,1830.152710
5,0.487231,0.551577,2295.954834
6,0.400314,0.602358,2695.351562
7,0.252327,0.419580,3277.645508
8,0.187853,0.498556,3527.169922
9,0.515653,0.533760,4708.489258
10,0.560983,0.524489,4924.759766
11,0.558700,0.529571,5091.064941
12,0.438808,0.395880,5523.693848
13,0.033728,0.321223,8535.084961
14,0.801472,0.243297,9383.616211
15,0.849163,0.353401,9799.546875
16,0.814229,0.449978,10132.363281
17,0.723104,0.668285,10714.596680
18,0.748751,0.592498,11014.082031
19,0.635375,0.716400,11263.620117
20,0.635801,0.693294,11413.350586
21,0.130636,0.155389,13210.259766
22,0.140117,0.123754,13409.942383
23,0.135916,0.156439,13592.975586
24,0.001911,0.953952,14824.096680
25,0.032680,0.967564,15007.119141
26,0.380679,0.974809,15273.322266
27,0.278147,0.972078,15373.123047
28,0.083902,0.931950,15722.502930
29,0.255133,0.943652,16105.196289
30,0.464510,0.933126,16554.357422
31,0.474565,0.776913,16920.423828
32,0.418151,0.558314,18184.943359
33,0.380029,0.455644,18833.751953
34,0.382128,0.448198,18983.458984
35,0.546753,0.455184,19898.580078
36,0.523807,0.577568,20148.173828
37,0.506371,0.481686,20680.529297
38,0.517133,0.582397,21395.900391
39,0.529654,0.635598,21578.980469
40,0.581942,0.411751,22111.375000
41,0.526375,0.341624,22660.404297
42,0.615354,0.409735,23109.677734
43,0.552230,0.495106,23375.837891
44,0.511902,0.575429,23958.175781
45,0.534958,0.549305,24972.990234
0,0.817097,0.501839,1347.684082
1,0.863643,0.457992,1663.775391
2,0.863636,0.458095,1763.613525
3,0.833165,0.427340,2063.110352
4,0.986010,0.422946,3194.430664
5,0.984690,0.421855,3294.241455
6,0.998170,0.258556,3510.566650
7,0.871319,0.154620,4192.687012
8,0.862575,0.160549,4275.858398
9,0.955096,0.127880,4508.802246
10,0.997268,0.080331,5174.303223
11,0.053785,0.366089,5656.791016
12,0.042476,0.347254,5906.344727
13,0.066412,0.282458,6239.123047
14,0.061673,0.276821,6338.946289
15,0.036533,0.409400,6771.497070
16,0.035747,0.600160,7154.220703
17,0.032862,0.601969,7254.019531
18,0.991906,0.708842,7786.415527
19,0.974055,0.751604,8135.791504
20,0.914664,0.787468,8352.085938
21,0.907358,0.762260,8601.632812
22,0.894359,0.722023,8834.568359
23,0.864955,0.707044,9233.892578
24,0.779140,0.775854,9483.446289
25,0.773028,0.757691,9583.249023
26,0.754157,0.795954,9782.931641
27,0.772390,0.806375,10082.423828
28,0.754003,0.865094,12544.754883
29,0.656937,0.846293,13010.633789
30,0.593794,0.834284,13243.543945
31,0.550479,0.821355,13592.909180
32,0.526184,0.782650,14058.766602
33,0.532192,0.767602,14358.279297
34,0.540995,0.719855,14641.121094
35,0.481213,0.742404,14907.285156
36,0.478797,0.372472,15472.970703
37,0.578107,0.357732,15922.176758
38,0.495483,0.467173,16654.279297
39,0.492336,0.463950,16737.458984
40,0.435105,0.470409,17036.896484
41,0.399167,0.583853,17386.328125
42,0.397854,0.581169,17536.013672
43,0.396487,0.571853,17685.755859
44,0.401076,0.482981,18051.779297
45,0.405083,0.494694,18417.824219
46,0.408073,0.499312,18617.501953
47,0.358458,0.617444,18933.625000
48,0.328090,0.404555,19366.167969
49,0.344142,0.289212,19715.568359
50,0.353421,0.265096,19981.763672
51,0.347653,0.235266,20198.052734
52,0.279976,0.420044,20614.003906
53,0.468347,0.253075,21262.863281
54,0.479559,0.213233,21795.248047
55,0.425767,0.155867,22061.443359
56,0.506317,0.143378,22360.951172
57,0.582720,0.180682,22693.718750
58,0.622833,0.158409,23009.835938
59,0.662780,0.137444,23359.187500
60,0.728343,0.125507,23658.685547
61,0.776560,0.134427,23958.154297
62,0.810788,0.158637,24490.542969
63,0.835115,0.188189,24640.287109
0,0.711314,0.546392,399.214478
1,0.627525,0.655606,731.963074
2,0.612494,0.698128,931.773254
3,0.605914,0.716803,1281.108643
4,0.583176,0.750631,1513.949829
5,0.565768,0.737787,1896.583130
6,0.535668,0.705498,2146.184814
7,0.501302,0.667013,2379.081787
8,0.483309,0.590729,2811.706055
9,0.443467,0.612772,2978.107178
10,0.422603,0.602719,3244.294678
11,0.490749,0.559540,3643.591064
12,0.526056,0.550446,4525.413086
13,0.534200,0.554167,4641.817383
14,0.486526,0.428898,5673.364258
15,0.514271,0.255740,6422.018066
16,0.527354,0.207253,6621.783203
17,0.435603,0.425310,7170.752441
18,0.419342,0.480427,7403.590820
19,0.433657,0.497250,7653.214844
20,0.267485,0.607554,10930.800781
21,0.252067,0.561162,11163.795898
22,0.262990,0.477722,11429.980469
23,0.828264,0.095420,15090.260742
24,0.078917,0.495525,16521.083984
25,0.902856,0.662152,17951.896484
26,0.899478,0.661815,18184.767578
27,0.930118,0.444610,19183.052734
28,0.919483,0.400466,19998.273438
0,0.699064,0.400646,99.854530
1,0.745292,0.431271,349.473083
2,0.750605,0.489473,615.694336
3,0.913886,0.370985,1647.125488
4,0.896878,0.269851,1830.200439
5,0.850550,0.280846,2296.066895
6,0.507110,0.526862,3277.667480
7,0.473524,0.505783,3410.770020
8,0.491014,0.521353,3627.019287
9,0.404252,0.531737,4092.919922
10,0.408597,0.547207,4192.731445
11,0.457499,0.373641,4408.970703
12,0.504521,0.421559,4708.458496
13,0.518488,0.428834,5057.947266
14,0.523730,0.354525,5307.405762
15,0.529319,0.278106,5573.630859
16,0.549494,0.199731,5773.247559
17,0.580826,0.179485,5972.933105
18,0.507653,0.237977,6588.515137
19,0.495920,0.549804,7170.930176
20,0.475611,0.513589,7703.229004
21,0.439369,0.478295,8052.699707
22,0.482263,0.479287,8418.630859
23,0.500450,0.485978,8768.027344
24,0.492078,0.532541,9267.184570
25,0.542314,0.546706,9982.616211
26,0.489669,0.544549,10415.139648
27,0.447500,0.568145,10797.827148
28,0.458066,0.539944,11064.091797
29,0.491902,0.553299,11230.430664
30,0.519874,0.485962,11596.461914
31,0.514335,0.404595,11929.175781
32,0.332008,0.396383,12594.684570
33,0.283815,0.417033,12844.287109
34,0.247300,0.426994,13360.049805
35,0.248296,0.435434,13509.745117
36,0.261272,0.375490,13726.049805
37,0.296989,0.378127,13875.820312
38,0.558013,0.555082,15073.732422
39,0.496382,0.516463,15522.899414
40,0.787622,0.361463,16487.902344
41,0.510829,0.535754,17402.939453
42,0.602370,0.592427,17719.068359
43,0.558012,0.587630,18201.539062
44,0.611444,0.588003,18384.609375
45,0.588348,0.493627,18733.941406
46,0.516158,0.440109,19083.425781
47,0.495225,0.389453,19349.572266
48,0.503579,0.386951,19715.603516
49,0.508232,0.406699,19832.033203
50,0.360453,0.493839,20314.552734
51,0.387054,0.488618,20480.888672
52,0.429976,0.546276,21129.791016
53,0.488113,0.545813,21579.017578
54,0.534690,0.546548,22377.611328
55,0.529131,0.541081,22560.582031
56,0.497085,0.525670,22943.263672
57,0.518416,0.481407,23409.119141
58,0.544373,0.466957,23775.142578
0,0.717343,0.540563,549.110962
1,0.746434,0.462882,815.247498
2,0.876894,0.449862,1497.456543
3,0.505142,0.541298,2695.341553
4,0.520102,0.529500,2928.318848
5,0.479078,0.443684,3161.161865
6,0.494558,0.390247,3527.209717
7,0.466308,0.338554,3693.596680
8,0.425296,0.553235,4109.552246
9,0.428312,0.561458,4225.983398
10,0.420638,0.587333,4409.019043
11,0.388322,0.657651,4791.657227
12,0.346812,0.490188,5024.562500
13,0.345916,0.434653,5307.432129
14,0.421884,0.389137,5623.539551
15,0.437346,0.382668,5839.863281
16,0.507467,0.426524,6172.649902
17,0.505841,0.468765,6605.179688
18,0.461375,0.585552,6771.550293
19,0.487631,0.570420,6937.975098
20,0.426395,0.591850,7370.468750
21,0.500854,0.587363,8002.705078
22,0.507190,0.588505,8385.395508
23,0.609485,0.889121,9134.088867
24,0.216184,0.991399,9583.265625
25,0.005524,0.972186,9799.664062
26,0.536397,0.981175,10265.410156
27,0.868822,0.900054,11014.113281
28,0.736048,0.877873,11180.465820
29,0.994317,0.411379,12494.867188
30,0.991866,0.422806,12578.105469
31,0.062742,0.423783,12811.002930
32,0.069633,0.421366,13077.179688
33,0.938895,0.438000,13543.001953
34,0.903371,0.430103,13859.269531
35,0.846946,0.436971,14258.475586
36,0.814874,0.277030,14740.995117
37,0.696260,0.340032,15107.000000
38,0.496471,0.569077,16271.577148
39,0.413927,0.557176,16604.392578
40,0.426417,0.578364,17219.986328
41,0.476878,0.547841,17585.958984
42,0.543247,0.526034,18001.931641
43,0.493094,0.425657,18550.937500
44,0.475659,0.388398,18783.861328
45,0.456117,0.326560,19000.199219
46,0.401330,0.357965,19482.677734
47,0.481659,0.519303,22078.085938
48,0.522936,0.599250,22344.289062
49,0.510686,0.588172,22460.783203
50,0.579476,0.590930,22943.259766
51,0.569300,0.750206,23608.792969
52,0.524998,0.841409,24124.574219
53,0.519230,0.875873,24623.644531
0,0.472726,0.546521,1281.113281
1,0.497377,0.490810,1613.868774
2,0.498962,0.479296,1697.053833
3,0.453910,0.310600,1913.387451
4,0.450403,0.275682,2112.986084
5,0.441148,0.437673,2911.690674
6,0.422534,0.575579,3111.224609
7,0.409450,0.554362,3327.531250
8,0.404606,0.519555,3760.147217
9,0.403415,0.530062,4508.789551
10,0.417701,0.569670,4874.845215
11,0.522910,0.469755,5623.573242
12,0.487497,0.303452,6106.031250
13,0.046690,0.360812,7620.118652
14,0.179210,0.337543,8352.149414
15,0.138167,0.155735,8718.166992
16,0.162061,0.029893,9583.290039
17,0.739023,0.126391,10548.232422
18,0.741162,0.153844,10731.336914
19,0.761136,0.827029,13343.448242
20,0.389953,0.906969,14557.932617
21,0.543855,0.912993,14857.354492
22,0.760835,0.960978,15123.589844
23,0.851044,0.911188,15522.864258
24,0.860500,0.855805,15705.870117
25,0.466210,0.877762,16687.546875
26,0.038447,0.949211,17469.470703
27,0.623386,0.910069,18001.865234
28,0.016508,0.834532,18401.220703
29,0.000874,0.810758,18850.441406
30,0.378642,0.882206,19466.033203
31,0.387262,0.869608,19632.419922
32,0.468989,0.923422,19998.476562
33,0.111136,0.976353,20447.625000
34,0.475520,0.930070,20963.371094
35,0.987907,0.930145,23026.423828
36,0.003976,0.906007,23442.384766
37,0.978296,0.843130,23625.396484
38,0.174833,0.910944,24806.703125
