Idx, longitude, latitude, start timestamp
0,0.675996,0.586214,465.762756
1,0.678269,0.600329,548.964966
2,0.679638,0.764400,1081.452881
3,0.725761,0.796651,1264.429077
4,0.689613,0.585861,1663.683960
5,0.716742,0.576423,2462.224854
6,0.807536,0.576068,2761.764648
7,0.878909,0.564986,3077.911377
8,0.864567,0.549787,3277.609619
9,0.856471,0.533649,3643.519531
10,0.828751,0.801878,4176.011230
11,0.838716,0.814454,4425.511719
12,0.020912,0.558082,5440.312012
13,0.110068,0.629478,6272.319824
14,0.021267,0.715536,6521.802246
15,0.047122,0.457902,6871.250000
16,0.044318,0.360636,7120.814941
17,0.015262,0.324484,7370.369141
18,0.908190,0.377147,7653.159180
19,0.682447,0.609110,8934.264648
20,0.498683,0.465158,9616.391602
21,0.504285,0.471187,9749.530273
22,0.529753,0.717752,10065.624023
23,0.528688,0.725254,10182.142578
24,0.509522,0.469040,10498.263672
25,0.449468,0.402787,10897.491211
26,0.435207,0.346195,11097.217773
27,0.403425,0.372240,11330.234375
28,0.308372,0.521345,11829.225586
29,0.313495,0.517933,12062.159180
30,0.310634,0.638252,12727.646484
31,0.326291,0.497272,13176.883789
32,0.174002,0.486949,13543.014648
33,0.169137,0.484512,13709.219727
34,0.183079,0.651608,14092.001953
35,0.202176,0.648578,14374.819336
36,0.170833,0.471406,14657.587891
37,0.186233,0.488346,14840.565430
38,0.112918,0.453046,15156.783203
39,0.068560,0.486490,15422.978516
40,0.021959,0.521250,15689.312500
41,0.994014,0.518568,15888.800781
42,0.000680,0.684092,16787.337891
43,0.024984,0.727661,16953.712891
44,0.108730,0.470534,17369.664062
45,0.199562,0.385323,18068.271484
46,0.212979,0.532125,18401.093750
47,0.194500,0.520977,18567.523438
48,0.267936,0.540917,18883.550781
49,0.337513,0.563838,19166.421875
50,0.328770,0.542667,19415.996094
51,0.315178,0.502005,19549.123047
52,0.370925,0.532397,20464.117188
53,0.487918,0.708037,21944.875000
54,0.489138,0.738401,22177.882812
55,0.521685,0.533607,22527.267578
56,0.474482,0.491606,22893.238281
57,0.515887,0.465703,23192.730469
58,0.515972,0.463730,23392.359375
59,0.506006,0.457989,23625.351562
60,0.505631,0.469910,24107.910156
0,0.754517,0.317486,33.280861
1,0.716962,0.507512,399.292480
2,0.685597,0.617696,598.994202
3,0.746748,0.896401,1181.233643
4,0.885741,0.418683,1946.606323
5,0.886184,0.437473,2063.075928
6,0.883402,0.431122,2229.503174
7,0.680496,0.487830,2712.015869
8,0.665043,0.556009,2994.794678
9,0.484643,0.692443,3427.301514
10,0.522682,0.363490,3826.732666
11,0.430528,0.335763,4558.681152
12,0.292113,0.449603,5290.837891
13,0.327161,0.788249,5739.969238
14,0.336661,0.778058,5889.694824
15,0.319936,0.379797,6322.268555
16,0.323440,0.362006,6488.681152
17,0.329180,0.335484,6655.003418
18,0.262220,0.251671,7470.285156
19,0.213463,0.318588,7769.819824
20,0.170686,0.386138,7969.443848
21,0.171673,0.392790,8052.612305
22,0.143847,0.337727,8318.754883
23,0.131716,0.287972,8601.657227
24,0.108424,0.292052,8834.553711
25,0.226988,0.270533,9400.222656
26,0.263700,0.262817,9649.800781
27,0.291333,0.254476,9916.023438
28,0.363249,0.312430,10099.079102
29,0.491190,0.323422,10581.481445
30,0.544514,0.353449,10864.443359
31,0.711062,0.641758,11712.946289
32,0.698620,0.572720,11929.232422
33,0.792992,0.478431,12261.989258
34,0.865739,0.450024,12494.858398
35,0.866472,0.433241,12627.999023
36,0.877338,0.336492,12944.099609
37,0.198962,0.419527,14324.915039
38,0.192702,0.734300,14641.037109
39,0.248340,0.402609,16005.426758
40,0.210242,0.379405,18268.134766
41,0.220037,0.376136,18501.005859
42,0.085619,0.305332,19183.123047
43,0.435191,0.398556,21196.333984
44,0.520631,0.373853,21628.839844
45,0.494849,0.786759,22111.353516
46,0.852382,0.370460,24690.136719
47,0.861872,0.349447,24939.814453
0,0.685215,0.594024,532.352966
1,0.862764,0.508127,1247.873657
2,0.956652,0.516319,2096.343994
3,0.027135,0.523774,2362.487305
4,0.023008,0.528679,2628.731201
5,0.012412,0.530232,3111.219727
6,0.008205,0.530475,3344.192627
7,0.015177,0.718106,3793.327637
8,0.043684,0.742996,4009.658203
9,0.045797,0.738655,4342.464844
10,0.007474,0.721956,4908.053223
11,0.047594,0.714122,5224.151367
12,0.192834,0.469208,6189.161133
13,0.199907,0.473806,6721.593750
14,0.328111,0.486461,7254.018555
15,0.235820,0.319261,7919.454590
16,0.210663,0.300156,8135.729004
17,0.161641,0.294791,8368.731445
18,0.103204,0.384147,8584.937500
19,0.110602,0.385360,8718.073242
20,0.081037,0.438040,9017.593750
21,0.023378,0.448857,9200.460938
22,0.652517,0.496242,10564.815430
23,0.620206,0.538312,10814.458008
24,0.627717,0.541799,10964.232422
25,0.681616,0.682628,11197.013672
26,0.698895,0.591237,11463.337891
27,0.676005,0.786745,11779.456055
28,0.653589,0.809432,11945.776367
29,0.498377,0.467704,12894.027344
30,0.511190,0.442092,13027.107422
31,0.552710,0.493046,14058.799805
32,0.540725,0.498282,14458.005859
33,0.702505,0.581108,15256.610352
34,0.743831,0.574382,15955.386719
35,0.875201,0.536084,16371.334961
36,0.866576,0.498138,16604.203125
37,0.020715,0.517531,17469.441406
38,0.019033,0.513906,17569.148438
39,0.148726,0.463965,18101.679688
40,0.097269,0.303407,18634.039062
41,0.114227,0.323246,18883.496094
42,0.786803,0.439753,19998.238281
0,0.749371,0.575709,332.753204
1,0.690370,0.604498,549.075439
2,0.682537,0.617118,715.526611
3,0.689569,0.724115,1098.069336
4,0.691771,0.738683,1647.171143
5,0.892405,0.855997,1996.575562
6,0.872152,0.509427,2462.397949
7,0.866522,0.504440,2628.823242
8,0.866469,0.493162,2745.137207
9,0.829618,0.360528,3011.375732
10,0.807674,0.283319,3211.041504
11,0.766637,0.294684,3427.488281
12,0.693534,0.433229,3660.255859
13,0.701637,0.539165,3876.468994
14,0.957918,0.484623,4741.732910
15,0.041385,0.503249,4941.407715
16,0.030804,0.532578,5074.502930
17,0.116445,0.468635,5839.697754
18,0.150948,0.451634,6172.558594
19,0.148312,0.454428,6339.002441
20,0.192882,0.455651,6505.268555
21,0.190980,0.458960,6655.094727
22,0.205757,0.474859,6904.522461
23,0.221228,0.753148,7420.239258
24,0.207313,0.790770,7619.891113
25,0.031692,0.767295,7902.723145
26,0.010018,0.577127,8302.125977
27,0.334842,0.476884,9400.161133
28,0.334442,0.481988,9533.187500
29,0.333601,0.492356,9732.928711
30,0.462515,0.485051,10315.206055
31,0.460596,0.496194,10431.698242
32,0.522157,0.416793,11013.917969
33,0.559083,0.459430,11313.372070
34,0.494787,0.490899,12477.954102
35,0.497632,0.463184,12827.513672
36,0.498004,0.449977,12927.292969
37,0.505990,0.434199,13110.252930
38,0.316023,0.573202,13792.435547
39,0.306846,0.552145,13975.408203
40,0.308277,0.530157,14158.401367
41,0.309609,0.510360,14374.737305
42,0.176913,0.538244,14990.301758
43,0.181437,0.520577,15156.623047
44,0.185863,0.507609,15339.701172
45,0.108022,0.470450,15655.787109
46,0.116468,0.492635,15938.656250
47,0.035934,0.567755,16221.470703
48,0.001546,0.576746,16421.193359
49,0.001595,0.569949,16554.154297
50,0.005555,0.561718,16637.367188
51,0.036934,0.674084,17269.564453
52,0.986216,0.554281,17485.869141
53,0.048661,0.686096,18001.726562
54,0.840903,0.601869,18700.425781
55,0.838082,0.543007,18866.791016
56,0.682748,0.653589,20580.447266
57,0.706517,0.704788,21012.960938
58,0.687978,0.626823,21229.240234
59,0.681811,0.475733,21695.150391
60,0.501502,0.479063,22510.302734
61,0.516182,0.575328,23092.623047
62,0.509541,0.617392,23308.906250
63,0.503970,0.559567,23941.152344
64,0.369837,0.539455,24240.589844
65,0.302412,0.531629,24490.294922
0,0.680815,0.617997,548.974731
1,0.854812,0.510483,1380.784668
2,0.021125,0.500774,2279.302979
3,0.990565,0.505528,2795.068848
4,0.014020,0.502118,3144.414307
5,0.501820,0.461183,5224.142090
6,0.303986,0.473041,6721.470703
7,0.307552,0.476111,7004.323730
8,0.212500,0.629789,8002.582520
9,0.191728,0.704431,8401.912109
10,0.004040,0.535091,9899.283203
11,0.141627,0.415581,10831.008789
12,0.129463,0.385164,11063.916016
13,0.522536,0.470442,14457.960938
14,0.250439,0.504060,16654.167969
15,0.344213,0.470363,16936.925781
16,0.682790,0.461296,18384.361328
17,0.706500,0.591935,19116.462891
18,0.707395,0.593045,19199.642578
19,0.894649,0.754487,21462.343750
20,0.857922,0.489996,21845.074219
21,0.755009,0.478484,22577.062500
0,0.712904,0.670273,349.457855
1,0.673367,0.704742,582.470520
2,0.846409,0.673616,948.506836
3,0.857392,0.634544,1181.357422
4,0.854825,0.597813,1364.304199
5,0.852490,0.543343,1630.553223
6,0.911065,0.586538,1896.866089
7,0.081377,0.385825,2795.102051
8,0.144323,0.628171,3494.029541
9,0.151162,0.613902,3593.730469
10,0.186614,0.597063,3843.415527
11,0.233473,0.259849,4492.202148
12,0.987122,0.640594,5407.180664
13,0.003922,0.634383,5856.537109
14,0.813027,0.606072,6305.770020
15,0.821721,0.600873,6555.186035
16,0.476778,0.510457,8934.370117
17,0.427545,0.591487,9433.490234
18,0.700077,0.593258,14108.655273
19,0.705631,0.583798,14358.273438
20,0.072872,0.564064,17552.603516
21,0.069782,0.600400,19166.451172
22,0.074351,0.665225,19416.091797
23,0.983696,0.653886,19698.955078
24,0.621535,0.660640,22377.550781
25,0.532536,0.662731,23808.394531
26,0.488569,0.672276,24939.750000
0,0.735258,0.556518,266.239197
1,0.671105,0.621884,449.235474
2,0.668913,0.611957,582.415771
3,0.676036,0.600654,732.113647
4,0.681407,0.587647,1131.386841
5,0.732843,0.516732,1497.521729
6,0.862244,0.514947,1880.088989
7,0.877394,0.747521,2761.854492
8,0.861710,0.796880,2944.967773
9,0.028816,0.536910,3593.815430
10,0.028848,0.499204,3776.828125
11,0.988210,0.402267,4092.924805
12,0.970593,0.342683,4242.664062
13,0.966407,0.326855,4458.938965
14,0.998081,0.299267,4691.814941
15,0.114412,0.331817,5107.830078
16,0.128724,0.475898,5440.598145
17,0.146062,0.478886,5590.296875
18,0.204024,0.505075,5856.579102
19,0.199382,0.504251,5956.274902
20,0.153712,0.502893,6405.491699
21,0.148288,0.511770,6538.674805
22,0.065026,0.540029,6721.621582
23,0.028308,0.531653,7021.153809
24,0.322766,0.525007,8468.602539
25,0.331111,0.521324,8651.575195
26,0.338336,0.494237,8851.257812
27,0.339283,0.479065,9084.243164
28,0.402303,0.583082,9250.613281
29,0.400108,0.585690,9500.106445
30,0.530524,0.508232,10631.513672
31,0.528401,0.504939,10731.310547
32,0.524671,0.505916,10947.534180
33,0.294709,0.471887,11613.024414
34,0.302894,0.477664,11829.289062
35,0.277899,0.363887,12045.641602
36,0.257063,0.304000,12278.532227
37,0.237550,0.294231,12511.551758
38,0.187524,0.313148,12844.212891
39,0.164753,0.323536,13077.247070
40,0.192850,0.490658,13559.622070
41,0.835530,0.520600,14973.889648
42,0.662861,0.612515,15439.703125
43,0.671770,0.600658,15755.890625
44,0.680483,0.588422,16005.340820
45,0.484280,0.482830,16621.001953
46,0.492740,0.469319,16953.750000
47,0.529116,0.585817,17353.144531
48,0.581227,0.593376,17752.345703
49,0.395373,0.913804,18550.945312
50,0.557172,0.884394,19515.884766
51,0.548009,0.902122,19649.060547
52,0.623624,0.886611,20031.751953
53,0.646942,0.868266,20563.996094
54,0.755991,0.514941,21429.232422
55,0.750796,0.549970,21578.972656
56,0.653463,0.587100,21811.900391
57,0.675651,0.592776,21994.873047
58,0.519674,0.423070,22643.736328
59,0.500607,0.392694,22876.740234
60,0.443477,0.416371,23142.935547
61,0.386173,0.478406,23492.220703
62,0.375672,0.523728,23658.742188
63,0.378930,0.522896,23791.736328
64,0.384108,0.548107,23991.470703
65,0.388407,0.610621,24174.519531
0,0.723055,0.563050,316.153961
1,0.682789,0.595925,549.110840
2,0.852003,0.580919,1430.976685
3,0.863066,0.546047,1597.334717
4,0.835537,0.478419,2046.528809
5,0.798650,0.450690,2279.474609
6,0.739040,0.486989,2578.913818
7,0.685928,0.596058,2828.457764
8,0.619403,0.563056,3044.721191
9,0.557255,0.582510,3310.904053
10,0.512499,0.513224,3543.857422
11,0.501920,0.476687,3710.214600
12,0.533614,0.705467,4525.452637
13,0.400186,0.597908,5141.038086
14,0.375773,0.742055,5723.395508
15,0.323376,0.746477,5972.935547
16,0.315821,0.520990,6322.312500
17,0.316266,0.491809,6455.450195
18,0.287712,0.388062,6887.997070
19,0.266335,0.345964,7087.647461
20,0.190485,0.496848,7603.460449
21,0.221790,0.625575,8069.263672
22,0.231312,0.629863,8268.922852
23,0.109141,0.453590,8734.819336
24,0.073107,0.467004,9017.611328
25,0.042491,0.514870,9300.442383
26,0.087336,0.542714,9516.749023
27,0.009379,0.566381,9782.939453
28,0.009010,0.551562,10099.054688
29,0.990654,0.547642,10381.904297
30,0.841656,0.543843,11064.038086
31,0.032895,0.555619,11546.533203
32,0.036678,0.544618,11679.637695
33,0.030594,0.544438,12062.290039
34,0.021194,0.551634,12345.125977
35,0.007720,0.747209,12910.830078
36,0.970585,0.359830,13426.589844
37,0.934854,0.365023,13692.788086
38,0.813533,0.514958,14241.818359
39,0.830064,0.548460,14408.199219
40,0.838682,0.564173,14541.291016
41,0.834249,0.576587,14757.570312
42,0.708976,0.514407,14940.665039
43,0.691737,0.527094,15290.010742
44,0.761470,0.531469,15589.476562
45,0.170600,0.466263,16920.460938
46,0.157462,0.394741,17086.869141
47,0.180818,0.379898,17319.763672
48,0.222399,0.506027,17585.994141
49,0.244307,0.592420,17868.833984
50,0.336371,0.520129,18284.757812
51,0.334541,0.502791,18600.859375
52,0.342933,0.507876,18883.697266
53,0.413773,0.558331,19249.761719
54,0.444482,0.391736,19499.308594
55,0.457747,0.376966,19715.585938
56,0.315176,0.762110,20530.824219
57,0.221880,0.922923,20980.064453
58,0.821465,0.965438,21412.611328
59,0.725330,0.965977,21512.437500
60,0.514669,0.942714,22044.839844
61,0.100887,0.983679,22510.695312
62,0.115876,0.961147,22710.378906
63,0.125620,0.982843,22910.000000
64,0.412119,0.972627,23093.031250
65,0.407178,0.959203,23292.687500
66,0.399595,0.944168,23492.308594
67,0.500307,0.947424,23758.527344
68,0.597291,0.882172,23991.451172
69,0.599673,0.851364,24257.642578
70,0.672421,0.837867,24490.570312
0,0.675985,0.635173,282.948975
1,0.678204,0.655237,449.262146
2,0.635770,0.882190,1081.527344
3,0.684154,0.750291,1380.989136
4,0.697135,0.519020,1763.632690
5,0.699366,0.517411,1946.674561
6,0.875792,0.479423,2545.636475
7,0.869647,0.463991,2828.492432
8,0.862044,0.466470,3127.889893
9,0.942457,0.375594,3743.447510
10,0.964429,0.364720,4026.367676
11,0.214601,0.719507,8468.486328
12,0.203265,0.417921,9134.037109
13,0.340559,0.503697,9849.500977
14,0.342197,0.494126,10098.983398
15,0.337124,0.475217,10398.502930
16,0.333368,0.464776,10664.704102
17,0.866678,0.348239,13360.065430
18,0.819072,0.352992,13825.771484
19,0.293258,0.470628,17053.511719
20,0.706923,0.659509,20181.453125
21,0.690751,0.508191,20514.166016
22,0.003331,0.869020,22211.113281
23,0.862005,0.555350,23475.589844
24,0.874085,0.645530,23908.207031
25,0.031482,0.518491,24989.623047
0,0.721820,0.449769,33.262180
1,0.691972,0.694573,499.159851
2,0.667885,0.757478,865.195862
3,0.680667,0.858455,1114.713501
4,0.679773,0.898296,1247.841553
5,0.657637,0.863041,1530.675537
6,0.499873,0.447221,2246.147705
7,0.540830,0.502127,2662.099365
8,0.541259,0.517944,2845.031494
9,0.535516,0.518296,3011.423584
10,0.503704,0.459178,3260.985840
11,0.476279,0.487899,4242.544922
12,0.474916,0.518112,4525.405273
13,0.505128,0.443393,4808.267090
14,0.506080,0.432446,5290.768066
15,0.508774,0.440940,5640.168457
16,0.462847,0.441724,5889.754395
17,0.502508,0.434693,6239.077148
18,0.510389,0.447346,6804.738281
19,0.551534,0.537804,7154.161621
20,0.685069,0.609399,7936.143555
21,0.610907,0.895545,8285.606445
22,0.615350,0.871499,8551.718750
23,0.524915,0.789660,9134.048828
24,0.796666,0.898641,10548.238281
25,0.794731,0.875009,10947.573242
26,0.856913,0.483760,11363.451172
27,0.848363,0.493528,11563.115234
28,0.849247,0.504656,11812.706055
29,0.854984,0.511062,11995.727539
30,0.492580,0.426581,14724.286133
31,0.436796,0.414521,15056.978516
32,0.360186,0.331369,15339.884766
33,0.358680,0.335416,15489.629883
34,0.191926,0.519681,16321.554688
35,0.195218,0.463133,16471.181641
36,0.210946,0.621610,16803.978516
37,0.200721,0.671773,17053.560547
38,0.307100,0.541229,17386.312500
39,0.316600,0.517892,17519.392578
40,0.318956,0.503672,17619.169922
41,0.295260,0.393267,17885.482422
42,0.704357,0.660106,19366.240234
43,0.690673,0.653640,19515.875000
44,0.711590,0.549801,19782.064453
45,0.680034,0.649044,20580.761719
46,0.685694,0.622953,20913.427734
47,0.692447,0.506854,21362.724609
48,0.714076,0.485094,21695.382812
49,0.763783,0.505649,22310.990234
50,0.853156,0.527864,22909.982422
51,0.854344,0.549082,23026.390625
52,0.850991,0.539678,23159.535156
53,0.847950,0.528868,23658.685547
54,0.861319,0.479864,24207.671875
0,0.682047,0.643694,465.813995
1,0.678998,0.610964,598.919189
2,0.679448,0.722327,915.023315
3,0.673443,0.789060,1081.490845
4,0.664598,0.836764,1314.284912
5,0.686127,0.576545,1846.704224
6,0.477794,0.492095,2728.502441
7,0.495701,0.468476,2994.677002
8,0.542687,0.517757,3776.724609
9,0.537169,0.608278,4059.534668
10,0.531900,0.764513,4408.920898
11,0.531182,0.769376,4658.542480
12,0.737143,0.807185,5490.382324
13,0.869535,0.506045,6288.956543
14,0.841391,0.698065,6804.795898
15,0.830359,0.748542,6987.743164
16,0.017264,0.578399,7570.032715
17,0.024701,0.557964,7753.035645
18,0.023765,0.545826,7969.396973
19,0.018731,0.535010,8069.168945
20,0.110527,0.524959,8451.842773
21,0.144358,0.507083,8718.066406
22,0.138984,0.504355,8884.489258
23,0.198789,0.535151,9383.552734
24,0.199653,0.654965,9849.399414
25,0.195555,0.672031,10049.051758
26,0.201241,0.491434,10581.449219
27,0.202677,0.484289,10697.895508
28,0.327859,0.548831,11147.111328
29,0.323753,0.534874,11313.485352
30,0.321212,0.529687,11446.605469
31,0.310388,0.524575,11563.057617
32,0.103814,0.434414,11995.628906
33,0.101247,0.371707,12211.998047
34,0.086798,0.325904,12544.682617
35,0.080604,0.231109,12794.242188
36,0.099655,0.185217,13027.167969
37,0.064479,0.607788,13692.661133
38,0.086307,0.621847,13908.957031
39,0.279137,0.909254,15273.293945
40,0.023861,0.940371,15838.924805
41,0.734710,0.781330,16271.492188
42,0.783817,0.691269,16471.164062
43,0.838017,0.588086,16654.179688
44,0.864562,0.528992,16903.728516
45,0.866093,0.500974,17086.740234
46,0.846986,0.513845,18134.912109
47,0.687455,0.503302,18733.863281
48,0.675576,0.607476,19133.152344
49,0.687377,0.608000,19349.462891
50,0.654796,0.553529,19648.931641
51,0.597650,0.435419,19981.679688
52,0.518435,0.534667,20197.974609
53,0.506886,0.573603,20780.296875
54,0.512215,0.581306,20930.031250
55,0.519449,0.487271,21196.232422
56,0.490084,0.399316,21479.062500
57,0.538700,0.391732,21711.994141
58,0.540815,0.329785,21961.542969
59,0.539937,0.351543,22177.841797
60,0.597458,0.406059,22793.458984
61,0.610131,0.407833,23092.925781
62,0.643722,0.446662,23342.519531
63,0.648597,0.523589,23691.857422
64,0.688514,0.504976,23958.093750
65,0.715821,0.476472,24174.363281
66,0.712063,0.470220,24972.964844
0,0.712277,0.420753,49.887569
1,0.714616,0.442117,399.298004
2,0.686920,0.567489,598.955322
3,0.673606,0.587490,765.370667
4,0.672996,0.533500,1164.696167
5,0.670912,0.540892,1264.425049
6,0.666994,0.556312,1364.352661
7,0.666380,0.522311,1547.279175
8,0.662537,0.539666,1846.778564
9,0.666936,0.488819,2096.368896
10,0.622165,0.439381,2262.736084
11,0.848193,0.488020,4092.869629
12,0.840211,0.455647,4309.202637
13,0.838528,0.442689,4675.159668
14,0.995461,0.450152,5224.235840
15,0.010976,0.460507,5357.327637
16,0.006777,0.473196,6006.187500
17,0.008333,0.380915,6605.183105
18,0.997196,0.356761,6821.404785
19,0.998707,0.462732,7004.473633
20,0.985054,0.378226,7204.108398
21,0.988939,0.332995,7403.746582
22,0.124585,0.346233,8385.355469
23,0.200368,0.431251,8718.134766
24,0.187500,0.411004,9050.860352
25,0.220712,0.354767,9749.677734
26,0.318050,0.413437,10381.854492
27,0.310297,0.420323,10598.215820
28,0.303282,0.426992,11147.166992
29,0.406671,0.383970,11529.844727
30,0.429514,0.424548,11762.854492
31,0.512197,0.359706,12394.974609
32,0.506949,0.357506,12661.173828
33,0.506518,0.374433,13127.023438
34,0.500608,0.379189,13576.319336
35,0.680057,0.547012,14391.556641
36,0.675227,0.538176,14824.084961
37,0.517808,0.340916,15306.578125
38,0.472343,0.424385,15472.948242
39,0.288726,0.491329,17502.763672
40,0.158992,0.443498,18451.152344
41,0.989902,0.524510,19599.052734
42,0.988300,0.510747,19832.113281
43,0.814108,0.442746,20963.390625
44,0.753715,0.520831,21212.933594
45,0.680188,0.598841,21811.902344
46,0.663524,0.527120,22078.138672
47,0.737797,0.444000,22610.474609
48,0.913772,0.462997,23359.193359
49,0.016589,0.463542,23991.414062
50,0.012515,0.462276,24157.853516
51,0.012468,0.459319,24274.230469
52,0.995247,0.443089,24540.447266
0,0.737437,0.486147,299.569550
1,0.681193,0.606205,682.200623
2,0.684226,0.569359,898.456970
3,0.863138,0.498648,2212.825439
4,0.857850,0.488374,2362.585205
5,0.858035,0.477029,2728.616211
6,0.747027,0.870480,3993.076660
7,0.756349,0.842605,4142.869141
8,0.499638,0.423291,5240.876953
9,0.505180,0.430768,5540.317871
10,0.520958,0.841319,6122.618164
11,0.491250,0.514638,6521.973145
12,0.542984,0.473425,6754.971191
13,0.542164,0.467270,6904.597656
14,0.404813,0.203328,7603.375000
15,0.308650,0.541203,8035.991211
16,0.309128,0.488998,8169.130371
17,0.315095,0.453594,8352.165039
18,0.337733,0.475019,8784.582031
19,0.396831,0.603086,9001.041992
20,0.461621,0.323465,9466.867188
21,0.586675,0.543601,10198.821289
22,0.769718,0.533322,11080.647461
23,0.806765,0.545579,11380.091797
24,0.850436,0.537647,11529.767578
25,0.971244,0.546772,12178.641602
26,0.022606,0.563123,12561.435547
27,0.105620,0.534905,13093.758789
28,0.146933,0.506962,13276.741211
29,0.202450,0.485954,13576.263672
30,0.203469,0.485406,13692.735352
31,0.326341,0.502194,14757.456055
32,0.327604,0.486780,14857.421875
33,0.287311,0.205383,16504.486328
34,0.127445,0.464018,17319.683594
35,0.176028,0.474660,17669.089844
36,0.072581,0.474195,18051.794922
37,0.997308,0.561645,18401.205078
38,0.003217,0.552077,18634.013672
39,0.011230,0.541218,18767.132812
40,0.014123,0.537814,19016.812500
41,0.014518,0.517922,19133.138672
42,0.013086,0.833720,19682.332031
43,0.845626,0.541739,20780.218750
44,0.842680,0.481063,20930.005859
45,0.840525,0.469727,21212.843750
46,0.697569,0.771629,21845.083984
47,0.677602,0.604282,22044.794922
48,0.679492,0.575916,22294.437500
49,0.633167,0.879832,22826.728516
50,0.733816,0.405346,23392.488281
51,0.770220,0.388154,23758.480469
52,0.918251,0.411531,24423.916016
53,0.946145,0.418591,24623.535156
54,0.959538,0.436511,24972.955078
0,0.744641,0.421462,16.683825
1,0.766443,0.528551,299.553223
2,0.680208,0.624033,898.508606
3,0.712991,0.818259,1380.926270
4,0.852601,0.475304,1913.454712
5,0.845231,0.502232,2395.949707
6,0.806133,0.902147,3643.669678
7,0.816754,0.875670,3743.511475
8,0.683756,0.718733,4425.596191
9,0.637924,0.821156,4725.078125
10,0.616764,0.862452,4891.479980
11,0.045231,0.884410,5573.614746
12,0.096996,0.957614,5873.142090
13,0.937258,0.921715,6388.884766
14,0.919177,0.918138,6605.150391
15,0.493560,0.509233,7137.614746
16,0.485967,0.389976,7370.472168
17,0.486687,0.377782,7603.369141
18,0.460978,0.461078,8019.310059
19,0.294533,0.474633,8734.768555
20,0.168308,0.474386,9217.254883
21,0.177009,0.466864,9300.452148
22,0.176802,0.449381,9533.334961
23,0.149541,0.456548,9733.005859
24,0.135049,0.385155,9999.189453
25,0.097240,0.387803,10248.794922
26,0.000395,0.538789,11130.633789
27,0.004657,0.509228,11296.961914
28,0.199035,0.483920,13093.797852
29,0.319001,0.503872,13775.930664
30,0.509442,0.456571,14740.911133
31,0.692026,0.651055,15589.479492
32,0.850131,0.508066,16221.660156
33,0.475528,0.057004,17669.167969
34,0.709750,0.559496,18950.267578
35,0.756145,0.704741,19216.464844
36,0.732005,0.864125,19565.808594
37,0.942759,0.932128,20797.042969
38,0.818054,0.980528,21063.197266
39,0.474631,0.867098,21662.173828
40,0.457162,0.917938,21861.843750
41,0.415687,0.910939,22028.240234
42,0.415378,0.934242,22261.158203
43,0.406026,0.865254,22543.937500
44,0.923728,0.952604,23325.917969
45,0.747213,0.865246,23642.031250
46,0.058852,0.926569,24290.941406
47,0.082644,0.861546,24557.082031
48,0.027339,0.739719,24773.371094
0,0.678208,0.598142,532.394836
1,0.877865,0.516477,1031.520508
2,0.856182,0.499687,1397.513062
3,0.882080,0.771896,1746.940186
4,0.508886,0.440565,3394.014160
5,0.308410,0.485721,4092.808105
6,0.190143,0.490374,4741.753418
7,0.122635,0.478695,5041.129395
8,0.226791,0.620028,5673.404297
9,0.218498,0.627630,5856.413086
10,0.000020,0.498908,6521.937500
11,0.844084,0.518156,7686.535156
12,0.680773,0.583732,8501.762695
13,0.688373,0.591683,8917.701172
14,0.671972,0.762711,9167.277344
15,0.507816,0.445090,10065.720703
16,0.304672,0.480131,10880.965820
17,0.184456,0.472430,11546.450195
18,0.176977,0.473493,11662.908203
19,0.182092,0.481651,11812.659180
20,0.126279,0.458267,12012.274414
21,0.130541,0.462539,12128.843750
22,0.067790,0.435968,12311.757812
23,0.995596,0.514685,12594.604492
24,0.000981,0.528492,12711.086914
25,0.012845,0.545105,13293.389648
26,0.832163,0.504186,13992.275391
27,0.840329,0.508738,14175.268555
28,0.837188,0.397040,14591.140625
29,0.840028,0.346208,14774.145508
30,0.098370,0.457728,15689.194336
31,0.164841,0.460103,16055.291992
32,0.142885,0.426743,16354.795898
33,0.169515,0.440720,16754.011719
34,0.258037,0.416082,17020.238281
35,0.339694,0.486961,17402.892578
36,0.343428,0.453092,17619.177734
37,0.438683,0.528331,18268.070312
38,0.519477,0.497120,18634.046875
39,0.412023,0.410654,18900.285156
40,0.126368,0.452969,19665.603516
41,0.914340,0.498378,20480.832031
42,0.921257,0.500326,20613.933594
43,0.715765,0.461446,21678.724609
44,0.674183,0.593313,22011.460938
45,0.585315,0.533512,22360.933594
46,0.515312,0.500406,22726.890625
47,0.514139,0.451524,23276.005859
48,0.426661,0.462883,23758.427734
0,0.746300,0.659073,182.986435
1,0.684753,0.609773,432.558075
2,0.684058,0.770813,1048.104126
3,0.685004,0.737878,1281.101440
4,0.690746,0.714952,1563.881470
5,0.871741,0.548694,2062.957031
6,0.865574,0.552573,2196.148926
7,0.860655,0.531302,2312.565430
8,0.854985,0.701276,2994.727539
9,0.851734,0.675541,3310.833008
10,0.024568,0.597807,3909.792969
11,0.026213,0.579459,4142.695801
12,0.024163,0.572799,4309.071289
13,0.019324,0.555239,4408.866699
14,0.020179,0.701684,4974.559570
15,0.026141,0.745805,5174.239258
16,0.035166,0.768355,5340.649902
17,0.975563,0.741931,5806.437012
18,0.955443,0.752021,5956.254883
19,0.105772,0.783019,6372.148926
20,0.213361,0.539292,7004.328613
21,0.204942,0.513242,7137.517090
22,0.133889,0.414924,7553.437988
23,0.136808,0.389652,7869.464844
24,0.125431,0.367135,8169.007812
25,0.219561,0.497802,8468.449219
26,0.210692,0.509415,8668.112305
27,0.221817,0.659390,8917.633789
28,0.223524,0.672781,9183.844727
29,0.344310,0.488129,10098.939453
30,0.326387,0.483429,10298.674805
31,0.371533,0.726011,10864.256836
32,0.334146,0.640447,11363.421875
33,0.325573,0.495150,11729.454102
34,0.324547,0.477699,11945.672852
35,0.196975,0.485218,12777.635742
36,0.995833,0.568829,13659.393555
37,0.515463,0.571482,14907.198242
38,0.500014,0.475810,15156.744141
39,0.503785,0.442871,15456.220703
40,0.495136,0.594566,15822.313477
41,0.500827,0.634871,16154.993164
42,0.515679,0.553748,16570.958984
43,0.475823,0.486368,16753.962891
44,0.516255,0.461505,17153.292969
45,0.516761,0.682826,17985.128906
46,0.504798,0.649024,18251.355469
47,0.461713,0.645337,18617.380859
48,0.500868,0.690559,19016.734375
49,0.513574,0.711800,19216.306641
50,0.517792,0.486635,19499.171875
51,0.514481,0.458127,19682.177734
52,0.548420,0.493901,19981.652344
53,0.502944,0.492877,20514.058594
54,0.514762,0.467046,20697.068359
55,0.525280,0.486485,21096.373047
56,0.528203,0.509734,21329.291016
57,0.521172,0.544564,21711.986328
58,0.517587,0.570277,21961.554688
59,0.713382,0.610496,22527.226562
60,0.695142,0.564064,23192.718750
61,0.691535,0.607507,23542.097656
62,0.696232,0.712318,24107.779297
63,0.691074,0.652724,24606.917969
0,0.753227,0.487097,-0.005007
1,0.686130,0.604031,465.943970
2,0.859065,0.466744,2845.026367
3,0.756304,0.441851,3410.687744
4,0.833361,0.395576,3810.031494
5,0.930195,0.443735,4309.150879
6,0.942101,0.511037,4575.427246
7,0.026622,0.562454,5057.806152
8,0.011617,0.478522,6022.843262
9,0.039497,0.328656,6372.305664
10,0.041398,0.309171,6505.369629
11,0.098733,0.244009,6738.208008
12,0.136528,0.427583,7070.951172
13,0.144411,0.478984,7303.872559
14,0.144433,0.478410,7420.337891
15,0.205828,0.508535,7736.519043
16,0.223760,0.618955,8285.556641
17,0.228300,0.625812,8468.582031
18,0.314567,0.634615,8934.387695
19,0.334098,0.492239,9416.889648
20,0.326406,0.475222,9649.806641
21,0.273041,0.298418,10315.309570
22,0.254045,0.331234,10581.501953
23,0.346779,0.269965,10831.064453
24,0.448649,0.356881,11147.175781
25,0.446492,0.483177,11596.413086
26,0.480333,0.533476,11895.863281
27,0.476465,0.498986,12062.236328
28,0.535025,0.477880,12245.252930
29,0.533848,0.458763,12444.914062
30,0.451855,0.371352,12727.787109
31,0.514935,0.646480,13093.775391
32,0.520877,0.712288,13393.260742
33,0.524610,0.475156,13626.183594
34,0.397462,0.364686,14208.488281
35,0.228896,0.394691,14757.528320
36,0.118242,0.413646,15206.750977
37,0.093627,0.432539,15439.659180
38,0.066321,0.486741,15739.164062
39,0.044524,0.343462,15955.450195
40,0.000043,0.324224,16188.350586
41,0.966251,0.312163,16471.224609
42,0.903696,0.360831,16770.695312
43,0.811495,0.371836,17219.904297
44,0.709350,0.405837,17702.375000
45,0.684847,0.441478,17918.695312
46,0.714605,0.563065,18451.125000
47,0.613890,0.502135,19033.386719
48,0.493216,0.514536,19965.101562
49,0.502955,0.501953,20098.195312
50,0.585703,0.466470,20447.593750
51,0.623455,0.506956,20763.705078
52,0.740466,0.525671,21196.300781
53,0.790815,0.534783,21479.107422
54,0.788390,0.539412,21645.482422
55,0.611612,0.930643,23126.234375
56,0.624613,0.970442,24374.074219
57,0.181499,0.986355,24623.644531
58,0.089511,0.988553,24756.740234
0,0.739565,0.621445,416.017181
1,0.691298,0.557612,1197.923950
2,0.690085,0.551903,1447.509033
3,0.855222,0.465813,2445.730225
4,0.893583,0.382722,2845.138184
5,0.014628,0.515201,3444.093994
6,0.194628,0.468117,4791.645508
7,0.321938,0.434454,5706.800781
8,0.401633,0.551117,6255.798828
9,0.453180,0.525428,6571.933594
10,0.523234,0.402198,7254.115723
11,0.512759,0.443591,7653.333984
12,0.484612,0.373237,7952.813965
13,0.314552,0.505085,8834.573242
14,0.863428,0.619903,12594.682617
15,0.860990,0.611125,12910.788086
16,0.874484,0.677775,13210.332031
17,0.872626,0.680871,13409.993164
18,0.833133,0.610808,13592.967773
19,0.833980,0.578194,13775.956055
20,0.833559,0.561993,13909.107422
21,0.841566,0.558102,14191.882812
22,0.841902,0.571814,14358.284180
23,0.906976,0.633758,14691.034180
24,0.910200,0.647708,14790.839844
25,0.903752,0.422738,15106.999023
26,0.161299,0.538191,17469.537109
27,0.186562,0.511087,17902.074219
28,0.994744,0.566634,18584.240234
29,0.995172,0.557692,18733.941406
30,0.821830,0.534518,19133.250000
31,0.827100,0.530891,19233.076172
32,0.839672,0.868282,19948.476562
33,0.832794,0.848907,20048.355469
34,0.627101,0.496425,21096.576172
35,0.602421,0.484579,21529.056641
36,0.609441,0.433520,21878.460938
37,0.617315,0.416787,22161.339844
38,0.593355,0.931134,24640.328125
0,0.841689,0.781548,33.284039
1,0.718923,0.664059,349.396667
2,0.678986,0.667539,532.386536
3,0.667973,0.814305,1580.589355
4,0.660420,0.890829,1796.876709
5,0.656128,0.888635,1896.661255
6,0.767631,0.875254,2129.637207
7,0.851767,0.449639,2811.742432
8,0.487104,0.414299,4109.474609
9,0.489657,0.412606,4225.952148
10,0.524582,0.511052,4974.641113
11,0.404258,0.513675,5407.216309
12,0.406581,0.514568,5540.318848
13,0.339540,0.590416,5922.958496
14,0.339141,0.579989,6056.066895
15,0.285006,0.509112,6405.558105
16,0.293291,0.473410,6571.869629
17,0.170450,0.490365,7370.503906
18,0.090347,0.452882,8119.171875
19,0.076337,0.368798,8468.507812
20,0.135671,0.216258,8751.387695
21,0.349811,0.266541,9400.291016
22,0.383027,0.226722,9882.770508
23,0.449595,0.456262,10198.846680
24,0.462762,0.267292,10348.576172
25,0.351285,0.204789,10697.990234
26,0.531168,0.450413,11313.572266
27,0.517397,0.618640,11829.311523
28,0.510598,0.604322,11979.110352
29,0.581348,0.628033,12295.151367
30,0.641666,0.724640,12711.120117
31,0.628953,0.795056,12993.975586
32,0.605746,0.888267,13210.240234
33,0.217747,0.994698,13543.116211
34,0.130781,0.924966,13859.132812
35,0.063412,0.890340,14042.124023
36,0.014214,0.864515,14491.318359
37,0.558775,0.931572,15423.047852
38,0.744328,0.889584,15855.609375
39,0.230386,0.900321,17036.884766
40,0.261197,0.701400,18550.947266
41,0.505863,0.513167,19915.167969
42,0.508122,0.540057,20048.296875
43,0.582525,0.554861,20414.308594
44,0.623909,0.630502,20697.144531
45,0.698192,0.611696,21179.630859
46,0.725829,0.582859,21412.578125
47,0.715620,0.599761,21495.751953
48,0.680415,0.650155,22094.695312
49,0.654646,0.809088,22344.261719
50,0.760779,0.652048,22876.666016
51,0.853648,0.505438,23209.423828
52,0.857844,0.461758,23492.265625
53,0.851949,0.474871,23592.093750
54,0.852721,0.490738,23974.763672
55,0.865839,0.349579,24690.154297
56,0.855769,0.363036,24956.380859
0,0.714295,0.515635,166.472961
1,0.689229,0.595402,382.758820
2,0.696406,0.616245,532.518311
3,0.696812,0.605658,831.972839
4,0.658701,0.555623,1214.724487
5,0.715110,0.741190,1564.008423
6,0.743980,0.865007,1763.670532
7,0.730883,0.881722,1846.935913
8,0.774429,0.858645,2279.489502
9,0.758384,0.867753,2479.164551
10,0.866889,0.911805,2961.671387
11,0.917313,0.892314,3360.922852
12,0.869008,0.493626,4009.757568
13,0.867037,0.466882,4242.692383
14,0.024844,0.532179,4874.980469
15,0.113876,0.476703,5623.572266
16,0.198352,0.504229,6555.347656
17,0.211149,0.681179,7220.875977
18,0.218458,0.653167,7403.845215
19,0.224580,0.630017,7586.866699
20,0.192356,0.282667,8202.508789
21,0.115146,0.346799,8701.514648
22,0.075003,0.337797,8867.992188
23,0.030871,0.338947,9100.883789
24,0.008343,0.341416,9300.475586
25,0.994544,0.369173,9533.442383
26,0.978303,0.390908,9749.685547
27,0.946161,0.395063,10065.872070
28,0.919107,0.390257,10332.041992
29,0.874406,0.416139,10581.563477
30,0.845860,0.441515,10781.256836
31,0.831191,0.492271,11014.232422
32,0.838861,0.531371,11163.898438
33,0.843994,0.535493,11347.005859
34,0.842834,0.525706,11546.558594
35,0.686832,0.647506,12145.558594
36,0.658578,0.595965,12544.875977
37,0.690891,0.587850,12794.391602
38,0.616108,0.596240,13093.912109
39,0.491267,0.452751,13692.842773
40,0.497927,0.441627,13792.628906
41,0.445600,0.483543,14325.040039
42,0.393004,0.561624,14558.015625
43,0.385530,0.579808,14857.477539
44,0.310998,0.519046,15190.210938
45,0.300724,0.484551,15373.226562
46,0.304335,0.473885,15722.705078
47,0.260707,0.504278,15938.875000
48,0.266504,0.494210,16521.246094
49,0.183911,0.475873,17170.097656
50,0.186642,0.472343,17253.304688
51,0.196800,0.462238,18584.294922
52,0.205988,0.652975,19632.417969
53,0.395750,0.315103,21346.187500
54,0.413291,0.394347,21579.031250
55,0.085210,0.510844,23742.011719
56,0.080364,0.552462,23958.205078
57,0.013734,0.549839,24973.080078
0,0.672350,0.604280,399.321411
1,0.746329,0.883488,1114.700928
2,0.868531,0.465404,1580.538208
3,0.862579,0.441853,1747.002441
4,0.852624,0.436027,2246.053955
5,0.851957,0.426076,2528.955322
6,0.895445,0.460916,2811.728516
7,0.016249,0.491317,3493.930908
8,0.083575,0.469597,4009.649170
9,0.111365,0.399327,4226.016602
10,0.144873,0.387421,4542.104004
11,0.208557,0.433209,5324.032227
12,0.207698,0.455334,5490.406738
13,0.205961,0.440684,5573.609863
14,0.272446,0.431283,5889.702148
15,0.317407,0.410478,6521.915527
16,0.522164,0.419443,7387.125488
17,0.503860,0.359843,7570.072266
18,0.497055,0.356510,7753.129883
19,0.447018,0.313509,8102.609375
20,0.525398,0.415040,8385.381836
21,0.677962,0.603307,9749.675781
22,0.317423,0.288115,10797.830078
23,0.104106,0.408007,12062.254883
24,0.177644,0.477775,12444.956055
25,0.182184,0.499810,13143.708008
26,0.193558,0.722663,13493.117188
27,0.213246,0.648553,13759.381836
28,0.214820,0.639306,13909.111328
29,0.998870,0.515524,14624.455078
30,0.986737,0.504833,14874.018555
31,0.001990,0.525765,15073.684570
32,0.980280,0.290904,15489.630859
33,0.948193,0.246895,15689.272461
34,0.672772,0.678980,16970.326172
35,0.600528,0.408103,17602.681641
36,0.564023,0.384839,17918.667969
37,0.479832,0.469852,18517.632812
38,0.473287,0.468101,18600.898438
39,0.482939,0.456871,18750.582031
40,0.460336,0.326524,18966.853516
41,0.456576,0.323158,19116.628906
42,0.502113,0.328462,19266.339844
43,0.592473,0.410813,19515.957031
44,0.691967,0.535994,19948.535156
45,0.680071,0.549987,20131.453125
46,0.674027,0.537948,20297.892578
47,0.730394,0.595650,20480.900391
48,0.724991,0.599401,20780.378906
49,0.757845,0.548135,20980.013672
50,0.758606,0.542620,21512.412109
51,0.762004,0.480430,22161.289062
52,0.761530,0.513871,22244.466797
53,0.767605,0.413936,22710.380859
54,0.848154,0.466172,23359.218750
55,0.848074,0.467880,23908.267578
56,0.804158,0.377253,24324.169922
0,0.737409,0.496716,349.310760
1,0.678250,0.583948,698.695374
2,0.692123,0.579964,1014.798645
3,0.876295,0.531768,1979.786743
4,0.872702,0.525367,2112.890137
5,0.867252,0.457326,2545.483887
6,0.865274,0.430881,2878.272949
7,0.982579,0.574498,3360.675293
8,0.050627,0.568923,3693.451172
9,0.047161,0.561861,3810.020508
10,0.035314,0.531778,3959.728516
11,0.105439,0.521710,5457.111816
12,0.051948,0.525605,5839.687988
13,0.029326,0.521488,5989.412109
14,0.087403,0.471109,6305.591797
15,0.147386,0.474441,6605.099609
16,0.144950,0.466328,6804.690918
17,0.210151,0.519067,7020.942383
18,0.221148,0.514705,7237.324219
19,0.214605,0.498515,7386.991211
20,0.198876,0.666955,8069.109375
21,0.262732,0.486876,8668.071289
22,0.263329,0.477158,8884.455078
23,0.343825,0.517806,9233.805664
24,0.343587,0.506451,9333.660156
25,0.343096,0.492424,9516.627930
26,0.372487,0.472722,9782.863281
27,0.341184,0.445978,10049.073242
28,0.987081,0.457818,11080.518555
29,0.991896,0.461983,11163.737305
30,0.929992,0.392001,11346.702148
31,0.792226,0.396538,12295.082031
32,0.716135,0.413810,12494.712891
33,0.674153,0.507240,12794.243164
34,0.681139,0.590459,13043.778320
35,0.610938,0.523673,13426.452148
36,0.564328,0.516548,13942.240234
37,0.518736,0.491482,14141.883789
38,0.493108,0.456609,14341.536133
39,0.499344,0.453621,14458.001953
40,0.512760,0.446073,14607.734375
41,0.557392,0.501065,15106.812500
42,0.545105,0.494935,15373.025391
43,0.502766,0.404312,15705.772461
44,0.459061,0.333007,15888.817383
45,0.419283,0.358776,16288.203125
46,0.405996,0.360260,16437.814453
47,0.407095,0.361779,16554.353516
48,0.383018,0.284964,16986.919922
49,0.374631,0.239207,17319.667969
50,0.300429,0.475902,17951.896484
51,0.315905,0.486228,18051.695312
52,0.248128,0.462257,18617.390625
53,0.192117,0.484469,18933.484375
54,0.189535,0.469780,19332.814453
55,0.206323,0.463981,19532.437500
56,0.261217,0.390528,19848.632812
57,0.280424,0.368812,20031.548828
58,0.359301,0.410783,20364.376953
59,0.388302,0.430394,20796.931641
60,0.420888,0.453479,21212.886719
61,0.414271,0.565714,21479.078125
62,0.440296,0.531097,21728.630859
63,0.443219,0.518804,21828.404297
64,0.536383,0.493370,22127.951172
65,0.564439,0.529753,22577.087891
66,0.551372,0.505280,22976.417969
67,0.533364,0.442263,23192.732422
68,0.593745,0.489944,23625.255859
69,0.615942,0.471365,23924.826172
70,0.540288,0.449419,24290.869141
71,0.569232,0.477677,24773.341797
0,0.756585,0.691143,266.225555
1,0.682509,0.599317,732.097412
2,0.685096,0.584194,931.699646
3,0.657513,0.750338,1564.040405
4,0.862280,0.550974,2262.764893
5,0.861276,0.538259,2612.144775
6,0.690589,0.608154,3460.656738
7,0.511546,0.480270,4375.703613
8,0.475196,0.521289,4741.795410
9,0.476832,0.512046,5174.285156
10,0.045762,0.715935,7719.872559
11,0.299670,0.593474,9250.546875
12,0.305040,0.632409,9749.692383
13,0.309420,0.690644,10065.828125
14,0.326368,0.536256,10381.912109
15,0.327095,0.528412,10481.677734
16,0.345223,0.491572,10598.188477
17,0.340548,0.532495,11363.509766
18,0.345150,0.539578,11480.036133
19,0.084765,0.451687,12860.915039
20,0.059090,0.501582,13077.157227
21,0.000765,0.552426,13326.744141
22,0.054121,0.360234,13775.925781
23,0.190482,0.294990,14441.435547
24,0.256546,0.329466,14857.412109
25,0.527291,0.388136,16720.792969
26,0.597841,0.451996,17303.113281
27,0.439719,0.465103,17569.318359
28,0.289468,0.532808,17951.982422
29,0.190109,0.582165,18467.757812
30,0.198196,0.492106,19099.986328
31,0.994267,0.537548,19698.947266
32,0.981803,0.496682,20048.398438
33,0.016096,0.529332,20347.839844
34,0.949155,0.523897,20630.619141
35,0.914004,0.548838,20996.675781
36,0.826367,0.553720,21346.101562
37,0.832841,0.541032,21479.169922
38,0.836484,0.525773,21928.433594
39,0.676837,0.579139,22643.794922
40,0.682429,0.596521,22959.875000
41,0.652872,0.565987,23176.175781
42,0.644359,0.461056,23425.775391
43,0.649446,0.460797,23542.236328
44,0.593331,0.537392,23841.679688
45,0.772694,0.775681,24290.939453
46,0.756330,0.773359,24573.734375
47,0.843223,0.773769,24989.675781
0,0.714206,0.637703,332.768097
1,0.686564,0.609110,532.405823
2,0.850606,0.555848,981.632751
3,0.876064,0.531241,1380.889648
4,0.867219,0.532092,1597.211304
5,0.866773,0.532650,1880.042969
6,0.864136,0.530574,2379.166748
7,0.909551,0.587132,2661.976807
8,0.880315,0.666226,3044.655029
9,0.925992,0.702559,3294.303955
10,0.902636,0.757948,3593.678711
11,0.941539,0.791604,4076.182129
12,0.035200,0.632323,4292.501465
13,0.022710,0.551196,4475.500977
14,0.845553,0.523433,5673.419922
15,0.865967,0.534304,6089.340332
16,0.690318,0.569612,6505.275879
17,0.691206,0.604765,7021.024902
18,0.699883,0.602574,7536.826172
19,0.702658,0.588902,8185.701660
20,0.705683,0.592800,8302.118164
21,0.708145,0.601301,8435.220703
22,0.695943,0.621632,8734.744141
23,0.682417,0.611109,9067.517578
24,0.700711,0.590145,9400.217773
25,0.705357,0.593954,9566.625000
26,0.708010,0.603647,9716.303711
27,0.704066,0.619549,9982.513672
28,0.702106,0.612086,10099.049805
29,0.703177,0.615015,10481.686523
30,0.700137,0.613024,10731.242188
31,0.702730,0.608973,10947.593750
32,0.703845,0.619841,11446.656250
33,0.705094,0.622516,12428.286133
34,0.699103,0.598387,12611.282227
35,0.688236,0.512938,12894.168945
36,0.632937,0.544698,13143.696289
37,0.714779,0.622016,13360.023438
38,0.707947,0.616248,13659.423828
39,0.705137,0.607187,13859.196289
40,0.534963,0.574486,14774.238281
41,0.513426,0.477020,15040.369141
42,0.519233,0.467936,15223.409180
43,0.519168,0.473778,15606.157227
44,0.521706,0.478055,15838.967773
45,0.524541,0.481578,16088.523438
46,0.488652,0.459509,16937.134766
47,0.448690,0.435384,17153.359375
48,0.382240,0.559452,17652.468750
49,0.324128,0.573958,17868.736328
50,0.296594,0.526017,18018.546875
51,0.307922,0.513205,18334.591797
52,0.311306,0.529111,18850.458984
53,0.313388,0.545193,19050.078125
54,0.166743,0.502192,19931.814453
55,0.155610,0.500525,20048.261719
56,0.162034,0.510307,20281.242188
57,0.167843,0.535106,20680.511719
58,0.175163,0.511144,20880.195312
59,0.122320,0.384239,21262.794922
60,0.537553,0.508099,22577.167969
61,0.878773,0.543788,24207.638672
62,0.873858,0.543744,24307.529297
63,0.855304,0.530213,24939.755859
0,0.727119,0.599124,349.336731
1,0.725131,0.603666,532.410461
2,0.739986,0.657133,682.081421
3,0.693907,0.740272,1114.688965
4,0.673618,0.811988,1696.986694
5,0.671962,0.817300,1863.392700
6,0.581357,0.890779,2063.020996
7,0.578377,0.877288,2295.950195
8,0.708695,0.874221,2512.235107
9,0.782192,0.894204,2778.449463
10,0.850261,0.635702,3527.122314
11,0.844659,0.518465,3843.243164
12,0.846736,0.534199,4009.618896
13,0.850823,0.511815,4159.361816
14,0.824948,0.386768,4408.908691
15,0.823958,0.394192,4508.744141
16,0.852586,0.377425,4691.795410
17,0.935149,0.433219,5007.884766
18,0.028984,0.593197,5989.506348
19,0.097538,0.497462,6272.327637
20,0.090531,0.495449,6538.542480
21,0.496369,0.519832,8368.677734
22,0.413479,0.608153,8884.424805
23,0.295639,0.526949,9450.128906
24,0.065724,0.520558,10697.930664
25,0.070706,0.535475,10880.934570
26,0.075023,0.565290,11097.231445
27,0.039518,0.563881,11446.612305
28,0.020783,0.609762,11762.739258
29,0.128660,0.390046,12627.890625
30,0.127348,0.423658,12810.892578
31,0.200520,0.557010,13443.127930
32,0.129465,0.409686,13892.343750
33,0.130742,0.495731,14241.746094
34,0.127696,0.524631,14458.033203
35,0.105772,0.673817,14940.513672
36,0.106908,0.654146,15190.086914
37,0.195740,0.634208,15389.737305
38,0.234186,0.676879,15606.014648
39,0.221718,0.692092,15838.946289
40,0.220773,0.622229,16654.193359
41,0.193372,0.499490,17136.693359
42,0.189131,0.471668,17303.058594
43,0.227855,0.322305,17785.568359
44,0.223491,0.347731,17918.677734
45,0.263610,0.485477,18184.855469
46,0.236896,0.577313,18434.398438
47,0.323239,0.572028,19000.099609
48,0.323752,0.561139,19266.294922
49,0.384019,0.580733,19765.417969
50,0.408656,0.629406,20064.878906
51,0.404652,0.617489,20297.816406
52,0.428425,0.601270,20480.830078
53,0.435641,0.592300,20979.962891
54,0.483056,0.597363,21412.531250
55,0.509948,0.535220,21712.025391
56,0.514603,0.489779,21861.755859
57,0.528300,0.733951,22244.425781
58,0.502895,0.817715,22560.542969
59,0.578784,0.800673,23209.388672
60,0.613628,0.718405,23508.882812
61,0.624959,0.724921,23708.531250
62,0.700030,0.618113,24057.939453
0,0.824864,0.467112,449.282349
1,0.863750,0.492065,865.171021
2,0.895801,0.767486,2212.865479
3,0.913967,0.768872,2379.191406
4,0.875667,0.773862,2811.792480
5,0.652505,0.639230,3610.434326
6,0.670744,0.596082,4442.372559
7,0.655554,0.613766,4641.945312
8,0.846113,0.924520,5074.549316
9,0.664900,0.959262,5839.833496
10,0.545173,0.980637,6006.180176
11,0.762656,0.982669,6222.514648
12,0.017073,0.736828,6854.719238
13,0.065376,0.610477,7254.064941
14,0.037618,0.577046,7952.827148
15,0.042845,0.571766,8368.767578
16,0.517648,0.442984,9916.072266
17,0.524567,0.416132,10082.436523
18,0.532456,0.443409,10448.427734
19,0.535452,0.455803,10631.462891
20,0.530103,0.459916,10881.036133
21,0.528311,0.460580,11097.303711
22,0.525680,0.460723,11263.666992
23,0.432334,0.446447,11663.013672
24,0.321438,0.482571,12029.025391
25,0.202920,0.483114,13260.208008
26,0.188000,0.472953,13393.279297
27,0.198694,0.579613,13958.981445
28,0.214209,0.658491,14208.517578
29,0.227709,0.606154,14474.731445
30,0.230564,0.592420,14724.301758
31,0.224827,0.606262,14857.391602
32,0.202800,0.489011,15273.407227
33,0.201883,0.501061,15456.350586
34,0.205310,0.494268,15572.809570
35,0.014280,0.516751,16171.753906
36,0.000004,0.506312,16803.996094
37,0.029187,0.376293,17103.470703
38,0.096294,0.429220,17652.556641
39,0.148855,0.457492,17951.986328
40,0.129174,0.350006,18301.398438
41,0.228458,0.068513,19432.767578
42,0.883120,0.508727,20530.853516
43,0.846129,0.518839,20730.472656
44,0.207292,0.996690,21645.541016
45,0.880627,0.953649,21828.539062
46,0.078304,0.993984,22261.123047
47,0.226241,0.775022,22926.648438
48,0.284237,0.752933,23093.007812
49,0.453278,0.566772,23874.962891
50,0.357471,0.468661,24191.082031
0,0.708333,0.645430,432.600647
1,0.703741,0.630061,582.407959
2,0.867119,0.514389,1131.381592
3,0.853586,0.517032,1264.534668
4,0.862150,0.803702,1896.702148
5,0.846080,0.813469,2096.362061
6,0.002378,0.499307,2711.937012
7,0.025409,0.550687,2911.589355
8,0.017740,0.551970,3028.069580
9,0.685516,0.606539,4492.198730
10,0.505283,0.466720,5041.203613
11,0.505463,0.468479,5141.032227
12,0.501790,0.457421,5274.134277
13,0.314904,0.525295,5856.452637
14,0.310345,0.511966,6006.181641
15,0.343684,0.244455,6322.283203
16,0.229735,0.253553,6721.592773
17,0.118302,0.480283,8568.375000
18,0.116846,0.416754,8734.747070
19,0.073744,0.259342,9500.064453
20,0.178381,0.458316,10198.868164
21,0.200136,0.525276,10431.778320
22,0.216618,0.601248,10880.992188
23,0.294678,0.463985,11147.211914
24,0.295250,0.449460,11380.110352
25,0.931782,0.474238,12428.284180
26,0.940230,0.480347,12578.047852
27,0.994282,0.357627,12860.866211
28,0.011069,0.547234,13276.805664
29,0.016445,0.539402,13576.294922
30,0.133634,0.483112,13925.672852
31,0.128477,0.478460,14175.236328
32,0.214035,0.491564,14441.501953
33,0.217650,0.604130,14857.398438
34,0.192152,0.513731,15140.226562
35,0.320693,0.497248,15589.445312
36,0.647825,0.070501,16787.365234
37,0.858175,0.524450,19998.437500
38,0.859693,0.525601,20347.773438
39,0.865155,0.515467,20497.562500
40,0.866441,0.509848,20730.464844
41,0.869824,0.510644,20913.455078
42,0.979022,0.521142,21279.480469
43,0.019373,0.538615,21512.414062
44,0.024697,0.537088,21595.625000
45,0.029718,0.528376,21945.019531
46,0.030524,0.527330,22028.173828
47,0.022427,0.515947,22244.474609
48,0.114286,0.479524,22677.052734
49,0.094446,0.422035,23026.431641
50,0.006920,0.514077,23226.091797
51,0.684330,0.626739,24390.750000
52,0.686862,0.618050,24557.105469
0,0.734098,0.565093,366.133179
1,0.695087,0.633826,582.431946
2,0.701870,0.674061,881.931335
3,0.711787,0.751277,1181.429565
4,0.706228,0.865573,2229.595459
5,0.694880,0.617415,2562.302490
6,0.755760,0.603154,3244.455566
7,0.875283,0.552624,3444.124023
8,0.871629,0.527906,3793.484131
9,0.873766,0.630865,4359.175781
10,0.875814,0.689804,4575.454102
11,0.869910,0.750039,4858.292969
12,0.860783,0.729424,5107.858398
13,0.909531,0.766503,5540.443848
14,0.956804,0.525681,5856.558594
15,0.008050,0.540919,6139.390625
16,0.025954,0.535970,6422.243652
17,0.024563,0.519140,6838.197754
18,0.021275,0.422348,7437.150879
19,0.986444,0.360264,8002.791504
20,0.975888,0.354919,8135.907715
21,0.829817,0.456345,8601.751953
22,0.820812,0.403910,8768.123047
23,0.548691,0.640772,9749.745117
24,0.502500,0.499062,10381.986328
25,0.521328,0.662253,10698.158203
26,0.521542,0.694554,11114.037109
27,0.521672,0.692888,11263.763672
28,0.501199,0.583381,11646.437500
29,0.402361,0.542893,12128.935547
30,0.329108,0.583170,12711.233398
31,0.288222,0.518180,12977.441406
32,0.295972,0.490751,13326.838867
33,0.303706,0.489942,13476.584961
34,0.215047,0.522420,13726.142578
35,0.291466,0.435484,14275.165039
36,0.352361,0.348027,14524.731445
37,0.395633,0.287117,14907.411133
38,0.397816,0.282512,15057.146484
39,0.513629,0.499774,15656.118164
40,0.515500,0.490431,15822.467773
41,0.612860,0.462078,16454.703125
42,0.662203,0.471368,16637.710938
43,0.739887,0.534968,17020.367188
44,0.740959,0.500933,17253.306641
45,0.768720,0.461200,17536.132812
46,0.782831,0.481586,17802.347656
47,0.793853,0.571484,18101.818359
48,0.866085,0.564801,18617.583984
49,0.863797,0.530647,19050.158203
50,0.853903,0.537574,19133.343750
51,0.889302,0.410425,20397.794922
52,0.932699,0.375977,20580.820312
53,0.927448,0.369329,20730.562500
54,0.958849,0.363549,20980.105469
55,0.968665,0.449153,21479.255859
56,0.989284,0.430244,21728.820312
57,0.014211,0.469281,22094.841797
58,0.016766,0.472583,22460.867188
59,0.981207,0.396686,22810.263672
60,0.956382,0.362814,23059.830078
61,0.955194,0.353180,23242.832031
62,0.946432,0.344492,23342.662109
63,0.893407,0.338017,23492.396484
64,0.875429,0.278020,23958.248047
65,0.851070,0.235865,24274.357422
66,0.832955,0.256274,24474.015625
0,0.724157,0.621412,116.485054
1,0.732732,0.728762,815.254578
2,0.009526,0.559593,1846.791016
3,0.051693,0.754300,2262.737793
4,0.099863,0.554389,2562.222900
5,0.111837,0.437353,2761.899170
6,0.208215,0.730154,6472.083496
7,0.205466,0.712005,6588.529297
8,0.211068,0.669449,6771.526855
9,0.513793,0.502139,8984.307617
10,0.680156,0.670505,9516.727539
11,0.677685,0.640177,9799.549805
12,0.711240,0.746771,10099.045898
13,0.837770,0.541894,10847.753906
14,0.841226,0.511180,11064.024414
15,0.678436,0.695477,12095.581055
16,0.658577,0.544280,12528.112305
17,0.684702,0.669044,12894.151367
18,0.675320,0.666934,13060.515625
19,0.680902,0.767543,14208.533203
20,0.678781,0.775939,14358.253906
21,0.682671,0.785588,14691.034180
22,0.674230,0.653800,14874.033203
23,0.697811,0.522784,15173.513672
24,0.675617,0.632166,16171.790039
25,0.687314,0.611970,17319.791016
26,0.677638,0.633261,17585.996094
27,0.752300,0.855138,19166.531250
28,0.692629,0.824261,19582.474609
29,0.679417,0.487485,19948.500000
30,0.681604,0.470014,20048.347656
31,0.683262,0.458221,20198.056641
32,0.681247,0.460286,20580.724609
33,0.680353,0.464129,21113.123047
34,0.677245,0.472991,21395.966797
35,0.682154,0.472856,22360.951172
36,0.680733,0.469304,22959.898438
37,0.687194,0.476475,23841.687500
0,0.765070,0.578660,99.839806
1,0.760035,0.566760,266.164764
2,0.689275,0.606686,465.867889
3,0.698529,0.602537,1297.708008
4,0.697909,0.601620,1513.991821
5,0.691295,0.596649,1830.134644
6,0.870497,0.527593,2645.376953
7,0.867787,0.517884,2745.208252
8,0.863050,0.498679,2961.520020
9,0.028464,0.522668,3776.745850
10,0.995575,0.529947,4492.217285
11,0.017393,0.520620,4758.328613
12,0.101152,0.493805,5207.527344
13,0.134305,0.443911,5457.210449
14,0.145797,0.445242,5656.894043
15,0.210055,0.475493,6056.099609
16,0.221787,0.593344,6388.837891
17,0.236776,0.657278,6854.676758
18,0.223910,0.724208,7054.351074
19,0.227849,0.651134,7270.681641
20,0.228618,0.647389,7603.437988
21,0.329743,0.486163,8002.758789
22,0.330565,0.476855,8202.359375
23,0.326681,0.470745,8318.791016
24,0.324468,0.478408,8585.000000
25,0.395793,0.515985,9000.932617
26,0.422980,0.547421,9200.562500
27,0.449629,0.497441,9450.139648
28,0.516450,0.423845,9816.157227
29,0.518689,0.425024,10032.435547
30,0.515199,0.436977,10198.821289
31,0.519921,0.483387,11396.764648
32,0.515552,0.474107,11529.816406
33,0.549142,0.478832,11712.844727
34,0.546496,0.479671,11829.297852
35,0.573711,0.473700,11995.699219
36,0.544853,0.503439,12295.169922
37,0.612873,0.561636,12744.371094
38,0.604784,0.538921,12844.181641
39,0.698214,0.552448,13726.002930
40,0.620294,0.508806,13992.201172
41,0.296841,0.272488,14990.442383
42,0.514265,0.887617,16088.523438
43,0.524701,0.916123,16238.277344
44,0.553031,0.917042,16571.015625
45,0.002011,0.536669,17619.193359
46,0.057482,0.431888,17852.121094
47,0.112721,0.403130,18085.041016
48,0.242240,0.472488,18800.443359
49,0.215668,0.462218,19133.208984
50,0.254143,0.626924,19582.414062
51,0.270074,0.628903,19765.453125
52,0.269432,0.711086,20530.779297
53,0.213357,0.503243,20979.974609
54,0.201459,0.510543,21196.267578
55,0.118837,0.826875,21578.976562
56,0.008013,0.562908,21878.402344
57,0.000871,0.526782,22078.072266
58,0.007450,0.527125,22177.873047
59,0.953116,0.515867,22627.085938
60,0.898924,0.533508,23076.320312
61,0.841927,0.523134,23309.259766
62,0.841811,0.510909,23508.884766
63,0.831709,0.519394,24507.150391
0,0.748730,0.546793,33.238419
1,0.678259,0.670129,415.956879
2,0.702501,0.606209,948.404968
3,0.873752,0.548275,1414.175049
4,0.866149,0.504434,1630.512207
5,0.860050,0.496191,1863.391113
6,0.768385,0.882645,2395.783447
7,0.776724,0.870494,2495.669678
8,0.699467,0.766974,3111.224121
9,0.696649,0.782851,3260.962402
10,0.665414,0.649704,3460.633301
11,0.683432,0.537043,3760.076660
12,0.624894,0.510611,4325.785645
13,0.622595,0.433843,4475.476074
14,0.862719,0.529076,5107.759277
15,0.868346,0.525992,5274.148438
16,0.866073,0.511417,5523.693848
17,0.946672,0.516995,5873.124023
18,0.020493,0.572323,6455.364746
19,0.025828,0.584750,6671.690918
20,0.992879,0.844363,7021.072266
21,0.952151,0.828338,7254.000977
22,0.944841,0.815717,7353.802246
23,0.941987,0.809192,7436.977051
24,0.012143,0.806788,7586.703613
25,0.820597,0.861614,8584.970703
26,0.600439,0.499254,9683.070312
27,0.467942,0.431127,10298.635742
28,0.469671,0.398534,10514.919922
29,0.483257,0.416261,10698.035156
30,0.484825,0.419284,10880.950195
31,0.414120,0.367625,11529.814453
32,0.538171,0.767018,12162.078125
33,0.529485,0.787730,12594.640625
34,0.291606,0.847883,13243.521484
35,0.316073,0.755626,14042.146484
36,0.181940,0.795407,14341.587891
37,0.164984,0.521732,14840.715820
38,0.173999,0.506759,15056.999023
39,0.155691,0.417867,15289.909180
40,0.176583,0.502875,15589.404297
41,0.319190,0.446426,16121.837891
42,0.317374,0.442281,16238.286133
43,0.261590,0.266821,16454.578125
44,0.232366,0.253095,16720.775391
45,0.178652,0.525583,17402.900391
46,0.210827,0.683301,17768.925781
47,0.097480,0.656424,18101.714844
48,0.046192,0.633982,18317.947266
49,0.004916,0.696848,18600.861328
50,0.979817,0.600746,18867.007812
51,0.985080,0.589821,19016.787109
52,0.970933,0.583549,19249.685547
53,0.058498,0.796836,19815.339844
54,0.085387,0.812426,20014.996094
55,0.866385,0.796826,20979.990234
56,0.864294,0.578827,23309.230469
57,0.867948,0.518263,23459.011719
58,0.026513,0.530607,24057.949219
59,0.019024,0.539642,24207.695312
60,0.112141,0.560887,24557.060547
0,0.732376,0.417417,16.666752
1,0.701420,0.445919,266.217560
2,0.698538,0.616464,748.715881
3,0.696405,0.604379,931.764648
4,0.729136,0.777562,1580.609985
5,0.861129,0.522843,2196.260498
6,0.869208,0.517894,2362.539795
7,0.868437,0.512074,2562.175049
8,0.865442,0.504456,2728.588135
9,0.027573,0.554643,3543.852295
10,0.094146,0.506024,4059.654053
11,0.087884,0.503137,4159.484863
12,0.123713,0.486670,4342.480957
13,0.196875,0.518255,4958.021484
14,0.209985,0.505572,5274.102051
15,0.506364,0.476954,7536.833008
16,0.498020,0.460050,7736.490723
17,0.319949,0.495415,8435.287109
18,0.160627,0.458739,8734.767578
19,0.188382,0.444328,8934.410156
20,0.329107,0.183541,9416.875000
21,0.063598,0.690766,11995.752930
22,0.203322,0.488614,12594.706055
23,0.438966,0.510915,13343.403320
24,0.429147,0.507559,13709.376953
25,0.518015,0.468405,13942.355469
26,0.518855,0.452709,14158.705078
27,0.577887,0.455702,15173.478516
28,0.726670,0.535122,15872.264648
29,0.722674,0.529471,15988.713867
30,0.779292,0.519217,16171.774414
31,0.862470,0.524138,16687.496094
32,0.108516,0.438171,18950.216797
33,0.044524,0.442828,19100.029297
34,0.996034,0.534620,19349.525391
35,0.998003,0.535646,19499.361328
36,0.856395,0.483120,19931.941406
37,0.609482,0.439660,21129.775391
38,0.429757,0.466634,22128.035156
39,0.427333,0.471454,22244.544922
40,0.343358,0.524722,22527.341797
41,0.349843,0.531952,22810.203125
42,0.277915,0.447497,23276.046875
43,0.284093,0.459015,23475.710938
44,0.196878,0.447065,23741.841797
45,0.204323,0.459308,23841.707031
46,0.190625,0.478945,24174.441406
0,0.677188,0.600262,482.424774
1,0.684984,0.598578,732.027161
2,0.860728,0.538819,1380.889771
3,0.853248,0.522823,1663.764404
4,0.996363,0.538114,2462.330566
5,0.017997,0.551038,2711.894043
6,0.015431,0.549587,2894.864258
7,0.115188,0.528100,3577.028076
8,0.142772,0.489747,3776.679932
9,0.201744,0.496260,4225.937012
10,0.200284,0.496572,4408.890625
11,0.192869,0.498729,4508.744629
12,0.659712,0.599495,5606.890137
13,0.677581,0.611287,5723.260254
14,0.506092,0.476788,6671.588379
15,0.505476,0.469339,6871.265137
16,0.366982,0.540859,7653.218262
17,0.301161,0.483929,7936.067383
18,0.296574,0.474648,8052.533203
19,0.302160,0.487405,8185.708984
20,0.183195,0.465904,8950.944336
21,0.313415,0.505258,9832.837891
22,0.544172,0.741553,10847.634766
23,0.520867,0.736265,10980.767578
24,0.639234,0.793394,11646.253906
25,0.737019,0.797860,11929.111328
26,0.800355,0.831634,12295.130859
27,0.810381,0.820245,12594.664062
28,0.858152,0.836985,12827.517578
29,0.811180,0.780804,13376.559570
30,0.847675,0.524511,13875.708008
31,0.661140,0.490312,14557.921875
32,0.627139,0.402156,14757.481445
33,0.639169,0.330999,14973.800781
34,0.651049,0.286980,15223.371094
35,0.768470,0.261867,15689.202148
36,0.872913,0.365119,16254.875977
37,0.028675,0.542041,17253.166016
38,0.030201,0.554310,17502.681641
39,0.026177,0.552490,17602.527344
40,0.082846,0.492022,18018.435547
41,0.106366,0.508662,18168.201172
42,0.145926,0.478983,18367.878906
43,0.179837,0.474104,18683.947266
44,0.171154,0.474270,18950.156250
45,0.097215,0.502381,19199.753906
46,0.082121,0.492070,19532.498047
47,0.071668,0.471007,19748.740234
48,0.108180,0.410331,20148.125000
49,0.098327,0.422130,20530.734375
50,0.967796,0.698279,21312.695312
51,0.944347,0.727028,21628.804688
52,0.900842,0.728221,22327.642578
53,0.817120,0.612669,23159.554688
