Idx, longitude, latitude, start timestamp
0,0.774419,0.471913,83.332535
1,0.752043,0.481122,332.835083
2,0.741467,0.474934,482.598114
3,0.751010,0.354414,1247.949463
4,0.713257,0.255275,1680.549683
5,0.675191,0.142652,2063.158936
6,0.654054,0.114737,2479.198975
7,0.685113,0.110373,2745.309814
8,0.879995,0.181178,3910.007812
9,0.917073,0.161681,4375.742676
10,0.933849,0.172419,4592.117676
11,0.994059,0.424729,5357.408203
12,0.995009,0.440688,5473.933105
13,0.992664,0.439917,5573.739746
14,0.989554,0.460209,5673.526855
15,0.998060,0.333321,6089.481445
16,0.005767,0.351913,6355.740234
17,0.021369,0.355772,6854.843750
18,0.002126,0.349131,7171.062012
19,0.962734,0.353649,7520.216309
20,0.961688,0.325779,7753.248047
21,0.984456,0.292487,7936.218750
22,0.000424,0.265870,8085.958008
23,0.006325,0.249997,8252.297852
24,0.000197,0.264582,8651.708984
25,0.989019,0.280797,9101.038086
26,0.994083,0.297346,9300.621094
27,0.916022,0.242713,9583.393555
28,0.921722,0.239145,9699.838867
29,0.923992,0.232987,10032.598633
30,0.525654,0.289387,11530.020508
31,0.525222,0.315673,11713.077148
32,0.494993,0.439035,12029.111328
33,0.485085,0.472531,12278.674805
34,0.488627,0.459832,12711.213867
35,0.498137,0.456989,13043.986328
36,0.490349,0.456464,13210.377930
37,0.515909,0.489106,13459.868164
38,0.602892,0.511546,13875.907227
39,0.640326,0.511194,14208.565430
40,0.650532,0.498029,14408.202148
41,0.660072,0.536717,14757.555664
42,0.693843,0.537414,15140.318359
43,0.692950,0.541102,15556.189453
44,0.748155,0.501446,15905.672852
45,0.751395,0.482121,16271.650391
46,0.744611,0.462364,16587.808594
47,0.707404,0.450251,16920.626953
48,0.745592,0.408915,17153.396484
49,0.752291,0.382182,17303.148438
50,0.750475,0.372646,17602.630859
51,0.774605,0.406563,18318.054688
52,0.794046,0.444006,18783.919922
53,0.807514,0.432528,19066.767578
54,0.805904,0.408245,19399.591797
55,0.805185,0.389718,19582.576172
56,0.828247,0.452151,20164.839844
57,0.849036,0.515555,20480.970703
58,0.828729,0.229531,21346.089844
59,0.855740,0.200827,21545.759766
60,0.871530,0.169770,21961.677734
61,0.843131,0.182370,22311.062500
62,0.823733,0.252707,22627.197266
63,0.907914,0.315043,23109.662109
64,0.921857,0.330387,23392.580078
65,0.919052,0.325844,23558.896484
66,0.909557,0.340322,23775.142578
67,0.896219,0.347920,23991.447266
68,0.900463,0.383452,24374.226562
69,0.919773,0.397012,24623.664062
0,0.745129,0.492198,316.116486
1,0.732604,0.479736,499.129730
2,0.728450,0.283507,831.879700
3,0.733040,0.251942,998.174988
4,0.725479,0.162043,1314.289062
5,0.691941,0.121277,1497.377319
6,0.672073,0.078474,1680.305786
7,0.970467,0.470013,3443.874512
8,0.975828,0.454116,3693.529053
9,0.915992,0.116563,4259.110352
10,0.433703,0.515051,5939.448242
11,0.480045,0.481541,6305.591797
12,0.478274,0.482766,6505.198242
13,0.479725,0.442157,6971.059570
14,0.438064,0.506434,7220.591797
15,0.470014,0.434781,8967.564453
16,0.464448,0.214557,9965.777344
17,0.828792,0.627052,12577.827148
18,0.065938,0.652880,13243.355469
19,0.979845,0.458984,13775.856445
20,0.976845,0.460795,13958.800781
21,0.979383,0.465811,14191.738281
22,0.974027,0.293690,14774.043945
23,0.712634,0.479770,15822.204102
24,0.729814,0.250819,16737.281250
25,0.737766,0.246803,17203.162109
26,0.704000,0.141343,17535.882812
27,0.760373,0.580169,18500.865234
28,0.765837,0.765114,19216.273438
29,0.766301,0.698375,19499.117188
30,0.750649,0.523423,22443.916016
31,0.722339,0.284520,23192.640625
32,0.706962,0.301755,23492.187500
33,0.728962,0.280718,23791.548828
34,0.735458,0.422607,24190.886719
35,0.733647,0.511829,24690.011719
0,0.744037,0.522221,332.785980
1,0.744136,0.463221,648.780151
2,0.752142,0.353874,815.242188
3,0.748947,0.360817,915.026794
4,0.755643,0.290448,1147.927979
5,0.750929,0.291416,1330.949707
6,0.762138,0.246118,1580.611694
7,0.764836,0.225512,1780.184082
8,0.758300,0.223552,1946.514893
9,0.773693,0.485959,2695.394531
10,0.777205,0.500183,2861.668213
11,0.720380,0.549887,3094.512207
12,0.827426,0.065139,3643.616455
13,0.004194,0.061918,4059.493896
14,0.030848,0.085502,4242.505371
15,0.083725,0.106154,4408.894531
16,0.117110,0.128371,4558.633301
17,0.107252,0.115713,4691.724609
18,0.115942,0.131628,4841.550781
19,0.112720,0.118174,5007.876953
20,0.124804,0.140258,5124.283203
21,0.083938,0.143020,5324.037109
22,0.992814,0.074234,5756.610840
23,0.974343,0.067058,5873.028320
24,0.197003,0.039213,6222.509277
25,0.293620,0.099506,6538.511719
26,0.285958,0.080260,6654.998047
27,0.450847,0.329722,7420.375488
28,0.441718,0.409320,7619.994141
29,0.445412,0.421941,7719.809570
30,0.448628,0.504749,7919.462891
31,0.456976,0.562384,8169.049805
32,0.459598,0.553718,8501.875000
33,0.463827,0.554375,8684.796875
34,0.465320,0.538111,8934.316406
35,0.488412,0.603151,9716.276367
36,0.475646,0.631737,10148.921875
37,0.474419,0.629308,10348.583008
38,0.435093,0.552347,10598.206055
39,0.491302,0.400576,10847.696289
40,0.492713,0.379222,11180.403320
41,0.429221,0.540604,11646.275391
42,0.490285,0.594512,11979.002930
43,0.433247,0.534846,12594.668945
44,0.428252,0.508037,12827.486328
45,0.543189,0.567667,13143.618164
46,0.598372,0.596157,13393.302734
47,0.956119,0.564486,16354.684570
48,0.952790,0.542044,16537.750000
49,0.967382,0.337130,18068.501953
50,0.090092,0.550523,20297.800781
51,0.097484,0.555282,20480.947266
52,0.086008,0.587518,21562.250000
53,0.076189,0.574728,22011.484375
54,0.053969,0.618677,22244.365234
55,0.025960,0.638005,22460.771484
56,0.728721,0.300710,24923.091797
0,0.742578,0.416523,465.791687
1,0.737089,0.363219,648.833374
2,0.731417,0.285208,848.469604
3,0.729320,0.237238,1031.546997
4,0.730935,0.217770,1231.202759
5,0.723252,0.135572,1397.541992
6,0.716208,0.095079,1597.197388
7,0.696907,0.070263,1730.313965
8,0.592818,0.024221,1963.145020
9,0.423970,0.035162,2395.773438
10,0.426080,0.048592,2578.730713
11,0.471256,0.091366,2845.067383
12,0.620737,0.228614,3460.675537
13,0.647110,0.307370,3693.449463
14,0.717212,0.399584,3943.122803
15,0.740866,0.449472,4142.703613
16,0.745379,0.488579,4408.793457
17,0.755188,0.528422,4924.680664
18,0.673427,0.566088,5224.125000
19,0.479088,0.524741,5939.593262
20,0.473867,0.424674,6172.418945
21,0.488446,0.162775,7037.629883
22,0.492425,0.101211,7204.025879
23,0.575629,0.496630,8651.492188
24,0.492213,0.549493,9283.564453
25,0.436812,0.521847,9949.203125
26,0.474399,0.250363,10481.475586
27,0.469776,0.218648,10647.850586
28,0.312798,0.188768,11779.199219
29,0.239120,0.350179,12494.605469
30,0.237615,0.403817,12710.924805
31,0.225645,0.529493,13126.810547
32,0.194361,0.220820,13875.460938
33,0.178212,0.143670,14091.748047
34,0.082710,0.162681,14341.443359
35,0.053253,0.196115,14574.242188
36,0.991481,0.274919,14990.254883
37,0.977014,0.313981,15223.136719
38,0.969903,0.449385,15738.831055
39,0.942346,0.492584,16387.730469
40,0.964336,0.484062,16670.574219
41,0.099912,0.516401,18018.121094
42,0.105298,0.515178,18334.291016
43,0.127276,0.232760,19265.960938
44,0.126930,0.163383,19648.630859
45,0.211993,0.398721,20297.462891
46,0.245206,0.424831,20530.445312
47,0.464689,0.302955,22111.054688
48,0.512047,0.301862,22427.115234
49,0.560421,0.478994,23974.341797
50,0.705068,0.396620,24972.570312
0,0.738304,0.438221,365.994812
1,0.726609,0.334757,532.359741
2,0.701626,0.251832,1147.962891
3,0.696891,0.346511,1597.161377
4,0.699780,0.209238,2279.335938
5,0.724266,0.321198,2495.551514
6,0.737735,0.467530,2761.843506
7,0.726154,0.456970,3061.303467
8,0.709438,0.439510,3277.499023
9,0.703660,0.381499,3610.290039
10,0.702924,0.293484,3776.605469
11,0.879114,0.351570,4425.531738
12,0.776483,0.351003,4641.812500
13,0.743520,0.359511,5057.707520
14,0.790305,0.366640,5357.218750
15,0.799467,0.458133,5673.338379
16,0.776016,0.312677,6072.567871
17,0.646881,0.403415,6605.083984
18,0.644273,0.413544,6738.088379
19,0.650032,0.330790,7054.189453
20,0.652429,0.478638,7436.934570
21,0.660792,0.473360,7619.982422
22,0.674524,0.429111,8085.780762
23,0.671535,0.141267,9133.892578
24,0.729141,0.387114,9549.874023
25,0.723779,0.330664,9832.752930
26,0.726162,0.326997,10032.409180
27,0.728977,0.313959,10281.855469
28,0.735565,0.486817,10864.283203
29,0.503141,0.419079,12527.945312
30,0.508796,0.416162,12727.589844
31,0.572422,0.308543,12977.247070
32,0.542843,0.349116,13476.360352
33,0.484083,0.450550,13809.044922
34,0.443470,0.467754,14324.860352
35,0.424599,0.505732,15422.918945
36,0.469389,0.441606,15722.430664
37,0.247957,0.542936,17685.646484
38,0.251357,0.302194,18866.892578
39,0.172182,0.306626,19898.507812
40,0.210554,0.334246,20147.970703
41,0.231240,0.459528,20430.820312
42,0.229189,0.467054,20580.564453
43,0.163094,0.544759,20946.597656
44,0.182180,0.243730,21379.187500
45,0.178440,0.212320,21578.843750
46,0.148266,0.212635,22077.894531
47,0.273756,0.299674,22876.537109
48,0.283047,0.383253,23359.056641
49,0.228474,0.323990,23808.251953
50,0.223209,0.310676,24041.154297
0,0.748687,0.508175,499.271454
1,0.731438,0.492790,732.019470
2,0.727622,0.487025,915.038513
3,0.758176,0.399512,1098.082153
4,0.764525,0.347622,1281.111816
5,0.749735,0.286943,1497.419067
6,0.734010,0.239825,1647.224487
7,0.734191,0.220838,1963.316284
8,0.736782,0.169797,2296.045654
9,0.741777,0.112922,2562.229248
10,0.676295,0.108842,2911.531006
11,0.644762,0.133752,3127.856445
12,0.654707,0.101818,3377.420166
13,0.534942,0.265073,3643.629395
14,0.532410,0.252370,4076.250977
15,0.485883,0.299350,4375.750977
16,0.465967,0.325430,4708.552246
17,0.474032,0.334268,4891.454590
18,0.484807,0.380064,5057.860840
19,0.483834,0.527273,5373.939941
20,0.484571,0.516515,5590.227539
21,0.487161,0.500152,6105.927734
22,0.556067,0.514748,6704.915039
23,0.577562,0.494651,6904.570312
24,0.630212,0.481223,7070.909668
25,0.664635,0.481984,7470.331055
26,0.700906,0.447170,7669.928711
27,0.737417,0.456838,7986.017578
28,0.730560,0.473314,8385.320312
29,0.686225,0.558188,8618.346680
30,0.618243,0.578964,8817.911133
31,0.568670,0.537996,9050.767578
32,0.540498,0.526200,9300.389648
33,0.472843,0.524531,9649.788086
34,0.347945,0.524850,10281.992188
35,0.354762,0.508223,10398.480469
36,0.418549,0.682655,10764.505859
37,0.279358,0.500599,11213.762695
38,0.254047,0.449418,11563.080078
39,0.224022,0.462401,11779.359375
40,0.215655,0.490326,12095.458984
41,0.222166,0.475291,12261.868164
42,0.122686,0.509430,12694.485352
43,0.086231,0.458748,12894.110352
44,0.095371,0.486542,13326.714844
45,0.092949,0.471662,13942.301758
46,0.090156,0.485944,14125.292969
47,0.961687,0.472731,15223.273438
48,0.969355,0.447604,15423.043945
49,0.032173,0.296346,15955.368164
50,0.026157,0.263320,16221.727539
51,0.028438,0.257664,16388.058594
52,0.043945,0.239905,16570.988281
53,0.074439,0.209681,16853.882812
54,0.136117,0.191573,17053.466797
55,0.442204,0.492651,19965.058594
56,0.448782,0.498123,20264.539062
57,0.369089,0.457179,20963.298828
58,0.417724,0.413161,21279.419922
59,0.501565,0.443942,21645.427734
60,0.541960,0.481070,22427.427734
61,0.513556,0.520647,22627.041016
62,0.474984,0.506211,23641.871094
63,0.753306,0.424965,24972.996094
0,0.746916,0.505694,316.075317
1,0.746742,0.473199,582.315430
2,0.747647,0.280167,1081.507935
3,0.798102,0.180484,1314.394287
4,0.913913,0.170499,2029.880615
5,0.942567,0.148212,2162.808350
6,0.003898,0.237648,2512.286133
7,0.996199,0.492628,3094.587158
8,0.987532,0.500984,3227.658447
9,0.108615,0.517044,3776.663574
10,0.102698,0.499808,4009.638672
11,0.753038,0.540008,5157.627441
12,0.555114,0.551907,5623.481934
13,0.504653,0.497649,6155.923828
14,0.437421,0.498143,7070.994629
15,0.505955,0.212419,8069.218750
16,0.471080,0.492004,8867.855469
17,0.440592,0.248621,10282.053711
18,0.744510,0.501019,13842.410156
19,0.012601,0.474539,15489.572266
20,0.485656,0.444962,17968.544922
21,0.488494,0.472232,18417.753906
22,0.484966,0.470205,18700.642578
23,0.489628,0.340693,18950.156250
0,0.756914,0.452327,382.645477
1,0.756635,0.430555,582.252625
2,0.687990,0.382874,848.471741
3,0.797049,0.464189,1397.505737
4,0.751285,0.518897,1647.127808
5,0.734557,0.472488,1830.132568
6,0.859558,0.503776,2628.671631
7,0.962633,0.306791,3643.523438
8,0.027858,0.278702,4392.282227
9,0.040179,0.250668,4758.311523
10,0.030258,0.234889,4974.538574
11,0.056793,0.156206,5190.784180
12,0.048355,0.115141,5407.149902
13,0.015866,0.438357,6139.189941
14,0.989174,0.504496,6338.916504
15,0.965459,0.500590,6671.695801
16,0.978291,0.472759,7270.458496
17,0.804875,0.149567,13226.732422
18,0.718109,0.261497,13975.497070
19,0.458250,0.484913,15971.942383
20,0.477861,0.392269,17169.789062
21,0.476847,0.349105,17419.441406
22,0.560236,0.429000,17968.439453
23,0.623709,0.430810,18218.017578
24,0.607028,0.339930,18500.882812
25,0.606947,0.331556,18650.671875
26,0.669204,0.435681,19199.685547
27,0.708700,0.495482,20214.503906
28,0.714364,0.480957,20464.097656
29,0.730638,0.493634,21096.357422
30,0.759424,0.395028,21828.363281
31,0.743437,0.463279,22061.390625
32,0.791387,0.458605,22360.742188
33,0.880713,0.500818,23808.171875
34,0.985755,0.505735,24922.914062
0,0.765459,0.695768,116.450630
1,0.772930,0.662532,316.162231
2,0.757070,0.643055,432.557983
3,0.732973,0.628947,732.054138
4,0.739695,0.472139,1264.451172
5,0.745500,0.388982,1580.545898
6,0.735272,0.310134,1830.137207
7,0.734929,0.264946,2046.409058
8,0.738325,0.262491,2379.155029
9,0.836343,0.179840,2845.041016
10,0.872505,0.211261,3077.950195
11,0.982791,0.304484,3510.628906
12,0.000716,0.301381,3643.711670
13,0.973569,0.395027,3859.898193
14,0.967391,0.436073,4026.363770
15,0.816916,0.251135,4309.159668
16,0.832681,0.245825,4425.581055
17,0.986648,0.490692,5573.653809
18,0.977044,0.473497,5739.973633
19,0.949035,0.501690,5972.925293
20,0.842695,0.538255,6289.019531
21,0.785699,0.649180,6821.381836
22,0.825900,0.686316,6987.862305
23,0.835214,0.685179,7253.983887
24,0.750317,0.713408,8401.974609
25,0.743969,0.729423,8618.333984
26,0.740821,0.721876,8767.984375
27,0.475668,0.525427,9383.613281
28,0.474840,0.484434,9549.950195
29,0.462398,0.346401,9965.896484
30,0.481335,0.327645,10182.183594
31,0.468394,0.252265,10365.199219
32,0.482684,0.209700,10548.219727
33,0.480517,0.203847,10747.941406
34,0.478680,0.163138,11047.356445
35,0.334840,0.229324,11396.718750
36,0.342787,0.217170,11529.874023
37,0.261416,0.349741,12278.516602
38,0.244936,0.313562,12478.171875
39,0.237264,0.191764,13060.484375
40,0.225889,0.226638,13326.702148
41,0.230804,0.368738,13958.908203
42,0.235152,0.426944,14291.710938
43,0.244094,0.498692,14607.817383
44,0.258416,0.490643,14940.534180
45,0.203238,0.598648,15306.550781
46,0.189781,0.677165,15572.755859
47,0.174797,0.708925,15888.889648
48,0.634350,0.265553,17319.707031
49,0.638502,0.235583,17519.373047
50,0.693633,0.297210,17768.941406
51,0.765082,0.383795,18268.056641
52,0.773221,0.467260,18517.609375
53,0.767015,0.472623,18617.451172
54,0.760208,0.517625,18750.544922
55,0.743386,0.503657,19266.320312
56,0.736289,0.465580,19416.044922
57,0.584984,0.079956,19798.718750
58,0.483646,0.060111,20064.933594
59,0.401049,0.061321,20214.660156
60,0.489648,0.098080,20647.224609
61,0.519748,0.134579,20763.689453
62,0.564871,0.308473,21296.107422
63,0.472349,0.467808,21728.669922
64,0.479056,0.490454,21911.681641
65,0.749283,0.520843,23159.523438
66,0.753162,0.422007,23425.707031
67,0.744482,0.363565,23625.373047
68,0.742591,0.332828,23941.490234
69,0.734828,0.497879,24207.687500
70,0.736305,0.505693,24507.154297
0,0.750251,0.482797,266.198608
1,0.746374,0.384951,449.299011
2,0.765161,0.129333,1098.096436
3,0.860758,0.120812,1364.364380
4,0.886360,0.168274,1530.713379
5,0.873399,0.453868,2479.016357
6,0.874733,0.442448,2595.491699
7,0.902803,0.440778,2778.495850
8,0.988380,0.429502,3261.052490
9,0.024751,0.212457,3676.946777
10,0.962929,0.506009,4392.325684
11,0.941832,0.577094,4924.750000
12,0.013147,0.420679,5240.828613
13,0.146070,0.136579,5789.881348
14,0.000123,0.062012,6022.852051
15,0.248274,0.014944,6205.802246
16,0.378666,0.038250,6388.818848
17,0.568959,0.071915,6788.146484
18,0.146079,0.170914,7220.742188
19,0.144876,0.306799,7437.061035
20,0.237222,0.643323,8069.268555
21,0.215949,0.598858,8302.219727
22,0.081595,0.512723,8601.623047
23,0.083531,0.453852,8934.365234
24,0.084931,0.444368,9084.154297
25,0.971013,0.429351,10331.929688
26,0.962521,0.578369,10598.127930
27,0.838315,0.439572,11047.383789
28,0.490421,0.360153,12361.709961
29,0.474154,0.450891,12744.432617
30,0.496605,0.506206,12927.456055
31,0.501162,0.660159,13376.672852
32,0.504043,0.687931,13493.125977
33,0.425600,0.604935,14075.419922
34,0.439909,0.412208,14341.634766
35,0.546344,0.317203,14840.709961
36,0.564026,0.123273,15206.808594
37,0.479425,0.079753,15489.698242
38,0.463655,0.096609,15606.099609
39,0.649007,0.238635,15972.096680
40,0.749195,0.476041,17219.917969
41,0.759063,0.521674,17519.369141
42,0.759453,0.672280,17935.308594
43,0.742648,0.759956,18184.916016
44,0.722654,0.793629,18368.007812
45,0.709481,0.791361,18667.361328
46,0.683002,0.934553,18966.894531
47,0.262212,0.962888,19166.492188
48,0.295606,0.925452,19332.871094
49,0.314586,0.881945,19532.507812
50,0.334440,0.873116,19832.056641
51,0.323711,0.923017,20314.472656
52,0.104221,0.982580,20564.093750
53,0.332186,0.938702,20863.521484
54,0.168063,0.883227,22261.152344
55,0.146464,0.883438,22344.289062
56,0.194677,0.833394,22527.302734
57,0.185431,0.817048,22677.080078
58,0.194089,0.779089,22826.777344
59,0.202641,0.764614,23059.683594
60,0.210533,0.528303,23475.703125
61,0.194727,0.538052,23775.101562
62,0.182234,0.529753,23941.544922
63,0.152115,0.497042,24157.761719
64,0.119699,0.554726,24357.476562
65,0.098604,0.567550,24540.529297
0,0.743103,0.492743,316.056458
1,0.724421,0.755944,682.077820
2,0.724357,0.796244,815.182983
3,0.310130,0.818736,3194.445312
4,0.892707,0.881523,3410.659180
5,0.916941,0.952900,3660.250000
6,0.283457,0.872587,5689.984375
7,0.242601,0.668944,6139.259277
8,0.238601,0.664790,6272.321777
9,0.245973,0.628578,6471.956055
10,0.239045,0.668706,6887.943359
11,0.241575,0.503146,7087.613770
12,0.256893,0.378988,7320.591797
13,0.256114,0.329719,7470.277832
14,0.237649,0.180577,7952.752441
15,0.244398,0.132141,8119.062988
16,0.971724,0.101898,8485.095703
17,0.272614,0.061869,9500.017578
18,0.773150,0.067134,9749.585938
19,0.739306,0.420734,10714.574219
20,0.737236,0.397687,10930.863281
21,0.753442,0.466973,11163.779297
22,0.958711,0.423697,11929.083984
23,0.973846,0.429162,12145.424805
24,0.975380,0.524341,12594.609375
25,0.126621,0.374782,13143.682617
26,0.154088,0.296599,13360.043945
27,0.109101,0.285772,13542.962891
28,0.857376,0.440123,14225.183594
29,0.848685,0.429140,14341.583984
30,0.859443,0.407321,14507.988281
31,0.983198,0.192631,15007.067383
32,0.001456,0.148849,15156.881836
33,0.996012,0.165504,15323.177734
34,0.021284,0.182690,15872.199219
35,0.656165,0.448880,17070.142578
36,0.625287,0.425754,17519.347656
37,0.635623,0.404538,17702.343750
38,0.637327,0.410800,17835.435547
39,0.534921,0.403360,18085.003906
40,0.474004,0.393257,18500.988281
41,0.475879,0.400521,18634.080078
42,0.488575,0.403123,19016.714844
43,0.444023,0.402877,19465.964844
44,0.472046,0.498573,19782.072266
45,0.450799,0.455664,20114.804688
46,0.443904,0.435797,20281.281250
47,0.445623,0.476500,20747.035156
48,0.446536,0.433673,20913.498047
49,0.483126,0.393227,21795.205078
50,0.501177,0.301344,22111.308594
51,0.494474,0.306273,22693.621094
52,0.512365,0.262656,22843.337891
53,0.498961,0.226492,23093.007812
54,0.484996,0.583170,23691.931641
55,0.429303,0.490031,24157.779297
56,0.477409,0.477184,24573.679688
57,0.494820,0.472374,24972.984375
0,0.745933,0.498574,299.456177
1,0.744411,0.490211,415.936981
2,0.748369,0.460138,582.298584
3,0.882970,0.504337,931.704041
4,0.904852,0.479167,1231.179688
5,0.901222,0.470682,1397.560669
6,0.974952,0.483641,1563.989380
7,0.970333,0.479487,1763.575562
8,0.989521,0.438470,1979.837402
9,0.992923,0.365009,2196.088867
10,0.005214,0.342736,2462.302490
11,0.991296,0.467111,2911.581543
12,0.014610,0.300403,3360.776367
13,0.004957,0.293145,3493.867920
14,0.936256,0.471499,3876.482178
15,0.457704,0.459603,5357.226074
16,0.463289,0.454598,5457.125977
17,0.477187,0.473355,5623.430176
18,0.482683,0.370108,6355.520508
19,0.504184,0.249346,6788.088867
20,0.505117,0.213838,7303.850586
21,0.443672,0.302018,7703.141602
22,0.422525,0.320473,8085.801270
23,0.269714,0.425428,8684.762695
24,0.204008,0.475418,9050.786133
25,0.215823,0.349294,9566.561523
26,0.237905,0.321244,9716.306641
27,0.083603,0.490782,10448.336914
28,0.075019,0.479250,10598.104492
29,0.087374,0.474844,10747.813477
30,0.089172,0.493188,11213.674805
31,0.989190,0.499425,11629.604492
32,0.962895,0.480539,11995.649414
33,0.956749,0.454458,12128.750000
34,0.972917,0.451557,12544.684570
35,0.019954,0.409555,12944.001953
36,0.023265,0.355548,13226.826172
37,0.107289,0.482213,13759.254883
38,0.128424,0.487238,14075.334961
39,0.759903,0.504082,16371.334961
40,0.909413,0.487553,17036.833984
41,0.988065,0.469669,17585.882812
42,0.980277,0.462763,17818.792969
43,0.980222,0.332449,18218.105469
44,0.952417,0.428442,18600.763672
45,0.949281,0.482984,18866.972656
46,0.973398,0.384401,19149.806641
47,0.993979,0.469660,19648.939453
48,0.956944,0.484114,20064.914062
49,0.844796,0.483833,20663.861328
50,0.476406,0.332031,22227.759766
51,0.486405,0.319286,22427.408203
52,0.730898,0.374781,23126.183594
53,0.728386,0.359911,23226.019531
54,0.763366,0.362416,23409.046875
55,0.756924,0.374866,23841.621094
56,0.759344,0.299120,24057.904297
57,0.747349,0.442031,24457.240234
0,0.749327,0.495254,316.182739
1,0.745840,0.454552,632.269287
2,0.727216,0.651759,1031.611328
3,0.721848,0.710079,1247.890381
4,0.721885,0.724113,1430.892212
5,0.714022,0.883154,1946.702148
6,0.666146,0.913887,2079.763428
7,0.649463,0.933723,2262.782227
8,0.737758,0.888360,2811.812012
9,0.781405,0.421773,3859.961914
10,0.766746,0.381745,4076.301270
11,0.745543,0.353989,4259.266602
12,0.747191,0.306847,4558.742676
13,0.749770,0.272660,4858.307129
14,0.751498,0.245830,5007.977539
15,0.737092,0.388464,5590.278320
16,0.708207,0.412331,6239.155273
17,0.663544,0.418859,6488.712891
18,0.485339,0.430108,7254.051758
19,0.486261,0.457366,7437.046875
20,0.500389,0.347667,7902.916504
21,0.488890,0.298446,8202.453125
22,0.500439,0.247498,8385.407227
23,0.504583,0.210125,8568.417969
24,0.452536,0.233272,9067.623047
25,0.415727,0.249280,9267.170898
26,0.466650,0.398750,9533.401367
27,0.482583,0.505539,9899.443359
28,0.487028,0.484517,10099.090820
29,0.443280,0.464772,10348.692383
30,0.456925,0.474229,11047.397461
31,0.495469,0.484155,11962.561523
32,0.512958,0.494179,12195.413086
33,0.550549,0.462754,12827.683594
34,0.475776,0.484527,13110.560547
35,0.267823,0.392360,14008.882812
36,0.242720,0.352905,14158.660156
37,0.227086,0.304511,14408.185547
38,0.227223,0.250355,14624.508789
39,0.237792,0.213106,15090.383789
40,0.243018,0.374337,15473.024414
41,0.217752,0.481367,15805.785156
42,0.100070,0.455577,16271.640625
43,0.085240,0.465632,16471.298828
44,0.081924,0.459597,16720.849609
45,0.088638,0.474359,16937.123047
46,0.099868,0.490027,17070.234375
47,0.088576,0.486221,17419.621094
48,0.958700,0.466008,17968.654297
49,0.939719,0.464274,18284.794922
50,0.992429,0.454267,18501.048828
51,0.988868,0.392768,18717.335938
52,0.992248,0.306476,18917.083984
53,0.999989,0.285060,19099.994141
54,0.999645,0.264487,19266.359375
55,0.014327,0.222720,20064.984375
56,0.018442,0.214525,20397.816406
57,0.021142,0.211693,20630.707031
58,0.012375,0.219269,20730.486328
59,0.994079,0.300645,21312.820312
60,0.970026,0.268564,22177.974609
61,0.995354,0.296127,22544.033203
62,0.038347,0.287262,22876.777344
63,0.038059,0.287299,23226.167969
64,0.996298,0.285922,23492.322266
65,0.990744,0.261544,23974.876953
0,0.753273,0.504467,299.401855
1,0.774859,0.458939,548.935364
2,0.739792,0.365598,848.435303
3,0.742713,0.476767,1231.152588
4,0.746895,0.510889,1380.833862
5,0.754125,0.539966,1663.660400
6,0.752987,0.541160,1746.945801
7,0.750943,0.552046,1913.288940
8,0.754049,0.650825,2146.227295
9,0.749100,0.671529,2246.119629
10,0.723908,0.802309,2778.403320
11,0.723355,0.804383,3027.969482
12,0.722494,0.829717,3177.717285
13,0.721763,0.837795,3327.448486
14,0.721802,0.827380,3443.875977
15,0.741480,0.404336,4009.632080
16,0.754508,0.369106,4209.294434
17,0.747784,0.346952,4392.333984
18,0.746068,0.286680,4641.795410
19,0.741155,0.249057,4874.716797
20,0.737273,0.226545,5074.414551
21,0.766216,0.211993,5357.312988
22,0.746207,0.190910,5523.616211
23,0.809133,0.207651,5773.217285
24,0.829491,0.236116,6455.296387
25,0.988341,0.490193,7087.546387
26,0.959097,0.500885,7753.041016
27,0.989028,0.570462,8252.198242
28,0.979903,0.565496,8451.793945
29,0.859600,0.098953,10281.958008
30,0.977515,0.549817,11280.197266
31,0.534561,0.599196,13326.632812
32,0.468627,0.492323,14058.690430
33,0.487904,0.424355,14308.220703
34,0.501510,0.338592,14474.632812
35,0.484863,0.268364,14790.715820
36,0.504591,0.247072,14973.748047
37,0.562405,0.258315,15173.391602
38,0.650931,0.374265,15589.336914
39,0.746005,0.474925,16304.757812
40,0.282796,0.387319,17718.953125
41,0.237055,0.341930,18134.882812
42,0.225512,0.262992,18301.261719
43,0.276568,0.169071,19133.160156
44,0.692779,0.102487,20214.593750
45,0.499699,0.163860,20580.626953
46,0.491762,0.216049,20746.984375
47,0.480867,0.193268,21013.216797
48,0.488999,0.165744,21229.482422
49,0.494877,0.246825,21429.144531
50,0.467028,0.624961,21894.982422
51,0.501008,0.493502,22477.324219
52,0.547053,0.416122,22693.591797
53,0.552103,0.456931,22909.869141
54,0.612138,0.438204,23126.169922
55,0.616724,0.379598,23325.796875
56,0.606305,0.337249,24174.333984
57,0.606658,0.279683,24390.617188
58,0.602577,0.203809,24723.378906
59,0.602645,0.208469,24806.593750
0,0.729714,0.560411,316.109131
1,0.740702,0.442325,515.693481
2,0.750840,0.346795,798.536743
3,0.751216,0.284177,1031.481079
4,0.757633,0.302046,1281.108398
5,0.733080,0.219328,1713.600342
6,0.727427,0.207595,1979.894043
7,0.724812,0.198247,2246.107910
8,0.874268,0.523127,3144.540039
9,0.893728,0.587157,3327.533203
10,0.899718,0.647548,3527.144287
11,0.982757,0.529708,3843.254639
12,0.980191,0.487397,4009.623535
13,0.987101,0.443629,4408.902344
14,0.029308,0.516022,4708.466797
15,0.044311,0.555663,4941.367188
16,0.050689,0.582292,5274.165039
17,0.109742,0.559862,5623.529785
18,0.057061,0.469421,5856.395020
19,0.071681,0.439102,6072.756836
20,0.064526,0.286903,6422.068359
21,0.052461,0.254775,6638.399414
22,0.032785,0.230356,6871.263184
23,0.022753,0.200055,7087.578613
24,0.007702,0.212329,7403.664551
25,0.006360,0.226917,7486.851562
26,0.017190,0.204001,7686.566895
27,0.942590,0.577625,8202.297852
28,0.940560,0.552036,8451.893555
29,0.944778,0.539835,8684.759766
30,0.911336,0.491627,8851.215820
31,0.847154,0.473454,9167.324219
32,0.853920,0.507478,9483.378906
33,0.584410,0.529225,10481.729492
34,0.525988,0.523315,10731.251953
35,0.500844,0.539343,10997.459961
36,0.487206,0.520782,11163.777344
37,0.494691,0.552393,11446.712891
38,0.495511,0.566801,11812.678711
39,0.515909,0.571663,12012.333008
40,0.482988,0.527302,12345.076172
41,0.489788,0.528603,12644.515625
42,0.492095,0.501492,12844.145508
43,0.447563,0.539350,13110.343750
44,0.451606,0.591002,13659.403320
45,0.396498,0.576308,13842.430664
46,0.393013,0.561675,14042.095703
47,0.395427,0.499698,14341.570312
48,0.361265,0.520707,14507.941406
49,0.359883,0.619891,14973.816406
50,0.339875,0.581243,15206.709961
51,0.349581,0.547597,15522.820312
52,0.325372,0.571667,15705.861328
53,0.380519,0.672929,16238.251953
54,0.354909,0.604212,16537.726562
55,0.394001,0.683662,16753.996094
56,0.426592,0.711456,16986.939453
57,0.396023,0.753307,17436.150391
58,0.404654,0.760132,17718.986328
59,0.506711,0.758277,18617.412109
60,0.535508,0.643970,18983.433594
61,0.532011,0.469754,19449.300781
62,0.558270,0.394091,19599.019531
63,0.523490,0.282623,19815.328125
64,0.490037,0.286373,20014.964844
65,0.479128,0.173622,20630.552734
66,0.464387,0.150685,20813.578125
67,0.470551,0.129075,21262.789062
68,0.491440,0.419172,21795.212891
69,0.499293,0.575113,22011.505859
70,0.490352,0.584472,22327.593750
71,0.517437,0.590109,22676.994141
72,0.619515,0.507035,23126.187500
73,0.620263,0.459240,23309.236328
74,0.698187,0.413089,23974.705078
75,0.697993,0.357889,24141.113281
76,0.755996,0.395576,24357.402344
77,0.758347,0.363330,24623.619141
0,0.736091,0.474403,299.462524
1,0.736228,0.433038,682.232605
2,0.733424,0.366953,831.884216
3,0.736994,0.345147,1114.729248
4,0.741644,0.298154,1514.031372
5,0.738505,0.268202,1796.841797
6,0.735838,0.262854,1979.852539
7,0.724407,0.131996,2445.691406
8,0.738504,0.298201,2928.187500
9,0.735192,0.194226,3227.765625
10,0.726813,0.084638,3410.715332
11,0.736481,0.063325,3660.248535
12,0.779476,0.024331,3959.793213
13,0.880463,0.011350,4159.411621
14,0.188169,0.040199,4375.710938
15,0.154162,0.053228,4758.369629
16,0.215248,0.068075,4941.362793
17,0.225288,0.093817,5191.009766
18,0.391535,0.067703,5540.294434
19,0.299963,0.041197,6272.349121
20,0.355233,0.033739,6521.984375
21,0.339230,0.037064,6655.057129
22,0.392556,0.027738,6788.145508
23,0.095915,0.116567,8518.436523
24,0.047818,0.124965,8751.392578
25,0.987134,0.267635,9616.594727
26,0.972124,0.258672,9782.913086
27,0.994532,0.299310,10182.225586
28,0.990958,0.329904,10415.178711
29,0.006994,0.463015,10648.033203
30,0.981856,0.500848,10964.206055
31,0.942351,0.522956,11380.124023
32,0.944653,0.533908,11496.615234
33,0.985723,0.492423,11746.108398
34,0.985655,0.339799,11995.763672
35,0.994026,0.298880,12228.650391
36,0.004026,0.252756,12461.583984
37,0.002653,0.261578,12694.490234
38,0.986241,0.461501,12944.108398
39,0.102657,0.500226,14042.093750
40,0.109239,0.505347,14158.589844
41,0.095924,0.502293,14757.576172
42,0.240074,0.455615,15073.637695
43,0.258279,0.350985,15456.436523
44,0.255109,0.302930,15839.009766
45,0.257006,0.253823,16105.188477
46,0.262060,0.262713,16288.230469
47,0.266082,0.265954,16687.494141
48,0.252247,0.378650,16853.972656
49,0.337007,0.559345,17536.109375
50,0.470053,0.498683,20530.781250
51,0.477950,0.501709,20697.152344
52,0.434070,0.490622,20963.343750
53,0.496163,0.294621,21479.111328
54,0.496136,0.231647,21761.955078
55,0.483982,0.256550,22061.429688
56,0.428646,0.490117,22410.839844
57,0.434704,0.499789,22510.638672
58,0.496970,0.500672,22743.574219
59,0.515509,0.516378,22926.576172
60,0.488778,0.498831,23209.421875
61,0.507698,0.231862,23658.662109
62,0.510824,0.199668,23874.941406
63,0.519423,0.189356,24107.843750
64,0.627536,0.270582,24540.435547
65,0.616737,0.164802,24773.402344
0,0.725091,0.376091,765.316589
1,0.736617,0.352600,998.340088
2,0.755831,0.247875,1297.760254
3,0.537923,0.508559,2029.874756
4,0.474167,0.483498,2362.514404
5,0.437383,0.487080,2811.798096
6,0.286632,0.483490,3627.003174
7,0.256159,0.486341,3826.683105
8,0.251217,0.411898,4076.263184
9,0.283052,0.306398,4375.748047
10,0.755763,0.440288,5407.242188
11,0.750384,0.500088,5640.269043
12,0.989463,0.473091,6605.130371
13,0.996068,0.319142,6904.620117
14,0.987148,0.293730,7220.683105
15,0.976667,0.247036,7503.594238
16,0.979428,0.465742,7786.424805
17,0.984194,0.465858,7969.433594
18,0.928775,0.477653,8318.778320
19,0.847804,0.507711,8718.130859
20,0.468097,0.488306,10248.756836
21,0.479534,0.416806,10415.230469
22,0.487626,0.325544,10614.790039
23,0.485633,0.144555,11147.267578
24,0.338855,0.229481,11496.611328
25,0.245197,0.236368,11995.674805
26,0.236625,0.227044,12178.748047
27,0.201902,0.333730,12711.098633
28,0.284193,0.243647,13060.488281
29,0.290695,0.263593,13243.512695
30,0.251241,0.279370,14275.046875
31,0.099325,0.402314,14574.616211
32,0.094147,0.447644,14774.224609
33,0.102803,0.456751,15140.185547
34,0.115283,0.457569,15356.504883
35,0.344667,0.527979,16088.560547
36,0.335621,0.518533,16288.207031
37,0.467562,0.493933,16887.126953
38,0.503122,0.483825,17103.525391
39,0.765045,0.476765,18085.150391
40,0.769683,0.478588,18268.103516
41,0.871807,0.475337,18883.726562
42,0.481515,0.482917,19898.613281
43,0.895959,0.375486,21462.478516
44,0.977960,0.315037,21728.669922
45,0.005680,0.294224,22044.904297
46,0.022602,0.229769,22277.798828
47,0.027453,0.154690,22710.316406
48,0.990970,0.138058,22976.521484
49,0.854098,0.209753,23226.148438
50,0.860747,0.372982,23608.722656
51,0.862684,0.361949,23808.392578
52,0.975196,0.507968,24141.162109
53,0.982293,0.500863,24390.714844
54,0.983575,0.489748,24673.519531
0,0.719194,0.538084,316.112640
1,0.737107,0.466032,648.787537
2,0.731028,0.381257,981.548340
3,0.738685,0.346181,1347.615112
4,0.738152,0.283278,1746.926880
5,0.722141,0.320262,2013.102417
6,0.690312,0.204791,3161.118164
7,0.677862,0.135099,3710.141113
8,0.607652,0.095678,4309.064941
9,0.548473,0.080494,4475.503906
10,0.598808,0.077396,4591.947266
11,0.536897,0.076791,4974.683105
12,0.489665,0.084064,5174.250000
13,0.808569,0.669841,6039.438477
14,0.812705,0.640642,6255.691406
15,0.978538,0.495720,7054.264160
16,0.081545,0.519040,7486.884277
17,0.981828,0.611380,7719.780273
18,0.967296,0.613340,7852.882812
19,0.110088,0.375763,8485.120117
20,0.955955,0.408986,8884.412109
21,0.933266,0.374742,9034.142578
22,0.937745,0.266256,9350.270508
23,0.917833,0.193787,9699.693359
24,0.966913,0.237532,9965.896484
25,0.996450,0.487371,10215.416992
26,0.980777,0.478237,10381.795898
27,0.952379,0.524318,10731.199219
28,0.867255,0.601574,10980.787109
29,0.807336,0.596377,11246.964844
30,0.812692,0.571543,11529.780273
31,0.740293,0.603005,11845.911133
32,0.706793,0.609230,12278.491211
33,0.709513,0.589454,12511.405273
34,0.708158,0.580822,12944.016602
35,0.482100,0.512466,13542.973633
36,0.466257,0.500358,13825.802734
37,0.378218,0.499688,14740.857422
38,0.487459,0.493867,15206.695312
39,0.498056,0.344595,15955.395508
40,0.512482,0.316218,16271.517578
41,0.456748,0.359383,16437.904297
42,0.349402,0.510871,16687.449219
43,0.257570,0.501898,17103.410156
44,0.238304,0.385099,17818.818359
45,0.230381,0.358010,18035.089844
46,0.240400,0.290881,18284.693359
47,0.229262,0.543109,18550.880859
48,0.292988,0.670542,19049.982422
49,0.719002,0.544806,20580.675781
50,0.743486,0.495060,20730.408203
51,0.740355,0.496275,20880.123047
52,0.737183,0.496372,21063.173828
53,0.627803,0.568842,21479.064453
54,0.573036,0.508936,21761.900391
55,0.544069,0.389853,22094.724609
56,0.482602,0.385469,22377.519531
57,0.489161,0.503159,22693.632812
58,0.526200,0.569265,22993.125000
59,0.484460,0.532901,23442.310547
60,0.500504,0.500947,23691.859375
61,0.613412,0.409569,24141.074219
62,0.553130,0.315916,24407.287109
63,0.492762,0.305268,24939.710938
0,0.747336,0.475536,349.337341
1,0.711816,0.716369,1064.788452
2,0.722706,0.798418,1397.599976
3,0.707852,0.960617,2029.735229
4,0.799780,0.985152,2162.838379
5,0.757703,0.988867,2495.624512
6,0.731920,0.704544,3294.254395
7,0.731344,0.428050,4292.482422
8,0.745532,0.363271,4608.565430
9,0.753132,0.320896,4741.697754
10,0.763454,0.276817,5024.495117
11,0.776496,0.158577,5307.329102
12,0.769956,0.130035,5473.768555
13,0.795250,0.083016,5889.685059
14,0.634269,0.436400,6122.593262
15,0.748207,0.529655,6688.312500
16,0.748545,0.525333,6804.726562
17,0.788618,0.563820,6987.787109
18,0.761888,0.537877,7337.133301
19,0.753292,0.536773,7603.359863
20,0.787701,0.572491,7902.883789
21,0.861996,0.495314,8551.654297
22,0.915785,0.476154,8950.975586
23,0.882966,0.437213,9233.885742
24,0.877249,0.329447,9549.926758
25,0.952261,0.323541,9782.946289
26,0.985239,0.385833,10198.784180
27,0.001226,0.472178,10514.958984
28,0.018967,0.464266,10664.643555
29,0.925296,0.342651,10997.474609
30,0.932812,0.312568,11080.640625
31,0.917254,0.204749,11446.671875
32,0.960340,0.230620,11746.152344
33,0.003939,0.233038,12045.627930
34,0.038040,0.261832,12345.082031
35,0.984310,0.257542,12611.293945
36,0.976726,0.234768,12894.138672
37,0.022937,0.290803,14008.782227
38,0.029955,0.295504,14208.480469
39,0.083014,0.349654,14458.029297
40,0.096348,0.379047,14674.325195
41,0.134235,0.431707,15306.574219
42,0.122331,0.467260,15622.731445
43,0.121530,0.482034,16138.398438
44,0.126846,0.380167,16504.521484
45,0.122714,0.336005,16704.164062
46,0.206784,0.349032,17036.929688
47,0.167917,0.388739,17319.781250
48,0.150312,0.274430,17901.994141
49,0.099071,0.226110,18118.375000
50,0.097064,0.236632,18384.558594
51,0.089317,0.187882,18867.035156
52,0.243937,0.353693,19665.687500
53,0.266042,0.455819,20231.261719
54,0.254995,0.468809,20381.074219
55,0.193351,0.186599,21512.343750
56,0.225288,0.157613,21795.201172
57,0.240780,0.141938,21978.205078
58,0.769182,0.310140,23342.513672
59,0.765688,0.343451,23575.439453
60,0.776273,0.407735,23775.072266
61,0.718789,0.384364,23974.748047
62,0.666799,0.439926,24324.111328
63,0.660556,0.445357,24457.201172
64,0.587557,0.433958,24690.173828
65,0.591185,0.452312,24806.603516
0,0.753406,0.393869,66.553230
1,0.750471,0.462639,399.320190
2,0.759249,0.431208,732.133484
3,0.739740,0.546802,1181.255127
4,0.773200,0.317395,1697.036621
5,0.742437,0.345427,1963.236938
6,0.733641,0.303624,2162.935059
7,0.740528,0.271071,2345.973877
8,0.734975,0.260792,2512.257080
9,0.744728,0.250180,2911.542969
10,0.747460,0.235525,2994.768799
11,0.754298,0.220032,3111.195557
12,0.765032,0.207711,3360.809082
13,0.787603,0.123517,3743.464600
14,0.764022,0.135144,3909.812744
15,0.840515,0.025811,4342.407227
16,0.036272,0.021237,4492.172363
17,0.576432,0.108141,5091.133789
18,0.551454,0.086892,5207.564453
19,0.455124,0.126073,5507.071777
20,0.993756,0.299251,6405.474609
21,0.975843,0.298140,6521.921875
22,0.966891,0.299692,6638.406250
23,0.003191,0.483928,6954.497559
24,0.998431,0.503761,7070.955566
25,0.992285,0.504889,7237.363770
26,0.954264,0.269535,7936.095215
27,0.930709,0.259941,8135.747070
28,0.866207,0.331396,8535.062500
29,0.759290,0.292852,9167.296875
30,0.719964,0.307518,9366.932617
31,0.704919,0.282045,9599.872070
32,0.730135,0.291226,10082.350586
33,0.724451,0.258587,10215.443359
34,0.665696,0.278788,10664.660156
35,0.645644,0.285123,10814.398438
36,0.684396,0.374300,11296.903320
37,0.687950,0.389591,11463.302734
38,0.573872,0.390540,11746.123047
39,0.530628,0.355233,11979.040039
40,0.492227,0.338075,12145.446289
41,0.470634,0.249447,12544.762695
42,0.487412,0.199056,12727.760742
43,0.491856,0.185771,13160.299805
44,0.369666,0.216104,13409.895508
45,0.322033,0.242274,13709.372070
46,0.268872,0.293101,13909.010742
47,0.223834,0.285430,14108.667969
48,0.234109,0.207726,14541.221680
49,0.254221,0.196026,14724.247070
50,0.256383,0.205376,15023.719727
51,0.256365,0.249728,15838.981445
52,0.237591,0.356342,16338.088867
53,0.040631,0.320952,17469.433594
54,0.063029,0.256232,17652.458984
55,0.059107,0.235650,17802.191406
56,0.983420,0.347544,18218.162109
57,0.981170,0.342666,18351.279297
58,0.986109,0.348607,18451.076172
59,0.969601,0.375419,18667.341797
60,0.095324,0.485879,19233.042969
61,0.089837,0.466622,19532.509766
62,0.174454,0.474850,20098.195312
63,0.163684,0.414609,20314.474609
64,0.153292,0.397321,20530.750000
65,0.157186,0.390061,20713.787109
66,0.197853,0.338410,20863.503906
67,0.228179,0.313766,21096.447266
68,0.243904,0.291586,21262.830078
69,0.244303,0.247630,21462.464844
70,0.249058,0.203730,21662.113281
71,0.250151,0.217949,22011.529297
72,0.262444,0.207645,22327.613281
73,0.499788,0.497469,24374.039062
74,0.447990,0.484674,24623.625000
75,0.438132,0.489111,24773.371094
0,0.732832,0.412137,266.249542
1,0.740200,0.313539,582.365967
2,0.735012,0.180770,815.217896
3,0.329948,0.127102,1963.231323
4,0.316842,0.172959,2146.365723
5,0.284753,0.234356,2612.165771
6,0.709147,0.071073,3011.409912
7,0.746358,0.203299,3976.365967
8,0.741000,0.158723,4259.263184
9,0.740597,0.413228,4591.999023
10,0.729779,0.515429,4808.242676
11,0.725463,0.550598,5074.505371
12,0.699591,0.527961,5373.946289
13,0.656004,0.390589,5573.614258
14,0.624857,0.277070,5806.557129
15,0.322012,0.053281,7237.337891
16,0.430827,0.163815,7503.628418
17,0.508294,0.586832,8152.399414
18,0.482137,0.555818,8668.217773
19,0.586388,0.382074,9200.637695
20,0.593062,0.342051,9350.327148
21,0.582547,0.256657,9616.525391
22,0.513474,0.270577,9882.726562
23,0.502699,0.265290,10099.044922
24,0.510998,0.268731,10265.378906
25,0.476485,0.273648,10465.139648
26,0.454499,0.263286,10764.532227
27,0.419950,0.237540,10947.528320
28,0.402250,0.179943,11213.785156
29,0.390743,0.128445,11529.913086
30,0.367913,0.093067,11995.715820
31,0.380678,0.091001,12345.179688
32,0.352353,0.044445,12478.262695
33,0.017818,0.044000,12744.410156
34,0.945428,0.100550,13343.361328
35,0.419889,0.055910,13842.472656
36,0.243772,0.168295,14258.433594
37,0.223120,0.120720,14458.099609
38,0.309776,0.086964,15040.470703
39,0.245520,0.069991,15223.424805
40,0.153520,0.046868,15439.725586
41,0.207619,0.066564,15739.187500
42,0.393210,0.264280,16787.357422
43,0.399339,0.494718,17037.005859
44,0.450277,0.457252,17586.058594
45,0.493078,0.444683,18018.558594
46,0.492046,0.366191,18484.371094
47,0.300605,0.364809,19282.996094
48,0.256038,0.375031,19532.585938
49,0.205112,0.233944,19998.410156
50,0.185968,0.182999,20248.023438
51,0.196028,0.123603,20514.205078
52,0.092828,0.357895,20830.277344
53,0.077029,0.495952,21013.322266
54,0.077486,0.537984,21296.156250
55,0.070803,0.526946,21479.212891
56,0.008783,0.481442,21911.714844
57,0.000539,0.318200,22128.011719
58,0.995942,0.203947,22394.257812
59,0.167841,0.270967,22893.337891
60,0.572967,0.330157,24057.966797
0,0.706546,0.447425,549.001038
1,0.693098,0.452743,981.702698
2,0.691825,0.353890,1197.932495
3,0.698758,0.304837,1480.701416
4,0.694718,0.260344,1830.110352
5,0.702206,0.241853,2013.209839
6,0.787530,0.362544,2711.891113
7,0.774770,0.233439,2961.487061
8,0.709870,0.242255,3610.406006
9,0.697370,0.234490,3693.510742
10,0.685004,0.156505,4142.745605
11,0.668304,0.126045,4408.976074
12,0.653682,0.105772,4775.050293
13,0.611126,0.091324,4924.682617
14,0.476495,0.284250,6305.671387
15,0.481557,0.309045,6571.885254
16,0.526477,0.456305,6921.239258
17,0.521292,0.458287,7004.380371
18,0.509901,0.479630,7170.760254
19,0.483407,0.514607,7403.688477
20,0.516354,0.504558,7936.153320
21,0.408338,0.569666,8335.429688
22,0.322700,0.455500,8901.120117
23,0.308557,0.400230,9134.087891
24,0.328519,0.358458,9433.568359
25,0.344263,0.330465,9716.405273
26,0.415105,0.352789,10165.557617
27,0.488080,0.309718,10697.937500
28,0.477740,0.284031,11080.633789
29,0.458899,0.277311,11446.663086
30,0.461456,0.360001,12028.991211
31,0.488563,0.424891,12195.353516
32,0.457999,0.482977,12511.447266
33,0.421507,0.497439,13226.885742
34,0.481236,0.464865,13792.592773
35,0.544322,0.384259,14258.393555
36,0.531605,0.400004,14374.907227
37,0.653594,0.434274,15256.641602
38,0.737752,0.453488,15672.585938
39,0.754824,0.461598,15805.710938
40,0.749187,0.466406,15955.459961
41,0.809012,0.462586,16704.115234
42,0.869672,0.452036,17070.125000
43,0.864092,0.462471,17286.464844
44,0.903485,0.465285,17486.134766
45,0.898236,0.473289,17585.972656
46,0.988065,0.474684,18001.875000
47,0.983206,0.484767,18284.681641
48,0.984565,0.484581,18467.810547
49,0.981181,0.466434,18683.990234
50,0.063645,0.352722,19582.439453
51,0.998069,0.307214,19931.898438
52,0.007352,0.298966,20031.621094
53,0.017179,0.303787,20181.419922
54,0.044246,0.263576,20813.667969
55,0.051488,0.275976,20963.322266
56,0.047078,0.289871,21063.201172
57,0.023539,0.351220,21329.359375
58,0.018492,0.408818,22610.496094
59,0.017922,0.476921,22843.376953
60,0.980905,0.477473,23226.082031
61,0.962916,0.482395,23558.849609
0,0.745189,0.376634,914.948425
1,0.823891,0.435307,1131.293213
2,0.734278,0.578622,1464.066040
3,0.700173,0.670259,1713.579590
4,0.643222,0.623178,1996.377197
5,0.608458,0.578744,2312.547852
6,0.565243,0.531715,2728.465576
7,0.526927,0.494038,2994.636963
8,0.534226,0.486120,3127.788330
9,0.520166,0.458880,3244.245361
10,0.528291,0.458414,3393.982666
11,0.467689,0.469437,3593.628418
12,0.464436,0.428326,3876.429199
13,0.471160,0.350520,4092.784180
14,0.423075,0.353864,4342.287598
15,0.419357,0.341619,4475.409180
16,0.456345,0.352126,4675.027832
17,0.347914,0.439401,4858.075684
18,0.239739,0.376999,5506.942871
19,0.209048,0.370063,5689.930176
20,0.187173,0.342158,5939.497070
21,0.164688,0.373617,6172.431641
22,0.151213,0.357847,6372.125000
23,0.038603,0.531852,7486.834961
24,0.026988,0.541548,7603.332031
25,0.959315,0.547349,7985.977539
26,0.965196,0.512601,8168.950684
27,0.964764,0.489545,8401.873047
28,0.912627,0.496612,8734.620117
29,0.846925,0.525765,9067.406250
30,0.921831,0.488547,9782.803711
31,0.911862,0.320990,10015.776367
32,0.927701,0.317157,10365.237305
33,0.921296,0.278268,10514.832031
34,0.876871,0.368084,10980.685547
35,0.865778,0.400199,11213.653320
36,0.860454,0.389050,11346.752930
37,0.966950,0.252044,11629.558594
38,0.947759,0.242468,11862.518555
39,0.985030,0.485363,12561.308594
40,0.848314,0.415059,13260.079102
41,0.778697,0.449658,13493.011719
42,0.780668,0.474534,13759.222656
43,0.730605,0.439091,14191.746094
44,0.731794,0.423248,14341.516602
45,0.702669,0.368136,14507.883789
46,0.705931,0.350688,14774.105469
47,0.745623,0.416840,14973.715820
48,0.767572,0.475565,15389.753906
49,0.753750,0.501044,15622.624023
50,0.734504,0.468694,15938.760742
51,0.703426,0.513672,16121.764648
52,0.621897,0.520847,16471.156250
53,0.538665,0.570444,17053.457031
54,0.519847,0.501953,17352.873047
55,0.466293,0.453587,17619.121094
56,0.469984,0.565733,17951.863281
57,0.473916,0.561092,18051.714844
58,0.562909,0.507971,18650.623047
59,0.678289,0.515133,19415.955078
60,0.681108,0.526505,19532.474609
61,0.680487,0.574157,19632.281250
62,0.733402,0.480340,19865.222656
63,0.827915,0.550534,20547.333984
64,0.842563,0.496484,20830.146484
65,0.763323,0.790183,21079.753906
66,0.857347,0.483450,21296.017578
67,0.909669,0.454677,21545.605469
68,0.912468,0.475642,21695.414062
69,0.911621,0.504863,21895.035156
70,0.958043,0.488163,22111.279297
71,0.993850,0.483156,22427.384766
72,0.996149,0.506997,22627.050781
73,0.033510,0.507966,22859.970703
74,0.993995,0.594503,23741.777344
75,0.993596,0.586593,23941.398438
76,0.010606,0.537206,24257.546875
0,0.752172,0.591595,33.312641
1,0.749434,0.603902,182.949280
2,0.733473,0.600562,465.808716
3,0.802367,0.693536,1164.662964
4,0.791405,0.656564,1380.903442
5,0.735456,0.574511,1746.886353
6,0.734532,0.590122,1979.892212
7,0.734619,0.597315,2079.672119
8,0.720680,0.588740,2612.058350
9,0.656942,0.693817,4109.484863
10,0.649663,0.701638,4408.989258
11,0.609296,0.697997,4841.583984
12,0.581289,0.642295,5274.099121
13,0.585275,0.614255,5457.084473
14,0.554905,0.519429,5839.750977
15,0.527068,0.511244,6122.602051
16,0.492154,0.511272,6638.357422
17,0.505980,0.516817,7087.633789
18,0.505599,0.530220,7187.418945
19,0.465476,0.536200,7353.811035
20,0.471062,0.524380,7753.099121
21,0.449127,0.543627,8052.533691
22,0.468586,0.569177,8302.171875
23,0.480617,0.495100,8751.319336
24,0.492309,0.432992,9017.678711
25,0.496659,0.371549,9217.166992
26,0.532396,0.182296,9732.958984
27,0.513049,0.116539,10132.245117
28,0.520996,0.135447,10365.259766
29,0.621433,0.089901,10648.099609
30,0.597823,0.093803,10747.833008
31,0.645678,0.203489,10980.786133
32,0.560509,0.330621,11430.012695
33,0.533925,0.415805,11696.217773
34,0.499336,0.502285,11979.079102
35,0.502503,0.574477,12528.107422
36,0.465874,0.612164,12910.786133
37,0.458810,0.570928,13176.981445
38,0.449359,0.568233,13443.174805
39,0.457246,0.560235,13609.564453
40,0.430683,0.529946,14225.085938
41,0.358409,0.585825,14807.477539
42,0.371264,0.553975,15090.281250
43,0.294984,0.421558,15389.776367
44,0.356945,0.252759,16188.377930
45,0.403287,0.544233,16587.689453
46,0.283144,0.245390,17369.591797
47,0.204465,0.220839,17818.878906
48,0.214335,0.245547,17952.033203
49,0.220417,0.241947,18151.611328
50,0.286505,0.345730,18351.271484
51,0.232780,0.362717,18501.007812
52,0.219718,0.269197,18800.435547
53,0.222718,0.208939,19116.568359
54,0.223810,0.222953,19266.291016
55,0.207990,0.336909,19632.410156
56,0.098673,0.258868,20031.703125
57,0.196390,0.476791,20464.236328
58,0.224279,0.521525,20763.701172
59,0.272200,0.573491,21129.757812
60,0.225035,0.638653,21678.746094
61,0.446874,0.887892,23209.449219
62,0.530520,0.955778,23492.279297
63,0.154842,0.876216,24873.181641
0,0.727583,0.524785,232.898254
1,0.733474,0.445316,432.559418
2,0.721192,0.331602,632.211182
3,0.704121,0.272287,915.012573
4,0.682841,0.218716,1148.006714
5,0.668908,0.196713,1364.338013
6,0.655491,0.167813,1630.527954
7,0.708220,0.218933,1946.579590
8,0.768482,0.578553,2661.963623
9,0.759562,0.584634,2878.260498
10,0.829312,0.603302,3227.660645
11,0.861408,0.481036,3593.709961
12,0.932238,0.422084,3843.233643
13,0.933840,0.430142,3943.052246
14,0.977186,0.437596,4209.272461
15,0.097830,0.454051,4891.471680
16,0.088872,0.442657,5340.626953
17,0.857183,0.160053,5972.873535
18,0.802428,0.191572,6189.183594
19,0.726489,0.132716,6405.432617
20,0.579549,0.124642,6838.104492
21,0.552589,0.160330,7087.610840
22,0.548247,0.162509,7170.781738
23,0.553287,0.146765,7270.658691
24,0.556135,0.236360,7719.824219
25,0.522516,0.260442,8019.323242
26,0.487305,0.455838,8651.507812
27,0.493177,0.539132,9034.192383
28,0.454663,0.547681,9283.827148
29,0.454352,0.552561,9383.541992
30,0.450594,0.541935,9483.390625
31,0.613821,0.468093,10148.972656
32,0.692051,0.521958,10947.497070
33,0.735284,0.417421,11380.106445
34,0.715213,0.282803,11613.025391
35,0.222572,0.419311,13526.356445
36,0.221538,0.409313,13626.181641
37,0.261732,0.560095,13842.473633
38,0.468013,0.479722,14574.515625
39,0.498719,0.442856,14774.193359
40,0.496530,0.453960,14957.175781
41,0.484985,0.394021,15190.127930
42,0.539667,0.449599,15423.005859
43,0.552218,0.447957,15772.389648
44,0.551783,0.636575,16088.492188
45,0.551883,0.644605,16371.450195
46,0.553125,0.650446,16604.296875
47,0.550647,0.652406,16920.457031
48,0.478810,0.539702,17236.490234
49,0.427621,0.530274,18184.871094
50,0.337798,0.768542,18750.513672
51,0.411894,0.677137,19149.876953
52,0.474850,0.711990,19499.302734
53,0.513291,0.678014,19715.501953
54,0.583188,0.731175,20497.515625
55,0.580716,0.762092,20830.210938
56,0.612595,0.762338,21046.564453
57,0.604249,0.769029,21196.248047
58,0.685805,0.607408,21712.017578
59,0.736605,0.477196,22127.955078
60,0.713155,0.806892,22477.365234
61,0.681329,0.827225,22826.728516
62,0.555952,0.783269,23192.765625
63,0.526353,0.772104,23625.357422
64,0.532199,0.773426,23858.253906
65,0.501842,0.776259,24324.105469
0,0.814245,0.452022,266.252869
1,0.732092,0.443252,549.121094
2,0.746617,0.376528,831.843323
3,0.759639,0.261728,1164.652222
4,0.721715,0.243197,1364.317505
5,0.713242,0.239026,1563.962769
6,0.721552,0.279973,1963.264282
7,0.619700,0.102042,2395.882324
8,0.596531,0.066535,2578.811523
9,0.581401,0.053624,2728.586182
10,0.461125,0.059028,2911.626221
11,0.512454,0.222491,3327.489990
12,0.489836,0.354184,3760.067871
13,0.473321,0.419663,4026.302490
14,0.479122,0.458366,4225.957031
15,0.476392,0.379022,4575.349609
16,0.465557,0.498248,4991.249512
17,0.477952,0.498924,5124.403809
18,0.440602,0.490910,5457.093262
19,0.495333,0.482975,5823.156250
20,0.741859,0.492706,6721.594238
21,0.749186,0.492072,6921.261719
22,0.754212,0.489812,7204.125000
23,0.742812,0.412932,7437.016113
24,0.752436,0.390304,7603.374512
25,0.752468,0.381586,7703.188477
26,0.901474,0.492407,8052.601562
27,0.945532,0.493459,8302.203125
28,0.987718,0.507007,8585.021484
29,0.016765,0.372477,9001.013672
30,0.020752,0.316236,9200.564453
31,0.024195,0.286014,9333.725586
32,0.971006,0.484934,9799.562500
33,0.965088,0.517831,9932.681641
34,0.970661,0.472762,10431.767578
35,0.109437,0.524288,10731.288086
36,0.111069,0.507895,11080.637695
37,0.233863,0.401382,11563.158203
38,0.245985,0.386409,11796.078125
39,0.270545,0.316531,11995.727539
40,0.271998,0.265718,12295.218750
41,0.248754,0.501066,12694.489258
42,0.249026,0.563448,12960.673828
43,0.340460,0.503683,13343.427734
44,0.374981,0.508977,13576.301758
45,0.451413,0.467285,14275.025391
46,0.506213,0.427248,14641.123047
47,0.515568,0.393114,14840.692383
48,0.493210,0.495503,15306.561523
49,0.491951,0.501504,15423.125977
50,0.443781,0.483699,15972.107422
51,0.506922,0.340034,16354.712891
52,0.507277,0.304910,16521.228516
53,0.499163,0.272048,16687.484375
54,0.494616,0.229384,16937.097656
55,0.495649,0.199766,17153.318359
56,0.480969,0.170760,17319.712891
57,0.488159,0.254515,17868.824219
58,0.494012,0.314960,18234.759766
59,0.496581,0.410996,18500.960938
60,0.484770,0.511363,18750.613281
61,0.485042,0.519890,19166.492188
62,0.495737,0.492211,19349.611328
63,0.501405,0.395410,19732.203125
64,0.409872,0.525460,20231.400391
65,0.424351,0.560872,20430.919922
66,0.437778,0.573740,20630.621094
67,0.445115,0.585498,21013.310547
68,0.409503,0.613842,21312.750000
69,0.355997,0.482296,21795.236328
70,0.448447,0.484851,22127.966797
71,0.495324,0.491726,22610.507812
72,0.283878,0.911833,23891.583984
73,0.326055,0.951481,24074.603516
74,0.043122,0.995559,24457.244141
0,0.766100,0.677817,116.455788
1,0.727484,0.792318,549.010803
2,0.731694,0.515675,865.135498
3,0.723283,0.478447,1181.282471
4,0.724333,0.288827,1929.972412
5,0.728635,0.263853,2112.909180
6,0.697764,0.139028,2379.124023
7,0.662984,0.040460,2562.235840
8,0.309339,0.015567,2728.553955
9,0.233000,0.087810,3077.910645
10,0.302863,0.107464,3344.145508
11,0.463587,0.254982,4292.483398
12,0.465055,0.490739,4758.339355
13,0.464003,0.498588,4941.404785
14,0.504847,0.533053,5207.573242
15,0.740555,0.530480,6039.490234
16,0.733561,0.399796,6405.454590
17,0.474695,0.519257,7320.522949
18,0.428841,0.543194,7802.988770
19,0.478725,0.546643,8418.562500
20,0.509113,0.571021,8851.188477
21,0.490140,0.384914,9183.933594
22,0.470454,0.256448,9350.266602
23,0.462425,0.156803,9599.927734
24,0.455698,0.149413,9932.687500
25,0.475922,0.278829,10232.069336
26,0.482304,0.346641,10498.260742
27,0.489309,0.440244,10714.618164
28,0.484821,0.489135,11047.325195
29,0.473901,0.489990,11296.919922
30,0.423645,0.404425,11563.132812
31,0.347499,0.456140,11779.374023
32,0.314719,0.480515,12029.023438
33,0.268831,0.481620,12361.723633
34,0.237858,0.411051,12577.997070
35,0.235032,0.276587,12810.927734
36,0.227021,0.242131,13077.123047
37,0.230734,0.239165,13343.296875
38,0.230952,0.184699,13626.181641
39,0.219292,0.196663,13859.091797
40,0.221156,0.077208,14308.294922
41,0.207911,0.235681,14774.204102
42,0.191766,0.620664,15722.494141
43,0.240495,0.499894,15922.161133
44,0.237745,0.502177,16155.147461
45,0.373491,0.566609,16670.845703
46,0.449471,0.565095,16953.679688
47,0.444499,0.545141,17103.416016
48,0.481549,0.543669,17419.500000
49,0.484164,0.478753,17918.679688
50,0.517461,0.445400,18268.119141
51,0.493072,0.350829,18900.275391
52,0.476091,0.297160,19133.216797
53,0.481478,0.425779,20048.279297
54,0.495175,0.546234,20231.267578
55,0.509966,0.608843,20680.554688
56,0.489733,0.630448,21079.880859
57,0.499626,0.668440,21678.730469
58,0.488197,0.634969,23608.695312
59,0.448195,0.590430,24057.933594
60,0.449007,0.548431,24407.355469
61,0.451233,0.543643,24590.328125
0,0.736195,0.464018,399.389496
1,0.782724,0.500725,981.632751
2,0.801208,0.545352,1214.560913
3,0.715152,0.538922,1580.585449
4,0.729252,0.450878,1780.265137
5,0.730635,0.357664,1979.865601
6,0.729385,0.296197,2196.152344
7,0.735016,0.260310,2379.168701
8,0.759911,0.221140,2728.552246
9,0.802909,0.185909,3011.382324
10,0.780911,0.151243,3344.128174
11,0.760194,0.119085,3593.707031
12,0.812750,0.102945,4109.479492
13,0.847947,0.088309,4309.123047
14,0.874321,0.086161,4525.439941
15,0.335007,0.033734,5024.529297
16,0.455196,0.081908,5324.022461
17,0.484870,0.461773,6388.820312
18,0.444181,0.497788,7436.984863
19,0.548521,0.571516,7769.753418
20,0.544994,0.578986,7902.838867
21,0.538700,0.496999,8085.858887
22,0.490091,0.466827,8318.799805
23,0.561499,0.449698,8867.829102
24,0.620564,0.443975,9416.859375
25,0.990550,0.485842,10648.058594
26,0.997687,0.492931,11030.720703
27,0.979002,0.484183,11263.636719
28,0.950054,0.486194,11529.839844
29,0.911586,0.553856,12112.156250
30,0.063849,0.609206,12661.180664
31,0.070981,0.513099,12960.662109
32,0.072206,0.472075,13226.878906
33,0.111457,0.526484,13426.518555
34,0.105617,0.517719,13542.980469
35,0.112568,0.521963,14158.584961
36,0.115251,0.507942,14857.361328
37,0.118845,0.487395,15240.016602
38,0.122473,0.473209,15423.040039
39,0.130907,0.470445,15755.781250
40,0.140843,0.431676,16005.347656
41,0.015076,0.412831,16437.929688
42,0.969232,0.436368,16803.966797
43,0.975868,0.436677,17003.632812
44,0.985176,0.289319,17469.484375
45,0.989532,0.246026,17652.470703
46,0.985412,0.201210,17868.755859
47,0.981142,0.170771,18184.882812
48,0.988100,0.208474,18484.349609
49,0.952628,0.248166,18817.113281
50,0.892253,0.298198,19099.953125
51,0.858843,0.319742,19299.613281
52,0.790077,0.311835,19698.923828
53,0.735934,0.368264,19981.750000
54,0.738382,0.441784,20231.294922
55,0.739740,0.488819,20480.886719
56,0.704107,0.498314,20730.414062
57,0.480401,0.466620,21578.947266
58,0.473266,0.354673,21828.537109
59,0.459876,0.319166,22028.146484
60,0.457820,0.267013,22261.109375
61,0.435056,0.236098,22543.923828
62,0.354093,0.318443,22926.589844
63,0.342748,0.358981,23076.320312
64,0.270887,0.383155,23425.726562
65,0.241711,0.407148,23691.919922
66,0.232643,0.367117,23941.472656
67,0.230085,0.321568,24174.398438
68,0.212392,0.262315,24423.962891
69,0.220234,0.263249,24756.740234
0,0.726575,0.424414,16.648813
1,0.721609,0.467711,282.954224
2,0.739303,0.467474,532.395935
3,0.728890,0.261096,898.443665
4,0.721716,0.245947,1081.540894
5,0.752648,0.526271,1630.528809
6,0.769267,0.735772,1963.310181
7,0.760454,0.737716,2079.699463
8,0.756396,0.731702,2212.841309
9,0.705690,0.849825,2562.237793
10,0.708407,0.844880,2745.201172
11,0.717656,0.847373,2928.278320
12,0.739982,0.728577,3161.194580
13,0.879074,0.956779,3593.726318
14,0.864902,0.959872,3793.421875
15,0.036020,0.976733,4109.592285
16,0.475837,0.399941,5972.885254
17,0.502148,0.534136,6355.628906
18,0.509115,0.527813,6621.783203
19,0.504998,0.525015,6821.422363
20,0.487603,0.500942,7104.279297
21,0.452103,0.280374,7486.963867
22,0.447807,0.250752,7636.729004
23,0.436774,0.200359,7902.902344
24,0.461873,0.232248,8268.936523
25,0.460752,0.220186,8485.250977
26,0.380695,0.144968,8734.773438
27,0.353575,0.095545,8934.392578
28,0.380524,0.062764,9183.992188
29,0.352533,0.079571,9383.706055
30,0.382845,0.059190,9616.569336
31,0.503037,0.013463,9832.852539
32,0.648103,0.016709,10049.159180
33,0.935288,0.051095,10581.598633
34,0.028645,0.145708,10964.171875
35,0.986995,0.492472,11779.431641
36,0.981665,0.493178,11962.494141
37,0.071405,0.460744,12245.332031
38,0.059847,0.415834,12561.478516
39,0.108900,0.438823,12844.221680
40,0.107673,0.441199,12960.734375
41,0.101260,0.438109,13143.711914
42,0.082494,0.443901,13559.673828
43,0.953248,0.319767,13726.114258
44,0.935723,0.284413,13992.211914
45,0.944828,0.226388,14208.536133
46,0.990675,0.351233,14657.768555
47,0.991751,0.481307,14874.068359
48,0.961245,0.494376,15156.913086
49,0.824782,0.383449,15689.295898
50,0.824802,0.369478,15872.271484
51,0.780496,0.458444,16088.670898
52,0.788540,0.427165,16388.074219
53,0.729023,0.431686,17020.328125
54,0.744831,0.478247,17402.937500
55,0.740382,0.456013,17552.667969
56,0.715439,0.278485,17802.277344
57,0.715265,0.258850,18068.480469
58,0.734212,0.399008,18451.101562
59,0.470606,0.492423,19549.181641
60,0.379648,0.441623,20081.580078
61,0.281546,0.409180,20530.835938
62,0.251151,0.398338,20880.179688
63,0.228314,0.329382,21146.394531
64,0.218595,0.256422,21479.156250
65,0.220935,0.247655,21579.003906
66,0.219058,0.215610,21695.439453
67,0.227718,0.225056,22094.791016
68,0.233372,0.475003,22627.132812
69,0.238302,0.461878,22893.347656
70,0.316856,0.182997,23209.482422
71,0.357565,0.140949,23375.843750
72,0.357158,0.086974,23642.060547
73,0.229887,0.080192,23858.339844
74,0.348135,0.046726,24124.550781
75,0.374526,0.053321,24673.617188
76,0.493306,0.185899,24973.019531
0,0.794581,0.740956,33.251358
1,0.704349,0.231880,1131.338257
2,0.486471,0.177207,2029.826172
3,0.490203,0.438781,2512.322021
4,0.479590,0.494169,2745.239014
5,0.245023,0.418933,4342.403320
6,0.208538,0.319183,4625.325195
7,0.226657,0.230426,5140.990723
8,0.236929,0.606203,5573.578613
9,0.110013,0.413138,6122.617676
10,0.492205,0.494301,7071.000977
11,0.533777,0.492004,8518.476562
12,0.519853,0.529538,8718.130859
13,0.610137,0.139164,9599.899414
14,0.488414,0.130449,9899.387695
15,0.643670,0.123443,10248.762695
16,0.743372,0.288679,10698.006836
17,0.767683,0.432827,10947.557617
18,0.975489,0.243228,11629.696289
19,0.991874,0.265197,11945.778320
20,0.002903,0.468024,12278.531250
21,0.916134,0.479259,12644.601562
22,0.912937,0.527393,12993.975586
23,0.910875,0.534703,13093.773438
24,0.911803,0.562306,13310.066406
25,0.873286,0.504777,13859.180664
26,0.865705,0.448710,14025.512695
27,0.738505,0.402118,14740.894531
28,0.735114,0.490627,14940.530273
29,0.485486,0.304676,16055.283203
30,0.493671,0.469387,16620.941406
31,0.441627,0.509255,16970.349609
32,0.443055,0.516084,17452.837891
33,0.485351,0.505133,18085.062500
34,0.443720,0.509606,18384.539062
35,0.444347,0.515042,18617.476562
36,0.092492,0.476990,22710.330078
37,0.106450,0.490715,22843.482422
38,0.106086,0.483332,22943.222656
39,0.103170,0.422076,23092.957031
40,0.050027,0.437853,23359.187500
41,0.110902,0.297332,23725.265625
42,0.105120,0.478658,24057.968750
43,0.098957,0.485467,24457.255859
44,0.110885,0.491067,24973.052734
0,0.696810,0.504523,16.649082
1,0.743219,0.539827,349.367950
2,0.740422,0.550174,515.779724
3,0.827435,0.636566,831.871826
4,0.964427,0.460337,1563.947388
5,0.962943,0.463454,1680.383545
6,0.959571,0.470692,1846.803833
7,0.941046,0.471108,1996.536987
8,0.670546,0.401147,3094.602783
9,0.469069,0.555175,3959.765625
10,0.468576,0.545161,4076.231201
11,0.473703,0.521931,4242.601562
12,0.474486,0.513963,4342.386230
13,0.473023,0.481100,4608.644043
14,0.412996,0.558265,4908.111816
15,0.424236,0.551042,5124.375000
16,0.349238,0.566989,5423.876465
17,0.265499,0.436930,6172.535156
18,0.216817,0.307086,6405.460938
19,0.196464,0.207181,6655.076172
20,0.397894,0.096154,7187.415527
21,0.345373,0.283867,7536.857910
22,0.351352,0.292130,7736.491699
23,0.725110,0.533768,9333.689453
24,0.723711,0.485852,9500.087891
25,0.729617,0.461796,9899.383789
26,0.665494,0.453080,10132.287109
27,0.659384,0.359701,10415.121094
28,0.468360,0.528786,11113.906250
29,0.477344,0.529193,11197.102539
30,0.481011,0.513021,11430.021484
31,0.494715,0.556357,11646.342773
32,0.468622,0.518903,12112.165039
33,0.428936,0.518836,12494.825195
34,0.433654,0.469072,12827.562500
35,0.421127,0.478382,13027.225586
36,0.450982,0.598846,13376.618164
37,0.498848,0.708044,13859.151367
38,0.473006,0.572608,14158.589844
39,0.476315,0.482602,14424.789062
40,0.483694,0.459534,14940.558594
41,0.554027,0.501167,15273.348633
42,0.594522,0.504162,15722.536133
43,0.605124,0.419948,16304.839844
44,0.953532,0.425160,17519.373047
45,0.968083,0.443538,17902.056641
46,0.061197,0.450648,18550.898438
47,0.096974,0.460565,18783.824219
48,0.090377,0.471332,18916.921875
49,0.089729,0.484228,19316.230469
50,0.100607,0.503257,19632.343750
51,0.107841,0.439037,20031.660156
52,0.096601,0.411903,20231.519531
53,0.078212,0.519279,20497.527344
54,0.070120,0.559551,20647.246094
55,0.066836,0.563646,20846.904297
56,0.067933,0.543070,21412.574219
57,0.181514,0.352952,21662.140625
58,0.212222,0.398036,22161.267578
59,0.205136,0.405811,22294.353516
60,0.906917,0.257985,23126.253906
61,0.544947,0.203668,24207.705078
62,0.684231,0.209092,24806.650391
0,0.761400,0.444172,316.057861
1,0.815274,0.147520,1081.423584
2,0.819674,0.177297,1297.629395
3,0.919036,0.193838,1746.936279
4,0.908888,0.204836,1946.507446
5,0.898707,0.213119,2029.740356
6,0.725372,0.040737,2761.756348
7,0.484285,0.483813,3909.771484
8,0.502692,0.456271,4358.976074
9,0.986033,0.292629,5873.037598
10,0.090144,0.458683,6288.923340
11,0.120263,0.458124,6555.195312
12,0.504904,0.099325,8385.252930
13,0.475204,0.220995,11313.572266
14,0.473068,0.226705,11413.310547
15,0.444928,0.141715,11712.885742
16,0.349085,0.126594,11912.500977
17,0.392284,0.096845,12311.759766
18,0.492376,0.501675,13276.763672
19,0.319865,0.515995,14058.709961
20,0.247724,0.391732,14574.491211
21,0.259034,0.399481,14674.256836
22,0.266053,0.341124,14857.282227
23,0.344364,0.409921,15356.463867
24,0.375094,0.428798,15556.163086
25,0.373908,0.404125,15672.578125
26,0.363340,0.281946,16121.803711
27,0.338818,0.252727,16271.532227
28,0.339131,0.240933,16571.035156
29,0.353600,0.273922,16754.021484
30,0.348175,0.252616,17336.339844
31,0.359796,0.291659,17901.949219
32,0.354699,0.285879,18550.875000
33,0.376222,0.323796,20098.140625
34,0.445423,0.082153,21745.234375
35,0.489417,0.103241,22460.759766
36,0.427139,0.102902,22893.263672
37,0.384348,0.098091,23176.191406
38,0.571087,0.362604,23625.333984
39,0.503427,0.169435,23841.621094
0,0.731355,0.503817,415.938873
1,0.694346,0.397949,815.261536
2,0.516769,0.437011,1929.922363
3,0.464472,0.480104,2129.575928
4,0.484877,0.179604,2795.084473
5,0.462224,0.143057,2994.741455
6,0.405052,0.157287,3177.760742
7,0.321324,0.314033,3543.742920
8,0.262035,0.450799,3976.384033
9,0.244425,0.352024,4192.625488
10,0.239265,0.336457,4359.108887
11,0.241221,0.220129,4808.231445
12,0.366381,0.228432,5606.910645
13,0.579257,0.241155,6372.247559
14,0.613738,0.236290,6788.132812
15,0.689180,0.301419,7120.870117
16,0.732712,0.313083,7470.256836
17,0.729050,0.315525,7586.674805
18,0.746624,0.429026,7869.583984
19,0.815019,0.441237,8385.395508
20,0.867732,0.467665,8618.311523
21,0.942648,0.475960,9017.595703
22,0.984435,0.481682,9500.024414
23,0.000878,0.314358,10148.862305
24,0.972003,0.291298,10531.553711
25,0.036213,0.285276,10747.819336
26,0.722566,0.743056,12095.520508
27,0.714628,0.740198,12261.838867
28,0.821130,0.744731,16271.559570
29,0.763980,0.457459,17120.007812
30,0.884978,0.478989,17852.080078
31,0.951327,0.486626,18184.855469
32,0.984814,0.487199,18550.923828
33,0.084183,0.209593,19499.232422
34,0.075196,0.167137,19698.869141
35,0.013858,0.321429,20214.640625
36,0.074224,0.361080,20564.064453
37,0.073080,0.387699,21046.591797
38,0.779704,0.611315,21928.291016
39,0.781240,0.614481,22211.158203
40,0.772708,0.561396,22593.865234
41,0.637974,0.459233,23508.937500
42,0.618601,0.459378,23691.876953
43,0.593620,0.460621,23874.892578
44,0.534606,0.493380,24141.085938
45,0.541630,0.476923,24307.447266
46,0.488029,0.494951,24590.335938
47,0.451132,0.481571,24989.607422
0,0.746745,0.586588,166.375076
1,0.741209,0.546585,415.958710
2,0.721508,0.398207,798.622620
3,0.718747,0.318116,998.299622
4,0.714046,0.241512,1247.828491
5,0.657466,0.363754,1547.381470
6,0.665851,0.345786,1813.538574
7,0.581756,0.482489,2046.437622
8,0.569167,0.562389,2279.348389
9,0.514574,0.543446,2678.684814
10,0.478487,0.478868,2828.416504
11,0.477231,0.436861,3028.024170
12,0.475325,0.463907,3260.993896
13,0.428053,0.453455,3693.553955
14,0.439028,0.455590,3926.467773
15,0.347915,0.467922,4359.057129
16,0.329769,0.542764,4758.364258
17,0.293017,0.567910,5041.198242
18,0.245012,0.576729,5423.878418
19,0.250444,0.545596,5723.322266
20,0.307672,0.565177,5889.711914
21,0.357888,0.618408,6089.394043
22,0.448666,0.439076,6788.135254
23,0.445027,0.446534,6937.879395
24,0.492684,0.450931,7154.168945
25,0.487287,0.471547,7303.914062
26,0.552356,0.464804,7669.929688
27,0.623785,0.496591,8052.596191
28,0.666210,0.497495,8268.883789
29,0.729671,0.526093,8601.658203
30,0.750280,0.485491,8884.473633
31,0.734277,0.479433,9183.980469
32,0.768820,0.403195,9732.999023
33,0.775248,0.368933,10032.468750
34,0.796006,0.341926,10448.430664
35,0.802715,0.325435,10714.612305
36,0.744771,0.327985,10930.923828
37,0.737459,0.223198,11197.130859
38,0.741371,0.241916,11380.106445
39,0.745663,0.260417,11529.880859
40,0.722728,0.230203,11679.588867
41,0.665113,0.206071,11879.226562
42,0.576285,0.045189,12661.211914
43,0.437055,0.010779,13010.595703
44,0.068775,0.132915,13792.564453
45,0.094695,0.123052,13975.567383
46,0.861459,0.156465,14740.942383
47,0.868318,0.139652,14824.118164
48,0.847134,0.177104,14990.473633
49,0.874494,0.267349,15156.878906
50,0.046476,0.196099,16238.315430
51,0.034094,0.207818,16371.411133
52,0.004913,0.361128,16720.765625
53,0.025214,0.363488,16920.496094
54,0.027976,0.382574,17103.470703
55,0.014129,0.353775,17303.105469
56,0.972365,0.343779,17785.580078
57,0.028764,0.481495,18051.787109
58,0.963775,0.321343,18251.439453
59,0.039969,0.308663,18883.656250
60,0.052027,0.228888,19316.253906
61,0.033839,0.110128,19499.277344
62,0.955098,0.095748,19832.039062
63,0.904442,0.095462,20048.332031
64,0.873148,0.192809,20231.332031
65,0.823253,0.226635,20613.982422
66,0.394949,0.086722,21662.173828
67,0.380746,0.138485,21911.750000
68,0.371954,0.378743,22776.880859
69,0.371876,0.380852,22926.611328
70,0.463275,0.457595,23475.656250
71,0.471869,0.458363,23575.488281
72,0.473176,0.538901,23758.517578
73,0.479778,0.570967,23891.582031
74,0.475674,0.584815,24074.587891
75,0.479763,0.564174,24357.443359
76,0.547767,0.428805,24557.099609
0,0.748513,0.537411,282.962646
1,0.738240,0.478596,465.863922
2,0.734648,0.349819,815.318909
3,0.725778,0.289126,965.037109
4,0.730302,0.289024,1064.866821
5,0.723234,0.256607,1181.341187
6,0.596558,0.282111,1447.474731
7,0.568699,0.267951,1613.852417
8,0.477271,0.467612,2429.144531
9,0.482277,0.472067,2562.226074
10,0.482232,0.502418,2711.962158
11,0.486773,0.509505,2894.989258
12,0.436215,0.504216,3211.172363
13,0.485485,0.200234,3610.408936
14,0.498986,0.157029,3810.108398
15,0.515198,0.131725,4109.543945
16,0.638882,0.089251,4525.473145
17,0.777011,0.322103,5190.975098
18,0.733412,0.491126,5706.710449
19,0.733689,0.503338,6056.150391
20,0.917911,0.481844,6322.395996
21,0.970038,0.475470,6605.177734
22,0.995821,0.474224,6738.277344
23,0.994434,0.314938,7021.174316
24,0.996065,0.280228,7187.458496
25,0.999508,0.236267,7420.457031
26,0.996041,0.226878,7670.013184
27,0.914612,0.284857,8085.918945
28,0.997739,0.312085,8435.359375
29,0.036440,0.387453,8817.958008
30,0.041934,0.512683,9000.944336
31,0.116434,0.513811,9466.810547
32,0.112664,0.326476,9766.321289
33,0.127913,0.313689,9916.077148
34,0.111101,0.204774,10182.259766
35,0.868198,0.250909,10930.943359
36,0.838443,0.332263,11130.622070
37,0.885682,0.463956,11396.802734
38,0.789854,0.414533,11796.169922
39,0.733399,0.394488,12045.708984
40,0.722901,0.315893,12411.748047
41,0.239108,0.281984,13925.728516
42,0.243833,0.236311,14191.913086
43,0.246107,0.214450,14374.914062
44,0.225683,0.374710,14790.878906
45,0.247754,0.435231,15057.091797
46,0.377580,0.432272,15639.342773
47,0.374450,0.517227,15872.266602
48,0.470230,0.483333,16354.813477
49,0.508199,0.472943,16737.464844
50,0.495822,0.458895,16937.138672
51,0.485390,0.388889,17219.970703
52,0.482956,0.365722,17402.962891
53,0.461658,0.233053,17935.330078
54,0.458458,0.200238,18151.646484
55,0.475933,0.161599,18368.035156
56,0.470525,0.132941,18717.300781
57,0.438074,0.073144,18966.919922
58,0.477847,0.037418,19199.787109
59,0.755506,0.035259,19349.582031
60,0.778215,0.040904,19515.935547
61,0.363427,0.170396,20048.318359
62,0.486794,0.185518,20297.904297
63,0.529075,0.240730,20896.921875
64,0.488422,0.321994,21346.085938
65,0.467739,0.347281,21628.900391
66,0.481727,0.384763,21811.916016
67,0.405000,0.278641,22061.464844
68,0.403174,0.253078,22227.859375
69,0.487846,0.402669,22643.791016
70,0.503465,0.405411,22843.462891
71,0.500729,0.513782,23309.316406
72,0.501730,0.484565,23625.457031
73,0.556595,0.469483,23991.466797
74,0.609341,0.428811,24207.802734
75,0.622321,0.426433,24407.433594
76,0.641141,0.394196,24673.564453
0,0.787762,0.417256,0.002658
1,0.757440,0.403289,216.268875
2,0.733590,0.462043,399.348175
3,0.721265,0.449250,615.529053
4,0.707130,0.211641,1297.679688
5,0.757982,0.046811,1713.622681
6,0.451910,0.444369,3394.056152
7,0.459143,0.433384,3543.750977
8,0.408615,0.407609,3893.201172
9,0.468645,0.412761,4275.834473
10,0.993287,0.478453,5590.219727
11,0.974285,0.471567,5873.041016
12,0.075656,0.467159,6322.271484
13,0.116287,0.546012,6688.358887
14,0.107623,0.554709,6904.594727
15,0.104001,0.557390,7104.309570
16,0.961777,0.302972,7420.441895
17,0.928575,0.178775,7653.288574
18,0.942504,0.173822,7803.002930
19,0.831565,0.047345,8019.250977
20,0.865660,0.322937,8568.344727
21,0.835764,0.414799,8768.028320
22,0.840189,0.507454,9000.879883
23,0.841175,0.500770,9133.981445
24,0.770532,0.408293,9500.006836
25,0.696505,0.360755,9849.413086
26,0.708842,0.237003,10182.147461
27,0.688947,0.151426,10498.268555
28,0.630215,0.250929,10697.918945
29,0.663850,0.359819,11014.026367
30,0.593599,0.667774,11979.026367
31,0.412716,0.444771,12627.943359
32,0.412153,0.440571,12777.609375
33,0.416030,0.439504,12910.735352
34,0.473141,0.423076,13160.288086
35,0.463024,0.280131,13642.805664
36,0.503790,0.484204,13958.942383
37,0.482247,0.473077,14191.847656
38,0.472041,0.251019,14607.785156
39,0.376088,0.157670,14973.875000
40,0.248999,0.400499,15539.450195
41,0.212230,0.432334,15938.760742
42,0.192559,0.278291,16204.966797
43,0.242155,0.402151,16637.640625
44,0.242014,0.451364,16820.607422
45,0.240612,0.444150,16937.052734
46,0.355225,0.624399,17436.173828
47,0.353102,0.637970,17552.595703
48,0.417211,0.707049,17918.671875
49,0.382144,0.730486,18101.689453
50,0.502188,0.527228,18900.287109
51,0.420562,0.425114,19249.667969
52,0.625143,0.033864,20148.171875
53,0.331018,0.164121,20364.349609
54,0.198383,0.184168,20680.511719
55,0.207744,0.232769,20930.072266
56,0.841068,0.097623,21495.791016
57,0.736860,0.464387,23924.787109
58,0.746493,0.469849,24091.310547
59,0.757052,0.379066,24606.960938
60,0.743489,0.307016,24773.373047
