Idx, longitude, latitude, start timestamp
0,0.731759,0.532788,266.265717
1,0.721057,0.597557,599.033936
2,0.728109,0.620916,915.121704
3,0.749834,0.601229,1231.095337
4,0.692496,0.579116,1513.953369
5,0.678024,0.577304,1663.822998
6,0.685572,0.576293,1830.122803
7,0.719359,0.565714,1979.836304
8,0.681530,0.580322,2379.230469
9,0.652688,0.631248,2645.339844
10,0.718373,0.645107,3127.904541
11,0.704202,0.704062,3460.623047
12,0.817361,0.684016,3943.035156
13,0.019916,0.477102,5041.200195
14,0.110388,0.419014,5457.131836
15,0.184605,0.355186,5873.024414
16,0.204155,0.331464,6039.387207
17,0.230804,0.272487,6388.774414
18,0.264778,0.280596,6688.278809
19,0.284939,0.316744,6954.515137
20,0.256698,0.470556,7353.810547
21,0.220698,0.468447,7936.093262
22,0.194563,0.460476,8202.355469
23,0.146578,0.459650,8501.722656
24,0.081977,0.463033,8734.794922
25,0.041822,0.441811,9034.219727
26,0.008689,0.442635,9267.143555
27,0.967195,0.482645,9516.728516
28,0.967657,0.485247,9683.065430
29,0.004067,0.579935,9965.799805
30,0.962716,0.602898,10431.708984
31,0.958254,0.752886,10964.168945
32,0.770238,0.898045,11496.521484
33,0.701476,0.922524,11712.823242
34,0.648727,0.925293,11929.183594
35,0.600323,0.929028,12178.640625
36,0.634759,0.878228,12511.385742
37,0.690120,0.661707,12810.914062
38,0.719413,0.614949,13010.554688
39,0.717010,0.612992,13160.275391
40,0.718508,0.591853,13260.135742
41,0.704522,0.559928,13393.282227
42,0.689150,0.560865,13726.036133
43,0.688937,0.570247,13825.770508
44,0.678117,0.558795,13992.152344
45,0.669469,0.540649,14191.846680
46,0.651566,0.529752,14408.113281
47,0.664479,0.521863,14641.084961
48,0.710729,0.516979,14874.052734
49,0.725548,0.501488,15156.759766
50,0.766669,0.550978,15472.822266
51,0.858976,0.567141,15872.193359
52,0.893757,0.550639,16138.447266
53,0.894618,0.538177,16354.755859
54,0.790861,0.591411,16820.441406
55,0.739302,0.601555,17086.666016
56,0.724557,0.590008,17419.445312
57,0.703075,0.572064,17702.320312
58,0.689419,0.569345,17968.537109
59,0.715267,0.630102,18301.330078
60,0.648705,0.614464,18817.041016
61,0.647978,0.616987,19016.632812
62,0.699794,0.580623,19565.751953
63,0.673151,0.571965,20148.025391
64,0.724151,0.645896,20430.894531
65,0.707859,0.700768,20946.615234
66,0.742127,0.719716,21262.732422
67,0.775202,0.663930,21562.250000
68,0.770489,0.633717,21728.611328
69,0.833209,0.654541,22311.011719
70,0.717781,0.570809,22560.476562
71,0.529786,0.515053,23542.109375
72,0.469112,0.480563,23941.445312
73,0.458591,0.472121,24124.453125
74,0.468523,0.485057,24340.720703
0,0.744544,0.562147,299.441284
1,0.718261,0.619249,482.492889
2,0.711778,0.649781,748.612976
3,0.706719,0.543921,1048.153320
4,0.562661,0.521962,1913.261597
5,0.206199,0.281547,3992.933105
6,0.710429,0.573556,5240.776855
7,0.688106,0.502768,7004.437500
8,0.694475,0.495116,7204.054199
9,0.716485,0.528601,7520.140625
10,0.760871,0.500904,8285.511719
11,0.805380,0.489566,8468.484375
12,0.791405,0.427742,9017.496094
13,0.972440,0.470035,14474.651367
14,0.016773,0.465424,15007.017578
15,0.719357,0.525244,16970.189453
16,0.476176,0.538302,19199.710938
17,0.461041,0.500186,19698.830078
18,0.430154,0.504317,20081.531250
19,0.643705,0.521073,20730.388672
20,0.639948,0.527867,20946.640625
21,0.701688,0.581892,21795.101562
22,0.729232,0.536635,22177.919922
23,0.720476,0.563456,22726.849609
24,0.731956,0.532570,23176.126953
25,0.732768,0.516124,23908.080078
26,0.687535,0.565761,24174.339844
27,0.693475,0.588946,24290.814453
28,0.657193,0.584294,24972.972656
0,0.742915,0.598131,33.293659
1,0.715504,0.701588,399.273132
2,0.700981,0.726718,648.758484
3,0.703783,0.579011,981.637085
4,0.689243,0.560074,1247.722656
5,0.565463,0.583384,1747.077515
6,0.551628,0.611185,1929.952881
7,0.527097,0.623251,2146.263672
8,0.465473,0.613024,2445.780273
9,0.448763,0.562114,2661.958252
10,0.444876,0.536834,3027.974854
11,0.383330,0.539545,3477.241211
12,0.341895,0.529199,3743.507568
13,0.305779,0.518768,3909.868408
14,0.232206,0.448479,4408.931152
15,0.217144,0.390914,4641.867188
16,0.204238,0.375961,4874.857422
17,0.173755,0.329739,5091.048828
18,0.136817,0.324473,5457.034180
19,0.739925,0.534727,7187.425781
20,0.788200,0.530924,7520.136230
21,0.785006,0.534859,7686.623047
22,0.859262,0.571198,8202.308594
23,0.864513,0.602653,8385.325195
24,0.858381,0.597623,8501.780273
25,0.958854,0.626686,8884.557617
26,0.982779,0.560993,9034.112305
27,0.000400,0.480485,9267.137695
28,0.022910,0.484585,9599.910156
29,0.981873,0.683204,9866.115234
30,0.932080,0.671041,10282.008789
31,0.941918,0.663900,10381.865234
32,0.965568,0.548878,10714.641602
33,0.097623,0.491659,11130.489258
34,0.113299,0.486799,11396.759766
35,0.224906,0.353794,12145.490234
36,0.229229,0.302315,12394.973633
37,0.242383,0.276590,12644.622070
38,0.221046,0.214918,12860.853516
39,0.203323,0.175216,13093.894531
40,0.187453,0.187894,13343.314453
41,0.106917,0.484624,14641.119141
42,0.038712,0.499513,14890.564453
43,0.986607,0.469964,15173.437500
44,0.953466,0.540704,15423.021484
45,0.754697,0.550039,16288.235352
46,0.767900,0.556006,16571.037109
47,0.785116,0.520517,16770.666016
48,0.857914,0.561845,16987.068359
49,0.856971,0.590861,17186.625000
50,0.721293,0.741962,18051.794922
51,0.639778,0.737262,18284.796875
52,0.726893,0.732826,18900.265625
53,0.708868,0.825051,19199.716797
54,0.531934,0.543746,19848.593750
55,0.485272,0.551269,20031.599609
56,0.448410,0.559663,20214.648438
57,0.453481,0.535590,20431.013672
58,0.456626,0.514464,20797.011719
59,0.363657,0.538366,21046.509766
60,0.357162,0.514408,21246.322266
61,0.526806,0.539948,22427.505859
62,0.542227,0.537602,22660.498047
63,0.418667,0.507884,23059.691406
64,0.413319,0.501385,23192.806641
65,0.516437,0.536419,23874.935547
66,0.539597,0.532642,24024.693359
67,0.595128,0.532099,24457.341797
68,0.609399,0.525081,24756.687500
69,0.595205,0.524414,24956.433594
0,0.731664,0.610930,349.271881
1,0.707736,0.660188,565.495728
2,0.684922,0.699778,848.383606
3,0.731549,0.637404,1447.440552
4,0.820146,0.684955,1680.274414
5,0.830569,0.688586,1796.719482
6,0.888282,0.556204,2528.717285
7,0.942830,0.672770,2861.528564
8,0.988042,0.620512,3161.069092
9,0.003461,0.554700,3410.572021
10,0.019483,0.482982,3643.488281
11,0.030921,0.482066,3926.388672
12,0.968155,0.539746,4142.632324
13,0.961377,0.542886,4425.467773
14,0.970606,0.658436,4708.438965
15,0.961409,0.548818,4991.193359
16,0.960465,0.524190,5323.977051
17,0.855572,0.565299,5773.138672
18,0.840718,0.568618,5922.788574
19,0.831490,0.590181,6305.528320
20,0.905615,0.650901,6605.077637
21,0.819037,0.613482,6771.308105
22,0.800508,0.635172,7470.185059
23,0.783859,0.517489,8185.546387
24,0.692149,0.701989,9084.004883
25,0.837007,0.775811,9383.493164
26,0.700365,0.660583,10365.108398
27,0.357904,0.504532,13542.808594
28,0.215985,0.196768,15722.406250
29,0.230926,0.248072,16504.392578
30,0.233570,0.253053,16687.384766
31,0.200517,0.553824,17236.376953
32,0.199532,0.599183,17702.275391
33,0.198871,0.601865,17918.568359
34,0.110035,0.500012,18451.031250
35,0.102180,0.481236,18700.509766
36,0.117469,0.413077,18983.351562
37,0.116001,0.408281,19133.162109
38,0.070080,0.364482,19382.621094
39,0.268578,0.305585,20147.970703
40,0.291802,0.332134,21828.445312
41,0.294123,0.250744,22078.013672
42,0.461980,0.515644,24823.187500
0,0.714570,0.619099,582.210144
1,0.786535,0.612737,931.618652
2,0.752749,0.557676,1231.041260
3,0.717527,0.538289,1397.374146
4,0.683678,0.525085,1630.348511
5,0.631690,0.570528,1863.283691
6,0.643138,0.615964,2096.247803
7,0.583259,0.561961,2528.748047
8,0.540794,0.530369,2795.003174
9,0.523145,0.509860,3094.431152
10,0.473578,0.514570,3360.663330
11,0.444070,0.523690,3626.779541
12,0.416316,0.515822,3876.468994
13,0.429619,0.540588,4275.701660
14,0.378954,0.510924,4492.042480
15,0.349849,0.521031,4874.645508
16,0.326640,0.518377,5107.484375
17,0.375068,0.490391,5423.647949
18,0.304436,0.496823,5689.903809
19,0.283513,0.479174,6155.746094
20,0.270071,0.433647,6505.123047
21,0.254892,0.390296,6688.102539
22,0.249621,0.319827,6937.721680
23,0.253656,0.263736,7153.987793
24,0.205650,0.240623,7386.794922
25,0.207297,0.367112,7836.161621
26,0.205592,0.288426,8052.421875
27,0.226373,0.424351,8401.790039
28,0.250306,0.360748,8867.649414
29,0.389401,0.476020,9483.151367
30,0.386304,0.484161,9632.910156
31,0.390570,0.491183,9766.006836
32,0.387002,0.492496,9849.286133
33,0.468750,0.511248,10265.164062
34,0.475977,0.498093,10481.460938
35,0.524820,0.531769,11147.003906
36,0.578219,0.531834,11579.464844
37,0.603303,0.576365,11812.404297
38,0.686918,0.612185,12178.481445
39,0.670891,0.633880,12444.638672
40,0.726004,0.636375,12727.434570
41,0.774204,0.627080,13609.240234
42,0.859234,0.591579,14274.716797
43,0.910441,0.542546,14507.572266
44,0.902237,0.541198,14690.574219
45,0.882643,0.504033,14873.689453
46,0.859629,0.530223,15322.799805
47,0.974804,0.507950,15638.916016
48,0.983737,0.480660,15955.109375
49,0.005360,0.454805,16387.640625
50,0.000670,0.382608,16620.582031
51,0.022301,0.395670,16903.429688
52,0.023714,0.410540,17186.238281
53,0.066651,0.403823,17801.875000
54,0.083053,0.383199,18134.585938
55,0.128471,0.366861,18517.203125
56,0.079109,0.467657,18800.087891
57,0.058925,0.499369,19049.582031
58,0.093559,0.655182,19665.207031
59,0.087263,0.654689,19881.402344
60,0.103837,0.656453,19997.917969
61,0.118210,0.703521,20347.273438
62,0.090978,0.788421,20630.156250
63,0.141566,0.683442,20996.138672
64,0.156541,0.649628,21278.988281
65,0.043520,0.813880,22144.142578
66,0.011633,0.774483,22327.246094
67,0.937162,0.760135,22543.507812
68,0.923767,0.566242,22959.310547
69,0.939492,0.529848,23175.677734
70,0.960343,0.606676,23608.167969
71,0.953309,0.604622,23857.806641
72,0.960703,0.591869,24074.023438
73,0.861543,0.687614,24939.251953
0,0.778495,0.691349,299.497559
1,0.717395,0.676182,615.736084
2,0.706774,0.549098,798.643494
3,0.696700,0.502004,1048.101318
4,0.611329,0.509406,1380.831787
5,0.616469,0.525677,1580.450562
6,0.569913,0.539285,1780.172485
7,0.517614,0.559498,2079.717285
8,0.520206,0.569281,2262.649658
9,0.461869,0.511448,2462.275146
10,0.458684,0.479088,2628.679932
11,0.467190,0.475981,3211.049316
12,0.509779,0.576785,3393.991699
13,0.536760,0.517498,3776.667236
14,0.563109,0.533112,4026.255371
15,0.618507,0.548897,4325.611816
16,0.647480,0.550722,4625.088379
17,0.654025,0.583614,4907.999023
18,0.681544,0.571613,5157.616699
19,0.677846,0.670887,5440.312988
20,0.676524,0.698327,5590.130371
21,0.754808,0.653947,6139.190918
22,0.761583,0.631918,6455.348633
23,0.737113,0.608609,6721.411133
24,0.728160,0.566742,6954.388184
25,0.846121,0.544914,7270.389648
26,0.871652,0.535247,7503.383789
27,0.881712,0.567613,7702.985840
28,0.934620,0.615573,8185.469238
29,0.024146,0.489794,8784.450195
30,0.051378,0.453527,9033.950195
31,0.078507,0.531922,9350.109375
32,0.130802,0.473493,9649.545898
33,0.129025,0.471876,9749.341797
34,0.170920,0.420734,9932.414062
35,0.203357,0.357282,10198.742188
36,0.212423,0.246444,10464.850586
37,0.234995,0.174783,10664.530273
38,0.227349,0.135610,10880.812500
39,0.263548,0.302896,11496.298828
40,0.275070,0.413396,11712.654297
41,0.331002,0.399344,11962.320312
42,0.344394,0.399887,12195.158203
43,0.182602,0.196616,12644.388672
44,0.163576,0.176846,12860.579102
45,0.151729,0.170455,13243.232422
46,0.195198,0.226992,13709.087891
47,0.200341,0.269543,13991.973633
48,0.146114,0.322230,14457.817383
49,0.228560,0.438690,14956.939453
50,0.129220,0.506883,15472.625000
51,0.096553,0.605566,16038.367188
52,0.065703,0.582064,16304.524414
53,0.679599,0.633944,19099.628906
54,0.661948,0.703738,19332.554688
55,0.535971,0.599691,20330.714844
56,0.531396,0.598634,20447.226562
57,0.610209,0.528603,20946.386719
58,0.537505,0.522972,21595.238281
59,0.525956,0.535401,21861.451172
60,0.519042,0.540474,22144.175781
61,0.520104,0.537693,22310.562500
62,0.551173,0.527196,22560.183594
63,0.603902,0.535314,22826.429688
64,0.746069,0.539043,23342.183594
65,0.866657,0.551476,24390.283203
0,0.749414,0.384114,49.880630
1,0.723390,0.482964,316.144226
2,0.716519,0.613505,698.785522
3,0.709642,0.616266,881.770996
4,0.730683,0.439673,1181.237671
5,0.718799,0.389594,1397.471313
6,0.716069,0.390617,1547.198853
7,0.343478,0.490763,2928.206787
8,0.315555,0.465267,3111.231689
9,0.326432,0.464547,3394.180664
10,0.660639,0.450478,4425.589844
11,0.964998,0.636867,5490.326660
12,0.002322,0.531699,5773.201660
13,0.004370,0.605386,5972.826660
14,0.009254,0.586374,6172.545410
15,0.011003,0.561776,6355.535156
16,0.032599,0.451802,6738.168945
17,0.140279,0.352246,7387.032715
18,0.187302,0.324952,7603.452637
19,0.218576,0.271309,7802.989258
20,0.224427,0.120231,8551.631836
21,0.229072,0.259438,8901.123047
22,0.245903,0.449031,9100.725586
23,0.051059,0.679637,10764.472656
24,0.981411,0.399125,11596.347656
25,0.976186,0.389416,11729.557617
26,0.990515,0.397593,11862.597656
27,0.997048,0.369819,12095.488281
28,0.903891,0.403377,12444.807617
29,0.855003,0.417547,12760.920898
30,0.826501,0.459437,13160.329102
31,0.728137,0.472923,13709.316406
32,0.727832,0.428434,13975.527344
33,0.773840,0.609972,15106.893555
34,0.702872,0.531655,15922.124023
35,0.706457,0.558272,16088.626953
36,0.701387,0.462401,16337.996094
37,0.744755,0.412514,16970.289062
38,0.789223,0.572439,17502.787109
39,0.843586,0.532690,17852.099609
40,0.855950,0.500010,18035.095703
41,0.704063,0.509928,18484.378906
42,0.698246,0.446399,18800.390625
43,0.674317,0.460091,19299.626953
44,0.640486,0.453883,19649.005859
45,0.705670,0.588331,20231.201172
46,0.651648,0.656107,20979.970703
47,0.723971,0.532824,21595.566406
48,0.534410,0.420127,23043.058594
49,0.561135,0.381889,23275.943359
50,0.706649,0.785748,24956.394531
0,0.762986,0.443510,49.858257
1,0.743134,0.464422,332.792633
2,0.735730,0.500866,632.262451
3,0.695070,0.540516,981.651794
4,0.674405,0.576188,1231.213257
5,0.635699,0.575654,1480.767578
6,0.616375,0.431580,2262.736816
7,0.697982,0.457907,2578.814453
8,0.735698,0.461891,2828.491455
9,0.714912,0.439017,3277.605713
10,0.868291,0.457440,3993.043701
11,0.222486,0.214845,5240.853027
12,0.208448,0.155836,5839.804688
13,0.223209,0.439978,6638.421875
14,0.223656,0.412775,6854.649902
15,0.279031,0.381049,7037.767090
16,0.337971,0.370287,7287.236816
17,0.328574,0.374750,7470.226562
18,0.215094,0.397264,7703.220703
19,0.441858,0.364510,11463.285156
20,0.718839,0.536310,13360.030273
21,0.708564,0.412385,14141.903320
22,0.347373,0.408209,16620.990234
23,0.483399,0.377194,17352.949219
24,0.982327,0.415389,19998.291016
0,0.763592,0.524485,99.957169
1,0.767014,0.600191,349.335205
2,0.719517,0.640231,565.820496
3,0.719266,0.658442,698.736572
4,0.794659,0.655502,1430.874390
5,0.845512,0.695377,1697.080078
6,0.694177,0.743439,2728.590088
7,0.697813,0.736817,2861.718994
8,0.668563,0.752977,3077.934326
9,0.690891,0.731000,3593.726318
10,0.674790,0.747681,3876.553223
11,0.601352,0.618405,4375.662598
12,0.584344,0.617045,4525.384766
13,0.553914,0.635672,4858.201172
14,0.680414,0.712143,5241.062988
15,0.661073,0.575677,5440.535645
16,0.657005,0.553069,5606.952637
17,0.649510,0.532262,5823.109375
18,0.783482,0.588572,6405.501465
19,0.825680,0.606879,6605.152344
20,0.872311,0.573685,6821.433105
21,0.911042,0.572141,7104.275391
22,0.879858,0.557373,7470.249023
23,0.871833,0.561530,7769.701172
24,0.990797,0.562058,8135.700195
25,0.009545,0.561750,8385.361328
26,0.987434,0.546785,8618.222656
27,0.002871,0.606039,8784.561523
28,0.080512,0.549008,9217.232422
29,0.123575,0.514452,9433.458984
30,0.086368,0.445991,9666.379883
31,0.198052,0.425126,10381.777344
32,0.214246,0.355072,10581.527344
33,0.238968,0.280404,10930.921875
34,0.337883,0.495279,11729.584961
35,0.375249,0.510706,11995.702148
36,0.390004,0.499099,12162.061523
37,0.212348,0.451081,13210.287109
38,0.146146,0.446628,13559.674805
39,0.103997,0.506330,13942.271484
40,0.140557,0.473401,14208.541016
41,0.137893,0.437537,14408.172852
42,0.144651,0.406800,14740.830078
43,0.245107,0.308772,15156.816406
44,0.247141,0.265160,15339.813477
45,0.244484,0.246309,15506.287109
46,0.242226,0.267367,15955.476562
47,0.259255,0.468534,16404.591797
48,0.482681,0.516390,17469.406250
49,0.561104,0.605629,18035.203125
50,0.392376,0.502950,18600.871094
51,0.331018,0.495300,18999.998047
52,0.232987,0.330726,19715.541016
53,0.217986,0.278830,19898.484375
54,0.204124,0.477472,20813.648438
55,0.067991,0.460723,22177.835938
56,0.011514,0.428916,22444.052734
57,0.010613,0.403336,22610.484375
58,0.130895,0.475818,23325.792969
59,0.980706,0.538999,24224.275391
60,0.972801,0.508989,24424.023438
61,0.843465,0.554458,24956.267578
0,0.757740,0.401205,16.746700
1,0.713860,0.644365,665.566467
2,0.711429,0.644589,948.440002
3,0.710630,0.655841,1098.160156
4,0.710347,0.644994,1613.954834
5,0.697920,0.596353,1896.773804
6,0.704840,0.592380,2063.142090
7,0.676951,0.546004,2429.164307
8,0.646299,0.584547,2662.089111
9,0.648807,0.639120,2861.731445
10,0.669982,0.645262,3876.634766
11,0.723076,0.630663,4076.316650
12,0.779679,0.630389,4359.128418
13,0.788339,0.637907,4841.654785
14,0.744862,0.706608,5174.382324
15,0.697820,0.727157,5357.382812
16,0.692284,0.741095,5490.523926
17,0.727494,0.721310,6039.532715
18,0.738871,0.715136,6172.619629
19,0.793667,0.688686,6571.911133
20,0.688472,0.697886,6871.417480
21,0.701189,0.695174,6987.851074
22,0.708887,0.699057,7420.437012
23,0.858179,0.683424,7836.395996
24,0.848505,0.683918,8152.509277
25,0.847397,0.621573,8951.099609
26,0.870309,0.617621,9150.755859
27,0.934983,0.571847,9400.359375
28,0.955590,0.569122,9699.797852
29,0.985258,0.554141,9999.261719
30,0.004466,0.572392,10198.909180
31,0.019345,0.568807,10381.938477
32,0.044709,0.515547,10581.609375
33,0.097254,0.496387,11097.342773
34,0.121974,0.503588,11346.934570
35,0.148454,0.488169,11563.197266
36,0.190442,0.450708,11862.690430
37,0.245492,0.303405,12561.453125
38,0.255608,0.321014,12711.199219
39,0.234893,0.392153,12960.770508
40,0.242602,0.242360,13243.595703
41,0.244462,0.219619,13559.737305
42,0.241712,0.202210,13726.077148
43,0.250281,0.210951,13809.286133
44,0.251413,0.263657,14158.656250
45,0.295802,0.350093,14940.720703
46,0.269466,0.335454,15240.144531
47,0.158816,0.339839,15473.017578
48,0.172766,0.326361,15772.525391
49,0.178092,0.306739,15922.243164
50,0.291890,0.314390,16404.734375
51,0.247695,0.478507,16737.503906
52,0.347680,0.514584,17086.888672
53,0.385027,0.524618,17303.169922
54,0.388270,0.524021,17486.199219
55,0.383956,0.548516,17835.611328
56,0.460961,0.534419,18051.855469
57,0.474179,0.527601,18218.236328
58,0.477184,0.517807,18451.154297
59,0.478125,0.408161,18900.382812
60,0.387895,0.537317,19116.679688
61,0.363371,0.541636,19382.890625
62,0.316404,0.488742,19632.419922
63,0.288499,0.458004,19848.765625
64,0.260681,0.458255,20065.001953
65,0.239024,0.465477,20281.289062
66,0.217828,0.462113,20497.580078
67,0.208541,0.454984,20713.867188
68,0.189051,0.444410,20930.191406
69,0.120523,0.446376,21229.648438
70,0.041424,0.409983,21745.421875
71,0.009879,0.406233,21961.693359
72,0.977908,0.422762,22261.173828
73,0.949110,0.508282,22444.212891
74,0.956015,0.508757,22843.500000
75,0.962241,0.515678,22976.589844
76,0.834239,0.535500,23409.164062
77,0.846644,0.544050,23558.923828
78,0.835783,0.569187,23758.548828
79,0.735726,0.518999,24257.695312
80,0.660483,0.462785,24773.466797
0,0.733585,0.625789,415.890503
1,0.714311,0.662556,765.274048
2,0.718459,0.543076,1547.323242
3,0.705422,0.514699,1713.615967
4,0.699306,0.493208,1946.599121
5,0.745346,0.455407,2279.353516
6,0.723733,0.509513,2578.670166
7,0.711329,0.517965,2745.087891
8,0.697081,0.509156,2894.840088
9,0.703837,0.499649,3044.602295
10,0.720615,0.497695,3194.332275
11,0.654503,0.533508,3843.194580
12,0.659454,0.554600,4275.774414
13,0.708293,0.586183,4492.054688
14,0.708988,0.624434,4758.302246
15,0.723007,0.647251,4974.539551
16,0.732431,0.663096,5174.229980
17,0.740374,0.598014,5323.879883
18,0.720343,0.575494,5640.023438
19,0.800652,0.571860,6055.968262
20,0.766698,0.539365,6305.532227
21,0.860860,0.524589,6521.934082
22,0.918047,0.529649,6971.133789
23,0.946438,0.507626,7237.202148
24,0.992914,0.529167,7486.838867
25,0.033251,0.447997,8102.519531
26,0.049989,0.467184,8235.457031
27,0.697913,0.543573,9450.038086
28,0.604624,0.607411,10381.841797
29,0.424987,0.510057,11546.427734
30,0.371068,0.528814,11829.314453
31,0.316618,0.508237,12344.999023
32,0.220655,0.405414,13592.750977
33,0.227190,0.257974,13925.529297
34,0.221669,0.207200,14275.028320
35,0.213696,0.214816,14441.321289
36,0.163578,0.344891,14807.314453
37,0.168635,0.311267,15090.185547
38,0.241751,0.495096,15689.099609
39,0.204098,0.472073,15955.295898
40,0.250829,0.420999,16371.286133
41,0.187987,0.335706,17053.417969
42,0.214201,0.284272,17203.216797
43,0.243806,0.424952,17768.814453
44,0.206978,0.474507,18018.384766
45,0.223542,0.454659,18151.601562
46,0.237117,0.298326,18550.863281
47,0.318393,0.411067,19083.156250
48,0.382125,0.506208,19449.257812
49,0.398895,0.516383,19981.630859
50,0.392037,0.513886,20148.001953
51,0.494993,0.520707,20464.130859
52,0.707885,0.531006,21479.005859
53,0.730305,0.657652,21745.234375
54,0.817784,0.697832,22427.298828
55,0.907661,0.552717,22926.441406
56,0.984402,0.532379,23458.814453
57,0.017543,0.491016,23858.205078
58,0.036311,0.480013,24091.093750
0,0.708290,0.437603,16.644131
1,0.717598,0.538110,316.164032
2,0.716620,0.638661,499.174103
3,0.719143,0.701212,748.674500
4,0.708789,0.689922,915.099731
5,0.699147,0.476709,1397.615356
6,0.691251,0.444022,1647.194946
7,0.691474,0.450498,1946.720947
8,0.797102,0.490466,2362.634766
9,0.873953,0.523853,3111.215332
10,0.881038,0.532433,3294.350098
11,0.953882,0.462533,3543.801514
12,0.889618,0.466772,3926.476318
13,0.804573,0.540774,4076.225342
14,0.842517,0.563961,4342.429688
15,0.858128,0.513570,4708.531250
16,0.857820,0.513511,4841.588379
17,0.847950,0.471428,5024.660156
18,0.695700,0.514249,5390.616699
19,0.641055,0.532915,5906.374023
20,0.543947,0.498780,6222.462891
21,0.537841,0.462004,6338.913086
22,0.485099,0.466620,6721.618164
23,0.461167,0.483766,6987.791016
24,0.429436,0.462478,7270.614746
25,0.372460,0.482348,7686.581055
26,0.340897,0.481640,8169.055176
27,0.317332,0.456516,8401.978516
28,0.290414,0.400275,8768.007812
29,0.263323,0.379062,9000.952148
30,0.245215,0.305063,9416.875000
31,0.222033,0.270934,9649.801758
32,0.203549,0.243433,9849.482422
33,0.201614,0.381802,10232.105469
34,0.199729,0.448933,10481.688477
35,0.207705,0.483517,10697.963867
36,0.136901,0.457974,11113.915039
37,0.147005,0.513345,11513.205078
38,0.201510,0.475906,11945.804688
39,0.210850,0.358352,12178.810547
40,0.215274,0.304101,12345.104492
41,0.230922,0.256225,12511.453125
42,0.229121,0.346718,13010.629883
43,0.227967,0.423220,13176.962891
44,0.225036,0.465687,13409.910156
45,0.204154,0.477503,13659.448242
46,0.269136,0.485294,13975.580078
47,0.288432,0.485482,14191.875000
48,0.288782,0.464620,14674.343750
49,0.372571,0.509608,15073.680664
50,0.393305,0.490293,15206.760742
51,0.388598,0.470840,15489.618164
52,0.435598,0.513188,15872.260742
53,0.470302,0.532102,16105.181641
54,0.482239,0.585287,16321.478516
55,0.477630,0.478092,16637.566406
56,0.509193,0.557104,17070.162109
57,0.576875,0.617406,17369.664062
58,0.579367,0.613046,17502.775391
59,0.619033,0.641876,17685.748047
60,0.662800,0.672107,17968.585938
61,0.685375,0.637924,18218.162109
62,0.697613,0.595083,18650.791016
63,0.703400,0.584137,18850.398438
64,0.740345,0.581290,19199.802734
65,0.711311,0.561587,19665.644531
66,0.694488,0.554300,19965.103516
67,0.674837,0.580741,20480.861328
68,0.653275,0.581131,20730.449219
69,0.646068,0.585414,20930.105469
70,0.692365,0.548245,21346.029297
71,0.692927,0.554085,21445.863281
72,0.662565,0.529895,21678.767578
73,0.810110,0.458036,22311.011719
74,0.781822,0.483613,22577.230469
75,0.771587,0.483071,22976.517578
76,0.773417,0.469387,23076.330078
77,0.731100,0.512236,23542.187500
78,0.788743,0.486769,23991.412109
79,0.785201,0.485962,24107.865234
80,0.784242,0.480156,24507.167969
81,0.782981,0.476800,24690.201172
0,0.711085,0.595491,415.965759
1,0.710250,0.626175,549.049255
2,0.698177,0.626383,1064.805420
3,0.646440,0.621088,1497.331421
4,0.664013,0.499676,1863.419067
5,0.642341,0.469651,2079.746582
6,0.621291,0.501838,2329.209717
7,0.612121,0.558898,2562.212891
8,0.563783,0.592570,2828.347900
9,0.527789,0.590160,3094.592773
10,0.474288,0.529778,3294.221191
11,0.483222,0.516072,3560.456787
12,0.529072,0.489280,3810.008301
13,0.544123,0.479601,4109.439453
14,0.546017,0.480484,4225.924316
15,0.573859,0.524333,4442.232422
16,0.620346,0.530344,4824.886230
17,0.631508,0.551012,4974.660645
18,0.653657,0.570965,5207.516602
19,0.718727,0.542617,5606.810547
20,0.760235,0.500938,6222.399902
21,0.898543,0.535327,7071.017090
22,0.934761,0.528093,7287.231934
23,0.957963,0.543159,7437.057129
24,0.000714,0.365965,7803.082031
25,0.993782,0.378365,7902.904297
26,0.006090,0.399554,8385.340820
27,0.006402,0.411592,8485.211914
28,0.022477,0.378927,8668.227539
29,0.075684,0.352230,8867.930664
30,0.080147,0.393279,9183.942383
31,0.178141,0.221669,9849.443359
32,0.180410,0.245921,10082.356445
33,0.194598,0.228950,10564.821289
34,0.184433,0.180333,10764.475586
35,0.190847,0.209530,10914.210938
36,0.202939,0.235012,11280.250977
37,0.227462,0.335503,11696.185547
38,0.234523,0.466409,11895.843750
39,0.243787,0.520783,12062.234375
40,0.375152,0.469387,12777.653320
41,0.384482,0.455835,12927.379883
42,0.461528,0.429026,14158.554688
43,0.457146,0.444254,14308.295898
44,0.428660,0.466445,14541.208984
45,0.368764,0.509384,15090.259766
46,0.057918,0.458994,15955.400391
47,0.028414,0.415546,16338.060547
48,0.972630,0.455003,16521.083984
49,0.951717,0.497336,16704.109375
50,0.967594,0.505297,16953.669922
51,0.986538,0.614568,17203.242188
52,0.964970,0.485327,17402.898438
53,0.945630,0.637822,17635.814453
54,0.749167,0.647588,18451.058594
55,0.845743,0.480674,19016.724609
56,0.685228,0.576897,19582.416016
57,0.709418,0.513122,20181.357422
58,0.705333,0.526498,20314.470703
59,0.658213,0.526775,20796.962891
60,0.642760,0.712791,21029.886719
61,0.578723,0.632461,21578.912109
62,0.454803,0.519626,22543.914062
63,0.446249,0.401419,22743.566406
64,0.467287,0.544987,23226.027344
65,0.365454,0.521830,23791.728516
66,0.233031,0.278694,24740.068359
0,0.768991,0.541441,299.611267
1,0.752229,0.626093,465.916412
2,0.710833,0.654588,682.183472
3,0.701401,0.717478,1430.925781
4,0.692136,0.788648,1763.606079
5,0.682019,0.741636,2029.899292
6,0.680226,0.705620,2595.548096
7,0.709208,0.712689,2761.874268
8,0.980595,0.553863,3810.106445
9,0.823506,0.510677,4242.579590
10,0.797310,0.508291,4409.037109
11,0.731314,0.514223,4908.087402
12,0.701419,0.511802,5190.924316
13,0.676338,0.509708,5490.455566
14,0.669420,0.505306,5806.587891
15,0.614686,0.510801,6089.444336
16,0.588008,0.510540,6289.083008
17,0.553359,0.512222,6571.951172
18,0.554291,0.528460,6754.937500
19,0.443238,0.541391,7270.676270
20,0.370166,0.549615,7736.506836
21,0.272586,0.455604,8202.381836
22,0.247988,0.468431,8385.425781
23,0.363957,0.498364,8734.813477
24,0.375112,0.483743,8901.216797
25,0.071621,0.544989,9982.651367
26,0.666059,0.523471,12095.583984
27,0.712859,0.545120,12328.462891
28,0.646091,0.551872,12661.251953
29,0.750593,0.523214,12944.049805
30,0.771653,0.503863,13326.706055
31,0.557943,0.517980,13909.015625
32,0.537100,0.513297,14241.822266
33,0.489524,0.528294,14424.821289
34,0.481385,0.517619,14774.141602
35,0.469238,0.501244,14907.279297
36,0.463850,0.491651,15290.010742
37,0.467608,0.492211,15639.374023
38,0.364935,0.489659,16155.183594
39,0.354574,0.476202,16554.425781
40,0.460618,0.506554,16903.863281
41,0.452904,0.478037,17452.898438
42,0.649602,0.563738,17852.107422
43,0.639157,0.558170,18168.228516
44,0.710262,0.558409,18550.982422
45,0.711519,0.512517,18933.648438
46,0.672806,0.512824,19233.046875
47,0.734205,0.609640,19599.113281
48,0.733036,0.644033,20048.316406
49,0.656175,0.637423,20464.302734
50,0.715209,0.718802,20830.285156
51,0.683809,0.620858,21362.687500
52,0.650124,0.506965,21712.070312
53,0.583838,0.503547,22144.689453
54,0.600985,0.530619,22427.482422
55,0.571800,0.589255,22793.480469
56,0.565460,0.595078,23309.277344
57,0.539775,0.509243,23691.912109
58,0.556174,0.498785,24157.800781
0,0.728317,0.544269,166.428284
1,0.466335,0.508431,2246.157471
2,0.493748,0.498734,3044.595703
3,0.003164,0.579589,6738.145508
4,0.242244,0.221483,9433.508789
5,0.215781,0.207965,9682.979492
6,0.988325,0.501899,11646.307617
7,0.455823,0.576583,14374.784180
8,0.346451,0.499053,15589.360352
9,0.431737,0.493387,16038.626953
10,0.611647,0.617749,17519.355469
11,0.715765,0.614042,18367.839844
12,0.727235,0.676200,18733.828125
13,0.697915,0.706219,19016.689453
14,0.697334,0.590477,19515.820312
15,0.700084,0.573042,19698.849609
0,0.715732,0.661391,349.400635
1,0.705533,0.693219,748.591248
2,0.709828,0.466010,1031.496216
3,0.671472,0.447718,1414.079468
4,0.631814,0.635110,1713.594849
5,0.634894,0.689542,1863.341309
6,0.563381,0.672169,2196.062256
7,0.530854,0.663047,2395.718994
8,0.486651,0.627508,2628.675293
9,0.441698,0.518485,2861.599609
10,0.413092,0.434558,3111.191895
11,0.362403,0.491842,3660.240967
12,0.342334,0.497445,3843.152832
13,0.303528,0.489819,4059.581543
14,0.275249,0.429432,4275.835449
15,0.251182,0.412311,4492.042969
16,0.225398,0.360990,4758.260742
17,0.196723,0.241290,5074.447266
18,0.171394,0.192312,5274.060059
19,0.172385,0.168655,5473.658691
20,0.245807,0.456114,7170.760254
21,0.220415,0.186469,7470.205566
22,0.473115,0.529648,9666.304688
23,0.545307,0.652034,10165.416016
24,0.708053,0.584885,11596.294922
25,0.653205,0.631843,11862.525391
26,0.613750,0.574508,12328.371094
27,0.145517,0.518798,14857.271484
28,0.925412,0.673856,16105.131836
29,0.864655,0.485404,16837.193359
30,0.826556,0.460394,17070.093750
31,0.787778,0.491361,18317.910156
32,0.782864,0.353476,18567.447266
33,0.801931,0.476917,19099.949219
34,0.523336,0.599316,20796.847656
35,0.528973,0.481087,21046.496094
36,0.573629,0.687239,21778.488281
37,0.617283,0.661668,22277.611328
38,0.652071,0.740773,22776.728516
39,0.661150,0.740869,23076.195312
40,0.687666,0.663773,23275.804688
41,0.695027,0.664867,23625.212891
42,0.684967,0.568324,23991.341797
0,0.767021,0.587397,33.313408
1,0.783542,0.596233,266.217224
2,0.822248,0.613180,465.924133
3,0.875600,0.565651,815.255676
4,0.905240,0.545177,1031.557373
5,0.924475,0.563504,1264.515747
6,0.923881,0.596146,1430.850952
7,0.897311,0.541915,1813.515747
8,0.851441,0.543656,2179.587158
9,0.685024,0.583005,2678.726318
10,0.698604,0.658642,3028.045166
11,0.714425,0.630946,3394.111328
12,0.733941,0.618825,3593.748779
13,0.717937,0.527404,3893.249023
14,0.675343,0.521547,4176.098633
15,0.614530,0.589176,4375.725586
16,0.654300,0.671304,4708.415039
17,0.542322,0.662634,5307.375488
18,0.534182,0.579568,6155.882324
19,0.436883,0.536828,6438.762207
20,0.437601,0.522166,6538.591797
21,0.442376,0.492459,6754.845703
22,0.457805,0.473883,6971.226562
23,0.433855,0.504755,7387.106445
24,0.362310,0.484181,7669.998047
25,0.285155,0.435805,8634.916992
26,0.252638,0.422165,9000.927734
27,0.202887,0.332059,9350.375000
28,0.164872,0.241366,9749.650391
29,0.147625,0.316625,9982.546875
30,0.242656,0.476611,10564.901367
31,0.248977,0.516057,11147.206055
32,0.084623,0.434437,11945.786133
33,0.272796,0.265702,12727.748047
34,0.220323,0.201081,12944.082031
35,0.223293,0.209880,13077.164062
36,0.218131,0.203637,13360.018555
37,0.298155,0.314463,13759.369141
38,0.406601,0.509671,14258.434570
39,0.513767,0.511385,14757.571289
40,0.688487,0.567043,15439.763672
41,0.684545,0.564985,15556.134766
42,0.749501,0.626617,15905.625977
43,0.740148,0.625434,16005.386719
44,0.748565,0.646589,16254.912109
45,0.068565,0.436143,17585.980469
46,0.093528,0.507131,17868.810547
47,0.967485,0.566889,18317.986328
48,0.986828,0.580552,18501.015625
49,0.992380,0.597740,19399.460938
50,0.049048,0.718915,19765.525391
51,0.947062,0.603389,20347.849609
52,0.996303,0.463138,21063.171875
53,0.005505,0.445869,21213.011719
54,0.866157,0.499220,21495.792969
55,0.848859,0.518239,21811.925781
56,0.831604,0.550727,22111.378906
57,0.724109,0.528700,22909.986328
58,0.689732,0.559968,23093.001953
59,0.709627,0.604672,23259.464844
60,0.727355,0.658491,23525.595703
61,0.704859,0.711653,23874.962891
62,0.721236,0.723134,24074.587891
63,0.718694,0.748184,24357.431641
64,0.699408,0.811148,24590.388672
0,0.718946,0.521627,232.950592
1,0.712532,0.681518,665.523804
2,0.685808,0.661241,1014.930115
3,0.682599,0.687343,1231.219482
4,0.694564,0.692750,1380.948242
5,0.670772,0.715016,1680.427124
6,0.689779,0.476678,1896.701538
7,0.657061,0.489250,2279.471924
8,0.684575,0.580014,2662.038330
9,0.710362,0.577432,2928.285889
10,0.695671,0.495309,3227.835205
11,0.676269,0.494798,3543.865479
12,0.649074,0.607121,3926.510986
13,0.629830,0.664168,4109.602051
14,0.616867,0.581920,4508.919434
15,0.613647,0.522893,4741.759766
16,0.598678,0.498237,4924.775879
17,0.571477,0.542000,5224.218750
18,0.557194,0.587144,5523.737793
19,0.543899,0.502498,5806.554199
20,0.542013,0.466876,6156.013672
21,0.577169,0.459208,6522.062988
22,0.544895,0.533266,6788.225586
23,0.574634,0.609002,6987.869141
24,0.629799,0.639530,7303.960938
25,0.666972,0.635175,7470.325684
26,0.716017,0.521336,7670.014160
27,0.737267,0.535486,7986.090332
28,0.761724,0.487815,8219.020508
29,0.735935,0.455640,8568.369141
30,0.712545,0.578343,8951.087891
31,0.754881,0.496236,9200.682617
32,0.729948,0.617307,9749.697266
33,0.816179,0.518459,10099.048828
34,0.821261,0.486109,10315.347656
35,0.838483,0.478448,10498.334961
36,0.867956,0.487822,10698.043945
37,0.862323,0.498979,11130.573242
38,0.860006,0.505358,11263.725586
39,0.898052,0.525507,11413.417969
40,0.937303,0.550008,11679.601562
41,0.998507,0.500001,12062.320312
42,0.017377,0.413958,12278.573242
43,0.046778,0.413516,12444.960938
44,0.046370,0.409167,12528.179688
45,0.059073,0.491066,12777.708008
46,0.158632,0.425355,13360.114258
47,0.187693,0.394371,13642.896484
48,0.223610,0.383898,13792.592773
49,0.219452,0.379199,14008.982422
50,0.234545,0.378762,14125.372070
51,0.247006,0.318328,14374.939453
52,0.259198,0.240097,14641.163086
53,0.259807,0.219473,14790.914062
54,0.161070,0.215139,15123.601562
55,0.269437,0.239136,15506.379883
56,0.330557,0.488776,15922.202148
57,0.363094,0.544801,16238.372070
58,0.399355,0.570115,16438.017578
59,0.394309,0.555246,16554.449219
60,0.392574,0.527765,16670.886719
61,0.472001,0.566939,17136.757812
62,0.487540,0.504635,17353.070312
63,0.511769,0.526460,18068.531250
64,0.553034,0.578850,18384.611328
65,0.564014,0.584147,18534.402344
66,0.553584,0.595556,18717.343750
67,0.588251,0.633950,19366.201172
68,0.615392,0.616264,19649.058594
69,0.628031,0.590549,19865.351562
70,0.624012,0.589281,20015.138672
71,0.573455,0.635108,20464.306641
72,0.573801,0.621051,20663.919922
73,0.614064,0.533267,21029.945312
74,0.617381,0.508338,21312.791016
75,0.618184,0.483536,21445.873047
76,0.678034,0.564904,22044.853516
77,0.673986,0.574969,22161.333984
78,0.723885,0.651065,22360.957031
79,0.736650,0.615705,22627.203125
80,0.731268,0.616468,22826.814453
81,0.722634,0.604308,22943.281250
82,0.714071,0.492876,23276.031250
83,0.687822,0.561732,23891.621094
84,0.685951,0.493183,24440.712891
0,0.912262,0.513653,599.014038
1,0.109477,0.426438,1597.232544
2,0.164748,0.540634,1896.746826
3,0.028761,0.330689,2994.726074
4,0.001226,0.419204,3394.077881
5,0.688936,0.440916,5290.775391
6,0.703702,0.384798,5723.329590
7,0.241085,0.155259,7087.622070
8,0.204494,0.136540,7320.512695
9,0.237268,0.494860,7736.517090
10,0.312149,0.434709,7969.379883
11,0.384875,0.426116,8352.077148
12,0.171859,0.186242,9732.994141
13,0.172596,0.430169,9999.230469
14,0.189144,0.451341,10198.866211
15,0.187842,0.444213,10348.570312
16,0.947536,0.394887,10964.249023
17,0.682834,0.434297,12162.101562
18,0.682875,0.380416,12411.648438
19,0.459429,0.439199,13226.888672
20,0.788174,0.423315,13992.214844
21,0.784158,0.430267,14225.182617
22,0.899702,0.450381,14491.327148
23,0.915221,0.438484,14923.908203
24,0.606899,0.445923,15922.193359
25,0.516701,0.415006,16554.402344
26,0.438111,0.485511,17186.621094
27,0.420143,0.459542,17386.298828
28,0.421326,0.428959,17685.759766
29,0.981674,0.390265,18883.660156
30,0.875957,0.428802,19266.312500
31,0.883226,0.423547,19366.136719
32,0.890187,0.411448,19449.332031
33,0.871532,0.379657,19632.328125
34,0.994359,0.338487,20863.541016
35,0.186949,0.443732,22161.320312
36,0.718422,0.419724,23525.541016
37,0.699086,0.385930,23825.035156
38,0.703714,0.398970,24008.064453
39,0.710204,0.410418,24124.480469
40,0.632291,0.437718,24307.523438
41,0.639856,0.452743,24590.339844
42,0.624844,0.592429,24973.031250
0,0.728866,0.579738,316.181427
1,0.706572,0.631438,615.679321
2,0.756748,0.620330,998.292542
3,0.720276,0.537583,1364.399536
4,0.711004,0.519930,1630.468262
5,0.474540,0.502723,2578.877686
6,0.461196,0.478865,2795.120361
7,0.410772,0.483874,3294.232666
8,0.359412,0.468100,3510.584229
9,0.272053,0.358082,4192.665527
10,0.278795,0.259987,4741.710938
11,0.237840,0.322953,5141.017578
12,0.225807,0.385081,5340.649414
13,0.244598,0.368842,5723.405762
14,0.284293,0.308690,5889.738281
15,0.300741,0.262027,6089.409668
16,0.298743,0.244141,6222.514648
17,0.317663,0.300918,6555.307129
18,0.296240,0.441045,7004.534668
19,0.295151,0.468189,7237.476074
20,0.309623,0.452279,7437.104492
21,0.294435,0.414561,7836.411133
22,0.294354,0.344043,8135.779297
23,0.320451,0.472615,8668.202148
24,0.387954,0.502810,9683.078125
25,0.445213,0.533303,9982.647461
26,0.640126,0.574195,11197.187500
27,0.671575,0.609458,11363.518555
28,0.715037,0.603390,11629.730469
29,0.730980,0.590549,11895.862305
30,0.709644,0.619291,12528.187500
31,0.818285,0.634566,13043.889648
32,0.878657,0.545173,13393.311523
33,0.849689,0.541369,13742.755859
34,0.983693,0.489183,14458.126953
35,0.014730,0.459327,14707.631836
36,0.053304,0.448789,14857.427734
37,0.009308,0.486847,15240.046875
38,0.972495,0.547878,15772.482422
39,0.985019,0.570247,16254.913086
40,0.960329,0.566368,17053.566406
41,0.943740,0.562035,17269.873047
42,0.973648,0.567178,17685.791016
43,0.986115,0.570065,17852.150391
44,0.974364,0.566987,18334.640625
45,0.957377,0.572393,18617.466797
46,0.945106,0.565502,19366.150391
47,0.896640,0.510534,19515.912109
48,0.832980,0.541912,20064.925781
49,0.777423,0.574324,20247.980469
50,0.745011,0.589290,20480.880859
51,0.720290,0.588866,20730.441406
52,0.730960,0.517114,20996.648438
53,0.710149,0.529157,21246.195312
54,0.706732,0.561207,21595.603516
55,0.705822,0.623374,21895.058594
56,0.735129,0.595146,22793.494141
57,0.165796,0.444777,23825.035156
58,0.192986,0.428849,23974.787109
59,0.207405,0.438503,24307.521484
60,0.202961,0.323998,24557.101562
0,0.711544,0.643198,332.847961
1,0.671278,0.726280,1098.211914
2,0.704747,0.686233,1613.926147
3,0.689787,0.661155,1830.181885
4,0.679925,0.690234,2262.742920
5,0.872603,0.680664,2878.425049
6,0.883929,0.925980,3128.020752
7,0.094501,0.977063,3477.308594
8,0.288455,0.865257,3793.427979
9,0.200212,0.933304,3976.473633
10,0.806514,0.593205,4658.570801
11,0.767331,0.600845,4924.777344
12,0.755417,0.507707,5157.744141
13,0.717120,0.490050,5740.138672
14,0.697786,0.494124,5889.746094
15,0.721326,0.483055,6172.663086
16,0.531833,0.502677,7037.868164
17,0.492793,0.483587,7353.920898
18,0.465985,0.478527,7520.294922
19,0.550891,0.487506,7869.706055
20,0.570067,0.479797,8119.284668
21,0.611330,0.485248,8335.519531
22,0.806479,0.491044,9234.036133
23,0.805783,0.488916,9416.959961
24,0.888310,0.487478,9683.161133
25,0.890737,0.490514,9766.341797
26,0.906746,0.509825,9916.083984
27,0.041265,0.395552,10698.011719
28,0.122227,0.407032,10964.234375
29,0.194563,0.333126,11463.378906
30,0.226397,0.269749,11663.040039
31,0.234459,0.254581,11929.233398
32,0.214823,0.231119,12278.590820
33,0.162581,0.338364,12578.065430
34,0.383911,0.446229,13160.486328
35,0.368257,0.448135,13376.669922
36,0.369435,0.439950,13476.499023
37,0.979879,0.455710,14691.064453
38,0.959388,0.477374,14890.721680
39,0.972282,0.469251,15256.715820
40,0.862563,0.530784,15855.653320
41,0.831947,0.528315,16088.584961
42,0.836379,0.535749,16271.617188
43,0.795131,0.495866,16587.759766
44,0.680221,0.483536,17070.228516
45,0.675632,0.482047,17303.169922
46,0.540937,0.475226,17902.142578
47,0.529742,0.469026,18135.064453
48,0.479216,0.459855,18384.679688
49,0.486920,0.556866,18900.400391
50,0.463613,0.575764,19133.300781
51,0.583269,0.595984,19432.773438
52,0.594958,0.580446,19549.261719
53,0.666175,0.604629,19848.728516
54,0.721031,0.580161,20164.796875
55,0.733670,0.576254,20347.875000
56,0.748479,0.530906,20614.011719
57,0.738034,0.503340,20813.734375
58,0.760005,0.642544,21279.642578
59,0.782845,0.632994,21612.353516
60,0.743248,0.528220,21845.212891
61,0.754477,0.497032,22044.878906
62,0.795866,0.482821,22277.869141
63,0.702909,0.493964,22793.541016
64,0.708478,0.474087,22943.337891
65,0.735229,0.470449,23276.058594
66,0.696369,0.479834,23941.589844
67,0.675056,0.474952,24324.201172
0,0.740055,0.580377,316.257446
1,0.716263,0.649328,549.131042
2,0.761100,0.695061,898.504517
3,0.753345,0.509294,1148.143066
4,0.143873,0.464779,3144.568115
5,0.178113,0.449046,3510.566162
6,0.213693,0.386842,3776.807617
7,0.241553,0.290527,3976.473389
8,0.300859,0.395308,4392.384766
9,0.290979,0.373014,4608.727539
10,0.354557,0.498073,5124.481934
11,0.586414,0.493214,7653.323242
12,0.531214,0.488967,7936.218750
13,0.456830,0.466906,8169.085938
14,0.469505,0.463561,8468.584961
15,0.366577,0.450540,8801.379883
16,0.376058,0.460950,9100.874023
17,0.381315,0.482116,9250.669922
18,0.381402,0.468319,9683.144531
19,0.258210,0.259098,10415.163086
20,0.227753,0.250433,10664.791016
21,0.617699,0.597665,11746.186523
22,0.674159,0.688349,12245.306641
23,0.677941,0.576254,12528.196289
24,0.719385,0.531391,13010.668945
25,0.745146,0.496875,13193.705078
26,0.739472,0.504316,13293.469727
27,0.706952,0.502713,13543.119141
28,0.701237,0.510538,13709.458008
29,0.618566,0.509901,13975.623047
30,0.566300,0.486196,14142.109375
31,0.577479,0.497862,14491.410156
32,0.544364,0.457923,14741.010742
33,0.696889,0.595532,15473.115234
34,0.732016,0.672806,15722.627930
35,0.728908,0.662875,15822.420898
36,0.705279,0.710878,15988.809570
37,0.774733,0.516222,16388.099609
38,0.856151,0.553254,17053.564453
39,0.880516,0.607846,17336.474609
40,0.872125,0.580008,17536.113281
41,0.869992,0.568131,17652.519531
42,0.871222,0.523272,17918.763672
43,0.714286,0.593434,18467.814453
44,0.869815,0.533124,19033.486328
45,0.862378,0.519093,19199.841797
46,0.717818,0.585615,19699.001953
47,0.707271,0.654941,20148.265625
48,0.642683,0.643907,20614.023438
49,0.627121,0.514439,20863.601562
50,0.636568,0.482766,21163.111328
51,0.578552,0.427810,21845.230469
52,0.548975,0.420644,22311.085938
53,0.699493,0.510527,22910.056641
54,0.772846,0.511512,23442.498047
55,0.801893,0.543552,23875.089844
0,0.796809,0.645053,615.605713
1,0.751206,0.674073,865.228760
2,0.695126,0.653027,1098.102173
3,0.692003,0.659400,1314.476318
4,0.681254,0.729922,1580.591919
5,0.692601,0.740250,1697.070312
6,0.711351,0.696698,2262.657471
7,0.696688,0.656999,2512.389404
8,0.637187,0.630937,2695.324951
9,0.630242,0.566430,3011.385498
10,0.621663,0.533063,3194.443848
11,0.626900,0.514556,3477.269775
12,0.576453,0.619585,3760.140137
13,0.564396,0.629069,4026.294922
14,0.513270,0.593937,4226.001465
15,0.469088,0.568710,4425.691895
16,0.446608,0.536777,4608.677734
17,0.727873,0.529974,5889.719727
18,0.739795,0.512701,6105.963379
19,0.712348,0.509840,6422.068359
20,0.719584,0.548003,6738.226074
21,0.748521,0.547103,7087.689941
22,0.866695,0.534429,7536.846680
23,0.862007,0.533734,7653.339355
24,0.876397,0.575177,7786.473145
25,0.921883,0.723253,8019.295898
26,0.087024,0.480721,8834.618164
27,0.144859,0.469526,9084.220703
28,0.196997,0.417232,9350.270508
29,0.226190,0.401862,9533.265625
30,0.235715,0.338328,9816.141602
31,0.234197,0.289715,10115.692383
32,0.164275,0.331143,10348.554688
33,0.163081,0.319682,10664.646484
34,0.247201,0.289308,10947.583984
35,0.247142,0.279698,11064.042969
36,0.220434,0.258447,11197.137695
37,0.289236,0.361085,11746.168945
38,0.411163,0.507824,12544.706055
39,0.393263,0.494679,12727.784180
40,0.460741,0.455118,13360.006836
41,0.450774,0.472836,14075.313477
42,0.229021,0.412687,14757.556641
43,0.204963,0.309768,14990.417969
44,0.208811,0.239718,15223.320312
45,0.196432,0.213233,16071.959961
46,0.734090,0.533656,17652.445312
47,0.712946,0.530295,17785.501953
48,0.784218,0.510830,18134.921875
49,0.787803,0.507421,18301.289062
50,0.765659,0.432092,18850.390625
51,0.756804,0.565982,19965.183594
52,0.723894,0.592271,20247.847656
53,0.795935,0.628434,20447.490234
54,0.019245,0.503673,21329.302734
55,0.964163,0.516643,21612.177734
56,0.995440,0.575169,21895.087891
57,0.998307,0.605475,22044.867188
58,0.966521,0.494007,22676.951172
59,0.199714,0.443549,23558.779297
60,0.137017,0.468695,23741.761719
61,0.185947,0.341999,24024.644531
62,0.157939,0.340052,24357.416016
0,0.760931,0.345927,83.302803
1,0.773152,0.589253,465.985504
2,0.749650,0.631619,682.240540
3,0.720826,0.676628,1164.731567
4,0.697294,0.585610,1963.375977
5,0.695765,0.569367,2329.351807
6,0.682780,0.530536,2495.752441
7,0.449500,0.504879,3710.350830
8,0.455049,0.513201,3843.487305
9,0.453306,0.497705,4092.946289
10,0.531627,0.537483,4425.673828
11,0.804757,0.611992,5590.316895
12,0.863669,0.561293,5856.513672
13,0.881453,0.536437,6039.563477
14,0.899935,0.549231,6272.440918
15,0.857048,0.525674,6754.963867
16,0.121080,0.474447,7803.110840
17,0.152372,0.459074,8052.691406
18,0.185047,0.420395,8202.417969
19,0.182853,0.293951,8951.131836
20,0.162167,0.297831,9117.489258
21,0.195425,0.266582,10115.738281
22,0.171012,0.304023,10431.854492
23,0.184180,0.358711,11147.271484
24,0.186297,0.362866,11679.682617
25,0.173751,0.280205,12395.077148
26,0.274176,0.447300,13842.558594
27,0.269684,0.444614,13975.655273
28,0.170570,0.463365,14508.078125
29,0.981050,0.464158,15256.813477
30,0.918437,0.583255,15672.696289
31,0.881958,0.592776,15905.609375
32,0.002897,0.573926,16504.582031
33,0.949225,0.623341,16853.996094
34,0.716372,0.546583,18101.794922
35,0.686483,0.568392,18417.876953
36,0.641704,0.529550,19349.623047
37,0.625504,0.527552,20015.128906
38,0.630084,0.519067,20297.929688
39,0.698175,0.524403,20514.236328
40,0.701761,0.541079,20896.890625
41,0.728503,0.563856,21213.015625
42,0.778468,0.548467,21695.505859
43,0.792586,0.508554,22078.173828
44,0.794743,0.508143,22294.484375
45,0.844801,0.505205,22959.947266
46,0.879053,0.536181,23259.474609
47,0.869037,0.556079,23758.585938
48,0.865044,0.555344,24091.318359
49,0.819857,0.609170,24457.351562
50,0.822223,0.606136,24756.847656
0,0.753053,0.559741,349.417389
1,0.726510,0.607575,515.819458
2,0.702841,0.647281,798.695068
3,0.653734,0.566714,1231.209595
4,0.631511,0.565099,1430.835571
5,0.642184,0.623109,1680.427734
6,0.656888,0.667628,1896.737061
7,0.701381,0.713251,2063.062988
8,0.589971,0.614355,2379.176758
9,0.576739,0.611050,2595.528564
10,0.623937,0.536699,2911.604248
11,0.650548,0.525091,3227.738525
12,0.660186,0.515405,3477.234375
13,0.625253,0.540055,3676.938232
14,0.720343,0.713554,4126.108398
15,0.696474,0.727611,4292.536133
16,0.708248,0.693193,4708.446777
17,0.689962,0.713601,5091.098633
18,0.744868,0.607067,5723.379395
19,0.717583,0.612193,5956.286621
20,0.766673,0.621442,6438.794434
21,0.761340,0.548269,7021.127930
22,0.765823,0.519584,7137.571777
23,0.801224,0.494388,7387.111816
24,0.818385,0.575536,7719.951660
25,0.801690,0.515489,8052.691406
26,0.800622,0.481775,8352.050781
27,0.781734,0.422088,8984.297852
28,0.847818,0.508220,9616.592773
29,0.873917,0.538157,10032.497070
30,0.863567,0.529233,10914.295898
31,0.868936,0.525088,11330.216797
32,0.858081,0.506764,11796.148438
33,0.990310,0.509848,12478.190430
34,0.987422,0.485208,12794.296875
35,0.016431,0.482836,13243.510742
36,0.035355,0.468502,13360.082031
37,0.950939,0.577644,13775.968750
38,0.939783,0.593186,14058.754883
39,0.995404,0.584122,14341.634766
40,0.086632,0.459871,14957.199219
41,0.134263,0.478489,15107.042969
42,0.154872,0.458927,15339.841797
43,0.188988,0.448688,15539.503906
44,0.217881,0.367897,15955.508789
45,0.232312,0.349507,16321.517578
46,0.252245,0.309682,16521.138672
47,0.277314,0.303883,16770.691406
48,0.244705,0.252104,17070.185547
49,0.233712,0.263206,17269.814453
50,0.229547,0.238681,17635.955078
51,0.225275,0.211860,17802.267578
52,0.227473,0.240751,18401.236328
53,0.233368,0.380734,18883.685547
54,0.238136,0.424854,19199.816406
55,0.206556,0.459379,19432.707031
56,0.214478,0.439367,19782.093750
57,0.244515,0.430540,20148.263672
58,0.249175,0.422781,20397.697266
59,0.250633,0.384875,20597.371094
60,0.253149,0.345773,20880.218750
61,0.253710,0.333590,21046.550781
62,0.284574,0.322679,21362.705078
63,0.284096,0.307804,21562.371094
64,0.252870,0.301267,21994.888672
65,0.284438,0.305656,22610.531250
66,0.299600,0.332155,23226.070312
67,0.281722,0.318917,23459.013672
68,0.172126,0.331179,23891.613281
69,0.161034,0.391448,24307.605469
70,0.172935,0.446651,24706.855469
0,0.721053,0.639016,415.868469
1,0.701322,0.681287,598.894958
2,0.761218,0.688165,1114.713013
3,0.722964,0.617832,1430.838867
4,0.714698,0.524830,1746.874390
5,0.702127,0.503477,2029.778442
6,0.685856,0.567643,2262.727051
7,0.649043,0.630077,2612.063232
8,0.640187,0.653248,2795.090088
9,0.627845,0.549741,3044.659424
10,0.647485,0.511304,3410.652100
11,0.617920,0.588571,3793.299805
12,0.591465,0.646430,4126.051270
13,0.567438,0.629931,4342.408203
14,0.549278,0.522479,4991.232422
15,0.447351,0.466334,5823.098145
16,0.455598,0.449583,6056.043945
17,0.356654,0.476379,6904.565918
18,0.310374,0.481581,7370.380859
19,0.236252,0.404529,7836.239258
20,0.218560,0.336069,8335.407227
21,0.210368,0.435021,8551.691406
22,0.216114,0.524520,8767.957031
23,0.177819,0.534451,9000.866211
24,0.174500,0.509924,9183.882812
25,0.200374,0.457037,9416.820312
26,0.228647,0.410739,9649.754883
27,0.192627,0.430026,9932.607422
28,0.206464,0.420546,10365.156250
29,0.218814,0.451725,10614.720703
30,0.226203,0.396526,10964.101562
31,0.248015,0.372568,11246.970703
32,0.275374,0.365281,12028.963867
33,0.312296,0.414498,12228.595703
34,0.348219,0.466775,12411.587891
35,0.361325,0.476438,12727.713867
36,0.393206,0.490601,13060.435547
37,0.421756,0.491954,13326.651367
38,0.490534,0.554441,13659.396484
39,0.481946,0.542163,13775.872070
40,0.481262,0.478576,13975.523438
41,0.491297,0.477115,14324.947266
42,0.554140,0.564399,14674.343750
43,0.576375,0.528658,14890.583984
44,0.600721,0.531586,15106.863281
45,0.623798,0.561562,15339.805664
46,0.626547,0.614192,15622.639648
47,0.661571,0.682034,15955.432617
48,0.662094,0.687046,16071.881836
49,0.662864,0.687049,16204.978516
50,0.666858,0.695181,16321.401367
51,0.675244,0.797594,17020.277344
52,0.658094,0.797551,17169.990234
53,0.695207,0.558854,18068.382812
54,0.746469,0.620420,18317.962891
55,0.846021,0.618330,18634.093750
56,0.877779,0.550921,18983.523438
57,0.871799,0.535376,19249.664062
58,0.852891,0.536883,19515.908203
59,0.851794,0.511676,19948.449219
60,0.864374,0.524827,20181.416016
61,0.977955,0.562511,20414.259766
62,0.968255,0.545242,20630.675781
63,0.981791,0.608873,20846.841797
64,0.989267,0.647549,21113.095703
65,0.998593,0.490108,21312.691406
66,0.011140,0.447376,21578.886719
67,0.975171,0.511687,22044.779297
68,0.962304,0.533807,22310.974609
69,0.969126,0.581403,22593.857422
70,0.988216,0.634182,22876.677734
71,0.931448,0.675824,23076.353516
72,0.880378,0.544537,23342.568359
73,0.872028,0.529061,23592.023438
74,0.948711,0.664199,23991.363281
75,0.952236,0.676917,24207.650391
76,0.814061,0.635461,24606.939453
0,0.710789,0.603174,399.280792
1,0.716979,0.620761,549.067017
2,0.700785,0.683887,698.842957
3,0.725306,0.475189,1064.848145
4,0.744900,0.514046,1430.921997
5,0.802964,0.422792,1680.369263
6,0.797679,0.399891,1813.499634
7,0.821459,0.551613,2279.411621
8,0.964047,0.495423,2795.145020
9,0.005259,0.474756,3011.404053
10,0.031370,0.430297,3244.383789
11,0.066393,0.404975,3643.627197
12,0.274056,0.271379,5141.051270
13,0.271738,0.209962,5357.300293
14,0.216218,0.443441,5839.811035
15,0.206791,0.195040,6039.549316
16,0.190873,0.145825,6189.177734
17,0.151516,0.207856,6521.949707
18,0.877662,0.466460,7437.040039
19,0.872953,0.478052,7736.473145
20,0.634374,0.591587,8901.104492
21,0.609200,0.515579,9100.767578
22,0.437841,0.483908,10032.481445
23,0.443600,0.433712,10265.482422
24,0.760035,0.558500,10980.803711
25,0.707699,0.565888,11180.488281
26,0.719113,0.430906,11346.835938
27,0.697232,0.404230,11563.124023
28,0.805729,0.386442,11979.124023
29,0.803879,0.399874,12062.280273
30,0.792549,0.408104,12228.635742
31,0.693424,0.461591,12461.551758
32,0.637108,0.493455,12744.462891
33,0.596445,0.517177,12944.120117
34,0.502639,0.318932,13459.856445
35,0.472819,0.301407,13609.595703
36,0.435576,0.376171,13809.303711
37,0.457982,0.527963,13992.250977
38,0.461977,0.440819,14441.435547
39,0.358577,0.462598,14857.436523
40,0.364658,0.440722,15073.658203
41,0.300475,0.404995,15323.223633
42,0.308360,0.353612,15672.625000
43,0.360539,0.432029,16005.377930
44,0.381613,0.428392,16221.645508
45,0.344230,0.419013,16421.296875
46,0.949328,0.454051,17419.576172
47,0.961885,0.541706,17635.863281
48,0.984174,0.600585,17818.947266
49,0.943292,0.668586,17985.222656
50,0.948637,0.649973,18451.107422
51,0.915948,0.649702,18733.960938
52,0.200147,0.784086,19981.869141
53,0.269845,0.924076,20181.380859
54,0.702488,0.930097,21246.220703
55,0.727549,0.652015,22211.263672
56,0.840729,0.854607,22527.308594
57,0.769139,0.546823,23142.966797
58,0.755566,0.530279,23325.953125
59,0.697927,0.552495,23558.839844
60,0.714116,0.471613,24008.166016
61,0.747374,0.417003,24457.304688
62,0.714975,0.482119,24690.214844
0,0.722679,0.532224,282.914337
1,0.726645,0.613004,449.281830
2,0.711791,0.654762,665.546875
3,0.706958,0.678855,1031.573486
4,0.691473,0.683492,1497.454102
5,0.701362,0.696458,1663.785278
6,0.467186,0.765878,3227.732666
7,0.744555,0.592053,4475.602539
8,0.703449,0.561385,4708.579102
9,0.688376,0.514017,5174.355469
10,0.700345,0.493780,5340.722656
11,0.231520,0.281887,7187.484863
12,0.228179,0.255204,7403.770020
13,0.171533,0.309986,7836.373535
14,0.220319,0.237324,8052.638184
15,0.285302,0.292807,8402.036133
16,0.254246,0.420544,8684.902344
17,0.236058,0.480800,8917.789062
18,0.234927,0.506079,9217.267578
19,0.228203,0.453859,9483.468750
20,0.196347,0.454718,9766.333984
21,0.140301,0.481343,10032.544922
22,0.209735,0.447480,10498.362305
23,0.219070,0.267336,10847.767578
24,0.902045,0.520400,13127.110352
25,0.854553,0.526405,13409.953125
26,0.699837,0.514009,14541.306641
27,0.677146,0.500551,14774.233398
28,0.728497,0.523082,15140.247070
29,0.802944,0.508735,15805.778320
30,0.798112,0.495197,15922.209961
31,0.460059,0.518822,17170.050781
32,0.537462,0.493632,17719.083984
33,0.559464,0.496753,18001.917969
34,0.588167,0.502284,18467.792969
35,0.672029,0.623069,19000.183594
36,0.703745,0.584962,19332.939453
37,0.708431,0.595226,19615.804688
38,0.697129,0.584150,19815.431641
39,0.717582,0.646160,20131.562500
40,0.703658,0.642986,20464.314453
41,0.711391,0.626412,20713.849609
42,0.738707,0.540130,21113.156250
43,0.740424,0.512327,21329.445312
44,0.719474,0.587489,21645.537109
45,0.887715,0.560178,22094.767578
46,0.876290,0.531839,22244.505859
47,0.976269,0.507798,22810.181641
48,0.989015,0.566673,23309.318359
49,0.007100,0.512029,24124.544922
50,0.057193,0.460756,24424.019531
0,0.716987,0.596848,565.661987
1,0.704811,0.637158,765.303833
2,0.682547,0.708445,1164.653198
3,0.689352,0.718930,1331.084839
4,0.734793,0.515629,2262.694824
5,0.663412,0.524109,2728.528076
6,0.549934,0.518114,3260.968994
7,0.532495,0.465122,3444.016357
8,0.474996,0.434177,3726.787354
9,0.496695,0.401857,4176.059082
10,0.493058,0.395319,4292.500000
11,0.552511,0.482185,4791.621094
12,0.931512,0.530643,6222.463867
13,0.993977,0.537827,6638.398438
14,0.059005,0.507522,6954.476562
15,0.128830,0.477071,7603.458984
16,0.152719,0.460027,7852.913086
17,0.200661,0.451610,8119.134277
18,0.204990,0.365424,8485.173828
19,0.189916,0.312282,8701.437500
20,0.165117,0.304035,8934.378906
21,0.209828,0.291103,9466.761719
22,0.209406,0.296848,9566.629883
23,0.238086,0.374438,9799.541992
24,0.221474,0.395373,9982.550781
25,0.203224,0.398570,10248.728516
26,0.146484,0.332346,10648.051758
27,0.114212,0.330933,10897.695312
28,0.124461,0.306684,11014.066406
29,0.934787,0.488631,12627.942383
30,0.846016,0.555914,12877.506836
31,0.853020,0.542861,13027.223633
32,0.790380,0.579239,13459.821289
33,0.736786,0.540272,13775.972656
34,0.737665,0.535375,13909.044922
35,0.749605,0.527387,14158.611328
36,0.691859,0.559018,14374.914062
37,0.691646,0.565824,14508.030273
38,0.711306,0.616440,14740.899414
39,0.708414,0.531479,15156.865234
40,0.716331,0.503467,15356.539062
41,0.855174,0.505647,16055.250000
42,0.881235,0.542056,16521.189453
43,0.769541,0.598203,17086.771484
44,0.579528,0.524745,17868.863281
45,0.540449,0.533609,18517.656250
46,0.536673,0.576992,19066.677734
47,0.629616,0.575457,19416.107422
48,0.645575,0.502555,19715.533203
49,0.627488,0.472582,19965.154297
50,0.662456,0.528827,20281.253906
51,0.665579,0.545686,20514.142578
52,0.748873,0.639587,20863.580078
53,0.835867,0.617903,21662.142578
54,0.829827,0.650303,21845.177734
55,0.868197,0.577760,22161.296875
56,0.886856,0.533617,22477.402344
57,0.856834,0.526495,22860.021484
58,0.855957,0.531928,22959.939453
59,0.760823,0.508855,23359.187500
60,0.716609,0.577878,23874.935547
61,0.711469,0.620397,24374.144531
0,0.713608,0.625605,349.384064
1,0.693608,0.704020,582.386108
2,0.736352,0.702038,998.215576
3,0.657196,0.752374,1314.379883
4,0.652807,0.791556,1547.304199
5,0.677855,0.770460,1697.080688
6,0.699388,0.714892,2246.062012
7,0.677637,0.613744,2711.907959
8,0.641035,0.604540,2878.256104
9,0.645390,0.603264,3177.811523
10,0.644610,0.522846,3427.317139
11,0.634248,0.462641,3660.223389
12,0.631335,0.416848,3976.334473
13,0.576925,0.418165,4309.192871
14,0.522104,0.423778,4608.572754
15,0.552478,0.562552,4824.895996
16,0.567022,0.570026,5007.866211
17,0.450888,0.456653,5457.152832
18,0.443451,0.441537,5623.482910
19,0.443611,0.438430,5773.289551
20,0.444350,0.440871,5922.944824
21,0.348846,0.450158,6388.844238
22,0.226006,0.266789,7070.932617
23,0.213848,0.219834,7270.594727
24,0.265914,0.233736,7520.233887
25,0.149456,0.236156,7952.739746
26,0.253847,0.484612,8701.427734
27,0.733073,0.597557,10381.837891
28,0.742042,0.559729,10731.211914
29,0.828692,0.568208,11097.238281
30,0.910430,0.546671,11796.051758
31,0.966328,0.527855,12028.936523
32,0.977400,0.477651,12361.685547
33,0.015084,0.439253,12661.176758
34,0.076643,0.451240,12927.358398
35,0.104470,0.461933,13176.974609
36,0.133673,0.419405,13393.239258
37,0.149537,0.457149,13809.202148
38,0.181264,0.420533,14058.726562
39,0.051789,0.350107,14374.831055
40,0.993069,0.314495,14574.555664
41,0.990113,0.253007,14790.768555
42,0.996469,0.246215,14957.175781
43,0.173223,0.153981,16021.963867
44,0.162147,0.283611,16238.273438
45,0.161720,0.287054,16321.472656
46,0.268260,0.182535,16820.560547
47,0.286732,0.207261,17020.218750
48,0.158345,0.286808,17319.730469
49,0.198423,0.442819,17652.458984
50,0.206606,0.475564,17885.398438
51,0.206483,0.468554,18035.134766
52,0.183484,0.199368,18401.162109
53,0.136720,0.197515,18634.048828
54,0.152948,0.211605,18800.488281
55,0.700690,0.650278,20264.550781
56,0.694234,0.548888,20547.455078
57,0.694892,0.490521,20863.505859
58,0.697672,0.498593,20979.992188
59,0.630610,0.509935,21329.416016
60,0.639867,0.509173,21645.494141
61,0.581847,0.476407,21878.404297
62,0.557941,0.481251,22111.328125
63,0.554755,0.491460,22211.148438
64,0.528851,0.498608,22427.498047
65,0.591612,0.568626,22693.714844
66,0.567758,0.658687,22993.105469
67,0.525836,0.681123,23425.712891
68,0.589894,0.628894,23874.892578
69,0.641745,0.679401,24390.759766
70,0.654936,0.687942,24540.382812
71,0.664133,0.695682,24823.226562
0,0.757526,0.523967,299.455231
1,0.758227,0.577995,449.254333
2,0.754801,0.610105,632.236267
3,0.707902,0.640269,881.804688
4,0.637923,0.633458,1547.251221
5,0.631262,0.629179,1730.352783
6,0.854845,0.673730,2495.674805
7,0.890617,0.495997,3127.858398
8,0.860602,0.532051,3477.275879
9,0.853435,0.578684,3643.626953
10,0.858008,0.505986,3926.557129
11,0.977431,0.456020,4275.801758
12,0.995130,0.458139,4425.645020
13,0.011601,0.400859,4791.596191
14,0.025901,0.372189,5041.144043
15,0.030081,0.379931,5124.366211
16,0.008313,0.354162,5423.833984
17,0.080909,0.431182,5823.162109
18,0.100090,0.426143,6105.959961
19,0.109736,0.427610,6338.857910
20,0.065635,0.456409,6954.501465
21,0.866213,0.533125,7786.366699
22,0.841496,0.523645,7986.012207
23,0.741013,0.563176,8385.334961
24,0.721425,0.534423,8701.474609
25,0.699922,0.595143,8884.469727
26,0.716397,0.618628,9150.670898
27,0.712199,0.650201,9300.467773
28,0.643439,0.637044,9683.059570
29,0.597960,0.587042,10098.958984
30,0.526924,0.577466,10598.130859
31,0.578624,0.583112,10847.729492
32,0.461250,0.520483,11396.771484
33,0.428866,0.488444,11662.975586
34,0.329452,0.496652,12328.497070
35,0.402972,0.480168,12827.535156
36,0.458203,0.494061,13476.494141
37,0.228418,0.341917,14474.699219
38,0.231671,0.334945,14574.478516
39,0.256542,0.305021,14790.814453
40,0.193957,0.278589,15023.770508
41,0.163467,0.336070,15339.867188
42,0.246048,0.453951,15672.573242
43,0.181758,0.401000,16155.175781
44,0.189044,0.299242,16354.736328
45,0.232535,0.242380,16554.363281
46,0.282607,0.276011,16887.205078
47,0.296127,0.296396,17086.849609
48,0.336175,0.409736,17402.982422
49,0.369933,0.468592,17585.878906
50,0.399193,0.483227,17951.968750
51,0.363501,0.488883,18451.095703
52,0.178408,0.465375,19083.339844
53,0.125344,0.480841,19299.550781
54,0.093359,0.473916,19599.031250
55,0.060335,0.469463,19948.425781
56,0.042120,0.485952,20447.544922
57,0.042841,0.493737,20547.388672
58,0.111960,0.439533,20763.691406
59,0.129237,0.441447,20996.572266
60,0.092653,0.510391,21529.103516
61,0.207866,0.418051,21944.988281
62,0.309142,0.583898,22976.503906
63,0.369898,0.718507,23542.199219
64,0.537941,0.554072,24307.490234
65,0.569996,0.563605,24473.902344
66,0.569904,0.563321,24640.234375
67,0.561052,0.605887,24806.605469
68,0.604299,0.594499,24972.982422
0,0.788349,0.462203,16.675211
1,0.815214,0.565974,449.188599
2,0.772243,0.529982,748.720520
3,0.828536,0.713256,1297.784180
4,0.824940,0.712300,1464.189209
5,0.994947,0.481329,2212.878906
6,0.055776,0.423540,2662.125244
7,0.079474,0.434089,2878.329834
8,0.122017,0.410364,3061.312500
9,0.256650,0.256659,3843.277832
10,0.240999,0.262310,4009.754395
11,0.231955,0.249902,4126.148438
12,0.291624,0.312526,4392.300293
13,0.260676,0.447865,4625.300293
14,0.261487,0.508930,4874.864258
15,0.491621,0.520359,5706.734863
16,0.530009,0.517209,6189.197754
17,0.508017,0.543762,6887.980469
18,0.481513,0.534234,7087.598145
19,0.480323,0.495570,7254.006348
20,0.230150,0.309788,8185.735840
21,0.218945,0.229564,8501.883789
22,0.168371,0.311060,8801.299805
23,0.185428,0.418691,9383.602539
24,0.195838,0.470262,9566.644531
25,0.201966,0.495314,9766.359375
26,0.147942,0.480738,10132.350586
27,0.111593,0.471349,10365.288086
28,0.081760,0.487443,10648.088867
29,0.064138,0.439487,10930.965820
30,0.130501,0.412704,11197.136719
31,0.026312,0.393650,11629.656250
32,0.004767,0.464188,11895.853516
33,0.991954,0.538231,12062.361328
34,0.988284,0.579116,12245.309570
35,0.973523,0.497314,12528.133789
36,0.394034,0.508776,13825.875977
37,0.728148,0.651679,15539.616211
38,0.694103,0.609351,15988.767578
39,0.714108,0.533451,16205.006836
40,0.743339,0.510428,16537.744141
41,0.791105,0.496059,17003.593750
42,0.793224,0.506555,17436.232422
43,0.729853,0.534375,18101.712891
44,0.708765,0.518527,18251.482422
45,0.675489,0.523144,18500.986328
46,0.630501,0.522026,18800.517578
47,0.589429,0.523912,19033.439453
48,0.573762,0.511819,19183.126953
49,0.550046,0.505603,19416.066406
50,0.544745,0.539156,19649.017578
51,0.535801,0.514508,19865.345703
52,0.551394,0.535657,20148.119141
53,0.556853,0.575299,20397.716797
54,0.576045,0.617077,20547.443359
55,0.614295,0.592338,20963.369141
56,0.661151,0.657288,21512.417969
57,0.688157,0.762758,21778.632812
58,0.687872,0.774700,21861.810547
59,0.711345,0.787968,22161.273438
60,0.723593,0.784705,22277.769531
61,0.751505,0.754659,22976.527344
62,0.750648,0.784478,23109.609375
63,0.786343,0.755778,23425.720703
64,0.777631,0.665821,23825.060547
65,0.771046,0.640891,24074.585938
66,0.787188,0.605632,24440.619141
67,0.808539,0.580519,24790.031250
0,0.814686,0.745033,66.562279
1,0.817121,0.721281,266.190033
2,0.650806,0.565217,781.914246
3,0.599475,0.655285,1098.016357
4,0.473026,0.540545,1613.770508
5,0.374345,0.547378,2229.398682
6,0.378568,0.507198,2612.032471
7,0.293964,0.420693,3144.423340
8,0.269701,0.357819,3327.500488
9,0.489418,0.486097,4026.218018
10,0.528020,0.513913,4225.868652
11,0.576392,0.550212,4558.622559
12,0.610840,0.524815,4725.062012
13,0.609108,0.525465,4858.128418
14,0.660457,0.550348,5074.450195
15,0.743204,0.593976,5839.705078
16,0.747542,0.629752,6022.824707
17,0.794604,0.575531,6388.815918
18,0.844889,0.575475,6704.922363
19,0.868420,0.601357,6887.936523
20,0.865784,0.674381,7170.755371
21,0.859933,0.696638,7403.634277
22,0.849339,0.682944,7570.103027
23,0.787532,0.707717,7886.220703
24,0.682874,0.741534,8235.607422
25,0.692522,0.741177,8435.241211
26,0.699836,0.812485,8684.758789
27,0.711669,0.815840,8867.746094
28,0.725072,0.659433,9084.094727
29,0.007855,0.584890,10548.272461
30,0.080862,0.498872,11047.354492
31,0.963302,0.817780,11696.197266
32,0.939680,0.862939,11929.143555
33,0.945392,0.850579,12245.233398
34,0.965695,0.837919,12528.111328
35,0.960550,0.823587,12611.241211
36,0.984389,0.816392,13060.554688
37,0.921078,0.562385,14657.649414
38,0.886287,0.520530,14857.319336
39,0.870405,0.514800,15090.246094
40,0.858219,0.527703,15356.486328
41,0.768910,0.582673,15805.668945
42,0.758000,0.567624,15905.450195
43,0.787471,0.495224,16138.466797
44,0.759074,0.443695,16404.595703
45,0.764332,0.425322,16537.705078
46,0.755488,0.407898,16654.138672
47,0.657069,0.570703,17086.775391
48,0.244154,0.373478,18966.851562
49,0.213476,0.289802,19599.021484
50,0.210318,0.263494,19898.552734
51,0.279975,0.481179,20430.908203
52,0.322385,0.440477,20813.544922
53,0.361519,0.469889,21046.476562
54,0.440727,0.482850,21495.728516
55,0.490728,0.518484,21828.474609
56,0.557538,0.539535,22061.357422
57,0.569290,0.562244,22493.960938
58,0.613450,0.582716,22760.148438
59,0.646049,0.539217,23109.531250
60,0.644463,0.543466,23292.552734
61,0.710316,0.543280,23592.046875
62,0.741547,0.595433,23775.074219
63,0.731809,0.638215,24207.609375
64,0.750741,0.521858,24706.757812
0,0.723468,0.655803,415.951050
1,0.741711,0.548681,964.961914
2,0.784302,0.703927,1297.812500
3,0.761480,0.756848,1697.070312
4,0.694655,0.715617,2063.049805
5,0.700371,0.683321,2445.727051
6,0.735189,0.652103,2628.743408
7,0.712726,0.607223,2878.353271
8,0.708027,0.619475,3294.253418
9,0.727684,0.453532,3643.618408
10,0.675707,0.474271,3943.077148
11,0.643070,0.581605,4225.941406
12,0.580229,0.596669,4525.452637
13,0.525990,0.527202,4824.952148
14,0.530274,0.518744,4974.654297
15,0.458855,0.465900,5174.295898
16,0.335466,0.424601,5906.358887
17,0.339135,0.413535,6056.066895
18,0.296456,0.408350,6205.884766
19,0.256614,0.267676,6688.288086
20,0.243860,0.226394,6904.572266
21,0.238828,0.221089,6987.812012
22,0.214853,0.219754,7254.007324
23,0.222050,0.185993,7620.036133
24,0.231528,0.375292,8119.172363
25,0.188657,0.418198,8302.123047
26,0.196124,0.219144,8701.467773
27,0.298529,0.261157,9034.184570
28,0.298606,0.272928,9183.976562
29,0.296498,0.278979,9317.054688
30,0.492182,0.379080,10398.526367
31,0.980662,0.520636,11662.948242
32,0.006011,0.386087,11912.548828
33,0.078057,0.415260,12627.915039
34,0.079332,0.417303,12777.726562
35,0.086752,0.532930,13060.490234
36,0.139995,0.434421,13393.289062
37,0.177070,0.417892,13659.491211
38,0.187373,0.333040,13942.285156
39,0.177676,0.262767,14225.225586
40,0.182254,0.209636,14524.684570
41,0.190910,0.192544,14707.595703
42,0.190985,0.281872,15140.191406
43,0.162246,0.252631,15722.551758
44,0.161918,0.251802,16121.833984
45,0.203804,0.253627,16471.187500
46,0.195201,0.195071,16754.056641
47,0.222816,0.405857,17103.414062
48,0.203454,0.200849,17469.488281
49,0.198674,0.162597,17719.058594
50,0.163518,0.252152,18151.642578
51,0.158085,0.279158,18467.707031
52,0.191775,0.418328,18900.322266
53,0.168565,0.276126,19233.091797
54,0.151977,0.262563,19582.443359
55,0.134327,0.234570,20114.816406
56,0.989713,0.404369,20613.980469
57,0.708106,0.599575,21928.333984
58,0.688607,0.647821,22094.751953
59,0.708141,0.607387,22460.759766
60,0.707929,0.616407,22726.917969
61,0.703096,0.730350,22926.669922
62,0.707689,0.674573,23508.927734
63,0.720149,0.606770,23908.238281
0,0.658570,0.377654,149.718475
1,0.742902,0.603511,582.366150
2,0.702095,0.642417,965.013672
3,0.711404,0.630332,1147.973022
4,0.659600,0.530033,1414.172241
5,0.733288,0.515838,1746.923706
6,0.483106,0.545301,2661.998779
7,0.442446,0.502268,2928.189453
8,0.346797,0.464089,3610.339600
9,0.284462,0.430991,3810.005371
10,0.255501,0.364205,4076.175293
11,0.232160,0.304946,4325.790527
12,0.198848,0.267381,4575.351074
13,0.216088,0.255113,4791.602539
14,0.287686,0.342170,5157.635254
15,0.200647,0.438667,5523.714355
16,0.139874,0.466664,5873.073730
17,0.107660,0.434868,6105.967773
18,0.100597,0.474590,6372.212402
19,0.112772,0.464550,6588.463379
20,0.045083,0.445538,6788.122559
21,0.051635,0.449907,6887.966309
22,0.060023,0.414462,7037.676270
23,0.086001,0.478661,7237.350098
24,0.088532,0.489993,7669.934570
25,0.388673,0.481556,8518.433594
26,0.377520,0.515167,9167.305664
27,0.481136,0.501996,9366.939453
28,0.480340,0.488187,9683.066406
29,0.545497,0.495873,9999.178711
30,0.566543,0.495239,10282.025391
31,0.580293,0.523399,10664.672852
32,0.604952,0.502313,10914.238281
33,0.649119,0.493541,11230.361328
34,0.662777,0.507572,11596.389648
35,0.714960,0.491251,12012.318359
36,0.729479,0.496964,12211.961914
37,0.753920,0.501747,12544.728516
38,0.804957,0.494242,12844.193359
39,0.855421,0.489434,13226.865234
40,0.901840,0.505307,13642.810547
41,0.872594,0.539914,13875.761719
42,0.844443,0.575287,14125.303711
43,0.870472,0.535534,14607.798828
44,0.905759,0.532108,14973.845703
45,0.831677,0.661813,15289.930664
46,0.761867,0.658623,15705.857422
47,0.699192,0.617500,15955.442383
48,0.727055,0.594896,16288.188477
49,0.710915,0.637261,16620.929688
50,0.708861,0.646317,17036.880859
51,0.720533,0.592202,17286.429688
52,0.687293,0.521351,17536.021484
53,0.648406,0.533834,17785.593750
54,0.667927,0.568999,18134.949219
55,0.677856,0.540600,18417.820312
56,0.706193,0.508754,18667.353516
57,0.728864,0.495206,18933.576172
58,0.721543,0.493203,19216.394531
59,0.682861,0.499012,19515.876953
60,0.736074,0.511907,20014.994141
61,0.687929,0.544440,20281.222656
62,0.629083,0.517957,20663.861328
63,0.589655,0.508356,20913.427734
64,0.595014,0.490625,21113.078125
65,0.587765,0.476232,21346.015625
66,0.572445,0.470853,21545.679688
67,0.536395,0.469776,22094.703125
68,0.514894,0.472433,22377.558594
69,0.565354,0.510463,22810.144531
70,0.475927,0.496059,23109.593750
71,0.399856,0.450994,23525.554688
72,0.349640,0.482198,23825.029297
73,0.421488,0.472129,24157.775391
74,0.463121,0.486646,24606.994141
0,0.777976,0.468266,49.971542
1,0.765038,0.610614,415.972046
2,0.741661,0.693142,599.070374
3,0.691451,0.656462,1713.692871
4,0.695969,0.659282,1880.164673
5,0.699237,0.652826,2063.198242
6,0.699673,0.549840,2678.729004
7,0.644327,0.566277,2994.803955
8,0.622749,0.713150,3493.977539
9,0.559662,0.679899,3760.234619
10,0.510616,0.600387,4076.354492
11,0.453982,0.531048,4475.603516
12,0.441809,0.501255,5357.395996
13,0.445539,0.481567,5490.539551
14,0.370056,0.528101,5806.628418
15,0.367792,0.531467,5939.724609
16,0.375341,0.491947,6305.753906
17,0.458791,0.574121,6721.697754
18,0.472641,0.572340,7104.362793
19,0.469271,0.569117,7220.801270
20,0.626900,0.606026,8219.043945
21,0.664631,0.610015,8485.241211
22,0.690120,0.619077,8684.838867
23,0.738018,0.639419,8967.726562
24,0.862433,0.785658,9849.541016
25,0.111569,0.491919,11613.098633
26,0.216090,0.281266,12361.839844
27,0.230981,0.211619,12661.273438
28,0.297825,0.308927,13093.863281
29,0.292881,0.297482,13210.324219
30,0.270006,0.276926,13692.815430
31,0.253031,0.526585,14158.669922
32,0.254960,0.579728,14358.269531
33,0.200763,0.267634,15090.315430
34,0.220949,0.308683,15822.375000
35,0.221443,0.286911,16171.888672
36,0.171721,0.380181,16354.835938
37,0.245482,0.267665,16737.433594
38,0.300891,0.355741,17003.642578
39,0.365878,0.565937,17286.525391
40,0.390158,0.602498,17652.585938
41,0.390067,0.597788,17802.294922
42,0.377925,0.472095,19033.455078
43,0.378452,0.478135,19199.873047
44,0.492722,0.522096,19449.443359
45,0.486107,0.540137,19682.335938
46,0.477662,0.521090,19798.810547
47,0.484731,0.515437,20164.781250
48,0.478792,0.518828,20331.195312
49,0.383422,0.525637,20846.958984
50,0.350618,0.518411,21179.724609
51,0.042515,0.439816,22693.753906
52,0.002204,0.417486,22976.544922
53,0.947677,0.542328,23442.437500
54,0.954934,0.567515,23725.285156
55,0.989800,0.479417,24074.626953
56,0.018264,0.409557,24390.734375
57,0.021789,0.377017,24590.386719
58,0.986957,0.357816,24773.505859
0,0.746176,0.600160,432.636414
1,0.718457,0.656626,598.995728
2,0.687544,0.635114,915.203674
3,0.687792,0.570288,1231.247070
4,0.812137,0.588297,1580.683594
5,0.837685,0.656423,1830.224487
6,0.839382,0.703569,2029.875610
7,0.779929,0.748028,2246.140625
8,0.736542,0.702481,2412.499023
9,0.689820,0.666579,2595.514404
10,0.610391,0.531190,3028.113770
11,0.600300,0.508027,3161.210205
12,0.595564,0.493079,3360.891846
13,0.556838,0.474827,3643.685791
14,0.534312,0.467960,3826.685303
15,0.483498,0.479288,4142.804199
16,0.444032,0.489077,4392.403809
17,0.396170,0.493051,4725.150879
18,0.362118,0.495396,4908.154297
19,0.359676,0.492774,5007.990234
20,0.303608,0.460804,5240.916992
21,0.284394,0.435210,5523.740234
22,0.267685,0.395747,5690.145508
23,0.242351,0.390686,5923.043457
24,0.220046,0.336125,6205.860352
25,0.211038,0.282474,6438.798340
26,0.181652,0.454275,6854.728027
27,0.186386,0.434233,7120.969727
28,0.158767,0.457745,7337.237305
29,0.106974,0.434967,7570.147949
30,0.108962,0.401386,7836.376465
31,0.110659,0.391812,8035.998047
32,0.080852,0.439484,8352.135742
33,0.114816,0.395011,8568.426758
34,0.123102,0.434037,8834.630859
35,0.207602,0.251909,9117.472656
36,0.217173,0.228502,9300.462891
37,0.275265,0.222014,9666.488281
38,0.276592,0.432956,10182.272461
39,0.250234,0.448438,10431.842773
40,0.222184,0.223612,10714.670898
41,0.199210,0.199554,11180.523438
42,0.229360,0.451021,11496.655273
43,0.389258,0.514099,11862.658203
44,0.396530,0.517928,12012.394531
45,0.396613,0.506412,12428.350586
46,0.332748,0.447311,12661.275391
47,0.368657,0.472597,12927.454102
48,0.487381,0.507897,13226.928711
49,0.490781,0.506491,13360.041016
50,0.535158,0.583823,13825.900391
51,0.582176,0.620323,14025.533203
52,0.642385,0.660357,14275.099609
53,0.685210,0.638266,14541.326172
54,0.711789,0.641076,14774.226562
55,0.703317,0.558144,15090.353516
56,0.665033,0.522328,15389.836914
57,0.689159,0.488129,15622.756836
58,0.688564,0.483673,15722.590820
59,0.748928,0.491158,16022.050781
60,0.795081,0.514170,16338.171875
61,0.802283,0.510817,16521.177734
62,0.787684,0.412334,16787.388672
63,0.562672,0.470891,17536.113281
64,0.527662,0.471846,17785.656250
65,0.508901,0.472898,18035.207031
66,0.509973,0.474814,18135.058594
67,0.474184,0.482123,18334.689453
68,0.549103,0.587832,18700.716797
69,0.604354,0.580550,19050.087891
70,0.656127,0.639499,19349.585938
71,0.626077,0.650023,19665.689453
72,0.680167,0.710552,19882.009766
73,0.730379,0.699989,20164.832031
74,0.730389,0.706787,20331.203125
75,0.710952,0.779414,20647.326172
76,0.698013,0.613547,20963.416016
77,0.694557,0.534350,21312.812500
78,0.660286,0.506240,21579.009766
79,0.723912,0.498040,21911.798828
80,0.746441,0.483136,22111.398438
81,0.816532,0.592255,22510.718750
82,0.879401,0.558598,23176.230469
83,0.928593,0.573443,23725.292969
84,0.985438,0.580912,24141.218750
85,0.998204,0.534014,24324.236328
86,0.025249,0.459665,24590.417969
87,0.054158,0.420997,24989.714844
0,0.718935,0.530796,166.387726
1,0.757911,0.633426,366.023102
2,0.816985,0.650113,682.117554
3,0.858380,0.585955,1048.134766
4,0.870555,0.550955,1497.399292
5,0.855115,0.556551,1730.275146
6,0.690541,0.569494,2329.283691
7,0.665277,0.491336,2695.285645
8,0.634861,0.445791,2911.575928
9,0.602239,0.445292,3261.003906
10,0.556856,0.472280,3560.395752
11,0.558916,0.486483,3726.850586
12,0.537129,0.464807,3909.916992
13,0.443509,0.452229,4591.948242
14,0.451163,0.453270,4941.359863
15,0.452704,0.447621,5157.654297
16,0.353457,0.431227,5507.001465
17,0.358799,0.444059,5623.509766
18,0.359384,0.465573,5773.237793
19,0.364835,0.463509,6006.218262
20,0.247861,0.321288,6355.557129
21,0.174942,0.174580,7021.130371
22,0.186527,0.169972,7137.486328
23,0.256380,0.195090,7353.836426
24,0.212345,0.156986,7670.003906
25,0.229015,0.140275,8102.511230
26,0.134572,0.377449,8901.125977
27,0.094022,0.275290,9100.837891
28,0.023689,0.315485,9782.980469
29,0.985441,0.287480,10132.295898
30,0.932593,0.439720,10398.507812
31,0.944974,0.432839,10581.540039
32,0.961750,0.402678,10847.703125
33,0.980732,0.392026,11180.459961
34,0.075807,0.419462,11346.806641
35,0.079284,0.406845,11496.577148
36,0.080555,0.388889,11596.386719
37,0.078681,0.370648,11712.858398
38,0.395253,0.487789,12844.222656
39,0.461354,0.488199,13509.684570
40,0.543960,0.534592,13809.198242
41,0.663127,0.563097,14491.304688
42,0.662470,0.544435,14591.149414
43,0.713359,0.581496,14807.422852
44,0.735155,0.551099,15023.744141
45,0.722914,0.550017,15173.453125
46,0.711590,0.716547,15539.492188
47,0.694683,0.622097,16021.961914
48,0.690777,0.602902,16138.452148
49,0.656481,0.600671,16354.746094
50,0.635599,0.594155,16637.560547
51,0.664072,0.641707,16920.416016
52,0.675331,0.536616,17236.501953
53,0.675033,0.528848,17402.896484
54,0.630107,0.554103,17602.558594
55,0.672496,0.606887,17985.197266
56,0.702525,0.630620,18351.234375
57,0.713469,0.720156,18634.076172
58,0.719795,0.724320,19083.320312
59,0.856183,0.693325,19965.066406
60,0.854093,0.591900,20281.193359
61,0.929953,0.516967,20663.863281
62,0.916191,0.506206,20863.511719
63,0.908103,0.506774,21013.242188
64,0.984598,0.462064,21645.482422
65,0.981587,0.448027,21795.212891
66,0.260750,0.350372,23092.962891
67,0.220383,0.281577,23275.978516
68,0.251662,0.206198,23691.900391
69,0.261644,0.218071,23924.814453
70,0.255210,0.201655,24107.851562
71,0.331357,0.497194,24590.328125
0,0.739150,0.542360,266.168701
1,0.717217,0.602591,499.116241
2,0.710415,0.632444,682.174988
3,0.686059,0.572894,1181.276611
4,0.430973,0.666729,1929.966309
5,0.408101,0.557468,2179.535645
6,0.354061,0.492505,2711.877930
7,0.295787,0.475879,2894.917480
8,0.277961,0.459906,3111.208984
9,0.248250,0.424892,3327.518799
10,0.267184,0.321218,3693.531982
11,0.272192,0.328685,4092.847900
12,0.716495,0.576721,5390.603516
13,0.701343,0.580670,5523.664551
14,0.726753,0.587951,5773.219238
15,0.764773,0.630011,6072.756348
16,0.838378,0.659170,6871.341309
17,0.831374,0.660613,6971.187012
18,0.977259,0.580773,7403.710938
19,0.989267,0.498292,7653.251465
20,0.026686,0.455501,7819.682617
21,0.043715,0.427095,8102.463867
22,0.106248,0.434426,8335.439453
23,0.146120,0.430362,8584.983398
24,0.186918,0.423646,8751.377930
25,0.206518,0.401868,9034.214844
26,0.212243,0.340854,9217.203125
27,0.220209,0.292329,9433.508789
28,0.172070,0.308572,9799.518555
29,0.222629,0.233909,10198.884766
30,0.222407,0.208245,10398.476562
31,0.227012,0.242759,10631.468750
32,0.235197,0.339176,11396.720703
33,0.193832,0.470944,11762.760742
34,0.689325,0.658416,14191.841797
35,0.696420,0.600500,14341.562500
36,0.694397,0.557453,14574.492188
37,0.703902,0.524305,14774.159180
38,0.715590,0.497773,15007.068359
39,0.718057,0.500317,15123.529297
40,0.704516,0.496218,15273.268555
41,0.649448,0.530711,15506.208984
42,0.606638,0.546007,15872.238281
43,0.585044,0.538407,16038.617188
44,0.543942,0.550828,16321.426758
45,0.535133,0.558042,16471.169922
46,0.459035,0.517651,16853.851562
47,0.457428,0.491482,17070.125000
48,0.401640,0.502925,17818.810547
49,0.365118,0.502929,18035.130859
50,0.561820,0.601385,19000.083984
51,0.553794,0.600639,19316.208984
52,0.544303,0.600099,19499.228516
53,0.579947,0.582974,19732.136719
54,0.772749,0.609860,21013.277344
55,0.840677,0.682979,21412.562500
56,0.832369,0.684513,21512.365234
57,0.831293,0.664968,21795.220703
58,0.832640,0.692156,21944.988281
59,0.808473,0.535687,22244.445312
60,0.820947,0.564288,22444.089844
61,0.841537,0.548907,22976.496094
62,0.871511,0.538213,23242.671875
63,0.942805,0.574428,23625.347656
64,0.967413,0.596784,23825.023438
65,0.975627,0.577934,24107.828125
66,0.976095,0.531382,24423.949219
67,0.972861,0.491426,24673.544922
0,0.718662,0.376590,16.672646
1,0.712319,0.492174,1164.657715
2,0.390862,0.413664,2379.291992
3,0.334517,0.414887,2795.139893
4,0.198137,0.160274,4092.860840
5,0.163387,0.447164,4824.999023
6,0.163454,0.406839,5024.674316
7,0.115122,0.350607,5290.777344
8,0.029578,0.376970,5556.992676
9,0.032574,0.356663,5673.482910
10,0.047902,0.409869,5972.927734
11,0.169359,0.825196,7337.229980
12,0.164025,0.846993,7470.315918
13,0.292956,0.795693,7902.876953
14,0.486772,0.386917,8668.312500
15,0.561643,0.471312,8984.327148
16,0.650780,0.536536,9433.552734
17,0.681084,0.484081,9749.714844
18,0.727969,0.527377,10099.035156
19,0.712940,0.611667,10398.616211
20,0.706317,0.683646,10648.072266
21,0.769084,0.685528,11030.844727
22,0.775695,0.497695,11330.241211
23,0.790067,0.445740,11563.148438
24,0.846212,0.450329,11829.425781
25,0.867303,0.530011,12295.225586
26,0.907423,0.527394,12494.870117
27,0.999525,0.424760,12960.786133
28,0.995068,0.558000,13360.041992
29,0.992478,0.615783,13559.685547
30,0.038912,0.391392,13909.057617
31,0.050145,0.351589,14141.996094
32,0.102946,0.320745,14541.281250
33,0.068215,0.436217,14857.387695
34,0.985937,0.443259,15140.225586
35,0.974519,0.318343,15389.789062
36,0.709108,0.558268,16571.072266
37,0.707118,0.680297,16953.734375
38,0.696560,0.620213,17236.582031
39,0.688881,0.538406,17536.033203
40,0.690898,0.511578,17785.644531
41,0.634637,0.534331,17968.630859
42,0.633817,0.518454,18068.449219
43,0.579544,0.544944,18301.386719
44,0.524435,0.573321,18634.128906
45,0.449390,0.510461,19316.263672
46,0.450902,0.501363,19399.453125
47,0.453841,0.482319,19549.228516
48,0.452176,0.464759,19698.947266
49,0.360232,0.479956,20281.244141
50,0.360341,0.446483,20431.005859
51,0.243998,0.318488,21063.220703
52,0.247875,0.308873,21179.667969
53,0.186585,0.294726,21462.521484
54,0.145382,0.200667,22427.494141
55,0.136342,0.222237,22760.255859
56,0.254566,0.195880,23059.720703
57,0.265789,0.189259,23276.031250
58,0.225670,0.388227,23741.906250
59,0.270042,0.200924,24207.712891
60,0.254546,0.173050,24507.203125
61,0.273302,0.215812,24973.054688
0,0.724429,0.637135,399.326416
1,0.707965,0.691105,632.351074
2,0.762237,0.698967,981.661743
3,0.793426,0.645565,1347.723877
4,0.731759,0.617886,1647.224121
5,0.863086,0.582372,2246.195068
6,0.894593,0.570115,2578.968506
7,0.877847,0.525548,2928.355469
8,0.870643,0.534958,3028.158447
9,0.871140,0.539120,3327.578125
10,0.938774,0.579042,3577.095947
11,0.005035,0.516353,3876.574219
12,0.051826,0.479650,4092.960693
13,0.052866,0.471239,4176.089844
14,0.138498,0.527698,4775.045898
15,0.180436,0.422421,5057.912598
16,0.213447,0.337815,5274.194336
17,0.228124,0.447732,5606.991211
18,0.198799,0.295767,5856.486328
19,0.276135,0.288972,6322.347656
20,0.242024,0.486650,6588.573242
21,0.215979,0.507282,6804.791992
22,0.246986,0.489426,7254.031738
23,0.238535,0.295276,7487.004883
24,0.292434,0.275580,7686.602051
25,0.291122,0.250941,7986.088867
26,0.215685,0.197172,8302.207031
27,0.221062,0.203906,8451.901367
28,0.228569,0.186963,8551.738281
29,0.231851,0.160283,8834.641602
30,0.237239,0.133630,9034.260742
31,0.196887,0.259493,9250.526367
32,0.181813,0.309678,9483.519531
33,0.219779,0.279775,9849.531250
34,0.222943,0.482955,10315.392578
35,0.205773,0.523293,10548.303711
36,0.205899,0.410966,11163.848633
37,0.170898,0.324547,11430.053711
38,0.125437,0.490532,11729.535156
39,0.074879,0.494487,12012.346680
40,0.011699,0.485586,12511.541016
41,0.959926,0.540505,12960.758789
42,0.981958,0.645504,13293.499023
43,0.899652,0.577885,13692.778320
44,0.007066,0.631963,14108.738281
45,0.962465,0.649361,14474.762695
46,0.952594,0.652564,14707.735352
47,0.951886,0.645058,14923.958008
48,0.836769,0.746432,15240.056641
49,0.786992,0.689607,15489.699219
50,0.761750,0.678505,15722.554688
51,0.720511,0.640395,16022.069336
52,0.725117,0.638489,16221.736328
53,0.702955,0.637414,16471.337891
54,0.698800,0.549677,16704.175781
55,0.701453,0.542848,16887.240234
56,0.758580,0.553316,17070.175781
57,0.750229,0.655455,17336.425781
58,0.732855,0.673979,17552.740234
59,0.730853,0.681443,17702.474609
60,0.780032,0.643662,18018.607422
61,0.891006,0.523523,18767.263672
62,0.864707,0.527774,18966.921875
63,0.861822,0.540328,19066.785156
64,0.656013,0.633952,19715.628906
65,0.731887,0.627376,19981.832031
66,0.722862,0.689201,20297.896484
67,0.598780,0.642828,20697.275391
68,0.555816,0.618355,20896.910156
69,0.549036,0.648311,21212.960938
70,0.577257,0.632158,21412.650391
71,0.457659,0.541093,21994.976562
72,0.463024,0.488493,22294.439453
73,0.465992,0.489776,22610.496094
74,0.388039,0.530496,22876.744141
75,0.418689,0.489173,23192.923828
76,0.446231,0.468366,23425.794922
77,0.449859,0.484435,23708.585938
78,0.466304,0.511647,24091.269531
79,0.477108,0.509319,24357.451172
80,0.472368,0.488808,24590.388672
0,0.752436,0.625503,432.592285
1,0.699020,0.646984,831.927795
2,0.706928,0.637801,1331.025879
3,0.651075,0.631450,1647.115356
4,0.651362,0.635316,1763.604370
5,0.716821,0.627040,2063.130127
6,0.718080,0.552033,2329.250732
7,0.676216,0.887775,2711.963379
8,0.490372,0.932975,3011.364746
9,0.453443,0.539724,3843.253906
10,0.431666,0.502162,4042.906006
11,0.479440,0.519454,4475.517578
12,0.553187,0.491830,4858.200195
13,0.549953,0.498521,5024.521973
14,0.621150,0.520383,5423.937012
15,0.636585,0.542285,5739.944824
16,0.708950,0.591863,6205.850586
17,0.733822,0.597290,6455.359863
18,0.733502,0.523900,6721.578613
19,0.849444,0.563422,7287.260742
20,0.206006,0.358550,8851.223633
21,0.240597,0.250981,9483.431641
22,0.181129,0.335653,9683.097656
23,0.267579,0.452778,10232.111328
24,0.369696,0.451178,10897.606445
25,0.372575,0.460896,11080.617188
26,0.385503,0.420766,11563.102539
27,0.217202,0.311587,12062.251953
28,0.203579,0.245966,12345.063477
29,0.199586,0.237565,12860.831055
30,0.169361,0.342664,13110.406250
31,0.160717,0.329107,13310.071289
32,0.230182,0.466743,13659.454102
33,0.208650,0.450409,13958.921875
34,0.074327,0.476933,14657.700195
35,0.144874,0.422942,15007.091797
36,0.140742,0.429797,15140.209961
37,0.968110,0.521092,15572.750977
38,0.896454,0.638195,15855.594727
39,0.830302,0.608503,16221.617188
40,0.751976,0.619275,16637.574219
41,0.708102,0.582471,17036.867188
42,0.714117,0.540123,17336.363281
43,0.734670,0.508172,17669.109375
44,0.732968,0.506985,17868.791016
45,0.891202,0.555527,18384.529297
46,0.884169,0.539680,18700.677734
47,0.866185,0.543768,18833.724609
48,0.872801,0.494968,19233.033203
49,0.715771,0.662378,19698.916016
50,0.649728,0.650716,20098.181641
51,0.683233,0.684374,20447.578125
52,0.566401,0.638748,20796.986328
53,0.571383,0.632058,20946.703125
54,0.539099,0.638615,21196.263672
55,0.498136,0.584988,21445.822266
56,0.470179,0.524235,21928.333984
57,0.470630,0.523652,22044.808594
58,0.556299,0.512523,22377.552734
59,0.477542,0.542756,22810.117188
60,0.479353,0.538668,22993.152344
61,0.593349,0.510978,23259.337891
62,0.588978,0.510113,23375.783203
63,0.629231,0.540903,23675.263672
64,0.627729,0.543213,23791.732422
65,0.682140,0.533483,24207.671875
66,0.696551,0.507488,24590.351562
0,0.771341,0.634197,515.810913
1,0.733664,0.675080,765.417725
2,0.719685,0.558491,1198.006470
3,0.837609,0.503952,1613.897217
4,0.260561,0.375250,3061.428223
5,0.220797,0.319395,3294.325684
6,0.207333,0.255762,3510.674561
7,0.189717,0.194977,3926.573975
8,0.213661,0.441689,4641.947754
9,0.220373,0.485320,4958.072266
10,0.190428,0.293204,5423.913086
11,0.148622,0.322007,5673.542969
12,0.147957,0.315458,5773.300293
13,0.083567,0.419900,6205.930664
14,0.263497,0.245673,6571.943848
15,0.295592,0.274708,7370.508301
16,0.218181,0.433682,7636.724121
17,0.213051,0.479809,7819.751953
18,0.746632,0.530366,9367.038086
19,0.740481,0.600883,9616.615234
20,0.730281,0.676537,9966.021484
21,0.868855,0.549149,10747.978516
22,0.758733,0.504082,11346.905273
23,0.791482,0.486227,11762.842773
24,0.808542,0.561183,12029.081055
25,0.815448,0.581820,12228.735352
26,0.921045,0.538374,12628.024414
27,0.906144,0.491285,12910.880859
28,0.698163,0.584589,13376.666992
29,0.736625,0.627893,13626.332031
30,0.735281,0.638888,13809.288086
31,0.738426,0.643905,13909.067383
32,0.740010,0.647192,14025.536133
33,0.784409,0.602539,14491.507812
34,0.783625,0.601339,14624.490234
35,0.733813,0.654467,14907.373047
36,0.733611,0.658744,15007.250000
37,0.666311,0.656106,15356.562500
38,0.509060,0.604694,15872.377930
39,0.470929,0.560735,16105.302734
40,0.467442,0.522163,16388.111328
41,0.462008,0.513859,16737.525391
42,0.367740,0.543196,17020.355469
43,0.374448,0.524291,17253.302734
44,0.378800,0.515778,17386.363281
45,0.390562,0.580339,17968.677734
46,0.239623,0.445298,18684.162109
47,0.184806,0.233715,19199.822266
48,0.350512,0.448098,19898.652344
49,0.347747,0.458441,20114.986328
50,0.118688,0.441118,20630.691406
51,0.004989,0.423864,21545.751953
52,0.964308,0.472259,21795.337891
53,0.970309,0.519198,22244.591797
54,0.994402,0.613494,22494.087891
55,0.018893,0.406402,22943.287109
56,0.384578,0.509829,24723.597656
0,0.755745,0.608585,365.995941
1,0.706260,0.630452,598.926697
2,0.523080,0.543299,1347.675049
3,0.459294,0.531945,1530.676025
4,0.449663,0.511310,1746.903564
5,0.429548,0.501717,1996.527954
6,0.389264,0.538247,2229.489746
7,0.771785,0.993145,3111.224609
8,0.193537,0.275927,4508.793945
9,0.204295,0.274899,4625.203125
10,0.227432,0.247233,4758.342285
11,0.168836,0.311839,5074.469727
12,0.233148,0.349714,5390.633789
13,0.226146,0.259117,5606.881348
14,0.211872,0.265503,5839.752441
15,0.049050,0.480823,6505.295898
16,0.998899,0.474986,6754.952637
17,0.063721,0.424863,7021.116699
18,0.143090,0.439570,7220.788086
19,0.411333,0.480617,8169.129883
20,0.472879,0.464617,8435.225586
21,0.484044,0.489783,8668.191406
22,0.532804,0.556620,9217.253906
23,0.776063,0.907298,10265.396484
24,0.778182,0.806297,10797.828125
25,0.770168,0.603343,11014.093750
26,0.705076,0.525559,11380.129883
27,0.745929,0.515493,11729.463867
28,0.873149,0.533802,12361.705078
29,0.951280,0.592862,12644.548828
30,0.971724,0.609374,12860.839844
31,0.980140,0.601914,13010.568359
32,0.989234,0.618583,13343.338867
33,0.975912,0.493124,13925.619141
34,0.699996,0.579680,15356.493164
35,0.695370,0.561237,15522.856445
36,0.705014,0.578341,15805.683594
37,0.705540,0.552855,15905.526367
38,0.714214,0.556878,16138.454102
39,0.712070,0.551785,16238.257812
40,0.729644,0.625005,16437.916016
41,0.707071,0.584824,16704.099609
42,0.718068,0.525561,17053.505859
43,0.883765,0.479719,17785.548828
44,0.668729,0.519408,18584.150391
45,0.599021,0.540711,19033.400391
46,0.545936,0.543962,19249.664062
47,0.717806,0.579139,20430.943359
48,0.702010,0.581032,20697.132812
49,0.690712,0.576154,20996.628906
50,0.663053,0.576061,21229.552734
51,0.762328,0.591393,21578.921875
52,0.751610,0.549160,21944.964844
53,0.729703,0.538569,22144.613281
54,0.705266,0.547355,22344.267578
55,0.698126,0.570596,22610.453125
56,0.718475,0.557171,23009.761719
57,0.717413,0.636377,23226.037109
58,0.764423,0.654551,23542.150391
59,0.759175,0.707659,23874.917969
60,0.761006,0.624026,24107.839844
61,0.713487,0.633454,24673.554688
62,0.713751,0.620419,24906.451172
0,0.748413,0.483602,16.694695
1,0.861860,0.532804,332.836945
2,0.862563,0.581185,549.078552
3,0.887049,0.544525,915.101929
4,0.007091,0.549901,1447.547363
5,0.989110,0.536609,1597.281006
6,0.935592,0.594160,1979.958496
7,0.934132,0.609486,2212.891846
8,0.825645,0.682934,2994.818359
9,0.706610,0.682149,3344.218262
10,0.710994,0.619555,3610.451416
11,0.620151,0.606324,4092.969971
12,0.524419,0.561233,4608.673340
13,0.461153,0.485243,5141.090820
14,0.424708,0.474732,5656.794434
15,0.435080,0.449598,6039.536133
16,0.542965,0.538922,6422.163574
17,0.579178,0.565872,6705.024414
18,0.556014,0.565479,6971.288574
19,0.702301,0.519035,7902.919922
20,0.698780,0.527634,8102.552246
21,0.749682,0.539650,8285.540039
22,0.772050,0.561149,8651.613281
23,0.825684,0.636386,9067.513672
24,0.820629,0.639677,9234.000977
25,0.868126,0.615735,9450.277344
26,0.883404,0.565666,9832.863281
27,0.875947,0.540440,9949.335938
28,0.895467,0.535541,10182.276367
29,0.095869,0.427697,11496.597656
30,0.072686,0.403382,11712.996094
31,0.932501,0.682195,11945.864258
32,0.039220,0.421302,12128.860352
33,0.001467,0.397866,12345.217773
34,0.979484,0.439693,12694.531250
35,0.964312,0.495714,13010.630859
36,0.860150,0.530460,13476.500000
37,0.800767,0.584172,14008.934570
38,0.697022,0.640268,14674.522461
39,0.704741,0.669084,14824.167969
40,0.643511,0.641361,15107.003906
41,0.726612,0.653081,15539.623047
42,0.776901,0.644558,16038.696289
43,0.821226,0.639749,16587.718750
44,0.848228,0.673541,16853.980469
45,0.846532,0.696877,17003.628906
46,0.945522,0.763394,17652.566406
47,0.963770,0.803270,17835.560547
48,0.730747,0.898338,18168.306641
49,0.415634,0.820511,20264.708984
50,0.473031,0.951717,20497.548828
51,0.564157,0.976949,20730.564453
52,0.284541,0.470307,21978.300781
53,0.280098,0.431100,22177.955078
54,0.261215,0.372604,22410.898438
55,0.250895,0.338489,22627.162109
56,0.229651,0.318428,22893.373047
57,0.200032,0.372333,23109.644531
58,0.235810,0.256001,23442.396484
59,0.236202,0.237794,23642.072266
60,0.170156,0.334680,24290.904297
61,0.162310,0.403630,24557.117188
0,0.735383,0.432149,83.186264
1,0.727016,0.531294,332.765808
2,0.702908,0.598391,599.031067
3,0.721010,0.656736,1014.900635
4,0.693656,0.709194,1314.418213
5,0.659698,0.736813,1630.469849
6,0.696758,0.724881,1996.559570
7,0.651607,0.611888,2628.711426
8,0.553050,0.534043,3127.905762
9,0.646471,0.535688,3394.124268
10,0.737333,0.512258,4109.498535
11,0.840048,0.531875,4741.749512
12,0.880183,0.538886,5024.571289
13,0.004005,0.496049,5590.214355
14,0.024553,0.440197,5773.316895
15,0.050068,0.443533,6006.189941
16,0.095677,0.473299,6222.469238
17,0.124999,0.484529,6505.286133
18,0.105820,0.483721,6788.143555
19,0.971599,0.485016,6971.200684
20,0.956358,0.484705,7104.300293
21,0.946812,0.502453,7403.726074
22,0.258547,0.354678,9583.261719
23,0.244766,0.284074,9799.534180
24,0.231796,0.243150,10015.833008
25,0.176357,0.254926,10315.318359
26,0.131140,0.392239,10648.039062
27,0.191153,0.446417,10964.142578
28,0.198902,0.494650,11380.081055
29,0.198103,0.465757,11529.832031
30,0.086839,0.482152,11879.231445
31,0.092861,0.475310,11979.044922
32,0.128084,0.443420,12295.162109
33,0.126929,0.370136,12611.253906
34,0.216546,0.302516,12960.692383
35,0.242705,0.299293,13393.232422
36,0.235492,0.243519,13642.803711
37,0.220869,0.330053,14075.367188
38,0.166606,0.325797,14441.460938
39,0.160379,0.311063,14607.814453
40,0.197164,0.393268,14807.470703
41,0.216196,0.446374,15073.686523
42,0.403839,0.505808,15805.693359
43,0.473538,0.518319,16155.178711
44,0.594974,0.522169,16903.794922
45,0.689542,0.534191,17452.892578
46,0.716824,0.530219,17685.744141
47,0.728159,0.522224,17918.691406
48,0.800716,0.530062,18234.832031
49,0.792545,0.516747,18351.234375
50,0.780000,0.505795,18916.923828
51,0.712359,0.520224,19299.576172
52,0.704321,0.514571,19515.888672
53,0.711031,0.520388,19865.269531
54,0.708909,0.560364,19998.406250
55,0.708357,0.613000,20231.273438
56,0.682599,0.597009,20564.023438
57,0.626248,0.576764,21046.513672
58,0.615394,0.562400,21246.220703
59,0.618674,0.578090,21562.287109
60,0.853968,0.579158,22394.208984
61,0.861268,0.564066,22577.191406
62,0.854615,0.551110,23026.458984
63,0.750417,0.652468,24407.359375
64,0.700811,0.643998,24706.798828
65,0.708472,0.636667,24956.353516
0,0.757569,0.598387,49.955891
1,0.728594,0.608124,549.034607
2,0.650764,0.643918,1014.854309
3,0.570352,0.520276,1879.990967
4,0.675549,0.495762,2545.496094
5,0.744131,0.500297,2795.117676
6,0.755072,0.577127,3027.976562
7,0.777255,0.613934,3227.710693
8,0.867800,0.657063,3743.431641
9,0.864812,0.649078,4109.472168
10,0.909531,0.489628,4725.083496
11,0.956200,0.414423,5174.347656
12,0.060365,0.440555,5989.525879
13,0.250578,0.288548,7054.340820
14,0.258855,0.238002,7237.350098
15,0.169274,0.317964,7586.685059
16,0.231491,0.471515,7886.176758
17,0.245890,0.384930,8335.427734
18,0.162486,0.335544,8618.277344
19,0.161458,0.301879,8768.024414
20,0.290332,0.263647,9167.311523
21,0.328959,0.570540,9899.316406
22,0.391630,0.480325,10598.091797
23,0.402479,0.471648,10847.734375
24,0.417301,0.460765,11163.781250
25,0.436340,0.454843,11413.336914
26,0.482114,0.469902,11879.243164
27,0.461832,0.468209,12145.382812
28,0.537662,0.488279,12511.414062
29,0.635165,0.513169,12977.260742
30,0.536117,0.480928,13726.011719
31,0.967013,0.485026,16005.383789
32,0.992379,0.592827,16238.254883
33,0.950395,0.706979,16504.447266
34,0.882164,0.736515,16903.744141
35,0.826568,0.747536,17169.988281
36,0.836545,0.778042,17402.878906
37,0.812863,0.688225,17702.412109
38,0.732745,0.635889,18018.523438
39,0.728391,0.562041,18367.876953
40,0.720916,0.521862,18534.333984
41,0.715442,0.490747,18750.523438
42,0.716104,0.485638,18966.871094
43,0.610872,0.520749,19332.832031
44,0.627724,0.491475,19698.958984
45,0.581365,0.577951,19931.787109
46,0.666889,0.600090,20530.742188
47,0.700197,0.709797,21312.708984
48,0.697604,0.676054,21944.945312
49,0.682408,0.688523,22078.044922
50,0.709784,0.714046,22410.796875
51,0.741831,0.630226,22726.908203
52,0.739662,0.545912,22959.837891
53,0.727048,0.485091,23259.351562
54,0.712146,0.489199,23525.593750
55,0.514911,0.507920,24224.308594
56,0.464229,0.512358,24623.578125
