Idx, longitude, latitude, start timestamp
0,0.570974,0.517934,1031.505981
1,0.544412,0.510245,1364.337158
2,0.792310,0.916133,2728.560303
3,0.713089,0.943109,2911.495117
4,0.171690,0.975774,3344.152832
5,0.384910,0.916514,3593.706543
6,0.932090,0.490611,4458.823242
7,0.980482,0.536879,4691.776855
8,0.971472,0.543462,4858.131348
9,0.994056,0.510247,5057.806152
10,0.990783,0.510953,5157.574707
11,0.118060,0.560423,5723.353516
12,0.138660,0.860811,6621.653809
13,0.058579,0.943730,7220.679199
14,0.171992,0.530106,7986.004883
15,0.286089,0.577841,8651.527344
16,0.215728,0.636389,9000.930664
17,0.235870,0.689062,9150.718750
18,0.955952,0.552531,10049.094727
19,0.898371,0.530292,10831.043945
20,0.913019,0.526158,11030.828125
21,0.916182,0.525008,11313.444336
22,0.912681,0.519328,11496.447266
23,0.919469,0.595501,11679.608398
24,0.854380,0.480901,12078.905273
25,0.848287,0.456942,12211.982422
26,0.853890,0.431392,12478.202148
27,0.859408,0.424362,12711.073242
28,0.958628,0.520499,13243.446289
29,0.966572,0.542067,13759.152344
30,0.591770,0.492558,15156.833984
31,0.798006,0.484453,15639.240234
32,0.820101,0.483891,15855.535156
33,0.813698,0.489286,16071.896484
34,0.874094,0.473080,16321.365234
35,0.865305,0.471404,16471.181641
36,0.869087,0.426255,16621.009766
37,0.781051,0.489673,17569.316406
38,0.697453,0.478757,18085.031250
39,0.792417,0.489564,18550.876953
40,0.823015,0.460786,18783.740234
41,0.831027,0.503183,19016.677734
42,0.011270,0.527885,20231.255859
43,0.045643,0.546544,20613.921875
44,0.945684,0.525707,21029.830078
45,0.955196,0.550398,21179.572266
46,0.899515,0.513176,21612.207031
47,0.896190,0.514723,21828.392578
48,0.917176,0.522013,22127.916016
49,0.835799,0.531662,22627.085938
50,0.933729,0.522339,23126.099609
51,0.085988,0.571201,23725.218750
52,0.119296,0.587980,23874.898438
53,0.114643,0.583445,23974.593750
54,0.025061,0.536493,24324.150391
0,0.674385,0.583428,149.807373
1,0.631554,0.579971,465.907288
2,0.462042,0.601107,1264.616455
3,0.444408,0.586006,1480.776001
4,0.447759,0.545695,1730.417969
5,0.389680,0.632057,2495.661621
6,0.383678,0.661619,2678.777588
7,0.361738,0.806398,3044.787842
8,0.345934,0.852404,3444.010498
9,0.315309,0.865796,3693.617188
10,0.283732,0.876457,3959.723633
11,0.192925,0.915559,4242.642090
12,0.120112,0.931262,4492.208496
13,0.004125,0.934710,4741.707520
14,0.864240,0.928174,5024.590820
15,0.666329,0.918399,5739.986816
16,0.621475,0.875608,5956.306641
17,0.181592,0.549920,7237.450195
18,0.293015,0.547017,7986.076660
19,0.221840,0.641357,8485.173828
20,0.108525,0.571891,8984.269531
21,0.164139,0.539803,9516.828125
22,0.183850,0.557420,9733.014648
23,0.304962,0.863666,10747.913086
24,0.312023,0.863951,10947.657227
25,0.321066,0.869137,11047.374023
26,0.361203,0.824362,11430.151367
27,0.448190,0.539197,12977.364258
28,0.434676,0.505731,13626.268555
29,0.397479,0.511108,13859.263672
30,0.432718,0.506783,14591.203125
31,0.457161,0.554382,15123.556641
32,0.452886,0.551713,15323.229492
33,0.472267,0.536550,15606.127930
34,0.543109,0.530867,16670.951172
35,0.274162,0.546007,18534.291016
36,0.449952,0.503773,20564.132812
37,0.863838,0.424165,23192.871094
38,0.877294,0.484056,23675.369141
39,0.956210,0.551504,24174.503906
40,0.981316,0.558485,24424.056641
41,0.050965,0.540126,24939.886719
0,0.750616,0.585665,83.142517
1,0.746208,0.588859,216.225677
2,0.742867,0.562424,365.975983
3,0.696553,0.494598,648.842468
4,0.692256,0.472806,831.855652
5,0.795517,0.511008,1181.202759
6,0.694053,0.467586,1497.321411
7,0.789165,0.759299,1846.690430
8,0.791243,0.812689,2046.458618
9,0.810274,0.799222,2312.555420
10,0.900069,0.625656,2944.839600
11,0.891719,0.623657,3061.312744
12,0.886267,0.565808,3277.621338
13,0.943805,0.578164,3510.575684
14,0.940896,0.570977,3626.916260
15,0.941680,0.559035,3760.080566
16,0.974602,0.568137,4042.964111
17,0.048333,0.631234,4642.034668
18,0.050844,0.559030,4791.522949
19,0.778752,0.515703,6821.413086
20,0.871761,0.423178,8085.905762
21,0.409587,0.727051,11263.566406
22,0.399315,0.792438,11463.344727
23,0.480801,0.775106,12228.595703
24,0.478665,0.860543,12727.676758
25,0.456662,0.515372,13260.220703
26,0.455605,0.524214,13493.069336
27,0.477025,0.531806,13975.590820
28,0.570464,0.566886,14707.644531
29,0.566300,0.560399,14907.300781
30,0.512945,0.691844,15289.879883
31,0.519673,0.735312,15672.546875
32,0.533105,0.507440,16238.300781
33,0.508991,0.483626,16604.298828
34,0.476201,0.544334,16870.498047
35,0.446515,0.676104,17619.275391
36,0.386535,0.647097,18134.982422
37,0.420507,0.521175,18667.396484
38,0.391800,0.500218,18883.613281
39,0.183159,0.560336,20464.185547
40,0.190208,0.635654,20963.302734
41,0.164760,0.538731,21479.054688
42,0.117262,0.548334,21928.337891
43,0.953627,0.553440,23375.814453
44,0.004353,0.541887,24157.802734
45,0.051078,0.551760,24407.423828
46,0.032488,0.516666,24956.371094
0,0.746441,0.526268,99.973297
1,0.709425,0.487988,399.494568
2,0.596298,0.521796,898.564148
3,0.536831,0.542193,1247.864136
4,0.514752,0.565236,1497.392090
5,0.443865,0.561044,2029.843994
6,0.422259,0.562620,2196.263916
7,0.419304,0.579047,2395.831055
8,0.386366,0.699855,2612.109375
9,0.376892,0.694463,2795.069824
10,0.457965,0.731169,3144.464600
11,0.399779,0.827591,3443.970215
12,0.457569,0.700957,3643.794189
13,0.431602,0.627392,3810.037842
14,0.429496,0.562738,4026.289795
15,0.436676,0.550046,4142.800293
16,0.424147,0.507798,4775.134277
17,0.550635,0.518020,5290.783691
18,0.618885,0.538972,6039.456055
19,0.603399,0.493943,6355.484375
20,0.614722,0.475283,6588.559082
21,0.861144,0.511507,7570.044434
22,0.942665,0.536214,7819.583008
23,0.979472,0.553688,8019.364258
24,0.973191,0.551435,8185.715332
25,0.041707,0.550209,8451.802734
26,0.032116,0.590865,8734.667969
27,0.114850,0.544734,9100.623047
28,0.114124,0.532720,9233.776367
29,0.163328,0.547097,9433.434570
30,0.204539,0.564838,9699.663086
31,0.216706,0.564798,9965.884766
32,0.246079,0.573523,10198.756836
33,0.306124,0.576149,10514.886719
34,0.306098,0.553891,10731.069336
35,0.297475,0.614313,11063.865234
36,0.347513,0.569208,11363.377930
37,0.243935,0.530169,11829.165039
38,0.160636,0.552293,12760.958984
39,0.174360,0.526189,13576.103516
40,0.959489,0.509137,15006.877930
41,0.773481,0.485951,17735.353516
42,0.526487,0.537799,19399.216797
43,0.595831,0.481866,19815.099609
44,0.524175,0.477709,20497.275391
45,0.603115,0.494018,20763.388672
46,0.596840,0.484628,20963.048828
47,0.619462,0.475166,21428.898438
48,0.721583,0.491170,21878.138672
49,0.797340,0.493852,22793.246094
50,0.745678,0.762239,23541.837891
51,0.727345,0.807116,23724.849609
0,0.759755,0.544141,416.001770
1,0.763926,0.488375,549.191040
2,0.780963,0.481059,748.754089
3,0.679341,0.445265,1014.983643
4,0.691837,0.446024,1214.605103
5,0.604879,0.521863,1813.548218
6,0.594491,0.480052,1996.538940
7,0.566406,0.512372,2395.891357
8,0.530537,0.557593,2928.291016
9,0.486408,0.510079,3294.261475
10,0.483189,0.628960,3610.420654
11,0.459111,0.702034,4009.663574
12,0.543821,0.817307,4508.770996
13,0.457163,0.818263,4824.826172
14,0.408894,0.841411,5057.880859
15,0.359601,0.703540,5490.535645
16,0.329522,0.598262,5706.677246
17,0.324814,0.557552,5906.302246
18,0.313870,0.530336,6222.492188
19,0.272540,0.571369,6638.427246
20,0.226679,0.584844,7137.534668
21,0.197043,0.615515,7620.070312
22,0.188042,0.615578,7836.220215
23,0.189734,0.588465,8368.655273
24,0.168765,0.592720,8634.891602
25,0.117115,0.616256,9333.584961
26,0.109168,0.603214,9832.732422
27,0.056098,0.572024,10115.620117
28,0.042756,0.524636,10281.947266
29,0.011909,0.575494,10564.831055
30,0.972318,0.608277,10847.702148
31,0.938116,0.551200,11147.008789
32,0.926646,0.519068,11346.773438
33,0.915826,0.494862,11579.683594
34,0.937196,0.575194,11845.912109
35,0.934085,0.590311,11962.283203
36,0.866182,0.604129,12195.269531
37,0.861639,0.577060,12444.753906
38,0.854100,0.667442,12777.653320
39,0.852679,0.673731,12894.006836
40,0.816739,0.526340,13226.695312
41,0.866049,0.458062,13509.625000
42,0.934932,0.543672,13759.174805
43,0.964655,0.582993,14091.919922
44,0.958542,0.562280,14374.710938
45,0.985677,0.549729,14607.713867
46,0.992707,0.556217,14774.057617
47,0.043602,0.690649,15006.983398
48,0.044523,0.700705,15256.605469
49,0.039596,0.580625,15722.447266
50,0.113395,0.577091,16088.430664
51,0.143271,0.586390,16404.470703
52,0.176036,0.583363,16770.462891
53,0.207391,0.603097,17186.443359
54,0.233622,0.654026,17702.212891
55,0.273747,0.627344,18018.335938
56,0.302393,0.590391,18217.947266
57,0.327698,0.559609,18617.341797
58,0.326376,0.549405,18733.654297
59,0.355324,0.550541,18900.080078
60,0.417205,0.543204,19299.429688
61,0.423518,0.545846,19648.804688
62,0.456079,0.540710,19831.806641
63,0.471468,0.568328,20364.132812
64,0.460428,0.606719,20497.255859
65,0.450085,0.559652,21012.951172
66,0.440861,0.525027,21146.130859
67,0.390322,0.533547,21362.369141
68,0.446074,0.532905,21844.830078
69,0.549190,0.623234,22959.546875
70,0.556490,0.594824,23225.773438
71,0.626796,0.521121,23691.617188
72,0.621553,0.509788,23924.509766
73,0.581236,0.539808,24373.724609
0,0.796377,0.696599,166.411423
1,0.689110,0.342565,698.833740
2,0.686233,0.345370,848.550171
3,0.606447,0.406291,1131.430420
4,0.517369,0.626609,1996.519043
5,0.431743,0.476484,2961.486816
6,0.398810,0.412006,5141.142090
7,0.395467,0.425014,5390.621094
8,0.394120,0.431439,5623.653320
9,0.601274,0.526370,7087.685059
10,0.634690,0.861102,8069.292480
11,0.985050,0.506176,9550.079102
12,0.958093,0.471949,9749.671875
13,0.970461,0.553753,10032.506836
14,0.023886,0.504886,10232.118164
15,0.060757,0.508486,10531.621094
16,0.816707,0.786832,15655.984375
17,0.823043,0.763458,15905.599609
18,0.827547,0.751714,16105.199219
19,0.827032,0.749064,16338.179688
20,0.969438,0.477386,19283.021484
21,0.760759,0.351084,21878.466797
22,0.425619,0.448965,22959.884766
23,0.447486,0.509155,23409.080078
24,0.445672,0.507507,23558.851562
25,0.450719,0.659086,23858.376953
26,0.668017,0.808441,24906.443359
0,0.703085,0.453989,781.979614
1,0.680707,0.442117,1031.615112
2,0.593578,0.494070,1514.115112
3,0.714527,0.473989,1846.921753
4,0.720776,0.469932,2229.428223
5,0.713973,0.462207,2346.031738
6,0.711085,0.456370,2445.779297
7,0.849748,0.489853,2811.852539
8,0.969194,0.536323,3394.084961
9,0.963595,0.520934,3660.365723
10,0.991127,0.542059,3810.057373
11,0.049550,0.555276,4059.506348
12,0.050084,0.541953,4242.671875
13,0.221027,0.552490,4991.310547
14,0.298098,0.547357,5457.166992
15,0.346237,0.576394,5839.733887
16,0.402329,0.563963,6072.724121
17,0.397117,0.534788,6522.001953
18,0.437638,0.510456,6821.384766
19,0.464515,0.511888,7154.117676
20,0.458261,0.520060,7387.110352
21,0.455413,0.541017,7570.112793
22,0.455998,0.629298,8635.001953
23,0.397937,0.649641,8967.675781
24,0.398647,0.641298,9067.485352
25,0.457142,0.526623,9549.914062
26,0.426353,0.478544,9999.201172
27,0.386405,0.514721,10448.424805
28,0.321278,0.552033,10747.890625
29,0.326302,0.548172,10947.525391
30,0.072988,0.512929,12977.271484
31,0.691009,0.472855,14724.226562
32,0.700308,0.447891,15406.348633
33,0.862950,0.428782,16670.832031
34,0.878278,0.438998,17169.937500
35,0.869128,0.419740,17452.824219
36,0.866145,0.420408,17619.146484
37,0.870817,0.420472,17868.781250
38,0.866811,0.426565,18101.656250
39,0.861742,0.430618,18467.681641
40,0.878038,0.458691,18916.931641
41,0.963547,0.526802,20048.220703
42,0.039183,0.534190,20347.761719
43,0.093907,0.476470,23209.451172
44,0.085606,0.469946,24041.275391
45,0.097870,0.604940,24789.933594
0,0.692713,0.504316,532.429138
1,0.597348,0.517932,1181.292358
2,0.592401,0.508923,1347.639404
3,0.517877,0.560233,1697.145630
4,0.533835,0.547524,1846.833252
5,0.454126,0.602677,2246.118408
6,0.428306,0.582853,2445.770996
7,0.436526,0.561712,2578.855469
8,0.440414,0.553576,2961.478027
9,0.402137,0.684048,3593.739746
10,0.406989,0.701638,3776.757812
11,0.424417,0.821975,4292.544922
12,0.418277,0.883044,4558.665527
13,0.750208,0.946968,5523.727051
14,0.727661,0.981841,5690.101562
15,0.392916,0.973644,5972.933105
16,0.768183,0.823475,6721.673828
17,0.767961,0.715393,7054.369141
18,0.774171,0.719786,7204.138672
19,0.788023,0.724674,7420.371582
20,0.864360,0.531839,7985.970703
21,0.872418,0.464757,8169.138184
22,0.868296,0.432465,8368.778320
23,0.806768,0.319449,8801.223633
24,0.998274,0.095855,9666.496094
25,0.050319,0.034829,9899.312500
26,0.143128,0.569127,10914.166016
27,0.216057,0.550711,11346.848633
28,0.207944,0.557950,11496.597656
29,0.264228,0.554131,11796.034180
30,0.293287,0.529591,12578.073242
31,0.106165,0.566419,14058.743164
32,0.014985,0.562943,14973.925781
33,0.969827,0.558516,15290.019531
34,0.903830,0.552852,16005.346680
35,0.904622,0.542489,16105.268555
36,0.850030,0.564793,16338.130859
37,0.526011,0.621850,17752.353516
38,0.443197,0.550401,18550.966797
39,0.464933,0.638124,19099.904297
40,0.464778,0.657522,19282.974609
41,0.446217,0.692080,19665.751953
42,0.389895,0.667163,20181.451172
43,0.396771,0.675647,20514.179688
44,0.449929,0.545016,20896.798828
45,0.464651,0.531429,21745.328125
46,0.534695,0.511070,22127.996094
47,0.537538,0.490951,22410.712891
48,0.548774,0.533404,22660.373047
49,0.541580,0.541415,22859.998047
50,0.715462,0.491329,24074.580078
51,0.776955,0.509360,24307.457031
52,0.768364,0.510210,24540.425781
0,0.722107,0.477716,33.441620
1,0.737136,0.476397,366.146027
2,0.421415,0.539433,1597.220581
3,0.411720,0.529126,1746.947998
4,0.381911,0.578458,2146.378174
5,0.390327,0.696738,2429.158936
6,0.383571,0.738572,2595.421875
7,0.378062,0.733532,2695.315674
8,0.458571,0.859501,2911.621582
9,0.371630,0.954696,3144.598145
10,0.372077,0.926712,3344.253418
11,0.456745,0.741254,3660.276123
12,0.276239,0.909691,4425.671387
13,0.299891,0.911383,4525.490723
14,0.308799,0.885126,4658.645996
15,0.394494,0.524008,5889.636719
16,0.399405,0.513485,6172.521484
17,0.374713,0.508198,6355.640137
18,0.372798,0.522397,6538.686035
19,0.547920,0.442135,7387.120117
20,0.475528,0.526254,7719.820312
21,0.358181,0.653603,8219.029297
22,0.365648,0.695109,8418.619141
23,0.270813,0.597487,8751.395508
24,0.232540,0.593692,9067.513672
25,0.240781,0.543504,9267.247070
26,0.184104,0.630163,9516.705078
27,0.189551,0.607037,9649.793945
28,0.147738,0.571580,9999.221680
29,0.140385,0.553427,10148.940430
30,0.108523,0.541771,10398.589844
31,0.075325,0.577198,10797.849609
32,0.059394,0.587337,10930.906250
33,0.052090,0.612104,11380.140625
34,0.121139,0.452332,11646.307617
35,0.181089,0.442859,12012.375977
36,0.208096,0.453134,12394.992188
37,0.197241,0.487787,12644.540039
38,0.149455,0.545517,13027.240234
39,0.131340,0.542966,13476.471680
40,0.532538,0.409397,15223.313477
41,0.619189,0.458495,15539.537109
42,0.609929,0.427186,15772.473633
43,0.717876,0.397630,16404.789062
44,0.770278,0.416561,16620.931641
45,0.679368,0.405786,16970.291016
46,0.664907,0.406255,17103.468750
47,0.664268,0.405456,17469.462891
48,0.654217,0.415319,17719.144531
49,0.670564,0.422165,17885.513672
50,0.756752,0.518256,18068.390625
51,0.845480,0.454529,18218.160156
52,0.877670,0.483262,18484.255859
53,0.875565,0.463990,18634.009766
54,0.868121,0.464157,18717.251953
55,0.933956,0.496756,18966.814453
56,0.973322,0.537377,19199.796875
57,0.925993,0.477868,19682.357422
58,0.898735,0.470913,20048.275391
59,0.844941,0.660053,20514.103516
60,0.898478,0.463324,20797.021484
61,0.027356,0.496635,21179.617188
62,0.053733,0.523427,21362.646484
63,0.994910,0.465488,21845.123047
64,0.111845,0.540235,22494.066406
65,0.119104,0.601930,22959.818359
66,0.135949,0.556111,23176.154297
67,0.185962,0.583258,23392.414062
68,0.138434,0.532800,23991.367188
69,0.128718,0.513995,24091.251953
0,0.730013,0.495671,382.759003
1,0.693937,0.475371,565.657593
2,0.601934,0.543994,1164.617676
3,0.704485,0.507500,1414.287598
4,0.802215,0.810767,2129.586426
5,0.801067,0.806900,2329.253906
6,0.202961,0.984622,2678.629395
7,0.373472,0.951728,2978.086670
8,0.453215,0.957840,3144.466797
9,0.970073,0.514399,4725.057129
10,0.097972,0.534104,5324.086426
11,0.790736,0.517073,6338.940430
12,0.450233,0.570478,9799.485352
13,0.165402,0.559551,13293.392578
14,0.120053,0.540296,13542.925781
15,0.420472,0.569560,15439.589844
16,0.468041,0.589253,15839.028320
17,0.470946,0.579503,15938.756836
18,0.521041,0.624235,16221.587891
19,0.465812,0.650291,16437.855469
20,0.403600,0.715867,18384.464844
21,0.606028,0.506111,20364.472656
22,0.585600,0.499939,20613.943359
23,0.534521,0.543773,20913.367188
24,0.540052,0.527920,21096.380859
25,0.547440,0.544367,21429.154297
26,0.525226,0.626556,22144.650391
27,0.522874,0.508985,23076.259766
28,0.489794,0.523833,23575.339844
29,0.400965,0.531240,24324.123047
0,0.478779,0.827460,1730.342896
1,0.459714,0.617095,3809.999268
2,0.958170,0.636783,7753.047852
3,0.166697,0.615174,11912.544922
4,0.176888,0.589734,12162.013672
5,0.107859,0.610225,12378.230469
6,0.390486,0.741424,16587.537109
7,0.406776,0.902045,17120.060547
8,0.345812,0.956511,17569.308594
9,0.305122,0.941365,17902.021484
10,0.470756,0.757014,18301.292969
11,0.452764,0.777034,19083.259766
12,0.444435,0.756392,19282.873047
13,0.446433,0.763642,19532.480469
0,0.724670,0.503944,299.501007
1,0.700265,0.484103,449.271606
2,0.696482,0.481012,598.957886
3,0.622509,0.536755,848.627747
4,0.608364,0.567859,1131.330566
5,0.596061,0.553703,1381.022339
6,0.615143,0.579554,1613.874268
7,0.603200,0.690305,2262.785645
8,0.576447,0.735465,2528.933350
9,0.540729,0.815999,2845.064941
10,0.435539,0.612516,3560.410156
11,0.430023,0.579545,3776.831787
12,0.432397,0.560524,4059.527344
13,0.438693,0.559031,4259.265137
14,0.548755,0.518657,4791.651367
15,0.548178,0.528088,5007.871094
16,0.516510,0.496347,5257.522461
17,0.628255,0.497042,5740.032227
18,0.602044,0.500573,6039.478027
19,0.569852,0.510442,6754.893066
20,0.864242,0.497838,8052.581543
21,0.883706,0.508752,8235.586914
22,0.934101,0.535534,8734.682617
23,0.966485,0.550019,9483.442383
24,0.965683,0.552189,9732.914062
25,0.957503,0.591556,10465.077148
26,0.959067,0.587243,10697.932617
27,0.041232,0.532741,11197.056641
28,0.952517,0.605689,11696.173828
29,0.952396,0.606999,11829.271484
30,0.957032,0.582847,12195.381836
31,0.957936,0.576826,12444.866211
32,0.218491,0.563261,14175.271484
33,0.271430,0.598474,14424.727539
34,0.318044,0.575812,14674.353516
35,0.347434,0.533570,15206.732422
36,0.385002,0.542496,15456.360352
37,0.388493,0.550152,15655.935547
38,0.418535,0.555408,15905.492188
39,0.416646,0.551659,16021.928711
40,0.447955,0.574527,16238.333008
41,0.469937,0.585682,16454.607422
42,0.481806,0.590202,17402.902344
43,0.482802,0.575373,17635.806641
44,0.325732,0.555649,18035.150391
45,0.217077,0.540380,18900.287109
46,0.221948,0.541725,19016.802734
47,0.186774,0.560380,19399.390625
48,0.188784,0.574573,19665.626953
49,0.168405,0.576501,19915.105469
50,0.186346,0.554272,20264.494141
51,0.185159,0.550722,20414.218750
52,0.171448,0.540579,20663.927734
53,0.021296,0.554130,21911.744141
54,0.949060,0.561806,22444.080078
55,0.947489,0.559508,22643.744141
56,0.954256,0.561615,22943.177734
57,0.958428,0.561192,23142.855469
58,0.924866,0.533585,23442.292969
59,0.929265,0.521114,23691.943359
60,0.903285,0.544847,24473.775391
61,0.815437,0.526417,24972.947266
0,0.789254,0.675715,182.968307
1,0.767752,0.605470,365.959900
2,0.773932,0.539642,665.473389
3,0.803911,0.539112,931.669983
4,0.620005,0.588801,1597.179321
5,0.622355,0.586445,1696.999023
6,0.601903,0.616465,2013.111328
7,0.623303,0.683691,2262.676758
8,0.558884,0.783807,2512.236816
9,0.553089,0.826356,2844.982666
10,0.498745,0.654200,3260.918457
11,0.470467,0.639885,3443.922607
12,0.432369,0.614529,3760.039062
13,0.427815,0.592729,3893.151367
14,0.432417,0.585991,4026.276123
15,0.417734,0.557757,4159.346191
16,0.410355,0.513527,4525.375000
17,0.417732,0.399241,4791.568359
18,0.640303,0.399258,5756.551758
19,0.738697,0.437185,6205.763184
20,0.741582,0.435812,6288.953613
21,0.718924,0.455878,6488.611816
22,0.712669,0.453979,6688.265137
23,0.703652,0.450115,6871.263184
24,0.727206,0.468027,7104.195801
25,0.708794,0.449571,7337.114258
26,0.798856,0.512068,7669.879883
27,0.853587,0.491618,8085.809082
28,0.892434,0.486269,8252.200195
29,0.892747,0.471750,8418.575195
30,0.889838,0.477162,8801.230469
31,0.931188,0.636804,9599.831055
32,0.960164,0.706847,9832.758789
33,0.995258,0.686965,10182.148438
34,0.022769,0.579742,10598.093750
35,0.984737,0.516474,10880.930664
36,0.860785,0.521020,11113.872070
37,0.848467,0.642510,11563.083008
38,0.841853,0.802194,11762.715820
39,0.833684,0.923625,12178.659180
40,0.860964,0.924834,12361.675781
41,0.175911,0.871480,13759.261719
42,0.146238,0.833778,13992.182617
43,0.725137,0.943502,15123.522461
44,0.710119,0.786342,15406.361328
45,0.696991,0.709301,15655.919922
46,0.687487,0.714250,15905.484375
47,0.197483,0.922647,16387.978516
48,0.163657,0.891904,16521.074219
49,0.170795,0.882535,16620.910156
50,0.135302,0.880946,16970.296875
51,0.125216,0.871558,17153.312500
52,0.685552,0.808386,17918.630859
53,0.670539,0.722940,18084.998047
54,0.664763,0.691310,18317.935547
55,0.679862,0.673441,18683.957031
56,0.734291,0.637211,19149.828125
57,0.753270,0.630391,19316.187500
58,0.995971,0.597581,20497.449219
59,0.041863,0.596310,21046.488281
60,0.063538,0.576177,21229.529297
61,0.060601,0.579317,21329.345703
62,0.170258,0.611528,22044.746094
63,0.192900,0.618575,22444.048828
64,0.220975,0.700062,22776.816406
65,0.239761,0.691129,23043.007812
66,0.281424,0.706582,23275.951172
67,0.229906,0.561650,23592.089844
68,0.186137,0.525545,23791.699219
69,0.155069,0.490547,24041.287109
70,0.093978,0.469399,24573.681641
71,0.024797,0.465234,24956.363281
0,0.737949,0.509141,83.323326
1,0.765420,0.489556,449.357269
2,0.692599,0.479898,682.256104
3,0.836179,0.488327,1830.281250
4,0.811262,0.498877,2146.323730
5,0.805105,0.497259,2479.132812
6,0.875073,0.435947,2895.028809
7,0.872456,0.442802,3360.885254
8,0.877424,0.458716,3577.242676
9,0.959291,0.548448,4043.028076
10,0.976922,0.565289,4276.064941
11,0.967159,0.522024,4625.380859
12,0.008998,0.526923,4858.338379
13,0.048676,0.534219,5124.588379
14,0.018659,0.510948,5573.741211
15,0.094951,0.495272,5823.283691
16,0.123481,0.517556,6122.777832
17,0.134534,0.523409,6422.249023
18,0.130478,0.527095,6671.876465
19,0.124767,0.513572,6771.653320
20,0.079898,0.491681,7004.550293
21,0.049046,0.488861,7204.249023
22,0.092059,0.493571,7487.045898
23,0.988888,0.527048,8085.992676
24,0.917210,0.557165,8418.732422
25,0.911523,0.569932,8701.534180
26,0.911097,0.553428,9050.994141
27,0.892046,0.540531,9333.780273
28,0.898490,0.550086,9733.118164
29,0.907080,0.524238,9949.386719
30,0.850420,0.619475,10415.240234
31,0.929100,0.562459,10781.321289
32,0.915459,0.580360,10964.377930
33,0.918492,0.598012,11163.955078
34,0.900621,0.585993,11613.179688
35,0.878417,0.576252,11929.242188
36,0.735088,0.508656,12395.152344
37,0.618299,0.536865,12811.116211
38,0.606146,0.583851,13060.606445
39,0.614530,0.597447,13260.242188
40,0.531256,0.575397,13576.377930
41,0.527091,0.546312,13992.342773
42,0.602484,0.499502,14374.998047
43,0.620016,0.490351,14591.261719
44,0.449178,0.558544,15206.863281
45,0.382328,0.538358,15456.421875
46,0.387897,0.619831,15805.788086
47,0.386407,0.536450,16188.507812
48,0.391172,0.526755,16321.580078
49,0.423130,0.522990,16720.876953
50,0.441870,0.554213,16970.433594
51,0.460551,0.544945,17120.193359
52,0.527667,0.530019,17835.630859
53,0.414960,0.668200,18168.361328
54,0.383437,0.658416,18384.632812
55,0.474073,0.900437,18883.792969
56,0.495560,0.951078,19249.835938
57,0.431025,0.946581,19532.646484
58,0.592076,0.910137,19965.207031
59,0.593930,0.888543,20248.054688
60,0.545637,0.830110,20530.906250
61,0.550755,0.807616,20713.892578
62,0.699676,0.899253,21196.388672
63,0.616999,0.935524,21412.671875
64,0.602340,0.962683,21695.531250
65,0.505242,0.904624,22111.468750
66,0.482939,0.894171,22394.304688
67,0.762573,0.841333,22693.785156
68,0.741554,0.782669,22926.712891
69,0.729134,0.759792,23342.683594
70,0.583445,0.542952,23658.763672
71,0.443767,0.560002,24457.367188
0,0.757721,0.501688,432.649261
1,0.514297,0.468143,1713.621338
2,0.518875,0.475657,1979.924072
3,0.447118,0.571244,2162.883057
4,0.409736,0.527317,2412.401855
5,0.411206,0.508972,2678.617920
6,0.422273,0.519199,2978.103516
7,0.405785,0.471600,3161.114746
8,0.364912,0.697114,3394.092285
9,0.295093,0.561525,3726.839600
10,0.298337,0.534730,3893.166016
11,0.307144,0.527780,4458.834961
12,0.315280,0.502466,4625.225098
13,0.320474,0.496864,4791.639160
14,0.246530,0.522907,5140.993652
15,0.207319,0.674535,5640.141602
16,0.218385,0.688529,5922.934570
17,0.216790,0.706550,6039.450195
18,0.470071,0.509701,7104.234863
19,0.461950,0.505137,7237.294434
20,0.691109,0.459300,8152.420898
21,0.721518,0.421000,8418.680664
22,0.779812,0.462314,8917.721680
23,0.833847,0.465255,9100.764648
24,0.883185,0.619298,9616.529297
25,0.971507,0.521038,10148.894531
26,0.034144,0.450718,10681.343750
27,0.025762,0.456877,11147.162109
28,0.018623,0.467657,11396.742188
29,0.111294,0.456642,11796.002930
30,0.166116,0.438443,12078.877930
31,0.174795,0.453288,12295.125977
32,0.198703,0.443253,12478.149414
33,0.198566,0.440727,12627.916016
34,0.160476,0.449180,12910.817383
35,0.150907,0.398765,13243.528320
36,0.011879,0.514555,13742.663086
37,0.941479,0.522089,13975.567383
38,0.949189,0.485107,14175.198242
39,0.917348,0.541226,14674.353516
40,0.066121,0.429051,15156.827148
41,0.069720,0.434999,15273.275391
42,0.105808,0.412094,15672.592773
43,0.104060,0.412432,15938.862305
44,0.106040,0.412523,16238.241211
45,0.026438,0.429535,16454.607422
46,0.017935,0.410094,16587.640625
47,0.915307,0.509573,16986.970703
48,0.897802,0.439010,17735.675781
49,0.846548,0.638348,17951.992188
50,0.783252,0.497800,18484.314453
51,0.783298,0.485233,18617.408203
52,0.832704,0.377702,18817.107422
53,0.839877,0.370507,18983.480469
54,0.836097,0.334251,19149.843750
55,0.836020,0.318748,19316.195312
56,0.835260,0.317350,19449.394531
57,0.820370,0.301976,19865.255859
58,0.871578,0.326091,20231.308594
59,0.749013,0.485934,20730.400391
60,0.587899,0.421491,21745.322266
61,0.514828,0.495477,22111.347656
62,0.516522,0.521860,22211.189453
63,0.510459,0.538116,22427.492188
64,0.506342,0.529153,22660.451172
65,0.515499,0.494934,22826.734375
66,0.521159,0.493870,23043.062500
67,0.525389,0.505458,23275.957031
68,0.414862,0.530175,23592.089844
69,0.403294,0.444085,23991.421875
70,0.516215,0.436407,24523.773438
0,0.724577,0.485557,399.308655
1,0.689404,0.486492,582.358643
2,0.622201,0.535097,931.736206
3,0.588633,0.578775,1264.486694
4,0.529158,0.567307,1530.741089
5,0.531875,0.544637,1663.823975
6,0.438927,0.545140,2212.822021
7,0.385779,0.620511,2545.567627
8,0.454294,0.715344,2845.051514
9,0.502747,0.772776,3077.954834
10,0.521235,0.738179,3560.501709
11,0.698853,0.513089,4991.279297
12,0.831937,0.358194,5540.311035
13,0.867822,0.476025,5906.351074
14,0.859929,0.454774,6072.752441
15,0.872961,0.476510,7553.479004
16,0.863882,0.475341,8485.218750
17,0.953565,0.546932,8784.676758
18,0.986002,0.582806,9050.857422
19,0.023306,0.545673,9250.574219
20,0.048856,0.534287,9500.097656
21,0.062848,0.530821,9782.899414
22,0.973371,0.530444,10099.049805
23,0.947333,0.531972,10448.391602
24,0.975137,0.539128,10864.361328
25,0.009833,0.540993,11080.730469
26,0.092888,0.544256,11330.297852
27,0.132118,0.564639,11529.962891
28,0.193677,0.577845,11796.070312
29,0.222755,0.573702,12012.341797
30,0.204762,0.546926,12261.939453
31,0.241740,0.546065,12478.215820
32,0.321206,0.549067,13925.676758
33,0.105582,0.563740,14325.000977
34,0.079364,0.548710,14508.033203
35,0.738190,0.511882,15739.183594
36,0.784611,0.503190,16221.643555
37,0.811746,0.514242,16454.603516
38,0.528666,0.495911,17369.628906
39,0.549877,0.497745,17669.144531
40,0.511972,0.483629,17852.158203
41,0.489580,0.486753,18135.000000
42,0.530426,0.650537,18401.244141
43,0.576606,0.701098,18783.884766
44,0.528232,0.705910,18966.853516
45,0.741785,0.456425,19765.511719
46,0.899252,0.493903,20247.949219
47,0.953957,0.534145,20497.574219
48,0.004823,0.532573,20797.009766
49,0.051492,0.499403,20996.685547
50,0.263845,0.565169,21678.783203
51,0.252089,0.560528,21778.623047
52,0.245031,0.554120,22044.865234
53,0.147886,0.560243,22494.099609
54,0.086174,0.589191,22826.785156
55,0.101000,0.552604,23009.878906
56,0.139224,0.533399,23226.132812
57,0.382404,0.619937,24473.906250
58,0.427759,0.623682,24656.937500
0,0.747275,0.487692,316.201660
1,0.684834,0.501433,532.514526
2,0.564891,0.516804,1131.439331
3,0.532312,0.524734,1331.035156
4,0.541565,0.504290,1514.056030
5,0.456815,0.494653,2063.128906
6,0.401842,0.573920,2861.690430
7,0.395694,0.601180,3061.360107
8,0.427091,0.678954,3294.323242
9,0.438739,0.620650,3577.114990
10,0.379525,0.689286,3876.621338
11,0.351591,0.706442,4242.671875
12,0.352436,0.751786,4508.876465
13,0.366519,0.802094,4824.922363
14,0.374960,0.835870,5041.305176
15,0.776056,0.824006,6272.484375
16,0.793182,0.853648,6505.370605
17,0.799601,0.883290,6688.371582
18,0.869788,0.870831,6937.972168
19,0.935011,0.503201,7453.708008
20,0.966625,0.508468,7669.985352
21,0.831595,0.501194,8169.073242
22,0.774596,0.488406,8385.479492
23,0.015369,0.521964,8951.080078
24,0.043663,0.539287,9100.816406
25,0.201401,0.566600,9766.336914
26,0.205621,0.559164,9932.691406
27,0.236120,0.576141,10282.082031
28,0.196409,0.549051,10531.687500
29,0.180057,0.523853,10930.958984
30,0.315599,0.543545,11396.829102
31,0.320417,0.533620,11679.629883
32,0.409199,0.657552,12228.697266
33,0.461290,0.566490,12478.264648
34,0.306774,0.554668,13260.255859
35,0.341574,0.543059,13543.019531
36,0.369184,0.549975,13892.465820
37,0.400915,0.631661,14175.254883
38,0.332369,0.586253,14541.284180
39,0.307017,0.558788,14790.884766
40,0.269431,0.602505,15106.968750
41,0.260019,0.657436,15389.905273
42,0.247739,0.599954,16338.174805
43,0.303709,0.602427,16621.011719
44,0.311387,0.592325,16887.242188
45,0.375356,0.616390,17120.154297
46,0.403804,0.731331,17452.873047
47,0.398083,0.742974,17635.884766
48,0.441640,0.666753,17985.347656
49,0.518435,0.526744,18517.683594
50,0.334028,0.586867,19399.500000
51,0.303288,0.537883,19798.816406
52,0.286708,0.531858,20114.863281
53,0.296192,0.533019,20364.529297
54,0.232241,0.547713,20680.564453
55,0.183221,0.554585,21013.349609
56,0.158780,0.557832,21412.617188
57,0.104333,0.564668,21612.291016
58,0.105223,0.553810,21712.099609
59,0.011129,0.535986,22094.759766
60,0.016854,0.525948,22211.287109
61,0.952086,0.528253,22427.546875
62,0.915128,0.506381,22826.806641
63,0.911881,0.503110,23026.474609
64,0.907042,0.544901,23542.257812
65,0.960822,0.539910,23908.322266
66,0.951003,0.569931,24307.646484
0,0.756368,0.535366,33.363117
1,0.620657,0.547587,449.238617
2,0.637956,0.542092,848.557434
3,0.583489,0.534328,1480.784424
4,0.497520,0.681681,2279.413086
5,0.459476,0.640936,2562.210205
6,0.548733,0.546762,2778.555420
7,0.458711,0.513660,3011.463623
8,0.561485,0.553137,3327.641357
9,0.538983,0.502574,3693.569092
10,0.501915,0.483531,3959.880127
11,0.450050,0.522651,4209.332031
12,0.448451,0.537450,4808.288086
13,0.456417,0.540102,4958.045410
14,0.427630,0.518937,5191.019531
15,0.394649,0.650826,5490.413574
16,0.581431,0.975248,6272.483887
17,0.879488,0.914110,6937.945801
18,0.992716,0.902682,7220.855469
19,0.271174,0.907399,7969.421875
20,0.257362,0.917699,8451.927734
21,0.155078,0.894543,8818.061523
22,0.188109,0.659588,9350.405273
23,0.192540,0.544101,9550.056641
24,0.204717,0.526760,9733.136719
25,0.204180,0.531386,9849.491211
26,0.174592,0.538083,10132.434570
27,0.115425,0.543978,10398.541016
28,0.121443,0.519606,10681.386719
29,0.082881,0.518417,10964.247070
30,0.999621,0.536825,11213.836914
31,0.011791,0.508600,11496.638672
32,0.936772,0.550119,11812.758789
33,0.879248,0.563481,12195.449219
34,0.870940,0.535908,12561.441406
35,0.884719,0.542797,12844.301758
36,0.902914,0.571085,13260.238281
37,0.922470,0.515283,13626.239258
38,0.922545,0.513447,13825.894531
39,0.898627,0.508942,14025.562500
40,0.962917,0.483443,14408.286133
41,0.020783,0.483476,14774.245117
42,0.018367,0.492938,14890.666016
43,0.047805,0.491957,15106.998047
44,0.061673,0.479006,15373.216797
45,0.817900,0.500811,16571.076172
46,0.825480,0.491692,16687.626953
47,0.842412,0.483794,16820.654297
48,0.868018,0.428077,17036.923828
49,0.874448,0.426359,17286.535156
50,0.877440,0.436206,17585.958984
51,0.863903,0.412672,17852.246094
52,0.861720,0.434255,18151.693359
53,0.861516,0.412726,19133.332031
54,0.777167,0.489099,19615.750000
55,0.817614,0.454067,20064.953125
56,0.685097,0.478838,20497.580078
57,0.717206,0.523874,21129.798828
58,0.810824,0.836177,21778.652344
59,0.207692,0.532644,23076.371094
60,0.209650,0.538848,23309.312500
61,0.236586,0.522618,23625.505859
62,0.308658,0.534062,23891.646484
63,0.305086,0.537042,23991.501953
64,0.302270,0.528706,24074.621094
65,0.330539,0.520444,24290.908203
66,0.346612,0.570673,24973.080078
0,0.745003,0.457761,116.456940
1,0.776398,0.890453,765.320984
2,0.797845,0.845646,931.650635
3,0.800916,0.823907,1164.595581
4,0.326021,0.979600,1929.955933
5,0.991942,0.504219,2711.905518
6,0.053764,0.530956,3111.207520
7,0.018381,0.627365,3543.740723
8,0.950898,0.487699,3809.990234
9,0.945254,0.551799,4076.197998
10,0.598261,0.528608,5240.780762
11,0.429041,0.560261,5806.567383
12,0.449828,0.558378,6072.669434
13,0.389536,0.679669,6704.892090
14,0.471601,0.522991,6987.748047
15,0.421362,0.522659,7420.360352
16,0.289157,0.548298,7786.351562
17,0.188023,0.546146,8069.294922
18,0.184521,0.545733,8285.509766
19,0.135325,0.514207,8634.903320
20,0.137123,0.510227,8801.236328
21,0.088311,0.558583,9100.763672
22,0.022253,0.506437,9483.426758
23,0.020894,0.497238,9583.268555
24,0.029886,0.513131,9866.035156
25,0.990716,0.474696,10115.624023
26,0.221901,0.529765,11130.523438
27,0.237843,0.610828,11363.460938
28,0.305317,0.659384,11646.365234
29,0.306752,0.624556,11812.648438
30,0.360443,0.645740,12029.036133
31,0.407120,0.660582,12345.036133
32,0.437851,0.582309,12644.538086
33,0.460100,0.514553,12960.621094
34,0.515443,0.545089,13226.829102
35,0.535099,0.531019,13476.396484
36,0.532120,0.522804,13626.122070
37,0.555874,0.587350,13892.324219
38,0.550514,0.590740,14008.910156
39,0.455193,0.582287,14541.268555
40,0.389806,0.745384,15007.162109
41,0.353778,0.964135,15389.736328
42,0.126879,0.974372,16155.083008
43,0.015246,0.592399,16820.599609
44,0.020604,0.462426,16986.921875
45,0.019861,0.456636,17286.441406
46,0.010281,0.424113,17635.845703
47,0.020293,0.430702,17902.070312
48,0.959351,0.477971,18118.291016
49,0.051732,0.527563,18434.458984
50,0.143491,0.540516,18966.902344
51,0.194498,0.578455,19266.279297
52,0.945011,0.481626,20281.210938
53,0.884887,0.578030,20564.052734
54,0.846440,0.580681,20763.664062
55,0.848024,0.563304,21096.466797
56,0.854897,0.521879,21296.148438
57,0.859283,0.617052,21828.501953
58,0.831956,0.457073,22444.103516
59,0.830746,0.445751,22627.095703
60,0.882018,0.622956,22926.589844
61,0.900730,0.433302,23292.589844
62,0.915257,0.409342,23658.613281
63,0.030838,0.491862,24207.693359
0,0.725311,0.725841,33.299294
1,0.762101,0.544448,399.397766
2,0.787980,0.735179,1197.988770
3,0.764498,0.762480,1347.752441
4,0.701186,0.500930,2063.124023
5,0.692487,0.485522,2279.415283
6,0.689808,0.489551,2379.204590
7,0.681143,0.519651,2545.581787
8,0.614039,0.550404,3227.797119
9,0.584305,0.536420,3494.012939
10,0.606024,0.570777,3710.255615
11,0.547087,0.597101,4142.828125
12,0.601838,0.539297,4542.204102
13,0.644343,0.573131,4858.232422
14,0.681515,0.511725,5057.879883
15,0.905641,0.531607,7004.462891
16,0.882934,0.624208,7303.932617
17,0.953919,0.541067,7803.096680
18,0.000154,0.579775,8452.015625
19,0.932823,0.530849,8934.413086
20,0.936144,0.526049,9034.252930
21,0.932695,0.524688,9200.629883
22,0.933300,0.529500,10015.852539
23,0.921372,0.531648,10481.713867
24,0.934689,0.531757,10864.392578
25,0.055872,0.573234,11879.301758
26,0.047298,0.557908,11979.108398
27,0.081236,0.570693,12461.596680
28,0.130045,0.594452,13027.272461
29,0.847886,0.529288,14458.095703
30,0.837311,0.530373,14641.102539
31,0.812314,0.524732,14973.895508
32,0.784713,0.511738,15190.149414
33,0.626321,0.550288,16388.042969
34,0.576382,0.536121,16737.458984
35,0.537879,0.534093,16887.187500
36,0.472634,0.559074,17452.871094
37,0.439829,0.560169,17669.177734
38,0.457206,0.559464,18018.564453
39,0.460064,0.601328,18800.501953
40,0.412713,0.653745,18983.542969
41,0.387965,0.799548,19366.179688
42,0.364057,0.857195,19615.755859
43,0.371116,0.895319,19865.328125
44,0.305114,0.951744,20114.882812
45,0.411714,0.950310,20447.648438
46,0.455012,0.955770,20680.560547
47,0.421338,0.929032,20996.673828
48,0.427732,0.635207,21445.880859
49,0.387453,0.625507,21811.923828
50,0.396407,0.643262,22044.851562
51,0.466917,0.540281,22394.234375
52,0.466151,0.525268,22610.542969
53,0.449068,0.552217,23093.031250
54,0.447347,0.546281,23409.130859
55,0.445344,0.552691,23725.255859
56,0.311739,0.569073,24357.474609
57,0.315691,0.566326,24440.634766
58,0.290715,0.547559,24607.041016
59,0.268620,0.543813,24756.798828
0,0.700655,0.484419,465.824707
1,0.692096,0.488890,748.592651
2,0.805042,0.618811,1214.434326
3,0.808306,0.596035,1414.132446
4,0.802168,0.534450,1613.781860
5,0.824468,0.505224,3244.276855
6,0.798002,0.441666,3527.115479
7,0.799009,0.398320,3693.510010
8,0.869811,0.410081,3909.760010
9,0.878436,0.412574,4109.380371
10,0.877635,0.421128,4225.926270
11,0.863398,0.658996,4392.269531
12,0.854084,0.631619,4841.473145
13,0.866944,0.729705,5140.985840
14,0.869980,0.754969,5290.662109
15,0.875072,0.514294,5573.528809
16,0.873874,0.403957,5856.431641
17,0.873454,0.362881,6006.122070
18,0.867995,0.525678,6671.567383
19,0.957008,0.566422,7203.975586
20,0.932466,0.584518,7486.850098
21,0.932937,0.538475,7753.042480
22,0.966819,0.590300,8019.345215
23,0.923414,0.542888,8535.017578
24,0.923297,0.580045,9200.545898
25,0.904349,0.528990,9549.883789
26,0.920044,0.536046,9949.209961
27,0.036205,0.563420,10631.360352
28,0.994139,0.540620,10914.228516
29,0.005020,0.653994,11180.463867
30,0.009010,0.666252,11380.149414
31,0.991581,0.503900,11829.234375
32,0.975741,0.494014,11995.637695
33,0.062860,0.537748,12261.831055
34,0.073948,0.504703,12411.664062
35,0.073910,0.489217,12511.390625
36,0.053247,0.606552,12860.811523
37,0.026676,0.677500,13093.716797
38,0.021759,0.655560,13309.960938
39,0.018439,0.541771,13559.658203
40,0.136622,0.555563,13875.712891
41,0.138786,0.582450,14108.606445
42,0.126440,0.631077,14607.750000
43,0.091351,0.509592,14940.489258
44,0.195032,0.580211,15239.992188
45,0.176541,0.556793,16105.079102
46,0.178261,0.560481,16221.578125
47,0.171939,0.552319,16354.693359
48,0.183754,0.600398,16487.810547
49,0.221073,0.638991,16837.140625
50,0.236590,0.620392,17186.556641
51,0.231555,0.588240,17535.941406
52,0.236156,0.634664,17669.031250
53,0.188951,0.610773,18018.462891
54,0.176051,0.569519,18267.996094
55,0.172669,0.530147,18500.917969
56,0.213735,0.546135,19199.707031
57,0.230822,0.619240,19432.623047
58,0.232638,0.655422,19665.572266
59,0.227427,0.759167,19998.291016
60,0.254984,0.766931,20181.302734
61,0.294661,0.565698,20746.972656
62,0.249059,0.569463,20979.943359
63,0.262125,0.625554,21246.150391
64,0.171533,0.548467,21512.328125
65,0.193597,0.595142,22127.917969
66,0.204358,0.661183,22510.568359
67,0.213647,0.652019,22843.337891
68,0.226904,0.656693,23026.335938
69,0.264090,0.743128,23525.453125
70,0.278452,0.748978,23758.386719
71,0.248144,0.788475,24091.132812
72,0.230925,0.802120,24290.800781
73,0.262755,0.787457,24623.529297
0,0.717382,0.582303,149.710602
1,0.705121,0.540711,316.113586
2,0.579500,0.510718,765.354309
3,0.599218,0.560521,1430.837524
4,0.590182,0.559415,1613.797974
5,0.521416,0.525155,1863.437378
6,0.501516,0.489813,2096.367188
7,0.456831,0.525104,2362.548584
8,0.423755,0.534109,2612.055664
9,0.429445,0.490983,2928.237793
10,0.386464,0.539957,3161.095459
11,0.388942,0.562495,3377.457520
12,0.439020,0.529295,3726.870850
13,0.324148,0.564052,4059.548584
14,0.286692,0.552992,4359.081543
15,0.241098,0.558302,4675.142090
16,0.205064,0.567143,4841.543457
17,0.204407,0.573198,4941.345215
18,0.209032,0.561813,5057.853027
19,0.185119,0.569463,5224.177734
20,0.175532,0.589693,5457.125000
21,0.270672,0.605907,6372.196777
22,0.366214,0.585703,6871.300781
23,0.459954,0.562150,7520.174805
24,0.450348,0.550127,8019.282715
25,0.483858,0.531698,8235.564453
26,0.561043,0.542018,8551.708008
27,0.615660,0.540507,9283.791992
28,0.626210,0.512396,9516.708008
29,0.623526,0.501212,9932.629883
30,0.643958,0.579822,10165.541016
31,0.638347,0.435512,10531.564453
32,0.740667,0.510131,10947.523438
33,0.821546,0.548268,11513.215820
34,0.850024,0.544643,11812.668945
35,0.858573,0.566083,12062.258789
36,0.876630,0.616595,12328.426758
37,0.931872,0.559895,12877.500977
38,0.947992,0.540534,13043.861328
39,0.005624,0.595065,13559.609375
40,0.014558,0.598087,13659.471680
41,0.898213,0.532582,13892.358398
42,0.894699,0.511459,14208.495117
43,0.805293,0.533108,14923.892578
44,0.775482,0.536348,15223.377930
45,0.750604,0.549527,15572.755859
46,0.750410,0.542354,15755.769531
47,0.836516,0.543559,16254.900391
48,0.833461,0.484011,16487.835938
49,0.872060,0.438023,16704.123047
50,0.876427,0.420210,16970.345703
51,0.861295,0.421375,17219.871094
52,0.891670,0.663507,17702.373047
53,0.908626,0.698608,17935.320312
54,0.983562,0.565587,18467.693359
55,0.977178,0.554327,18650.726562
56,0.041823,0.526649,18850.369141
57,0.050182,0.548281,19083.310547
58,0.132947,0.572022,19715.544922
59,0.184921,0.604786,20014.994141
60,0.186362,0.604414,20214.664062
61,0.202875,0.600172,20480.847656
62,0.152168,0.545707,20863.523438
63,0.138748,0.524616,21113.066406
64,0.106466,0.493813,21395.910156
65,0.097773,0.480290,21595.560547
66,0.195514,0.568562,21895.035156
67,0.139527,0.562838,22194.546875
68,0.123967,0.549798,22477.378906
69,0.106074,0.571348,22660.388672
70,0.993655,0.596759,23192.791016
71,0.017526,0.634615,23508.898438
72,0.995657,0.568671,23924.832031
73,0.980897,0.509066,24107.882812
74,0.950602,0.500087,24407.318359
0,0.703955,0.427961,382.611603
1,0.686143,0.413503,532.405701
2,0.604641,0.374040,1347.558716
3,0.592435,0.443756,1647.086182
4,0.504827,0.593862,2079.706543
5,0.517977,0.754413,2379.071045
6,0.433528,0.802817,2828.318848
7,0.450562,0.795518,2978.035156
8,0.365898,0.830087,3260.873779
9,0.298944,0.871237,3793.281738
10,0.454828,0.445228,4109.409668
11,0.454313,0.420090,4691.754883
12,0.441236,0.398612,4824.831055
13,0.404017,0.421140,5024.445801
14,0.396558,0.442899,5157.572754
15,0.421146,0.439633,5373.839844
16,0.540241,0.443272,6089.275391
17,0.494197,0.431445,6471.921875
18,0.466565,0.435121,6638.312012
19,0.519110,0.630553,7453.549316
20,0.530385,0.754783,7619.931152
21,0.509462,0.779643,7786.311523
22,0.438810,0.750394,8085.792969
23,0.438234,0.581459,8418.523438
24,0.520320,0.554518,8634.847656
25,0.619636,0.518906,8917.675781
26,0.629034,0.480584,9050.768555
27,0.647727,0.483857,9317.002930
28,0.642741,0.452537,9782.811523
29,0.732969,0.430027,10115.560547
30,0.873155,0.464519,10880.895508
31,0.883144,0.404893,11080.532227
32,0.869106,0.440077,11280.205078
33,0.876256,0.442944,11463.212891
34,0.875200,0.393801,11662.864258
35,0.865782,0.361323,11862.536133
36,0.861729,0.344527,12112.104492
37,0.914328,0.507684,13260.074219
38,0.873246,0.677348,13659.381836
39,0.971425,0.563055,13958.848633
40,0.021812,0.470270,14424.702148
41,0.079564,0.434729,14907.192383
42,0.039143,0.543868,15140.119141
43,0.107598,0.479256,15539.426758
44,0.185362,0.490723,17486.039062
45,0.300019,0.485313,18550.830078
46,0.268802,0.450438,19000.041016
47,0.217030,0.478513,19183.048828
48,0.171437,0.482600,19382.689453
49,0.150339,0.464891,19549.083984
50,0.084383,0.465316,19948.386719
51,0.072812,0.442028,20131.406250
52,0.055471,0.439658,20314.427734
53,0.036717,0.430337,20514.064453
54,0.059534,0.397315,20763.621094
55,0.993307,0.439469,21079.744141
56,0.979686,0.461155,21395.878906
57,0.000460,0.463039,21612.140625
58,0.010973,0.545402,21961.548828
59,0.955988,0.547904,22144.552734
60,0.022557,0.570196,22560.478516
61,0.020230,0.559252,22793.412109
62,0.999234,0.479104,22959.775391
63,0.959566,0.468424,23192.734375
64,0.932255,0.475595,23409.011719
65,0.982033,0.468721,23874.859375
66,0.010583,0.485314,24157.718750
67,0.905392,0.482306,24490.474609
68,0.858324,0.481020,24739.996094
0,0.754915,0.523439,332.803101
1,0.752145,0.506688,515.809387
2,0.695793,0.442311,698.802429
3,0.690922,0.451334,782.046753
4,0.673030,0.485152,1098.096680
5,0.984892,0.892111,4941.460449
6,0.775895,0.965449,5640.178711
7,0.858008,0.542088,6655.140137
8,0.853218,0.519359,6871.385742
9,0.818638,0.510106,7137.582520
10,0.871769,0.428288,7670.037598
11,0.967785,0.523846,8069.350098
12,0.975670,0.542782,8302.216797
13,0.967064,0.518284,8535.096680
14,0.008613,0.503836,8817.965820
15,0.048619,0.539023,9067.615234
16,0.046161,0.528831,9649.869141
17,0.076258,0.501155,9832.849609
18,0.152161,0.538581,10149.014648
19,0.213762,0.531669,10515.081055
20,0.218831,0.558682,10797.860352
21,0.289385,0.527811,11047.379883
22,0.303768,0.526150,11197.156250
23,0.365857,0.536580,11529.984375
24,0.425536,0.514566,11779.444336
25,0.421925,0.508870,11979.101562
26,0.450184,0.515137,12361.833984
27,0.406247,0.537727,12628.008789
28,0.453817,0.669690,13260.203125
29,0.463365,0.706542,13443.288086
30,0.455868,0.700225,13592.938477
31,0.392313,0.690636,13775.980469
32,0.313252,0.848015,14175.331055
33,0.289725,0.855309,14275.128906
34,0.459924,0.678767,14890.681641
35,0.445632,0.582611,15057.144531
36,0.314904,0.519639,15639.419922
37,0.265868,0.557124,15822.408203
38,0.270660,0.541962,15955.496094
39,0.185475,0.578242,16205.041992
40,0.187457,0.574958,16371.420898
41,0.196505,0.561518,16487.927734
42,0.162673,0.540956,17120.214844
43,0.089386,0.542988,17286.490234
44,0.047564,0.500267,17769.082031
45,0.023575,0.542995,18135.062500
46,0.847142,0.531025,19482.650391
47,0.867066,0.432441,19931.873047
48,0.860459,0.400788,20564.097656
49,0.863446,0.418040,20780.412109
50,0.874833,0.437308,20996.667969
51,0.859116,0.535705,21529.080078
52,0.939173,0.558613,23076.470703
53,0.910694,0.508212,23525.603516
54,0.962768,0.555281,24008.162109
55,0.081150,0.529142,24324.222656
56,0.082202,0.540954,24473.921875
57,0.144440,0.528983,24656.947266
58,0.141476,0.536993,24756.832031
0,0.650465,0.503044,682.180969
1,0.588029,0.515900,1164.645020
2,0.508777,0.547066,1530.640259
3,0.511943,0.541383,1613.899536
4,0.519193,0.557311,1746.982666
5,0.449083,0.605619,1929.949707
6,0.454824,0.449579,2345.919678
7,0.458862,0.438509,2528.991943
8,0.524225,0.431120,2845.052490
9,0.522004,0.428233,2978.231201
10,0.553573,0.404667,3244.394287
11,0.618078,0.471001,3627.026123
12,0.651268,0.417510,3959.739990
13,0.716967,0.458223,4442.268555
14,0.835818,0.440750,4758.345703
15,0.848000,0.399844,5207.600098
16,0.003856,0.576698,6605.229492
17,0.967382,0.497272,7387.116699
18,0.045070,0.536148,7620.080078
19,0.770041,0.905690,8202.359375
20,0.689606,0.885804,9000.931641
21,0.642165,0.890666,9300.513672
22,0.678622,0.883845,9500.120117
23,0.721387,0.780275,9866.085938
24,0.468660,0.921442,10282.029297
25,0.229240,0.556982,11529.862305
26,0.190871,0.510343,11962.453125
27,0.284105,0.515033,12311.854492
28,0.350650,0.498666,12777.687500
29,0.419547,0.487217,13093.839844
30,0.407749,0.508371,13326.753906
31,0.468213,0.500928,13592.956055
32,0.450227,0.546870,13809.181641
33,0.518563,0.504133,14374.889648
34,0.508551,0.479487,14707.635742
35,0.453588,0.467991,15306.586914
36,0.425701,0.487838,15872.246094
37,0.457489,0.478714,16404.662109
38,0.452526,0.468458,16704.126953
39,0.451680,0.456943,16920.412109
40,0.490567,0.447732,17153.345703
41,0.489335,0.467811,17602.619141
42,0.429093,0.472861,18035.167969
43,0.390017,0.502967,18417.837891
44,0.568396,0.426655,19266.330078
45,0.640390,0.455097,19532.535156
46,0.637018,0.449114,19615.712891
47,0.783260,0.476506,20214.664062
48,0.772257,0.482552,20547.419922
49,0.761250,0.482923,20663.914062
50,0.686186,0.480007,21029.919922
51,0.627989,0.412648,21429.234375
52,0.635768,0.415776,21612.236328
53,0.605521,0.489320,21911.712891
54,0.942951,0.534412,23159.544922
55,0.960960,0.420850,23758.480469
0,0.733614,0.470600,332.861816
1,0.679769,0.458877,582.346619
2,0.680919,0.434527,715.448914
3,0.608612,0.497844,1048.191162
4,0.574015,0.501608,1331.039795
5,0.579672,0.489239,1447.492188
6,0.527891,0.537900,1747.007935
7,0.530869,0.486284,1946.604370
8,0.466993,0.503216,2296.030273
9,0.438147,0.503236,2612.219238
10,0.449514,0.722266,2928.261475
11,0.374958,0.696051,3410.748047
12,0.360647,0.842753,3627.042969
13,0.323810,0.919488,4042.937256
14,0.295757,0.431440,4958.108887
15,0.228075,0.507393,5440.503418
16,0.314100,0.477815,5690.113281
17,0.318423,0.493170,5856.496582
18,0.368815,0.490951,6189.258789
19,0.402208,0.462178,6438.786621
20,0.411664,0.470460,6655.122070
21,0.441002,0.503234,6954.519043
22,0.466902,0.459440,7270.696777
23,0.469014,0.495071,7486.947754
24,0.490932,0.616817,7786.449219
25,0.542940,0.535609,8069.301270
26,0.539780,0.465856,8302.199219
27,0.609731,0.494581,8651.582031
28,0.614224,0.492034,8934.461914
29,0.607896,0.626189,9283.819336
30,0.611111,0.623137,9649.818359
31,0.614388,0.679034,10065.781250
32,0.781900,0.505947,10648.072266
33,0.874016,0.509899,11197.110352
34,0.862101,0.411419,11613.061523
35,0.129519,0.584352,12744.416992
36,0.156952,0.585654,13060.554688
37,0.072676,0.550841,13592.925781
38,0.980709,0.526668,14125.379883
39,0.984792,0.532880,14225.190430
40,0.052812,0.483025,14441.448242
41,0.055564,0.474648,14607.841797
42,0.001410,0.661149,15156.934570
43,0.935600,0.581368,15473.059570
44,0.929641,0.634808,15805.764648
45,0.946895,0.500551,16138.493164
46,0.927471,0.453744,16404.740234
47,0.851540,0.410653,16704.212891
48,0.855315,0.358738,16987.013672
49,0.740129,0.861657,17752.318359
50,0.697335,0.878608,17952.021484
51,0.689444,0.880211,18251.484375
52,0.707496,0.866441,18484.421875
53,0.539664,0.914350,19033.421875
54,0.557279,0.885058,19216.490234
55,0.612449,0.526267,19765.478516
56,0.606833,0.536084,19865.304688
57,0.429024,0.518597,20697.181641
58,0.416422,0.477671,20896.830078
59,0.428845,0.460565,21113.187500
60,0.447757,0.531170,21296.179688
61,0.415854,0.515120,21828.527344
62,0.325823,0.504902,22028.294922
63,0.245899,0.538585,22893.396484
64,0.308938,0.508809,23392.546875
65,0.191691,0.496530,23858.322266
66,0.179665,0.497717,23991.464844
67,0.183252,0.504101,24174.462891
0,0.772647,0.553574,16.648485
1,0.708316,0.495773,399.298035
2,0.688413,0.488279,615.662170
3,0.577357,0.552649,1214.577637
4,0.629496,0.614931,1480.778076
5,0.759698,0.795508,1996.463989
6,0.799194,0.784371,2162.835449
7,0.828684,0.797425,2412.474365
8,0.791353,0.861541,2612.084961
9,0.870595,0.881935,2861.614990
10,0.920316,0.933305,3077.925049
11,0.867816,0.644691,3743.445068
12,0.860883,0.569712,3943.068115
13,0.868739,0.472258,4192.683594
14,0.867033,0.484319,4475.523926
15,0.850709,0.551505,4808.216797
16,0.844622,0.608375,5057.902832
17,0.785460,0.521523,5473.715332
18,0.778417,0.492879,5756.658691
19,0.678632,0.474633,6155.895996
20,0.687628,0.481252,6322.291992
21,0.877190,0.473271,6904.623535
22,0.872544,0.452979,7253.998535
23,0.968665,0.540321,7570.066406
24,0.027785,0.573359,8069.201660
25,0.036497,0.494139,8302.137695
26,0.999604,0.475227,8535.055664
27,0.946584,0.533144,8901.068359
28,0.058040,0.540083,9416.835938
29,0.124343,0.544948,9649.797852
30,0.152560,0.560069,10215.474609
31,0.191405,0.562508,10465.023438
32,0.248254,0.641231,11047.314453
33,0.253956,0.651304,11263.654297
34,0.253442,0.564166,11463.261719
35,0.241504,0.541559,11696.202148
36,0.227098,0.515952,11995.677734
37,0.293614,0.619634,12361.721680
38,0.294591,0.647928,12611.288086
39,0.281353,0.660554,12844.243164
40,0.247864,0.674495,13459.787109
41,0.106410,0.541737,14225.131836
42,0.039200,0.515706,14441.385742
43,0.044406,0.518993,14557.873047
44,0.979808,0.531594,14824.079102
45,0.949604,0.594662,15306.541016
46,0.870727,0.672088,15655.958008
47,0.853194,0.686128,16105.162109
48,0.699189,0.533518,17219.875000
49,0.799355,0.726799,17519.371094
50,0.505152,0.629482,18733.904297
51,0.514102,0.722833,19016.722656
52,0.467853,0.721884,19416.070312
53,0.459520,0.738392,19715.525391
54,0.394374,0.801336,19965.099609
55,0.375726,0.830626,20297.820312
56,0.367016,0.878832,20564.037109
57,0.369149,0.898447,20697.150391
58,0.349552,0.918592,20896.779297
59,0.314708,0.898504,21229.529297
60,0.507098,0.819626,21728.669922
61,0.577103,0.779682,21895.054688
62,0.642987,0.756486,22094.705078
63,0.633814,0.769368,22194.519531
64,0.601099,0.878067,22444.113281
65,0.573817,0.872099,22793.455078
66,0.466096,0.889617,22976.507812
67,0.448407,0.655966,23359.189453
68,0.445471,0.557979,23675.269531
69,0.461096,0.554122,23825.009766
0,0.758616,0.448265,465.924988
1,0.599315,0.462161,1430.879150
2,0.555432,0.513066,1680.473633
3,0.588138,0.448692,1963.372314
4,0.719060,0.438726,2778.638184
5,0.778100,0.861764,3560.524170
6,0.784282,0.778572,4026.363525
7,0.778784,0.892920,4558.754395
8,0.798257,0.873843,4741.773926
9,0.874123,0.620135,4958.027832
10,0.873873,0.515110,5191.075684
11,0.888787,0.452608,5340.700195
12,0.886894,0.418843,5606.920410
13,0.891180,0.373203,5806.675293
14,0.883478,0.375212,5923.071777
15,0.880026,0.340874,6338.992676
16,0.876822,0.333352,6538.682617
17,0.917373,0.339229,6738.310059
18,0.981052,0.551248,6937.981445
19,0.958329,0.570784,7104.292480
20,0.034256,0.530124,7570.138184
21,0.013690,0.505876,7769.799805
22,0.965275,0.477597,7986.194824
23,0.968617,0.467939,8235.657227
24,0.969164,0.461356,8368.779297
25,0.055344,0.489623,8568.378906
26,0.110997,0.549269,9067.528320
27,0.135803,0.554807,9317.086914
28,0.181393,0.568592,9599.966797
29,0.181440,0.570953,9733.062500
30,0.198287,0.575135,10065.907227
31,0.203923,0.572491,10248.808594
32,0.275278,0.496176,10731.385742
33,0.276803,0.612586,11213.777344
34,0.258823,0.697411,11380.211914
35,0.253944,0.705680,11496.691406
36,0.269259,0.721350,11729.529297
37,0.306136,0.693390,12012.431641
38,0.419230,0.713009,12361.797852
39,0.287959,0.930439,13210.310547
40,0.309765,0.921348,13360.047852
41,0.271688,0.913578,13509.742188
42,0.114064,0.955231,13676.143555
43,0.767388,0.934583,14291.752930
44,0.475728,0.506950,15389.847656
45,0.471553,0.523583,15506.347656
46,0.565180,0.744069,16138.572266
47,0.539394,0.768844,16354.820312
48,0.547012,0.504078,16704.208984
49,0.529306,0.432970,17053.583984
50,0.486226,0.447910,17303.138672
51,0.463742,0.474908,18035.222656
52,0.407433,0.484457,18501.076172
53,0.396644,0.494261,18634.187500
54,0.371963,0.508766,18966.900391
55,0.348333,0.550967,19499.304688
56,0.347582,0.555868,19615.742188
57,0.357873,0.601277,19898.585938
58,0.362750,0.657514,20281.267578
59,0.346919,0.544405,20514.212891
60,0.333394,0.497959,20713.839844
61,0.282534,0.508342,21212.992188
62,0.285386,0.522324,21479.191406
63,0.325093,0.498574,22028.242188
64,0.259286,0.508922,22693.734375
65,0.234845,0.503149,22943.294922
66,0.170019,0.516269,23608.791016
67,0.169722,0.516378,23791.814453
68,0.158070,0.520696,24191.099609
69,0.120347,0.546797,24424.027344
70,0.101597,0.544892,24690.244141
71,0.101147,0.539060,24823.332031
0,0.688749,0.490765,549.108643
1,0.640351,0.524296,732.039246
2,0.604050,0.563492,948.367065
3,0.557641,0.566661,1147.977173
4,0.533928,0.645747,1314.392822
5,0.439881,0.728212,2029.877930
6,0.387103,0.853086,2795.165039
7,0.409660,0.883875,3211.046875
8,0.357833,0.940905,3444.002441
9,0.394496,0.992164,3643.707031
10,0.327329,0.976488,3743.562500
11,0.557254,0.917317,4176.009766
12,0.589166,0.933324,4275.940430
13,0.493299,0.974116,4691.889648
14,0.325974,0.973780,4891.493164
15,0.416881,0.961073,5340.688965
16,0.390832,0.942765,5590.219238
17,0.449619,0.901944,5773.237793
18,0.319846,0.862619,6488.703613
19,0.343040,0.841792,6638.394531
20,0.182592,0.820467,7154.177734
21,0.112916,0.824474,7470.255371
22,0.031986,0.865943,7703.192871
23,0.988389,0.858882,8019.320801
24,0.007937,0.856709,8335.409180
25,0.062793,0.817829,8518.574219
26,0.145255,0.874030,9167.389648
27,0.172152,0.888046,9300.400391
28,0.186883,0.919722,9500.079102
29,0.171587,0.904218,9816.181641
30,0.120876,0.960414,10065.777344
31,0.003492,0.976150,11130.607422
32,0.693376,0.828854,11629.660156
33,0.622855,0.746708,11979.100586
34,0.763298,0.818658,12894.125000
35,0.777017,0.768572,13260.198242
36,0.761114,0.751726,13509.712891
37,0.579318,0.543644,14058.764648
38,0.465362,0.521943,14957.295898
39,0.461484,0.589142,15306.575195
40,0.463612,0.561567,15672.584961
41,0.459082,0.550191,15872.282227
42,0.458494,0.556381,16471.314453
43,0.424927,0.570665,16754.091797
44,0.396912,0.593600,16970.433594
45,0.353348,0.603068,17236.585938
46,0.347151,0.597687,17353.044922
47,0.397202,0.493972,17602.599609
48,0.286973,0.610596,17968.689453
49,0.250704,0.628445,18334.619141
50,0.237527,0.593017,18567.599609
51,0.192880,0.611970,18750.572266
52,0.200838,0.619115,19233.089844
53,0.191204,0.620158,19349.546875
54,0.136195,0.628074,19682.302734
55,0.158695,0.574363,19881.898438
56,0.209934,0.566775,20198.150391
57,0.033585,0.497999,22976.587891
58,0.047221,0.488172,23325.917969
59,0.049696,0.587927,23691.974609
60,0.096258,0.605334,23858.332031
61,0.062449,0.510220,24124.556641
62,0.056554,0.432713,24357.513672
63,0.020335,0.264742,24756.789062
0,0.749439,0.487851,482.509460
1,0.677093,0.514808,981.671448
2,0.695144,0.517707,1663.782227
3,0.869436,0.444874,2063.077393
4,0.877214,0.433643,2362.565918
5,0.931169,0.515451,2811.717041
6,0.940870,0.525156,3078.008789
7,0.980839,0.548030,3693.555420
8,0.970086,0.552638,3893.173096
9,0.043962,0.525905,6072.749023
10,0.039676,0.522905,6821.376465
11,0.086319,0.491253,7154.201660
12,0.147283,0.535318,7919.458008
13,0.139097,0.543198,8002.666992
14,0.215245,0.552401,8418.595703
15,0.208872,0.553793,8585.019531
16,0.214655,0.551983,8684.824219
17,0.186038,0.560828,9084.124023
18,0.185448,0.537826,9566.619141
19,0.127117,0.545391,9866.062500
20,0.121185,0.548711,9949.302734
21,0.100269,0.521228,10182.283203
22,0.319602,0.554970,10947.509766
23,0.346992,0.531927,11363.501953
24,0.421845,0.497783,11762.769531
25,0.413368,0.507245,11862.635742
26,0.429682,0.617477,12228.605469
27,0.479928,0.542209,12511.479492
28,0.465904,0.552605,12661.281250
29,0.464531,0.527406,12810.929688
30,0.433254,0.514458,13659.487305
31,0.466379,0.515406,14141.923828
32,0.501157,0.625074,14757.602539
33,0.493403,0.647389,15023.718750
34,0.443904,0.703951,15423.083984
35,0.414896,0.666617,15655.976562
36,0.355449,0.656397,16221.642578
37,0.356208,0.646094,16338.134766
38,0.326642,0.609075,16521.093750
39,0.291294,0.588707,16820.582031
40,0.267153,0.587092,17070.195312
41,0.224872,0.678216,17469.480469
42,0.184758,0.632076,17752.281250
43,0.187280,0.615182,17868.769531
44,0.166080,0.608633,18035.138672
45,0.190969,0.560362,18301.326172
46,0.165868,0.565417,19449.421875
47,0.112257,0.579230,20314.492188
48,0.082115,0.573507,20763.730469
49,0.089866,0.559499,20963.404297
50,0.071836,0.542124,21362.660156
51,0.077254,0.528311,21578.955078
52,0.030834,0.550481,21761.968750
53,0.002078,0.546886,22327.658203
54,0.935209,0.599578,22776.875000
55,0.899674,0.583608,23492.273438
56,0.892984,0.574568,23858.281250
57,0.827232,0.636838,24191.033203
58,0.832173,0.618094,24490.552734
0,0.669478,0.552304,33.401722
1,0.711252,0.494242,465.887238
2,0.637769,0.597377,748.726746
3,0.525278,0.530124,1480.776978
4,0.536339,0.521967,1680.456055
5,0.491232,0.582345,2029.833618
6,0.435649,0.571538,2279.400391
7,0.426925,0.573727,2495.727295
8,0.440050,0.547820,2612.171387
9,0.460691,0.536127,3444.042969
10,0.452997,0.568756,3693.576416
11,0.394447,0.534286,4192.745117
12,0.394650,0.680867,4492.285645
13,0.365719,0.863647,4991.350586
14,0.382189,0.890728,5573.642578
15,0.822208,0.963069,5923.015625
16,0.987427,0.919768,6305.712891
17,0.019466,0.924477,6505.370117
18,0.986746,0.902531,6671.743652
19,0.965630,0.903386,6838.131836
20,0.679262,0.910702,7204.106445
21,0.713953,0.912836,7420.462402
22,0.836200,0.933069,7636.724121
23,0.893567,0.940597,7803.054199
24,0.014025,0.946500,8019.445801
25,0.645462,0.849001,8701.588867
26,0.757908,0.872032,9533.355469
27,0.782265,0.835467,9882.864258
28,0.745588,0.831131,10132.347656
29,0.771839,0.490710,10947.591797
30,0.784768,0.459659,11114.048828
31,0.840174,0.334905,11513.292969
32,0.865030,0.497283,11762.859375
33,0.862062,0.499877,11912.598633
34,0.954094,0.520812,12328.549805
35,0.940994,0.492014,12594.796875
36,0.979323,0.514830,12927.521484
37,0.980168,0.513020,13027.272461
38,0.947365,0.518153,13243.593750
39,0.917871,0.522531,13493.140625
40,0.034664,0.543539,13875.865234
41,0.014474,0.602171,14108.708984
42,0.961311,0.582469,14341.733398
43,0.954918,0.566883,14474.795898
44,0.065372,0.517235,14807.511719
45,0.116510,0.526028,15373.188477
46,0.140367,0.528815,15672.708008
47,0.198446,0.525047,15888.983398
48,0.207111,0.532273,16138.498047
49,0.124138,0.567452,16704.255859
50,0.155864,0.542776,16903.843750
51,0.203249,0.513911,17170.033203
52,0.246035,0.515506,17436.298828
53,0.205539,0.650421,17669.207031
54,0.099397,0.556485,18085.134766
55,0.225770,0.515426,18351.314453
56,0.287238,0.496642,18584.263672
57,0.245230,0.512493,18833.853516
58,0.218520,0.613677,19149.941406
59,0.281083,0.575061,19532.613281
60,0.277761,0.562355,19715.601562
61,0.321493,0.577305,19948.523438
62,0.203073,0.614086,20181.470703
63,0.228879,0.554230,20580.759766
64,0.159007,0.616225,20797.113281
65,0.296502,0.505330,21379.416016
66,0.355060,0.504165,21678.826172
67,0.433865,0.530512,22793.585938
68,0.460847,0.522325,23126.365234
69,0.458689,0.523109,23242.771484
70,0.484728,0.495687,23492.306641
71,0.421602,0.567140,23708.707031
72,0.370645,0.590900,24024.802734
73,0.470467,0.569209,24756.785156
0,0.751136,0.543446,16.617252
1,0.717105,0.599244,499.073334
2,0.679366,0.539064,698.728638
3,0.589625,0.586055,1231.129517
4,0.530749,0.576066,1480.724609
5,0.525694,0.539447,1680.356445
6,0.445112,0.580945,2013.086426
7,0.433662,0.545485,2212.792236
8,0.438363,0.554110,2528.918213
9,0.384519,0.763278,2894.962402
10,0.453878,0.786714,3227.718994
11,0.456359,0.585542,3660.221924
12,0.445872,0.533820,3959.739258
13,0.464107,0.507452,4209.255371
14,0.585703,0.537394,4675.181152
15,0.622799,0.528882,4991.269043
16,0.800754,0.551054,5922.967285
17,0.869835,0.563979,6106.005371
18,0.859214,0.454925,6538.569824
19,0.850785,0.452744,6788.171875
20,0.887412,0.590392,7021.046875
21,0.952422,0.569794,7220.701660
22,0.948914,0.576361,7320.578613
23,0.971007,0.596417,7570.074219
24,0.974093,0.616318,7786.342773
25,0.016494,0.566650,8268.910156
26,0.042461,0.583833,8535.121094
27,0.043373,0.659491,8834.493164
28,0.124885,0.618224,9084.110352
29,0.136602,0.579738,9333.741211
30,0.128632,0.586692,9466.768555
31,0.190466,0.591005,9816.268555
32,0.201331,0.581539,10132.258789
33,0.233343,0.634389,10598.125977
34,0.182840,0.579513,10964.158203
35,0.220958,0.729685,11396.738281
36,0.268986,0.605973,11579.756836
37,0.299482,0.576387,11979.059570
38,0.294310,0.599466,12095.536133
39,0.334678,0.610552,12361.683594
40,0.410887,0.649239,12877.531250
41,0.438640,0.686305,13110.402344
42,0.424877,0.696841,13359.961914
43,0.454731,0.483459,13626.280273
44,0.440826,0.480437,13958.916016
45,0.346055,0.588832,14474.654297
46,0.352216,0.573803,15106.962891
47,0.349006,0.572286,15206.713867
48,0.297943,0.594698,15423.019531
49,0.309728,0.548952,16071.913086
50,0.241539,0.569340,16687.460938
51,0.206107,0.547366,16986.939453
52,0.152357,0.571645,17619.166016
53,0.105936,0.601073,17868.810547
54,0.083811,0.590300,18134.978516
55,0.026846,0.568389,18733.878906
56,0.030404,0.560691,18833.701172
57,0.977514,0.565593,19000.111328
58,0.937898,0.666638,19532.511719
59,0.955999,0.623063,19765.451172
60,0.907545,0.580392,20181.343750
61,0.890541,0.566501,20397.669922
62,0.846041,0.533510,20813.609375
63,0.848609,0.464967,21146.316406
64,0.848721,0.416037,21445.794922
65,0.851765,0.390653,21662.085938
66,0.838352,0.592106,22044.833984
67,0.841709,0.646442,22377.527344
68,0.859947,0.724514,22743.589844
69,0.863320,0.731713,23076.330078
70,0.720985,0.909600,23575.457031
71,0.703341,0.942224,23791.738281
72,0.129667,0.954425,24024.667969
73,0.218615,0.947017,24224.310547
0,0.631949,0.547284,781.953613
1,0.631064,0.538894,898.394470
2,0.611007,0.540973,1064.755859
3,0.715094,0.508029,1297.732056
4,0.723097,0.495384,1480.740356
5,0.802768,0.767087,1813.447266
6,0.970474,0.542910,2678.608398
7,0.006060,0.526138,2928.208984
8,0.045491,0.543392,3127.844727
9,0.047140,0.534471,3227.704346
10,0.078605,0.521618,3510.480713
11,0.199686,0.577075,4675.146973
12,0.253893,0.636882,5124.334473
13,0.262766,0.670572,5290.712891
14,0.007422,0.524151,6505.238770
15,0.010039,0.517961,6588.440918
16,0.844279,0.446973,8152.447754
17,0.493532,0.612582,9117.338867
18,0.443946,0.615314,9416.885742
19,0.430178,0.550847,9566.628906
20,0.434770,0.533175,9965.878906
21,0.403771,0.678989,10365.273438
22,0.412381,0.779457,10747.838867
23,0.588218,0.946672,11296.869141
24,0.620012,0.920058,11529.799805
25,0.887315,0.922345,12112.178711
26,0.926590,0.918917,12195.306641
27,0.876944,0.932912,12311.769531
28,0.808654,0.970670,12694.523438
29,0.637159,0.979481,13077.080078
30,0.427303,0.894733,14358.206055
31,0.451083,0.905906,14507.968750
32,0.933445,0.907637,15040.395508
33,0.050257,0.915055,15722.498047
34,0.058602,0.880677,15905.528320
35,0.051086,0.877476,16155.095703
36,0.549213,0.967781,16388.017578
37,0.653815,0.865233,16670.916016
38,0.550844,0.530468,17985.181641
39,0.554136,0.512538,18134.958984
40,0.530728,0.485412,18484.349609
41,0.548597,0.522384,18717.234375
42,0.543839,0.552278,19765.464844
43,0.524487,0.590909,20015.001953
44,0.444795,0.542421,20630.660156
45,0.459889,0.524292,21345.970703
46,0.436578,0.500918,21861.791016
47,0.547469,0.503674,22277.677734
48,0.622948,0.509147,22593.894531
49,0.601508,0.495529,22826.794922
50,0.732506,0.472436,24024.636719
51,0.828743,0.481242,24473.851562
52,0.826292,0.460733,24773.324219
0,0.705815,0.919144,532.433044
1,0.500012,0.971470,881.861938
2,0.470347,0.905225,1131.478149
3,0.465564,0.871379,1347.713257
4,0.485832,0.870852,1514.058716
5,0.410682,0.918087,1680.420044
6,0.704338,0.984739,1913.361206
7,0.787405,0.831565,2296.073242
8,0.801942,0.746915,2545.607178
9,0.772194,0.714709,2811.807373
10,0.725346,0.579570,3194.457764
11,0.693803,0.441830,3610.405518
12,0.686580,0.431303,3859.984619
13,0.537493,0.523928,4409.031250
14,0.538498,0.523344,4492.224121
15,0.531448,0.517592,4691.861328
16,0.453779,0.572707,5024.687012
17,0.457799,0.569748,5224.319336
18,0.454025,0.556532,5340.706543
19,0.430348,0.517856,5723.417480
20,0.400250,0.531036,6155.967285
21,0.505601,0.499610,6455.446289
22,0.540784,0.480448,6688.352539
23,0.814476,0.494914,7553.498535
24,0.855750,0.515302,7869.618164
25,0.882868,0.477569,8085.898926
26,0.964167,0.525582,8451.943359
27,0.981430,0.558545,8668.233398
28,0.040817,0.593122,9250.533203
29,0.064709,0.542152,9533.393555
30,0.133953,0.551147,10049.159180
31,0.195480,0.560866,10598.180664
32,0.206071,0.565345,10930.935547
33,0.262728,0.566683,11230.403320
34,0.362278,0.801997,11746.170898
35,0.305307,0.812883,12162.111328
36,0.328560,0.641467,12794.375977
37,0.330188,0.591378,12994.002930
38,0.397226,0.556459,13376.668945
39,0.408166,0.527984,13626.223633
40,0.464554,0.554345,14042.155273
41,0.439156,0.566588,14291.754883
42,0.324364,0.541442,14591.241211
43,0.274116,0.540801,14890.703125
44,0.242711,0.561102,15306.620117
45,0.256353,0.584814,15589.451172
46,0.187761,0.572529,15955.483398
47,0.170537,0.564923,16354.792969
48,0.081330,0.569779,16770.757812
49,0.081037,0.562577,16903.855469
50,0.040956,0.571225,17136.746094
51,0.039471,0.549653,17369.726562
52,0.034934,0.535516,17536.058594
53,0.956355,0.557176,17835.554688
54,0.862069,0.532757,18234.843750
55,0.851927,0.468696,18517.681641
56,0.846383,0.446674,18733.960938
57,0.839104,0.444685,18966.890625
58,0.848529,0.459904,19216.468750
59,0.833680,0.499403,19515.939453
60,0.790729,0.472525,20131.544922
61,0.768794,0.493228,20381.093750
62,0.731720,0.524817,20830.306641
63,0.688344,0.496706,21096.521484
64,0.759490,0.476169,21628.935547
65,0.692618,0.491354,22128.046875
66,0.719734,0.499510,22627.158203
67,0.716772,0.499730,22726.982422
68,0.760352,0.482877,22993.212891
69,0.756430,0.487543,23392.500000
70,0.689819,0.483578,23841.728516
71,0.720056,0.501932,24174.460938
72,0.763476,0.481617,24573.767578
0,0.756392,0.518690,415.965240
1,0.686490,0.513009,1497.436523
2,0.522146,0.639700,2079.791260
3,0.105256,0.961417,3693.590820
4,0.242669,0.973630,3876.582031
5,0.248209,0.951755,4042.967041
6,0.284766,0.948472,4126.162109
7,0.292148,0.955343,4292.541016
8,0.254162,0.865424,4824.961426
9,0.682593,0.831490,5324.070801
10,0.773035,0.761721,5606.932129
11,0.569960,0.953079,6106.059570
12,0.337325,0.876979,6272.418945
13,0.331841,0.879022,6821.462402
14,0.374860,0.862234,7087.652344
15,0.408085,0.846607,7653.342285
16,0.401924,0.847551,7753.156738
17,0.040997,0.925030,10115.692383
18,0.381420,0.719725,10797.836914
19,0.378415,0.604417,11047.398438
20,0.381251,0.477132,11380.152344
21,0.398696,0.447121,11563.191406
22,0.398819,0.455337,11646.363281
23,0.445184,0.574230,12162.139648
24,0.444033,0.510296,12960.727539
25,0.431074,0.602576,13360.061523
26,0.428696,0.728281,13709.448242
27,0.543187,0.525316,13975.638672
28,0.455959,0.516117,15090.324219
29,0.044106,0.543726,16704.187500
30,0.146784,0.517515,17386.335938
31,0.148516,0.521821,17552.724609
32,0.149546,0.521354,17652.521484
33,0.176845,0.526892,17868.812500
34,0.177412,0.545810,18035.189453
35,0.194497,0.541749,18251.482422
36,0.921513,0.637499,19233.103516
37,0.916923,0.671024,19649.031250
38,0.870193,0.706419,19948.531250
39,0.845387,0.449015,20514.187500
40,0.833658,0.411414,20863.580078
41,0.866315,0.513552,23176.195312
42,0.855162,0.678996,23542.236328
43,0.866880,0.747239,23741.873047
44,0.966836,0.623210,24091.285156
45,0.017832,0.616299,24407.402344
0,0.750220,0.512596,50.032219
1,0.753673,0.478357,366.105560
2,0.587435,0.508192,948.369690
3,0.593138,0.508329,1048.256592
4,0.545335,0.509041,1197.956787
5,0.527322,0.543407,1480.808105
6,0.490054,0.531394,1663.890259
7,0.453681,0.560048,1880.087891
8,0.436962,0.552030,2179.570557
9,0.393929,0.645177,2445.785156
10,0.381753,0.678574,2628.820312
11,0.413328,0.752838,2894.975830
12,0.434602,0.555107,3710.193848
13,0.415622,0.511312,3926.479004
14,0.454781,0.539976,4176.060059
15,0.469085,0.534803,4841.552246
16,0.916212,0.960918,5923.033203
17,0.965518,0.930509,6172.594727
18,0.082116,0.908051,6455.397461
19,0.167727,0.856270,6705.076660
20,0.196797,0.849181,6921.267578
21,0.225480,0.852020,7137.541504
22,0.295131,0.853788,7437.076660
23,0.351136,0.845187,7902.951172
24,0.313393,0.841976,8019.374512
25,0.186599,0.570207,8385.416992
26,0.185624,0.518119,8684.896484
27,0.198780,0.531273,9050.981445
28,0.238628,0.512042,9333.714844
29,0.295389,0.519015,9866.114258
30,0.280279,0.558009,10049.157227
31,0.229980,0.574031,10298.680664
32,0.181816,0.584724,10531.674805
33,0.018343,0.526280,11380.192383
34,0.968554,0.528443,11546.545898
35,0.951271,0.561957,11779.458008
36,0.918272,0.517657,12062.391602
37,0.859889,0.518614,12378.426758
38,0.753550,0.479215,13010.687500
39,0.774014,0.497318,13326.728516
40,0.688601,0.476675,13609.691406
41,0.675316,0.482475,13859.173828
42,0.694822,0.479107,14042.158203
43,0.613170,0.435032,14258.491211
44,0.624097,0.434067,14391.638672
45,0.901387,0.628283,15206.792969
46,0.880775,0.656824,15423.121094
47,0.985701,0.584264,15772.525391
48,0.975771,0.574210,16088.668945
49,0.874660,0.695985,16421.404297
50,0.789150,0.885772,17253.242188
51,0.770790,0.787995,17486.140625
52,0.100417,0.505804,18517.771484
53,0.162802,0.533998,18667.439453
54,0.182881,0.531016,18900.367188
55,0.210064,0.548366,19183.152344
56,0.197981,0.546236,19482.642578
57,0.945402,0.518608,20314.542969
58,0.907881,0.510755,20614.000000
59,0.879362,0.506770,20880.228516
60,0.021917,0.627579,21662.150391
61,0.276150,0.556900,22610.505859
62,0.297839,0.522696,22776.898438
63,0.290085,0.521277,23159.560547
64,0.247865,0.571316,23409.136719
65,0.200651,0.565191,23608.769531
66,0.183562,0.553365,23791.781250
67,0.127111,0.546312,24889.873047
68,0.128543,0.542166,24989.681641
0,0.769216,0.479485,16.500952
1,0.891292,0.579514,1031.387573
2,0.978955,0.585284,1647.007202
3,0.962585,0.545868,1879.941162
4,0.028525,0.537777,2146.218506
5,0.002474,0.559895,2528.815186
6,0.064584,0.542530,2745.052734
7,0.058566,0.544462,2828.339844
8,0.080725,0.520225,3077.849854
9,0.071284,0.497351,3277.496582
10,0.919807,0.541223,3959.590088
11,0.854345,0.625474,4225.831055
12,0.826945,0.550132,4508.617676
13,0.834306,0.537469,4841.452637
14,0.615469,0.510600,5823.052734
15,0.710085,0.504683,6089.259766
16,0.607193,0.551622,6521.837891
17,0.563366,0.539199,6887.802246
18,0.516667,0.533557,7137.478516
19,0.487783,0.558592,7436.884277
20,0.494976,0.558741,7536.709473
21,0.499531,0.532679,7836.276367
22,0.520990,0.498928,8052.496582
23,0.520820,0.473374,8252.150391
24,0.229892,0.576504,10514.816406
25,0.316070,0.572819,10714.500000
26,0.376870,0.551678,11230.210938
27,0.423556,0.539650,11429.869141
28,0.464539,0.522797,11812.571289
29,0.493601,0.550737,12195.244141
30,0.462766,0.555666,12411.486328
31,0.455585,0.589831,13393.116211
32,0.485875,0.558557,13609.437500
33,0.459986,0.560295,14091.905273
34,0.466792,0.557853,14208.347656
35,0.441000,0.606175,14890.477539
36,0.434328,0.682164,15140.051758
37,0.546555,0.701261,15489.494141
38,0.597588,0.744353,15872.139648
39,0.505544,0.797967,16204.857422
40,0.201059,0.584047,17236.384766
41,0.176701,0.551262,17419.412109
42,0.148260,0.560258,17785.447266
43,0.174268,0.558995,18018.396484
44,0.242674,0.604424,18417.675781
45,0.291932,0.546782,19232.904297
46,0.104661,0.558939,20147.986328
47,0.114081,0.551551,20330.984375
48,0.022094,0.545789,20913.304688
49,0.944855,0.575066,21096.357422
50,0.948300,0.532098,21778.453125
51,0.915303,0.538341,22011.435547
52,0.842026,0.598624,22610.378906
53,0.841545,0.628254,22826.634766
54,0.857970,0.633056,23225.976562
55,0.843605,0.546759,23658.517578
0,0.694085,0.586667,133.168121
1,0.585715,0.623811,848.570251
2,0.508553,0.551455,1464.239136
3,0.868546,0.468305,2928.287354
4,0.924770,0.563728,3294.327148
5,0.959720,0.621947,3444.028320
6,0.003643,0.591560,3793.464111
7,0.999904,0.587080,3909.886963
8,0.715214,0.801099,4775.051270
9,0.507247,0.854236,5007.968750
10,0.378612,0.891244,5224.274414
11,0.256690,0.878425,5673.475586
12,0.367496,0.631872,6255.795898
13,0.368826,0.672532,6405.529297
14,0.443435,0.567764,6854.728027
15,0.435037,0.582327,7453.687988
16,0.364781,0.577459,7803.075684
17,0.404258,0.569625,8002.764160
18,0.430745,0.524988,8252.294922
19,0.424551,0.671146,8585.060547
20,0.438786,0.763235,8867.900391
21,0.480813,0.806131,9067.556641
22,0.495486,0.787681,9400.291016
23,0.528465,0.537831,9733.041992
24,0.517070,0.544998,9982.605469
25,0.448335,0.550148,10664.759766
26,0.531573,0.626529,11197.150391
27,0.577931,0.598287,11762.819336
28,0.583741,0.606656,12062.305664
29,0.601170,0.640830,12261.965820
30,0.597534,0.654023,12494.917969
31,0.597476,0.518141,13043.930664
32,0.585997,0.481319,13177.035156
33,0.505083,0.603309,13409.966797
34,0.484789,0.637205,13593.003906
35,0.490459,0.658134,13709.411133
36,0.489803,0.667454,13992.276367
37,0.509252,0.678996,14408.215820
38,0.591159,0.743543,14824.148438
39,0.599791,0.757959,14990.528320
40,0.600261,0.559674,15489.647461
41,0.505892,0.549864,15988.770508
42,0.509953,0.570338,16205.078125
43,0.504877,0.512412,16338.180664
44,0.450552,0.598677,16704.208984
45,0.482347,0.648433,16887.240234
46,0.594722,0.518671,17469.539062
47,0.853447,0.558408,18484.425781
48,0.954089,0.585633,18833.820312
49,0.203926,0.607453,19965.162109
50,0.231424,0.708478,20231.353516
51,0.244884,0.712323,20464.324219
52,0.305210,0.553086,20847.017578
53,0.323319,0.493636,21079.927734
54,0.271204,0.554441,21778.683594
55,0.207063,0.528201,22144.718750
56,0.352689,0.568588,22793.595703
57,0.377355,0.559575,22993.259766
58,0.406365,0.552167,23192.875000
59,0.408003,0.527062,23525.685547
60,0.432368,0.480468,23858.345703
61,0.349170,0.547134,24207.753906
62,0.314179,0.565547,24390.757812
0,0.815085,0.870906,1214.559082
1,0.097325,0.944170,1514.055298
2,0.764485,0.757466,3011.387939
3,0.802835,0.738879,3244.305908
4,0.833027,0.644965,3726.860840
5,0.867454,0.423720,4458.888184
6,0.975755,0.559247,5041.210938
7,0.054615,0.544809,5373.973633
8,0.064718,0.522037,5590.308594
9,0.078101,0.521090,5706.750977
10,0.130109,0.565415,6222.510254
11,0.206730,0.561972,6804.827637
12,0.245459,0.648272,7287.367188
13,0.999600,0.631361,7803.052734
14,0.939159,0.581641,8052.582031
15,0.937505,0.496362,8285.576172
16,0.948346,0.439738,8518.491211
17,0.842399,0.422388,9001.032227
18,0.846755,0.414788,9134.095703
19,0.841624,0.416030,9300.450195
20,0.850893,0.422501,9616.560547
21,0.812612,0.542361,9882.718750
22,0.794665,0.772706,10465.055664
23,0.798673,0.777496,10598.164062
24,0.796327,0.765321,10747.880859
25,0.585284,0.474722,11579.751953
26,0.538483,0.514980,11912.558594
27,0.552060,0.663581,12295.238281
28,0.446337,0.597555,12561.422852
29,0.437676,0.566677,12711.215820
30,0.427340,0.513026,13093.780273
31,0.528298,0.493372,13509.737305
32,0.546673,0.532443,13742.626953
33,0.400067,0.766958,14308.354492
34,0.371338,0.856116,14557.876953
35,0.346811,0.901673,14740.896484
36,0.388604,0.925811,14957.194336
37,0.939573,0.928945,15506.259766
38,0.470118,0.736952,16271.670898
39,0.396619,0.645471,16521.175781
40,0.447973,0.515006,17020.353516
41,0.447577,0.522113,17219.962891
42,0.462060,0.610574,18051.792969
43,0.476714,0.719234,18317.984375
44,0.473365,0.719174,18484.441406
45,0.263939,0.564948,18950.193359
46,0.197822,0.625274,19266.341797
47,0.154143,0.588706,19499.312500
48,0.157398,0.568787,19682.265625
49,0.106350,0.581177,20181.373047
50,0.108581,0.565403,20281.212891
51,0.020375,0.633901,20630.648438
52,0.026110,0.627356,20713.818359
53,0.996945,0.628323,20896.904297
54,0.946876,0.623422,21312.775391
55,0.028902,0.606146,21811.863281
56,0.943755,0.512327,22094.812500
57,0.978623,0.472071,22360.958984
58,0.252312,0.672591,23874.990234
59,0.250667,0.668070,24041.339844
60,0.369824,0.858682,24623.642578
61,0.329134,0.856502,24989.656250
