Idx, longitude, latitude, start timestamp
0,0.753650,0.467158,16.676908
1,0.735707,0.352810,499.183624
2,0.752096,0.310217,682.159363
3,0.769102,0.274755,848.604614
4,0.775603,0.255101,1098.000488
5,0.769012,0.238953,1264.375732
6,0.629551,0.594003,1963.294434
7,0.604687,0.602590,2262.788818
8,0.562468,0.527967,2578.890137
9,0.399918,0.427346,3560.449463
10,0.392299,0.345134,3726.909424
11,0.492521,0.158758,4525.457031
12,0.810890,0.890626,6655.039551
13,0.992529,0.460599,7936.134766
14,0.993073,0.462810,8618.228516
15,0.993080,0.477590,8867.771484
16,0.997155,0.522755,9233.890625
17,0.979630,0.492035,9616.491211
18,0.980208,0.497209,9949.208008
19,0.784777,0.250714,13027.206055
20,0.774161,0.260319,13759.280273
21,0.751518,0.351918,14058.656250
22,0.750754,0.487770,14491.268555
23,0.743766,0.435163,14740.888672
24,0.741115,0.560158,14990.377930
25,0.782183,0.667747,16471.105469
26,0.814172,0.659865,16770.601562
27,0.834947,0.608749,17070.140625
28,0.849999,0.577992,17319.705078
29,0.861117,0.483212,18201.474609
30,0.855102,0.459263,18450.990234
31,0.761457,0.403983,18700.552734
32,0.734810,0.370637,18950.210938
33,0.716322,0.376285,19083.167969
34,0.703623,0.408998,19449.347656
35,0.700495,0.382390,19732.050781
36,0.708620,0.352650,19931.781250
37,0.782597,0.107141,21146.320312
38,0.768956,0.102081,21379.314453
39,0.069960,0.048544,22360.863281
40,0.173087,0.235122,24091.107422
0,0.767201,0.499059,83.119377
1,0.764096,0.483476,282.884460
2,0.744940,0.480125,482.457214
3,0.735661,0.379254,698.803772
4,0.740328,0.342431,881.803528
5,0.751061,0.321166,1081.477539
6,0.731312,0.472105,1480.672607
7,0.720697,0.577990,1763.587769
8,0.658103,0.602067,2013.102539
9,0.640521,0.603009,2146.226318
10,0.605966,0.609316,2445.693115
11,0.614336,0.614034,2612.116699
12,0.590450,0.583888,2911.586914
13,0.582194,0.527095,3077.902588
14,0.599607,0.508286,3427.324707
15,0.628298,0.479020,3693.580811
16,0.736121,0.345920,4475.548828
17,0.763671,0.305014,4641.878906
18,0.776677,0.280204,4991.293945
19,0.781909,0.255984,5373.876465
20,0.785812,0.229828,5540.276855
21,0.782837,0.243949,5640.163086
22,0.700822,0.402672,6072.775879
23,0.711772,0.398441,6172.497559
24,0.732636,0.415737,6505.267578
25,0.616621,0.200229,7120.882812
26,0.429310,0.190791,8085.855469
27,0.125092,0.041861,9999.191406
28,0.240724,0.622303,11263.714844
29,0.953279,0.974139,13443.137695
30,0.929182,0.966706,13692.770508
31,0.870006,0.984433,13992.265625
32,0.028755,0.982036,14158.632812
33,0.155526,0.973427,14358.244141
34,0.040564,0.961781,14607.799805
35,0.099084,0.947232,14957.153320
36,0.111075,0.949522,15140.236328
37,0.214080,0.969124,15373.161133
38,0.249967,0.963023,15572.763672
39,0.258048,0.957275,15855.606445
40,0.035929,0.980227,16338.105469
41,0.050367,0.970793,16571.001953
42,0.137834,0.959023,16820.599609
43,0.427102,0.272303,21945.050781
0,0.754858,0.456783,565.710266
1,0.749052,0.331756,798.601196
2,0.765635,0.207664,1181.230835
3,0.735545,0.130340,1464.045532
4,0.741766,0.430475,2029.776245
5,0.857197,0.140990,3577.065186
6,0.894932,0.090203,3726.751953
7,0.873221,0.114099,3893.198975
8,0.736642,0.503580,4408.942383
9,0.635204,0.622898,4791.691406
10,0.442201,0.182415,5956.282227
11,0.402235,0.297427,6205.769531
12,0.359228,0.237869,6488.619141
13,0.453186,0.586034,6987.761230
14,0.417561,0.702373,7287.264160
15,0.352879,0.707701,7636.591797
16,0.313641,0.674245,7836.252930
17,0.268359,0.568322,8368.630859
18,0.260245,0.355202,8718.076172
19,0.229839,0.322982,8901.114258
20,0.196678,0.332635,9200.606445
21,0.250707,0.250350,9782.916016
22,0.329744,0.523307,10797.810547
23,0.314998,0.648559,11047.386719
24,0.319907,0.714411,11313.600586
25,0.303434,0.779944,11696.167969
26,0.292576,0.815977,11912.545898
27,0.255632,0.677454,12528.085938
28,0.168821,0.441676,14191.932617
29,0.896463,0.509005,18900.335938
30,0.886583,0.560238,20014.945312
31,0.977523,0.469197,24374.044922
0,0.739701,0.450630,465.770172
1,0.665334,0.587829,748.737915
2,0.721789,0.323333,1381.002441
3,0.724323,0.298753,1497.299316
4,0.694176,0.259887,1780.164917
5,0.667325,0.257906,1979.765381
6,0.667997,0.237991,2129.552734
7,0.697525,0.175088,2362.385742
8,0.688780,0.133452,2645.279297
9,0.696886,0.098864,2994.798828
10,0.613043,0.086413,3460.476318
11,0.597350,0.127044,3810.033203
12,0.566901,0.204100,4009.638916
13,0.566432,0.214361,4142.771973
14,0.566208,0.588579,5423.841309
15,0.248741,0.291520,7985.963379
16,0.285803,0.324335,8901.062500
17,0.297257,0.403035,9150.649414
18,0.290151,0.450441,9400.206055
19,0.260280,0.561877,9899.282227
20,0.267330,0.629200,10431.760742
21,0.288778,0.517531,10880.925781
22,0.297286,0.477970,11130.542969
23,0.302090,0.464946,11430.034180
24,0.273976,0.456172,11646.262695
25,0.316936,0.460775,11929.202148
26,0.267113,0.595102,12428.313477
27,0.321203,0.636056,12677.768555
28,0.385880,0.638594,12927.377930
29,0.387084,0.506014,13443.157227
30,0.976557,0.341084,16654.244141
31,0.988691,0.312979,17153.306641
32,0.966823,0.522381,18384.578125
33,0.958429,0.519514,19166.445312
34,0.973049,0.494800,19382.779297
35,0.169562,0.501255,20414.246094
36,0.149055,0.413654,20613.906250
37,0.113847,0.389857,20896.808594
38,0.974704,0.281232,22094.761719
39,0.839847,0.248677,22910.041016
40,0.832437,0.181771,23392.462891
41,0.880940,0.148828,23592.119141
42,0.938610,0.076508,24141.136719
43,0.913753,0.083988,24324.130859
44,0.827264,0.124115,24590.312500
0,0.741570,0.472667,266.277039
1,0.750923,0.307488,565.786560
2,0.767170,0.237908,848.530396
3,0.766450,0.194127,1048.105835
4,0.590599,0.589800,1796.890137
5,0.450114,0.929742,2811.726807
6,0.399420,0.909357,2978.068359
7,0.548782,0.943347,3310.874268
8,0.864170,0.580199,3810.133545
9,0.885773,0.491274,4009.796143
10,0.892731,0.379778,4275.868652
11,0.889590,0.395257,4375.723633
12,0.914057,0.363276,4558.696289
13,0.911559,0.373685,4641.970703
14,0.988801,0.472343,4858.238281
15,0.001006,0.570701,5157.710938
16,0.000944,0.534231,5340.699219
17,0.986489,0.475675,5956.274414
18,0.983751,0.485863,6289.006348
19,0.990693,0.538191,6621.746582
20,0.983450,0.469337,6788.197754
21,0.993549,0.516073,7137.493652
22,0.075417,0.667122,7503.528809
23,0.080475,0.690894,7869.642578
24,0.073877,0.681806,8002.639648
25,0.119761,0.780897,8285.524414
26,0.061121,0.626008,8518.465820
27,0.989378,0.547128,9001.008789
28,0.987253,0.650698,9350.416992
29,0.068144,0.775173,9633.063477
30,0.085086,0.793295,9832.819336
31,0.071522,0.716592,10148.971680
32,0.062313,0.590619,10531.596680
33,0.068362,0.605501,10747.862305
34,0.208062,0.551155,11479.972656
35,0.283211,0.546869,12178.682617
36,0.237143,0.957185,16271.511719
37,0.393151,0.949165,16521.062500
38,0.845583,0.074934,20530.759766
39,0.474447,0.286862,21895.003906
40,0.250834,0.504769,22743.500000
41,0.144551,0.463391,23841.619141
0,0.717815,0.511930,282.787018
1,0.741029,0.331338,648.912109
2,0.750148,0.311404,881.833740
3,0.754847,0.270333,1031.474487
4,0.748665,0.249516,1197.839478
5,0.745528,0.236034,1414.082397
6,0.762121,0.426480,1780.267212
7,0.771022,0.490246,2162.833984
8,0.759318,0.519773,2512.252930
9,0.761977,0.570514,2711.867188
10,0.750542,0.595310,2944.840088
11,0.764901,0.620384,3161.092285
12,0.743863,0.619613,3826.560547
13,0.655688,0.624873,4126.132812
14,0.669431,0.629166,4492.035645
15,0.753451,0.580320,5141.007812
16,0.790920,0.578371,5440.456543
17,0.854557,0.552452,5706.638672
18,0.982394,0.559466,6305.623047
19,0.006843,0.549129,6621.678711
20,0.003419,0.527344,6987.734375
21,0.994000,0.526248,7204.045410
22,0.004718,0.625541,7536.719238
23,0.011626,0.655114,7719.740234
24,0.063580,0.607608,8052.462891
25,0.070197,0.614415,8534.987305
26,0.982136,0.526020,8834.576172
27,0.987551,0.500076,8984.251953
28,0.001993,0.490167,9333.632812
29,0.988206,0.501007,9816.154297
30,0.641805,0.621344,10930.789062
31,0.298721,0.618061,12528.071289
32,0.250292,0.586630,12827.509766
33,0.232617,0.561658,13093.798828
34,0.194029,0.575637,13276.779297
35,0.243948,0.546459,14624.367188
36,0.232457,0.582783,14757.540039
37,0.155857,0.593006,14957.145508
38,0.136532,0.633443,15289.875977
39,0.146199,0.484547,15572.733398
40,0.175138,0.490933,15971.958984
41,0.258942,0.553833,16321.375977
42,0.289358,0.571542,16537.742188
43,0.318492,0.602377,16770.601562
44,0.350330,0.645480,16953.560547
45,0.395087,0.651037,17186.570312
46,0.485248,0.651190,17585.861328
47,0.538671,0.653084,17835.533203
48,0.579105,0.659844,18134.964844
49,0.627811,0.625095,18384.455078
50,0.699624,0.624090,18866.964844
51,0.734448,0.602151,19033.310547
52,0.767933,0.619765,19282.964844
53,0.764661,0.573872,19798.630859
54,0.755460,0.428339,20031.517578
55,0.753640,0.352283,20231.261719
56,0.756709,0.293421,20647.187500
57,0.723525,0.345504,21013.136719
58,0.727857,0.334824,21162.974609
59,0.758424,0.342795,21362.716797
60,0.790740,0.382296,21678.728516
61,0.821492,0.429096,21961.523438
62,0.804725,0.580201,22177.888672
63,0.806246,0.667916,22560.466797
64,0.800427,0.660200,22677.009766
65,0.786462,0.708637,22876.576172
66,0.747928,0.551844,23242.640625
67,0.744996,0.517572,23409.015625
68,0.714212,0.502846,23625.308594
69,0.743557,0.470229,23824.929688
70,0.748724,0.449354,24007.984375
71,0.743624,0.394380,24141.078125
72,0.728555,0.389940,24656.908203
0,0.759621,0.561449,532.430603
1,0.713828,0.194825,1380.979370
2,0.717295,0.207749,1464.166138
3,0.687534,0.174808,1613.876953
4,0.652731,0.700312,2628.751465
5,0.680382,0.660694,2778.453369
6,0.651662,0.692838,3161.221680
7,0.628252,0.669849,3427.334717
8,0.850891,0.662697,4259.177246
9,0.901931,0.672223,4525.410156
10,0.920384,0.727779,4741.695801
11,0.979072,0.708707,4974.738281
12,0.994109,0.668913,5274.153809
13,0.379734,0.866773,6721.707520
14,0.310591,0.890761,7054.402344
15,0.309451,0.901180,7254.041992
16,0.330569,0.914441,7486.875977
17,0.361635,0.894212,7853.040527
18,0.349777,0.884134,8085.916504
19,0.244819,0.895561,10065.757812
20,0.878008,0.746705,10764.583008
21,0.008101,0.308617,12028.990234
22,0.033660,0.066290,12794.289062
23,0.055882,0.082493,12894.252930
24,0.024540,0.015761,13143.753906
25,0.158597,0.082600,13509.855469
26,0.110657,0.164934,13859.120117
27,0.090900,0.241352,14042.232422
28,0.072944,0.363376,14258.365234
29,0.063725,0.545625,14524.604492
30,0.043687,0.586266,14807.480469
31,0.993764,0.555016,15273.271484
32,0.980867,0.545651,15506.289062
33,0.993806,0.516360,15938.908203
34,0.002770,0.538189,16321.528320
35,0.078908,0.701224,16787.333984
36,0.117503,0.679496,17103.542969
37,0.295871,0.585507,17852.076172
38,0.327413,0.632582,18101.669922
39,0.337910,0.499208,18417.800781
40,0.224758,0.364089,18800.505859
41,0.235446,0.162089,19183.230469
42,0.200725,0.101839,19399.455078
43,0.141829,0.067221,19615.701172
44,0.145617,0.053659,19765.386719
45,0.866498,0.698988,21312.769531
46,0.843666,0.719201,21445.855469
47,0.575949,0.631649,22776.833984
48,0.442760,0.276410,24124.484375
0,0.745583,0.547359,299.472412
1,0.589856,0.585654,981.581299
2,0.537907,0.620538,1181.242432
3,0.485812,0.661438,1514.066895
4,0.450269,0.683437,1780.236938
5,0.388678,0.693840,2312.617676
6,0.684843,0.594158,3244.407227
7,0.673534,0.580813,3394.038574
8,0.665325,0.580406,3660.297363
9,0.669076,0.582185,4159.401367
10,0.666846,0.574786,4408.962891
11,0.669183,0.576709,4641.937012
12,0.640762,0.581517,4974.629883
13,0.747921,0.405770,8202.364258
14,0.917495,0.528897,9649.805664
15,0.017273,0.625218,10148.913086
16,0.012436,0.630838,10348.545898
17,0.548078,0.925732,11829.317383
18,0.898114,0.909761,12927.401367
19,0.993758,0.510177,14807.463867
20,0.971712,0.522270,15256.587891
21,0.969919,0.511974,15539.487305
22,0.985312,0.497194,15988.737305
23,0.986994,0.501888,16288.170898
24,0.989103,0.508150,16487.835938
25,0.311162,0.662015,19166.535156
26,0.223658,0.647585,19416.035156
27,0.122615,0.482990,20430.855469
28,0.198182,0.505613,20880.082031
29,0.060552,0.616771,21911.638672
30,0.059196,0.608817,22144.601562
31,0.056436,0.605160,22344.185547
32,0.053126,0.600683,23076.328125
33,0.971275,0.626661,23325.851562
34,0.007125,0.757587,23858.171875
35,0.463415,0.653384,24939.695312
0,0.746958,0.633342,332.730774
1,0.740870,0.498017,549.034851
2,0.749092,0.353833,732.030701
3,0.803571,0.292416,1147.923584
4,0.850111,0.331198,1647.026001
5,0.734174,0.236239,2096.298584
6,0.644487,0.591463,2412.412109
7,0.615467,0.699070,2695.251465
8,0.621470,0.677966,2828.387207
9,0.520195,0.708804,3710.162598
10,0.464139,0.598585,4309.148926
11,0.422937,0.507823,4708.408691
12,0.427031,0.403665,5157.622070
13,0.434554,0.410387,5323.979004
14,0.083529,0.653173,6937.832031
15,0.039828,0.623459,7253.954590
16,0.046901,0.599265,7403.689453
17,0.252355,0.171730,12528.108398
18,0.756196,0.513581,16321.390625
19,0.726859,0.343576,19948.349609
20,0.709616,0.364237,20148.093750
21,0.696089,0.453481,20580.595703
22,0.730481,0.615067,20830.175781
23,0.586890,0.645771,21861.677734
24,0.472676,0.497978,22593.789062
25,0.490288,0.493382,22776.767578
26,0.450525,0.501903,23026.261719
27,0.449075,0.499040,23142.757812
28,0.496149,0.472645,23525.394531
29,0.523565,0.490158,23774.978516
30,0.520960,0.494753,24007.892578
0,0.722555,0.633603,16.640078
1,0.678668,0.710127,449.290619
2,0.614918,0.675055,981.657959
3,0.767792,0.287303,2096.358154
4,0.772522,0.161545,2828.441406
5,0.825505,0.155851,3028.106445
6,0.714780,0.417237,3643.732910
7,0.685085,0.454360,3893.250977
8,0.660060,0.527591,4242.722656
9,0.669486,0.640698,4808.276855
10,0.626725,0.677485,4974.677734
11,0.504684,0.687324,5507.055176
12,0.490154,0.680483,5873.143066
13,0.515071,0.472096,6472.020020
14,0.543678,0.389654,6971.182617
15,0.563306,0.341534,7170.912109
16,0.548166,0.220876,7736.479492
17,0.628220,0.097031,8618.416016
18,0.689857,0.075957,8867.853516
19,0.653818,0.085211,9034.208984
20,0.737327,0.131891,9250.449219
21,0.801787,0.182158,9483.456055
22,0.111149,0.636527,10664.737305
23,0.145504,0.712121,10997.460938
24,0.070320,0.853814,11213.866211
25,0.730476,0.961021,12178.806641
26,0.249837,0.571501,13609.517578
27,0.126478,0.296143,14641.124023
28,0.965291,0.162680,15606.117188
29,0.345003,0.510802,19782.031250
0,0.762773,0.408628,33.424534
1,0.731146,0.282558,532.505920
2,0.647923,0.653432,881.930969
3,0.654974,0.645068,1048.344482
4,0.660682,0.634696,1148.126831
5,0.639706,0.618046,1314.521240
6,0.613232,0.595453,1564.049683
7,0.592559,0.900332,1913.389038
8,0.694767,0.874740,2196.347168
9,0.863657,0.649820,2861.762207
10,0.862850,0.831198,3144.582764
11,0.954578,0.189270,4059.620117
12,0.714464,0.062281,5640.169922
13,0.732823,0.192946,5889.854492
14,0.738024,0.511131,6139.315918
15,0.748418,0.438382,6505.506348
16,0.750844,0.420012,6621.828613
17,0.796902,0.418658,6788.163086
18,0.745972,0.329588,7087.665527
19,0.695184,0.186670,7370.612305
20,0.681116,0.158561,7570.221191
21,0.585305,0.096196,8052.658203
22,0.611151,0.150970,8568.485352
23,0.610105,0.308999,8818.068359
24,0.707862,0.400722,9184.001953
25,0.760720,0.410535,9483.521484
26,0.752857,0.404314,9616.588867
27,0.317884,0.141355,10914.394531
28,0.294892,0.130623,11113.937500
29,0.307933,0.153621,11380.252930
30,0.264825,0.139970,11646.349609
31,0.205983,0.147960,11829.342773
32,0.199784,0.176005,12095.546875
33,0.204434,0.134675,12428.344727
34,0.243890,0.417665,12761.038086
35,0.221298,0.707345,13493.164062
36,0.183480,0.777116,13726.082031
37,0.112511,0.625626,13975.639648
38,0.077695,0.729269,14341.692383
39,0.041185,0.701256,14591.307617
40,0.053883,0.897373,15040.360352
41,0.107492,0.205157,16221.765625
42,0.131639,0.163211,16437.984375
43,0.095040,0.260825,16770.767578
44,0.036099,0.303557,17020.208984
45,0.181057,0.234129,17452.876953
46,0.191954,0.128518,17752.363281
47,0.239210,0.325884,18035.189453
48,0.250444,0.408705,18234.851562
49,0.269140,0.649478,18600.853516
50,0.379824,0.563479,19149.951172
51,0.430888,0.557948,19382.847656
52,0.452410,0.391986,19582.480469
53,0.530337,0.519575,19948.529297
54,0.579264,0.587251,20231.269531
55,0.621043,0.547738,20614.068359
56,0.639385,0.523896,20863.556641
57,0.670336,0.474998,21046.548828
58,0.728343,0.542885,21412.667969
59,0.770967,0.412350,21628.873047
60,0.784805,0.341000,21861.744141
61,0.797280,0.273934,22261.201172
62,0.802941,0.257313,22394.234375
63,0.793619,0.215159,22693.812500
64,0.811295,0.209928,23242.716797
65,0.745046,0.487909,23608.763672
66,0.741901,0.650924,23924.886719
67,0.762122,0.709128,24174.447266
68,0.825467,0.533003,24590.312500
69,0.742143,0.477789,24956.335938
0,0.754918,0.524929,266.242828
1,0.746870,0.359904,549.100464
2,0.749253,0.271649,748.750488
3,0.767185,0.177867,1231.203125
4,0.766904,0.138293,1414.215576
5,0.759459,0.109595,1697.108032
6,0.195923,0.032492,2146.297363
7,0.250031,0.029826,2362.568604
8,0.737459,0.017392,2628.779053
9,0.708528,0.769947,3477.306396
10,0.657183,0.627022,3893.276611
11,0.656086,0.588262,4126.156250
12,0.610339,0.583618,4592.028320
13,0.598680,0.579682,5057.890137
14,0.681710,0.601998,5490.440918
15,0.685849,0.618043,5856.463379
16,0.678227,0.596020,6289.074707
17,0.653739,0.612609,6488.726562
18,0.636803,0.578837,6854.705078
19,0.628059,0.568056,7320.583008
20,0.599095,0.556979,7603.410156
21,0.596537,0.525457,7952.816895
22,0.624532,0.558986,8418.663086
23,0.632407,0.571061,8535.147461
24,0.683688,0.572785,8867.876953
25,0.694387,0.614708,9250.526367
26,0.742712,0.654137,9550.026367
27,0.818333,0.752728,9949.308594
28,0.830494,0.739300,10082.402344
29,0.877320,0.744946,10365.320312
30,0.910356,0.728740,10581.581055
31,0.906465,0.703897,10797.833008
32,0.961396,0.666531,11330.291992
33,0.674178,0.661380,11929.192383
34,0.652633,0.638458,12062.282227
35,0.653751,0.632518,12245.298828
36,0.658100,0.652668,12345.157227
37,0.660942,0.647574,12727.781250
38,0.667274,0.642446,12860.891602
39,0.625519,0.619135,13659.498047
40,0.411953,0.592758,14208.523438
41,0.399711,0.564543,14358.263672
42,0.301210,0.542029,14691.029297
43,0.264952,0.389482,14890.682617
44,0.257355,0.292624,15206.801758
45,0.264089,0.674763,15622.761719
46,0.266745,0.690687,15755.835938
47,0.244346,0.805277,16055.358398
48,0.212364,0.827788,16238.321289
49,0.118724,0.730070,16571.066406
50,0.107543,0.645651,16754.103516
51,0.081273,0.506667,17003.642578
52,0.086201,0.423103,17219.931641
53,0.084650,0.342032,17436.224609
54,0.023061,0.165618,18035.175781
55,0.993515,0.158854,18284.785156
56,0.055341,0.700540,19532.576172
57,0.059447,0.643915,19765.503906
58,0.067780,0.648380,19898.587891
59,0.105444,0.653605,20098.240234
60,0.145401,0.692157,20480.917969
61,0.059534,0.639589,20747.109375
62,0.040374,0.628134,20913.498047
63,0.028328,0.527673,21179.671875
64,0.284771,0.778510,22344.316406
65,0.350158,0.819798,22743.662109
66,0.373608,0.817370,22976.570312
67,0.375850,0.811162,23192.865234
68,0.355196,0.791383,23459.035156
69,0.329834,0.786852,23858.330078
70,0.370506,0.676619,24374.140625
71,0.392525,0.617396,24590.388672
72,0.425998,0.561714,24973.064453
0,0.678180,0.557868,133.047821
1,0.703652,0.560911,299.459595
2,0.735780,0.649186,532.351685
3,0.697558,0.457631,1081.379272
4,0.706019,0.436291,1430.799438
5,0.682546,0.434431,1830.063965
6,0.764813,0.384016,2146.232422
7,0.823572,0.375318,2345.889648
8,0.885099,0.366902,2512.229248
9,0.880661,0.377120,2828.336182
10,0.879993,0.362966,3027.991211
11,0.927269,0.323214,3227.634277
12,0.922733,0.271917,3493.843994
13,0.855600,0.184452,3843.254883
14,0.826943,0.153262,4042.886963
15,0.813997,0.128090,4192.645508
16,0.791517,0.129520,4508.748535
17,0.770947,0.139167,4675.117188
18,0.659826,0.662866,5972.847656
19,0.614127,0.784255,6372.154785
20,0.640524,0.858664,6654.993652
21,0.727960,0.913709,7004.393555
22,0.781584,0.936882,7204.064453
23,0.093366,0.944856,7503.489746
24,0.106793,0.924539,7736.474121
25,0.080227,0.893473,8069.210449
26,0.101773,0.910819,8601.581055
27,0.086036,0.942246,8734.670898
28,0.752109,0.984422,9100.697266
29,0.625707,0.986268,9217.157227
30,0.784151,0.546151,9749.587891
31,0.738108,0.397037,10015.764648
32,0.727070,0.364682,10265.337891
33,0.723011,0.329811,10448.344727
34,0.727657,0.320215,10731.203125
35,0.835556,0.216609,10997.402344
36,0.827968,0.237451,11113.861328
37,0.845399,0.238535,11280.266602
38,0.803595,0.272027,11529.789062
39,0.781483,0.244233,11712.805664
40,0.584455,0.338575,12727.720703
41,0.572883,0.303541,12910.721680
42,0.482683,0.503136,13493.035156
43,0.410634,0.378918,14241.765625
44,0.367218,0.659478,14707.586914
45,0.309032,0.871202,15506.174805
46,0.312170,0.869139,15622.678711
47,0.223012,0.638298,16155.059570
48,0.261940,0.441911,16837.193359
49,0.241857,0.417693,17053.486328
50,0.247784,0.427277,17186.591797
51,0.268398,0.468062,17336.320312
52,0.403063,0.464521,18284.669922
53,0.669272,0.403628,19066.648438
54,0.759915,0.382367,19399.390625
55,0.767023,0.357950,19615.660156
56,0.765250,0.328752,19898.525391
57,0.743800,0.494399,20214.634766
58,0.757241,0.592945,20580.646484
59,0.741495,0.477267,20946.677734
60,0.794969,0.472387,21179.589844
61,0.025473,0.413133,22327.607422
62,0.989672,0.528910,22593.785156
63,0.983510,0.520605,23059.681641
64,0.982641,0.492738,23226.035156
65,0.987844,0.555093,23575.410156
66,0.990037,0.523467,23791.718750
67,0.989943,0.515293,23891.527344
68,0.994822,0.633187,24174.365234
69,0.086300,0.611866,24623.576172
70,0.078012,0.619736,24972.980469
0,0.773923,0.549940,365.978607
1,0.737441,0.270670,1247.836792
2,0.760404,0.222790,1763.580444
3,0.872996,0.388729,2046.373291
4,0.878690,0.398644,2179.468506
5,0.926607,0.514897,2395.845459
6,0.950801,0.584114,2745.253174
7,0.912866,0.653820,2978.078369
8,0.579198,0.611558,4774.979492
9,0.581187,0.583873,4891.470215
10,0.652132,0.485024,5190.916992
11,0.551429,0.586896,5590.239258
12,0.456364,0.336395,6588.448730
13,0.551151,0.222945,7087.583984
14,0.658695,0.196436,7370.438965
15,0.656212,0.224294,7520.228027
16,0.642385,0.247143,7753.064453
17,0.635051,0.275678,9233.812500
18,0.683843,0.281251,9766.212891
19,0.680450,0.332690,9982.562500
20,0.678657,0.347097,10115.688477
21,0.711925,0.577923,10548.289062
22,0.670871,0.600928,10731.236328
23,0.621196,0.648971,11063.949219
24,0.688795,0.591439,11529.840820
25,0.625850,0.532127,13143.678711
26,0.620515,0.527434,13260.156250
27,0.578050,0.900142,13942.318359
28,0.651179,0.541044,14225.120117
29,0.671388,0.555485,14873.966797
30,0.734267,0.655940,16570.984375
31,0.731731,0.800690,16870.503906
32,0.648273,0.569623,17103.437500
33,0.649870,0.570088,18051.785156
34,0.677430,0.566599,18384.541016
35,0.551757,0.493031,18850.333984
36,0.497011,0.506752,19116.591797
37,0.463905,0.495357,19449.382812
38,0.538107,0.550551,19748.865234
39,0.628554,0.575705,20131.437500
40,0.631030,0.584003,20231.259766
41,0.531515,0.588803,20630.652344
42,0.395294,0.496835,21063.193359
43,0.276428,0.444821,21761.990234
44,0.279627,0.445314,22061.408203
45,0.297513,0.548159,22294.324219
46,0.481259,0.458120,23392.390625
47,0.558769,0.407894,23691.933594
0,0.727323,0.320491,83.188148
1,0.740222,0.311201,249.560913
2,0.662272,0.520203,1231.134399
3,0.631415,0.526586,1447.422363
4,0.614781,0.468777,1647.059204
5,0.587190,0.481670,1929.986084
6,0.566988,0.474858,2112.896729
7,0.597572,0.470955,2961.475830
8,0.614839,0.401087,3394.012695
9,0.642997,0.400033,3627.049316
10,0.678008,0.385256,3926.427002
11,0.727011,0.278894,6854.693848
12,0.890730,0.143704,11978.996094
13,0.049820,0.179714,13077.072266
14,0.932889,0.121270,13276.735352
15,0.282145,0.487164,16687.423828
16,0.279530,0.475596,16787.246094
17,0.308712,0.409066,16970.285156
18,0.310482,0.369284,17169.939453
19,0.305808,0.327618,17419.515625
20,0.288042,0.292779,17619.132812
21,0.268595,0.274033,17835.439453
22,0.296627,0.222621,18051.736328
23,0.333742,0.188547,18251.363281
24,0.444605,0.171330,18700.585938
25,0.448736,0.187560,18933.511719
26,0.397248,0.436978,22676.990234
27,0.350471,0.616241,23392.396484
28,0.341357,0.671071,23675.236328
29,0.371223,0.444725,24274.171875
30,0.314769,0.486706,24540.392578
31,0.317780,0.487411,24656.857422
32,0.364823,0.454411,24839.845703
33,0.365914,0.451345,24972.957031
0,0.780436,0.781500,931.762146
1,0.790219,0.844900,1131.356445
2,0.788340,0.828881,1214.611694
3,0.831406,0.801061,1414.220337
4,0.784179,0.899433,1979.930420
5,0.718000,0.917641,2196.165527
6,0.206503,0.898188,3460.615234
7,0.191071,0.967973,3793.440430
8,0.696897,0.959723,4009.660889
9,0.276187,0.923695,4259.300293
10,0.254745,0.922302,4475.518066
11,0.214967,0.924918,4791.750977
12,0.168098,0.882444,5124.477051
13,0.190140,0.899029,5357.298828
14,0.202721,0.933674,5590.295898
15,0.216674,0.925240,5723.420898
16,0.284350,0.983650,6089.462891
17,0.586463,0.835229,6372.209473
18,0.582273,0.736992,6588.525879
19,0.618621,0.660861,6788.186035
20,0.667653,0.594323,7021.102539
21,0.671278,0.576224,7237.369629
22,0.711733,0.505421,7852.995117
23,0.661439,0.688758,8152.452148
24,0.665493,0.661611,8451.922852
25,0.670304,0.637573,8584.989258
26,0.748939,0.278222,9500.109375
27,0.727866,0.267355,9633.231445
28,0.751139,0.314787,9882.716797
29,0.739728,0.433781,10099.092773
30,0.733715,0.585232,10348.605469
31,0.524303,0.552263,11213.786133
32,0.393828,0.574352,12245.270508
33,0.427843,0.416983,12627.917969
34,0.384635,0.335758,12844.288086
35,0.341405,0.300028,13027.265625
36,0.397528,0.255520,13260.231445
37,0.439228,0.316822,13509.754883
38,0.257396,0.609219,14042.122070
39,0.224814,0.551071,14291.691406
40,0.253456,0.735521,14657.765625
41,0.999822,0.561231,16903.826172
42,0.991813,0.528900,17169.996094
43,0.991544,0.541526,17635.855469
44,0.973748,0.530354,17935.339844
45,0.001386,0.619549,18484.367188
46,0.078746,0.669157,18684.021484
47,0.073649,0.673168,18867.021484
48,0.063849,0.693518,19033.556641
49,0.093667,0.855099,19665.658203
50,0.981057,0.569143,20164.771484
51,0.981407,0.487126,20381.056641
52,0.165711,0.591962,20946.724609
53,0.106965,0.399713,21379.314453
54,0.163131,0.581600,21529.064453
55,0.088549,0.333809,21712.089844
56,0.099356,0.422651,21961.621094
57,0.085233,0.440559,22394.226562
58,0.036274,0.443952,22693.705078
59,0.005607,0.403417,22926.601562
60,0.926050,0.410634,24141.173828
61,0.884252,0.472841,24357.425781
62,0.863761,0.487959,24623.660156
0,0.667457,0.574428,449.204803
1,0.629825,0.589610,948.324585
2,0.595014,0.583755,1131.388062
3,0.550932,0.498940,1347.625244
4,0.687282,0.594329,1880.058594
5,0.677184,0.594530,2079.725098
6,0.787651,0.332333,2928.229248
7,0.801844,0.336359,3227.717529
8,0.773483,0.333311,3610.340820
9,0.748237,0.380488,4059.621826
10,0.746869,0.588273,4558.734863
11,0.766835,0.683199,4708.475586
12,0.773420,0.678758,4841.513672
13,0.783415,0.671667,4957.996094
14,0.865084,0.801894,5440.500488
15,0.919638,0.902542,5640.180664
16,0.599147,0.963065,6205.881348
17,0.602704,0.970812,6355.545898
18,0.683427,0.966435,6754.873535
19,0.936525,0.858408,6954.515625
20,0.050924,0.738079,7337.136230
21,0.067798,0.675541,7586.846680
22,0.092923,0.629363,7786.433105
23,0.087862,0.614640,7869.569336
24,0.077587,0.597690,8052.660645
25,0.071345,0.601812,8169.025879
26,0.069120,0.616073,8435.264648
27,0.020586,0.699742,8618.264648
28,0.068563,0.605654,8834.528320
29,0.991559,0.751678,9250.456055
30,0.997468,0.760926,9333.696289
31,0.991783,0.810876,9516.682617
32,0.951899,0.835161,9683.113281
33,0.940419,0.929086,10165.637695
34,0.921182,0.925007,10282.022461
35,0.945628,0.906727,10648.093750
36,0.928343,0.623798,11180.476562
37,0.928870,0.357165,11979.032227
38,0.944147,0.332560,12195.331055
39,0.899626,0.482877,12544.705078
40,0.995535,0.500787,13293.465820
41,0.984770,0.494543,13775.977539
42,0.987734,0.470530,13975.572266
43,0.997163,0.469765,14241.794922
44,0.997366,0.495551,14740.916016
45,0.984705,0.500082,14957.166016
46,0.062673,0.609057,15739.245117
47,0.068163,0.623546,15938.898438
48,0.991933,0.614555,16571.015625
49,0.075696,0.743819,17003.654297
50,0.307087,0.495483,17569.294922
51,0.312176,0.575030,17785.564453
52,0.375950,0.620557,18018.476562
53,0.392029,0.342875,18767.257812
54,0.369278,0.318414,18933.558594
55,0.428460,0.270283,19299.583984
56,0.245193,0.557594,20081.542969
57,0.174666,0.515602,20630.603516
58,0.188316,0.511819,20763.730469
59,0.204209,0.456853,20980.039062
60,0.162542,0.558528,21229.580078
61,0.087748,0.628680,21695.398438
62,0.091951,0.624387,21895.107422
63,0.084473,0.623774,22028.179688
64,0.121876,0.538724,22394.236328
65,0.106707,0.669165,22710.363281
66,0.064801,0.636533,23076.310547
67,0.062452,0.645297,23508.898438
68,0.065634,0.615493,23625.378906
69,0.069766,0.598154,24174.457031
70,0.975944,0.516138,24490.531250
0,0.716620,0.592763,598.925293
1,0.610735,0.627765,1464.120972
2,0.676707,0.593356,1663.809937
3,0.681373,0.591386,2046.401123
4,0.781763,0.453746,2295.969482
5,0.763784,0.454575,2512.278809
6,0.823395,0.484809,2828.364746
7,0.880080,0.575403,3161.097168
8,0.991428,0.618852,3809.973389
9,0.004672,0.511180,4092.834473
10,0.009179,0.512386,4542.057129
11,0.068820,0.660112,4741.652832
12,0.162147,0.733894,5540.270996
13,0.236079,0.562818,6122.634766
14,0.251827,0.527147,6422.081055
15,0.252584,0.455352,6704.935547
16,0.270132,0.349537,7170.741699
17,0.288008,0.294354,7387.035645
18,0.404154,0.606617,8002.666992
19,0.423241,0.524556,8285.508789
20,0.459043,0.463089,8851.266602
21,0.453758,0.443410,9200.559570
22,0.464822,0.379573,9633.208008
23,0.464379,0.284408,9832.763672
24,0.558147,0.511891,10298.671875
25,0.601075,0.646230,10548.193359
26,0.562370,0.754000,11014.025391
27,0.732788,0.456569,13310.069336
28,0.652348,0.583385,13775.946289
29,0.656336,0.589409,13875.749023
30,0.661023,0.598589,14008.838867
31,0.568336,0.537103,14258.403320
32,0.573070,0.554942,14408.117188
33,0.681338,0.558776,15256.720703
34,0.652529,0.564826,16221.656250
35,0.777636,0.387524,16853.824219
36,0.776603,0.321110,17070.185547
37,0.788593,0.269883,17303.101562
38,0.779980,0.343662,17652.441406
39,0.660862,0.255363,18018.509766
40,0.628271,0.200825,18268.027344
41,0.556593,0.212723,18567.511719
42,0.504159,0.251148,18867.029297
43,0.458571,0.287735,19349.572266
44,0.366718,0.292358,19698.861328
45,0.348429,0.309183,19948.433594
46,0.317081,0.426508,20281.197266
47,0.299322,0.353582,20464.197266
48,0.390478,0.467622,20846.970703
49,0.616763,0.748825,21895.074219
50,0.814037,0.950168,22710.302734
51,0.882863,0.790190,23192.769531
52,0.744865,0.372726,23991.398438
53,0.788085,0.339083,24224.394531
54,0.867615,0.376674,24557.054688
0,0.746665,0.421821,299.516602
1,0.659879,0.586233,1014.926636
2,0.625188,0.560518,1247.838135
3,0.635950,0.540210,1663.890137
4,0.608452,0.353929,2096.436279
5,0.597025,0.137706,2678.701660
6,0.602007,0.156002,2845.030762
7,0.633756,0.124534,3078.010254
8,0.649952,0.133416,3327.525146
9,0.714476,0.141353,3893.197754
10,0.730789,0.153580,4192.758789
11,0.731636,0.223418,4525.530273
12,0.753186,0.467929,5307.466309
13,0.750706,0.591336,5490.416504
14,0.746302,0.619752,5773.242188
15,0.887780,0.169341,6788.243164
16,0.897800,0.203108,6937.935059
17,0.996931,0.460308,7853.006836
18,0.983479,0.457244,8302.171875
19,0.019387,0.563903,9100.829102
20,0.061896,0.637931,9366.980469
21,0.071013,0.609436,9782.950195
22,0.080051,0.621280,9882.845703
23,0.073780,0.574964,10548.353516
24,0.071542,0.561997,10681.389648
25,0.072341,0.548539,10914.288086
26,0.068757,0.539665,11113.933594
27,0.070833,0.605213,11446.680664
28,0.060745,0.809705,11812.728516
29,0.972589,0.782283,12178.753906
30,0.429959,0.102567,14557.938477
31,0.386001,0.113238,14807.468750
32,0.227853,0.252635,15423.050781
33,0.187808,0.245867,15572.788086
34,0.186238,0.513055,16088.572266
35,0.189538,0.499451,16238.414062
36,0.189908,0.732581,16770.736328
37,0.190668,0.720069,16853.904297
38,0.280655,0.525211,17286.498047
39,0.274042,0.534740,17552.693359
40,0.259747,0.521571,17719.089844
41,0.291811,0.568088,18068.498047
42,0.290183,0.573642,18168.263672
43,0.363403,0.685220,18567.570312
44,0.388254,0.605623,18817.232422
45,0.406576,0.651930,19233.099609
46,0.425195,0.674248,19715.550781
47,0.433957,0.420624,19998.482422
48,0.389732,0.341415,20181.437500
49,0.362246,0.315179,20414.457031
50,0.427894,0.173231,21063.234375
51,0.462486,0.084996,21712.187500
52,0.471143,0.103059,21978.310547
53,0.561516,0.144940,22377.664062
54,0.548273,0.296652,22893.361328
55,0.549494,0.402763,23092.994141
56,0.554236,0.452655,23325.953125
57,0.561952,0.538049,23625.431641
58,0.577690,0.628485,23808.400391
59,0.620344,0.620203,24058.007812
60,0.647807,0.595286,24390.826172
61,0.672493,0.597137,24706.890625
0,0.748202,0.401680,549.007446
1,0.757522,0.359453,798.627136
2,0.757480,0.302762,948.345886
3,0.754679,0.291997,1380.941406
4,0.755568,0.301835,1663.839478
5,0.757868,0.292305,1813.571411
6,0.752965,0.268316,1979.928101
7,0.751337,0.248837,2113.008057
8,0.755488,0.224896,2229.495117
9,0.754285,0.214651,2429.055664
10,0.684683,0.224522,3028.071045
11,0.752586,0.328951,3510.518311
12,0.761908,0.341282,3793.400146
13,0.747808,0.532580,4159.406250
14,0.749802,0.578574,4625.257324
15,0.671306,0.687787,4874.829590
16,0.660677,0.690710,5057.803223
17,0.658663,0.663859,5340.678223
18,0.622392,0.662042,5773.295410
19,0.612169,0.604685,6072.763672
20,0.605410,0.568092,6338.932617
21,0.601091,0.623477,6671.644043
22,0.588040,0.599908,7054.325684
23,0.561369,0.563383,7270.623047
24,0.536931,0.603876,7919.484375
25,0.539662,0.452170,8501.834961
26,0.502947,0.574267,8951.015625
27,0.620245,0.634034,9317.083984
28,0.629109,0.636755,9633.221680
29,0.657306,0.725657,9866.189453
30,0.610095,0.584235,10265.440430
31,0.608192,0.555241,10548.269531
32,0.643057,0.519442,10764.493164
33,0.651955,0.488622,11047.351562
34,0.772263,0.621260,11430.055664
35,0.788058,0.709321,11729.498047
36,0.813992,0.738675,12012.356445
37,0.845278,0.717509,12195.366211
38,0.881269,0.655036,12428.298828
39,0.876075,0.650463,12561.392578
40,0.885935,0.713052,12794.395508
41,0.859270,0.728710,13043.872070
42,0.935967,0.655677,13276.778320
43,0.955163,0.612649,13526.393555
44,0.978292,0.628281,14042.122070
45,0.013089,0.517196,14940.583008
46,0.010367,0.521557,15090.285156
47,0.005371,0.546800,15489.589844
48,0.984837,0.553050,15722.549805
49,0.999721,0.535054,16005.372070
50,0.074012,0.635212,16770.685547
51,0.092451,0.647335,16920.412109
52,0.094839,0.673729,17386.332031
53,0.094991,0.666909,17586.037109
54,0.081434,0.647499,17735.681641
55,0.111876,0.788630,18367.906250
56,0.025433,0.838736,18667.367188
57,0.985780,0.753093,18966.837891
58,0.987545,0.712082,19149.867188
59,0.133919,0.641382,19366.150391
60,0.156829,0.640890,19615.775391
61,0.106177,0.538787,20015.009766
62,0.102128,0.464371,20247.949219
63,0.102111,0.419020,20414.306641
64,0.081099,0.388935,20597.423828
65,0.045828,0.396936,20863.644531
66,0.022645,0.399523,21046.537109
67,0.019001,0.367065,21346.011719
68,0.021609,0.385697,21578.947266
69,0.979071,0.566759,21795.214844
70,0.981451,0.507079,22094.751953
71,0.964514,0.354213,22294.367188
72,0.951716,0.295809,22494.007812
73,0.905849,0.342069,22876.667969
74,0.898180,0.343398,23142.865234
75,0.896759,0.356235,23425.695312
76,0.913221,0.544691,23825.119141
77,0.904341,0.521840,24024.783203
78,0.889848,0.502832,24141.128906
79,0.887349,0.442119,24440.640625
80,0.888371,0.394234,24640.244141
0,0.673190,0.493369,1929.947632
1,0.730531,0.247086,2628.741211
2,0.579934,0.578071,3660.324463
3,0.509404,0.465636,4126.089355
4,0.524269,0.345543,4392.303711
5,0.528528,0.375312,4591.927246
6,0.488243,0.354628,4824.928711
7,0.424163,0.363631,5407.220215
8,0.433811,0.168027,5873.083496
9,0.441867,0.190105,5989.494629
10,0.339763,0.279823,6521.871094
11,0.387368,0.625602,6854.659668
12,0.343389,0.690805,7470.235352
13,0.264005,0.649494,7952.713867
14,0.266797,0.623550,8085.823242
15,0.239300,0.637534,8368.748047
16,0.249169,0.625306,8568.314453
17,0.287422,0.493202,8817.892578
18,0.269412,0.397669,9117.378906
19,0.272592,0.309342,9317.056641
20,0.274270,0.299323,9450.121094
21,0.294298,0.274305,9699.695312
22,0.294484,0.293289,9866.058594
23,0.284242,0.254090,10082.343750
24,0.301183,0.175630,10398.546875
25,0.581349,0.242082,11579.814453
26,0.662866,0.339853,12245.208984
27,0.730050,0.381945,12627.912109
28,0.755948,0.427980,12777.635742
29,0.914011,0.576206,14624.466797
30,0.912730,0.571631,14757.525391
31,0.949936,0.451517,15156.841797
32,0.978415,0.247731,15655.965820
33,0.988200,0.523606,16304.905273
34,0.036227,0.651309,16637.623047
35,0.078655,0.665714,16903.740234
36,0.055530,0.766420,17303.076172
37,0.078209,0.650867,18184.943359
38,0.136866,0.670782,18534.261719
39,0.057673,0.596818,19532.597656
40,0.046666,0.534985,20031.611328
41,0.969808,0.576369,20547.361328
42,0.962025,0.412330,20930.054688
43,0.974234,0.456542,21312.767578
44,0.982143,0.489317,21479.140625
45,0.973073,0.531141,21778.554688
46,0.971226,0.503676,22028.167969
47,0.182569,0.605333,23009.736328
48,0.179083,0.607270,23109.566406
49,0.169442,0.580798,23691.925781
50,0.285249,0.531778,24174.464844
51,0.281865,0.529987,24523.785156
52,0.278620,0.523857,24656.865234
0,0.693800,0.510683,382.771912
1,0.657086,0.589560,599.022888
2,0.605406,0.570248,1380.966919
3,0.574579,0.503806,1946.698120
4,0.540184,0.512960,2246.131104
5,0.533416,0.517799,2362.669678
6,0.500676,0.510063,2562.292236
7,0.513154,0.351055,2845.104248
8,0.529039,0.300755,3078.023193
9,0.514513,0.244629,3261.018555
10,0.500692,0.193250,3477.368652
11,0.642346,0.152428,3893.277588
12,0.749155,0.166165,4142.869141
13,0.806304,0.218668,4542.123535
14,0.801750,0.229359,4675.222168
15,0.767980,0.388902,4924.885254
16,0.959229,0.307383,5723.446289
17,0.013623,0.364453,5972.991699
18,0.052165,0.385586,6139.369629
19,0.973411,0.538811,6821.466309
20,0.078386,0.608479,7187.555176
21,0.093275,0.652344,7387.259277
22,0.080778,0.750976,7570.292969
23,0.063085,0.609727,7836.361328
24,0.234094,0.441137,8601.751953
25,0.258669,0.398309,8867.955078
26,0.237654,0.290639,9233.955078
27,0.237578,0.264118,9400.317383
28,0.194308,0.286412,9916.108398
29,0.246625,0.285003,10232.243164
30,0.295067,0.258229,10681.466797
31,0.320736,0.231682,11346.881836
32,0.398515,0.288070,11629.753906
33,0.436487,0.470336,12095.594727
34,0.433723,0.496567,12261.968750
35,0.459499,0.501336,12528.166992
36,0.475195,0.461489,12727.801758
37,0.476797,0.484414,13010.656250
38,0.432014,0.386546,13393.331055
39,0.395677,0.369554,13576.421875
40,0.374154,0.288776,13825.900391
41,0.277450,0.296448,14075.491211
42,0.130717,0.296949,15090.422852
43,0.215215,0.251332,15606.170898
44,0.281707,0.246842,15872.352539
45,0.367529,0.262865,16438.027344
46,0.459300,0.278728,16970.412109
47,0.493380,0.306682,17136.808594
48,0.576842,0.302627,17635.916016
49,0.543973,0.282537,17968.666016
50,0.535199,0.121919,18284.816406
51,0.575623,0.079608,18501.048828
52,0.681241,0.084453,18767.253906
53,0.717297,0.164308,19050.121094
54,0.711091,0.181848,19249.792969
55,0.707838,0.633825,20231.414062
56,0.669764,0.595830,20414.443359
57,0.499108,0.869597,20830.371094
58,0.406907,0.899980,21029.982422
59,0.209110,0.962512,21196.447266
60,0.014611,0.926734,21628.974609
61,0.168002,0.930569,21878.513672
62,0.424445,0.933408,22410.968750
63,0.442478,0.906147,22727.035156
64,0.134757,0.965415,22959.951172
65,0.037779,0.952138,23126.359375
66,0.014599,0.941470,23359.250000
67,0.185326,0.934174,23692.031250
68,0.032196,0.911154,23941.570312
69,0.053132,0.889594,24174.578125
70,0.057879,0.775646,24424.083984
0,0.776244,0.488152,66.532967
1,0.752837,0.489394,399.318695
2,0.742507,0.499994,698.801941
3,0.677353,0.578799,931.705444
4,0.643696,0.602185,1181.264526
5,0.644287,0.595582,1281.066895
6,0.609497,0.571620,1563.914917
7,0.576208,0.765652,2112.947510
8,0.574242,0.786589,2312.636719
9,0.581995,0.784031,2528.869385
10,0.624775,0.770580,2695.251221
11,0.733693,0.326953,3859.968262
12,0.738036,0.289838,4042.905762
13,0.539469,0.312392,4858.142578
14,0.578789,0.405871,5257.419434
15,0.565246,0.368704,5706.650391
16,0.545504,0.365166,5989.464844
17,0.450510,0.438796,6505.253418
18,0.408201,0.472852,6754.803711
19,0.411083,0.477508,6954.437012
20,0.388242,0.430387,7120.824219
21,0.406657,0.347057,7337.118652
22,0.440122,0.320214,7520.125977
23,0.469482,0.319721,7753.066406
24,0.473341,0.313414,7869.520020
25,0.989834,0.556992,9599.830078
26,0.987329,0.528713,9866.047852
27,0.059157,0.589348,10498.239258
28,0.074128,0.612158,10681.280273
29,0.977151,0.561502,11130.490234
30,0.980180,0.525478,11280.237305
31,0.153912,0.403662,11662.900391
32,0.148537,0.416692,11762.694336
33,0.233085,0.543323,12195.283203
34,0.263178,0.494232,12544.672852
35,0.204293,0.264567,12993.884766
36,0.175694,0.256131,13176.900391
37,0.165459,0.225706,13326.668945
38,0.965533,0.488598,13975.525391
39,0.964147,0.511660,14075.333984
40,0.925095,0.607701,14424.739258
41,0.931106,0.617768,14574.463867
42,0.885299,0.654691,14790.761719
43,0.834013,0.719387,15056.947266
44,0.836212,0.724382,15173.415039
45,0.805347,0.757963,15339.789062
46,0.710743,0.758672,15672.550781
47,0.769038,0.431958,16371.322266
48,0.777800,0.379330,16587.658203
49,0.773199,0.365387,16787.250000
50,0.771723,0.288744,17053.458984
51,0.769861,0.264565,17236.494141
52,0.775218,0.200682,17569.238281
53,0.762263,0.079163,17868.708984
54,0.599989,0.098842,18201.488281
55,0.711875,0.087101,18434.400391
56,0.724186,0.089803,18650.679688
57,0.736182,0.273009,18850.333984
58,0.760999,0.338900,19183.093750
59,0.760831,0.400211,19565.802734
60,0.774213,0.434326,20380.972656
61,0.772222,0.444895,20680.478516
62,0.761739,0.402555,20913.392578
63,0.747295,0.402484,21312.677734
64,0.750728,0.377569,21562.263672
65,0.757854,0.348715,21861.742188
66,0.761322,0.331483,21994.824219
67,0.755338,0.329444,22111.283203
68,0.853108,0.365146,22926.535156
69,0.838606,0.379074,23126.185547
70,0.866703,0.410532,23475.566406
71,0.858847,0.407472,24074.541016
72,0.752071,0.354701,24490.462891
73,0.737794,0.373794,24723.398438
0,0.686805,0.667712,282.806793
1,0.461873,0.801978,898.414734
2,0.465581,0.796673,1081.409302
3,0.537845,0.599358,1563.928711
4,0.509826,0.583685,2013.122803
5,0.517949,0.607894,2179.509277
6,0.528965,0.418732,2362.541504
7,0.536478,0.453358,2662.001953
8,0.658025,0.569261,3094.549072
9,0.682233,0.606553,3410.689697
10,0.728626,0.493740,3826.635742
11,0.729424,0.291207,4009.615967
12,0.722293,0.327466,4209.275391
13,0.729581,0.334188,4375.651855
14,0.691317,0.234861,4525.406738
15,0.719160,0.164734,4841.500000
16,0.805037,0.177298,5457.119629
17,0.831743,0.680282,5939.588867
18,0.865506,0.790684,6338.881348
19,0.898613,0.820034,6505.276367
20,0.912926,0.857017,6887.961914
21,0.057465,0.934005,7337.166504
22,0.007937,0.957729,7486.897461
23,0.123309,0.953292,7703.164062
24,0.906749,0.720803,8085.854492
25,0.928080,0.453637,9317.031250
26,0.890329,0.355377,9949.252930
27,0.884476,0.383603,10215.467773
28,0.896983,0.313441,10398.464844
29,0.390004,0.560125,11563.096680
30,0.400408,0.564197,11696.185547
31,0.311279,0.658733,12128.770508
32,0.260712,0.644645,12328.431641
33,0.157584,0.867795,13010.571289
34,0.161306,0.655135,13293.409180
35,0.150399,0.530632,13875.730469
36,0.232314,0.512666,14258.378906
37,0.047232,0.681761,14674.340820
38,0.052800,0.679963,14774.183594
39,0.047647,0.658283,14957.172852
40,0.097493,0.362870,15306.561523
41,0.126601,0.346387,15622.681641
42,0.246743,0.557452,16254.887695
43,0.289040,0.617424,16437.912109
44,0.273277,0.807973,16837.218750
45,0.318320,0.893755,17053.494141
46,0.332807,0.856879,17253.169922
47,0.412881,0.719055,17719.005859
48,0.400788,0.740409,17918.654297
49,0.401866,0.523610,18134.929688
50,0.462258,0.403864,18434.447266
51,0.453662,0.410049,18617.419922
52,0.684611,0.646130,19482.572266
53,0.673879,0.663111,19615.673828
54,0.675852,0.698673,19848.609375
55,0.723630,0.354459,20397.695312
56,0.682597,0.219034,20713.779297
57,0.625202,0.314883,21162.988281
58,0.735948,0.697728,21745.304688
59,0.706480,0.753467,22078.068359
60,0.721328,0.773974,22710.275391
61,0.805243,0.709981,23508.878906
62,0.832249,0.715632,23708.560547
63,0.827286,0.723699,23841.646484
64,0.730711,0.790189,24340.781250
65,0.819703,0.764955,24973.009766
0,0.766955,0.521638,66.656105
1,0.677723,0.592362,449.198914
2,0.609978,0.580558,1048.165405
3,0.622896,0.572585,1247.871216
4,0.913371,0.802140,2445.823730
5,0.091671,0.833710,2961.488525
6,0.243665,0.863216,4658.538086
7,0.741127,0.295921,5989.525391
8,0.748702,0.398058,6355.627930
9,0.746856,0.357106,6721.590332
10,0.882761,0.338249,7121.007812
11,0.845688,0.205339,7486.985352
12,0.789478,0.170201,7736.499023
13,0.721286,0.162594,7986.076660
14,0.849463,0.118962,8235.642578
15,0.607048,0.088430,8568.430664
16,0.736505,0.366754,9483.457031
17,0.752588,0.395985,9932.662109
18,0.539787,0.292213,10881.031250
19,0.424431,0.450563,11513.205078
20,0.290181,0.692000,12178.742188
21,0.262142,0.537603,12544.806641
22,0.268033,0.529554,12627.939453
23,0.576296,0.540609,13626.217773
24,0.413604,0.332716,14491.365234
25,0.427816,0.312959,14674.365234
26,0.437752,0.309404,14824.110352
27,0.436397,0.228138,15057.033203
28,0.440327,0.211093,15156.836914
29,0.392785,0.193861,15323.255859
30,0.185475,0.511162,16321.540039
31,0.084411,0.618845,16770.748047
32,0.031526,0.600175,17053.548828
33,0.035130,0.610339,17169.990234
34,0.035743,0.760765,17552.667969
35,0.072096,0.772615,17852.156250
36,0.057524,0.568243,18134.980469
37,0.970596,0.497336,18933.576172
38,0.979335,0.488788,19099.962891
39,0.978818,0.465591,19266.351562
40,0.065835,0.539923,22044.833984
41,0.060742,0.560625,22177.953125
42,0.981446,0.495319,22660.398438
43,0.978479,0.502279,23009.779297
44,0.994750,0.452248,23808.396484
45,0.998447,0.441023,24091.242188
46,0.893298,0.365633,24923.117188
0,0.750611,0.328092,399.272491
1,0.745755,0.223603,582.371704
2,0.740221,0.216511,915.053955
3,0.661776,0.627252,1763.674438
4,0.644739,0.618966,1929.968628
5,0.667703,0.606464,2162.943604
6,0.684703,0.509465,2512.286621
7,0.760958,0.228957,3527.191650
8,0.118354,0.701011,5739.974609
9,0.140284,0.707485,5939.602539
10,0.133124,0.700827,6039.461914
11,0.111428,0.832339,6372.235840
12,0.078727,0.744356,6621.741211
13,0.167098,0.392810,6904.575195
14,0.168686,0.409794,7120.873535
15,0.302772,0.552910,8152.451660
16,0.334488,0.624435,8401.942383
17,0.337433,0.612073,8817.906250
18,0.265827,0.726522,9183.976562
19,0.213124,0.515662,9549.951172
20,0.134392,0.547499,9766.272461
21,0.103190,0.507541,10082.403320
22,0.062654,0.458749,10282.017578
23,0.992032,0.540607,10631.423828
24,0.999641,0.550479,10864.428711
25,0.995675,0.506781,11463.339844
26,0.988534,0.516643,11696.261719
27,0.989872,0.507189,11895.848633
28,0.996851,0.492298,12095.545898
29,0.981583,0.496894,12478.254883
30,0.771454,0.289900,13376.656250
31,0.705080,0.246093,13559.637695
32,0.528046,0.222594,14341.623047
33,0.478369,0.195161,14524.658203
34,0.354981,0.307528,15140.250000
35,0.311573,0.313320,15339.870117
36,0.263378,0.595172,15955.482422
37,0.230814,0.670718,16204.983398
38,0.217685,0.711560,16404.750000
39,0.244731,0.512403,16887.144531
40,0.248238,0.451575,17070.134766
41,0.255980,0.386863,17419.550781
42,0.292216,0.127580,18018.521484
43,0.380139,0.135716,18201.552734
44,0.555400,0.136221,18833.761719
45,0.684477,0.099770,19499.240234
46,0.550191,0.212691,20064.929688
47,0.411430,0.508349,20846.869141
48,0.382094,0.581839,21029.910156
49,0.367846,0.632524,21262.816406
50,0.352952,0.664781,21479.095703
51,0.328382,0.712483,21712.058594
52,0.314838,0.731789,21961.595703
53,0.374136,0.633838,22161.255859
54,0.387953,0.620757,22477.351562
55,0.409812,0.547519,22810.148438
56,0.431607,0.469321,23126.242188
57,0.459523,0.405865,23325.898438
58,0.468556,0.608409,23958.113281
59,0.472427,0.661489,24207.695312
60,0.473504,0.727968,24407.322266
61,0.478555,0.744034,24623.607422
0,0.758921,0.524141,482.520050
1,0.652792,0.640807,715.481384
2,0.505064,0.471962,1613.888306
3,0.583499,0.405991,1896.747437
4,0.775759,0.369813,2545.628174
5,0.924986,0.611507,3260.968506
6,0.012668,0.673946,3510.547363
7,0.965651,0.810388,3810.010498
8,0.076642,0.496732,4542.083984
9,0.076940,0.651329,4808.274902
10,0.084153,0.673489,5290.758301
11,0.073650,0.679997,5556.955078
12,0.069447,0.625451,5806.541016
13,0.184496,0.534569,6139.286133
14,0.248353,0.554983,6704.971680
15,0.218270,0.406192,7070.991699
16,0.014288,0.342461,7753.126953
17,0.752378,0.284353,8984.329102
18,0.721930,0.457275,9300.446289
19,0.713732,0.940353,10015.841797
20,0.565137,0.975111,10182.226562
21,0.227062,0.978500,10415.151367
22,0.262684,0.954300,10614.780273
23,0.351830,0.924989,10964.201172
24,0.338776,0.933913,11080.646484
25,0.123108,0.970604,11380.122070
26,0.361873,0.945317,11845.997070
27,0.227924,0.959729,12328.471680
28,0.433111,0.915770,12827.606445
29,0.638489,0.591139,13426.558594
30,0.663316,0.537467,13609.556641
31,0.635176,0.476292,13875.781250
32,0.709146,0.318389,14491.366211
33,0.755396,0.356171,14790.854492
34,0.750014,0.418755,15439.687500
35,0.747762,0.391010,16088.570312
36,0.729022,0.243446,16304.839844
37,0.715643,0.203872,16454.591797
38,0.672971,0.175914,16670.900391
39,0.741663,0.278761,17153.378906
40,0.757876,0.288713,21512.429688
41,0.835078,0.305140,21978.257812
42,0.823985,0.280914,22560.630859
43,0.795886,0.262199,22793.498047
44,0.737837,0.267439,23226.097656
45,0.693352,0.314921,23758.505859
46,0.640768,0.323419,24074.615234
47,0.599105,0.240631,24440.640625
0,0.724822,0.388208,665.428406
1,0.728356,0.333418,915.090393
2,0.734243,0.297425,1148.022095
3,0.735380,0.240817,1447.449829
4,0.705504,0.207718,1730.262939
5,0.672128,0.175726,1996.497681
6,0.674338,0.122780,2395.783936
7,0.668035,0.108893,2612.106689
8,0.584001,0.069621,2961.462402
9,0.665698,0.054797,3194.442627
10,0.625317,0.085638,3710.141846
11,0.653049,0.217416,4309.148926
12,0.694191,0.304167,4508.747559
13,0.753684,0.392876,4974.609375
14,0.747046,0.393234,5107.715820
15,0.749455,0.422108,5373.970703
16,0.717654,0.552168,5839.824219
17,0.737973,0.473967,6405.401367
18,0.646159,0.632277,7054.381836
19,0.609176,0.614393,7337.119629
20,0.581343,0.558811,7736.508301
21,0.511196,0.565829,8318.760742
22,0.494442,0.547691,8701.495117
23,0.498862,0.537460,8817.850586
24,0.488386,0.522290,9133.989258
25,0.466572,0.507908,9732.979492
26,0.426601,0.504671,10082.312500
27,0.416048,0.476320,10348.513672
28,0.393795,0.443525,10648.013672
29,0.411569,0.378116,11030.672852
30,0.414813,0.340103,11280.249023
31,0.405726,0.325917,11646.285156
32,0.348936,0.338706,11912.484375
33,0.317804,0.318558,12394.950195
34,0.354310,0.256556,12644.521484
35,0.345101,0.230468,12877.436523
36,0.334957,0.241908,12977.257812
37,0.352941,0.192126,13210.181641
38,0.368946,0.179911,13493.022461
39,0.369032,0.176732,13809.142578
40,0.368178,0.214985,14341.570312
41,0.350840,0.385693,14940.527344
42,0.295021,0.401547,15173.412109
43,0.278933,0.413855,15456.265625
44,0.276475,0.495617,15739.106445
45,0.269502,0.540332,16105.117188
46,0.278075,0.529634,16487.818359
47,0.291572,0.520066,18384.482422
48,0.446519,0.529192,20846.845703
49,0.439621,0.503336,21113.058594
50,0.426454,0.496165,22577.148438
51,0.458997,0.342382,22926.541016
52,0.455566,0.339047,23209.373047
53,0.480378,0.304097,23409.029297
0,0.843260,0.493433,133.060455
1,0.662898,0.575319,665.479187
2,0.753498,0.322597,1131.338745
3,0.626658,0.253911,1597.191284
4,0.548618,0.556404,1996.503052
5,0.509670,0.573390,2196.183350
6,0.584084,0.292383,2778.512939
7,0.608169,0.249777,3027.969727
8,0.651652,0.282541,3344.136719
9,0.749804,0.572477,4425.605957
10,0.664675,0.603944,4658.531738
11,0.653169,0.602629,4808.281250
12,0.628963,0.574990,4957.917480
13,0.662315,0.575385,5224.167969
14,0.859479,0.544492,5889.686523
15,0.918708,0.656891,6305.679199
16,0.941932,0.838978,6754.825195
17,0.851945,0.879422,6987.713867
18,0.782095,0.962405,7270.551270
19,0.635766,0.938536,7486.840332
20,0.493378,0.974619,8069.166016
21,0.075675,0.958836,8235.582031
22,0.257094,0.946626,8518.415039
23,0.243124,0.944221,8718.015625
24,0.468309,0.895847,9150.610352
25,0.426182,0.966614,9366.892578
26,0.417442,0.890754,9649.780273
27,0.398975,0.898651,9799.513672
28,0.752918,0.964512,9982.507812
29,0.000372,0.979642,10797.754883
30,0.150479,0.962059,11163.744141
31,0.377031,0.816383,11862.635742
32,0.253796,0.684260,12594.685547
33,0.223917,0.693320,12894.080078
34,0.277553,0.385495,13559.658203
35,0.285650,0.348016,13759.251953
36,0.536210,0.338434,14957.144531
37,0.626358,0.268572,15456.260742
38,0.485528,0.643611,16005.291016
39,0.111708,0.534163,16887.113281
40,0.064676,0.596607,17120.068359
41,0.062232,0.604638,17203.187500
42,0.045072,0.624546,17352.980469
43,0.045575,0.625541,17469.400391
44,0.054570,0.623976,17669.058594
45,0.972181,0.551706,18068.361328
46,0.986657,0.518726,18301.279297
47,0.977668,0.525751,18733.859375
48,0.987852,0.504894,19199.775391
49,0.950905,0.571952,19765.382812
50,0.068407,0.621263,20264.525391
51,0.066691,0.758854,20563.984375
52,0.155038,0.384076,21379.271484
53,0.164255,0.331961,21545.626953
54,0.162543,0.325887,21695.345703
55,0.037796,0.411861,22094.642578
56,0.024371,0.409481,22427.474609
57,0.022602,0.360813,22610.447266
58,0.033290,0.521070,22993.115234
59,0.303440,0.576172,24207.630859
60,0.262399,0.646376,24423.937500
0,0.759832,0.593807,332.835785
1,0.753510,0.473578,632.212891
2,0.755431,0.490323,815.208313
3,0.760119,0.403112,1064.829834
4,0.760383,0.416585,1314.379395
5,0.761320,0.413442,1480.783569
6,0.762621,0.394208,1663.764282
7,0.753016,0.320086,1963.292480
8,0.781141,0.389081,2479.078857
9,0.781524,0.377357,2861.695068
10,0.784020,0.438939,3394.049805
11,0.742096,0.340200,4342.385742
12,0.743103,0.369760,4924.725586
13,0.752599,0.405958,5290.765137
14,0.760541,0.387041,6139.248047
15,0.712552,0.292543,6954.542480
16,0.711847,0.278744,7204.118164
17,0.687317,0.454492,7586.827148
18,0.686431,0.429383,7703.298828
19,0.664314,0.367858,8069.227539
20,0.611670,0.466182,8335.435547
21,0.599947,0.347133,8767.999023
22,0.625981,0.404596,9516.719727
23,0.649617,0.412444,9733.076172
24,0.679391,0.576049,10248.764648
25,0.693144,0.606912,10465.062500
26,0.718649,0.616857,10747.957031
27,0.748211,0.610544,11030.705078
28,0.775429,0.596115,11313.527344
29,0.809571,0.597212,11729.512695
30,0.848539,0.589926,12062.288086
31,0.870124,0.512576,12394.983398
32,0.918227,0.661868,13043.868164
33,0.950590,0.645778,13260.150391
34,0.959600,0.663498,13642.825195
35,0.009872,0.706907,13875.736328
36,0.076105,0.673280,14191.851562
37,0.079523,0.617641,14474.740234
38,0.113521,0.619735,14973.904297
39,0.146317,0.689902,15306.594727
40,0.162124,0.722119,15472.937500
41,0.160749,0.725593,15606.107422
42,0.190258,0.776053,15805.735352
43,0.225756,0.793959,16105.172852
44,0.277537,0.815459,16371.369141
45,0.293507,0.845473,16554.390625
46,0.293981,0.868221,17070.166016
47,0.368978,0.914906,17286.457031
48,0.394661,0.935875,17669.130859
49,0.460222,0.950722,17852.109375
50,0.468682,0.956978,18218.162109
51,0.456008,0.922763,18467.722656
52,0.241747,0.953592,19149.894531
53,0.625973,0.846253,19515.943359
54,0.286730,0.789182,20064.972656
55,0.254415,0.713239,20314.488281
56,0.256162,0.650887,20697.226562
57,0.287419,0.579680,21179.646484
58,0.301454,0.550042,21429.201172
59,0.333714,0.584049,22078.087891
60,0.376038,0.583697,22311.021484
61,0.381239,0.462306,22843.513672
62,0.387327,0.444437,23093.013672
63,0.441645,0.514659,23608.738281
64,0.463118,0.447063,23891.621094
65,0.485765,0.505096,24224.332031
66,0.524891,0.585938,24473.873047
0,0.727815,0.723282,299.500458
1,0.887529,0.550279,915.100769
2,0.877645,0.534677,1064.762573
3,0.649861,0.594526,2212.759033
4,0.603682,0.621692,2495.644775
5,0.519569,0.530391,3111.273682
6,0.498720,0.508361,3277.604736
7,0.294372,0.633814,4425.544434
8,0.267484,0.595809,4858.217285
9,0.330745,0.266023,5174.246582
10,0.421291,0.126243,5556.944824
11,0.528860,0.084164,6222.480957
12,0.122185,0.375598,6987.786133
13,0.067178,0.662873,7619.979980
14,0.070008,0.677722,8002.669434
15,0.037043,0.787092,8185.657227
16,0.043427,0.771175,8451.892578
17,0.218107,0.499028,11380.093750
18,0.335500,0.509369,12228.603516
19,0.937332,0.644953,14208.541992
20,0.885279,0.612743,14591.200195
21,0.854474,0.574384,14973.795898
22,0.781650,0.312307,16038.619141
23,0.777861,0.291092,16238.296875
24,0.766546,0.326628,16720.736328
25,0.759735,0.432572,17036.953125
26,0.729918,0.540168,17452.792969
27,0.680173,0.674425,18018.472656
28,0.682763,0.667431,18118.279297
29,0.621556,0.615042,18850.355469
30,0.839255,0.726370,20364.396484
31,0.696474,0.729934,22161.220703
32,0.715402,0.738323,22394.208984
33,0.762373,0.720395,22710.320312
34,0.729704,0.732583,22993.228516
35,0.787658,0.760456,23309.357422
36,0.796816,0.823808,23691.927734
37,0.739848,0.873747,24057.955078
38,0.691628,0.913369,24240.914062
0,0.736776,0.643579,99.841949
1,0.717317,0.405737,465.815186
2,0.719823,0.310819,698.798462
3,0.722456,0.216286,1031.511719
4,0.731847,0.215656,1197.888916
5,0.743372,0.202886,1397.524048
6,0.744282,0.270116,1863.423706
7,0.743014,0.375766,2113.057861
8,0.713643,0.312679,2395.800537
9,0.698541,0.288807,2711.947998
10,0.752436,0.264535,2994.784668
11,0.734492,0.204106,3277.584229
12,0.722230,0.182969,3394.046387
13,0.748187,0.379752,3810.025635
14,0.748004,0.391648,3943.112549
15,0.773700,0.255671,4309.111816
16,0.787906,0.645185,4941.350586
17,0.716616,0.686042,5140.990234
18,0.665911,0.682194,5390.578613
19,0.665786,0.674181,5540.309082
20,0.640773,0.649974,5789.869141
21,0.594225,0.623694,6056.075684
22,0.551917,0.504905,6405.446777
23,0.535233,0.455510,6571.822754
24,0.500172,0.516455,6954.513672
25,0.522234,0.664780,7270.610840
26,0.554388,0.759766,7453.633301
27,0.597401,0.828290,7653.281738
28,0.594157,0.874569,7886.201660
29,0.692260,0.552800,8701.462891
30,0.663166,0.431541,8934.367188
31,0.649619,0.340934,9134.042969
32,0.681019,0.139943,10082.364258
33,0.788140,0.197258,10315.286133
34,0.844777,0.367862,10980.794922
35,0.911238,0.583508,11995.689453
36,0.977640,0.612224,12361.733398
37,0.999793,0.586944,12578.028320
38,0.974757,0.708373,12927.384766
39,0.984902,0.759601,13176.977539
40,0.009934,0.820436,13409.885742
41,0.026762,0.834808,13659.441406
42,0.069210,0.653992,13958.933594
43,0.065443,0.647072,14075.372070
44,0.073483,0.664237,14208.493164
45,0.081600,0.692197,14441.405273
46,0.079129,0.704616,14541.238281
47,0.172509,0.502451,14907.296875
48,0.188663,0.440942,15140.200195
49,0.294989,0.553907,16055.272461
50,0.309373,0.545843,16254.916016
51,0.250503,0.288087,16537.789062
52,0.209063,0.220923,16704.130859
53,0.132739,0.205097,16920.417969
54,0.061574,0.195624,17136.691406
55,0.033449,0.163373,17352.990234
56,0.975073,0.198066,17735.644531
57,0.992926,0.382789,19016.742188
58,0.011100,0.596614,19599.078125
59,0.010759,0.556368,20364.406250
60,0.794550,0.364164,21129.724609
61,0.748915,0.308422,21312.740234
62,0.719661,0.319025,21545.673828
63,0.725029,0.309057,21662.185547
64,0.647552,0.345091,21911.697266
65,0.642907,0.351537,22144.617188
66,0.620267,0.572490,22344.271484
67,0.622640,0.654305,22543.923828
68,0.670677,0.651416,22876.669922
69,0.587877,0.746900,23292.632812
70,0.497501,0.663085,23642.009766
71,0.444022,0.655902,23941.472656
72,0.452687,0.756128,24240.966797
73,0.403229,0.525298,24523.791016
74,0.416314,0.456838,24723.437500
0,0.734562,0.369918,399.350800
1,0.654157,0.671379,1181.291626
2,0.609359,0.726319,1730.360596
3,0.650152,0.979385,2512.318848
4,0.125229,0.936490,2761.818359
5,0.136715,0.908406,2944.865967
6,0.110163,0.878469,3427.355469
7,0.801862,0.880236,5091.122559
8,0.816121,0.800069,5307.384766
9,0.732345,0.760953,5806.604980
10,0.690818,0.714212,6155.956543
11,0.707181,0.516990,6821.436035
12,0.731480,0.498137,7070.993164
13,0.740739,0.344280,7570.167969
14,0.741999,0.292771,7753.213867
15,0.740663,0.266977,7969.431641
16,0.746958,0.237156,8235.696289
17,0.730500,0.219952,8418.653320
18,0.736033,0.279621,8751.356445
19,0.675240,0.248480,9034.224609
20,0.611879,0.225190,9267.167969
21,0.575464,0.196420,9400.232422
22,0.552874,0.193448,9533.337891
23,0.500860,0.286845,9849.463867
24,0.469736,0.350878,10099.038086
25,0.407746,0.523435,10714.621094
26,0.371976,0.595183,11247.018555
27,0.369298,0.596785,11363.470703
28,0.325436,0.662591,11646.376953
29,0.283987,0.613451,11962.415039
30,0.254769,0.625006,12278.595703
31,0.204894,0.567243,12661.230469
32,0.151028,0.497619,13193.644531
33,0.135611,0.514176,13526.367188
34,0.097314,0.626082,13792.645508
35,0.035105,0.634132,14158.617188
36,0.017071,0.792184,14441.452148
37,0.007896,0.701005,14857.352539
38,0.043240,0.639643,15057.008789
39,0.041728,0.642551,15356.524414
40,0.052979,0.617732,15622.722656
41,0.047613,0.630729,15755.788086
42,0.153120,0.503648,16338.096680
43,0.170230,0.466540,16670.888672
44,0.188345,0.374003,16903.828125
45,0.262387,0.421109,17402.919922
46,0.282723,0.443815,17635.857422
47,0.296273,0.510678,17902.087891
48,0.218813,0.606159,18401.179688
49,0.267219,0.659777,18684.041016
50,0.399982,0.246010,19382.810547
51,0.453899,0.403076,19898.554688
52,0.507570,0.386843,20231.300781
53,0.545613,0.354825,20580.718750
54,0.574969,0.359841,20896.812500
55,0.601786,0.293953,21179.693359
56,0.648755,0.308814,21545.664062
57,0.695446,0.366274,21994.916016
58,0.748782,0.425377,22261.148438
59,0.764802,0.450366,22593.894531
60,0.768088,0.352101,22926.605469
61,0.765732,0.327476,23142.974609
62,0.792855,0.222563,23392.541016
63,0.787776,0.245646,23625.376953
64,0.879083,0.336319,24008.056641
65,0.913022,0.341911,24174.457031
66,0.951240,0.349373,24690.169922
0,0.745214,0.388395,16.651691
1,0.775060,0.398449,299.552765
2,0.767570,0.394623,565.758484
3,0.631206,0.558193,1164.670166
4,0.630993,0.556218,1314.344849
5,0.609992,0.532699,1514.073242
6,0.562825,0.408116,1913.345093
7,0.563303,0.407066,2079.798828
8,0.554352,0.300955,2262.742920
9,0.522286,0.300368,2645.379395
10,0.480528,0.259249,3077.941650
11,0.533902,0.300778,3394.074219
12,0.456322,0.379468,3760.097412
13,0.463034,0.242197,4176.023926
14,0.474666,0.241170,4558.706055
15,0.608365,0.771087,5457.158203
16,0.432566,0.956207,5989.527344
17,0.479782,0.925313,6355.557129
18,0.913229,0.664980,7170.831055
19,0.037809,0.560408,7769.735840
20,0.029870,0.544770,7869.578125
21,0.022757,0.475130,8218.999023
22,0.985860,0.365513,8485.180664
23,0.020745,0.255620,8684.823242
24,0.021318,0.233970,8817.916992
25,0.018887,0.151045,9050.882812
26,0.081885,0.497047,9982.556641
27,0.100338,0.571127,10232.122070
28,0.071844,0.609141,10548.234375
29,0.003528,0.668642,11014.104492
30,0.980850,0.563938,11213.726562
31,0.981889,0.522373,11479.920898
32,0.061341,0.436065,12045.625000
33,0.010041,0.465148,12511.501953
34,0.833951,0.420926,13376.645508
35,0.739656,0.400901,13726.045898
36,0.667802,0.355682,14075.409180
37,0.538989,0.188438,14774.186523
38,0.420086,0.333564,15506.228516
39,0.368187,0.406400,15838.967773
40,0.274831,0.446950,16371.373047
41,0.256514,0.968637,17369.638672
42,0.164100,0.921871,17602.589844
43,0.501784,0.260445,19066.681641
44,0.590378,0.279740,19282.953125
45,0.992942,0.107769,20564.050781
46,0.023063,0.151664,20797.019531
47,0.069333,0.155090,21013.265625
48,0.089580,0.154416,21229.568359
49,0.195459,0.142197,21545.708984
50,0.267447,0.128689,21745.328125
51,0.984529,0.493721,22593.851562
52,0.014514,0.537239,22810.121094
53,0.001153,0.486669,23109.595703
54,0.995479,0.509688,23558.808594
55,0.071142,0.569581,23791.761719
56,0.060893,0.699281,24590.355469
57,0.053870,0.712687,24956.378906
0,0.731146,0.528692,266.150909
1,0.667701,0.602399,632.210388
2,0.621223,0.590496,1031.545288
3,0.602906,0.577546,1231.164307
4,0.603499,0.574753,1347.586060
5,0.507193,0.606874,1597.207031
6,0.500259,0.562073,1979.864136
7,0.517248,0.519240,2229.409668
8,0.519082,0.470571,2429.058838
9,0.478670,0.478202,2628.708252
10,0.411920,0.497995,2861.618896
11,0.387285,0.529570,3177.748535
12,0.389507,0.532545,3360.752441
13,0.359221,0.631191,3693.499512
14,0.368368,0.628301,4092.809082
15,0.292085,0.587352,4375.650879
16,0.278994,0.567421,4658.513184
17,0.354957,0.608686,5224.187500
18,0.296052,0.579744,5490.360352
19,0.375590,0.581032,5839.787109
20,0.543039,0.503007,6854.662109
21,0.734415,0.426066,8418.604492
22,0.739709,0.374684,8568.307617
23,0.752984,0.335114,8767.989258
24,0.743719,0.377494,9200.547852
25,0.830444,0.329909,9433.493164
26,0.002242,0.514291,10298.624023
27,0.983127,0.508041,10697.929688
28,0.993697,0.593653,11047.337891
29,0.080788,0.621136,11496.567383
30,0.079984,0.683687,11995.664062
31,0.078244,0.695982,12095.500977
32,0.070789,0.675991,12278.514648
33,0.072666,0.658410,12444.905273
34,0.074845,0.600370,12744.351562
35,0.059649,0.590182,13093.763672
36,0.068411,0.651166,13359.948242
37,0.077388,0.628453,13825.825195
38,0.085086,0.621278,14058.753906
39,0.978558,0.539048,14474.671875
40,0.983708,0.502996,14707.619141
41,0.971139,0.517006,15256.653320
42,0.995210,0.604710,16071.900391
43,0.985393,0.516382,16587.642578
44,0.985727,0.493718,16770.664062
45,0.041511,0.480293,16986.968750
46,0.138682,0.506953,17219.869141
47,0.174438,0.532230,17502.728516
48,0.180041,0.510216,17752.273438
49,0.251182,0.581801,17985.208984
50,0.263815,0.558242,18151.589844
51,0.304445,0.581259,18384.509766
52,0.178435,0.616499,19149.832031
53,0.946145,0.319188,20547.402344
54,0.900998,0.334579,20763.693359
55,0.923990,0.328053,20946.701172
56,0.664079,0.411605,21911.675781
57,0.640605,0.425343,22161.257812
58,0.619246,0.427618,22444.089844
59,0.585097,0.435556,22693.638672
60,0.534349,0.440466,23009.751953
61,0.541530,0.437054,23309.250000
62,0.490325,0.442734,23625.349609
63,0.518006,0.436170,23924.835938
64,0.546115,0.444150,24157.748047
65,0.554034,0.449422,24540.425781
0,0.761626,0.337686,515.734314
1,0.775280,0.290540,781.986938
2,0.797701,0.280228,1181.252075
3,0.808332,0.265700,1647.166138
4,0.807015,0.219313,1813.537476
5,0.831839,0.403255,2146.334961
6,0.732966,0.519261,2479.076172
7,0.736953,0.689415,2811.718994
8,0.705253,0.656849,3077.961426
9,0.664451,0.656237,3260.939453
10,0.633858,0.638139,3527.163086
11,0.604191,0.555467,3959.720459
12,0.593301,0.502400,4242.553223
13,0.596106,0.521265,4408.965332
14,0.618190,0.473942,4691.791016
15,0.647921,0.622178,5041.174805
16,0.710908,0.758647,5390.587402
17,0.810818,0.827019,5739.941895
18,0.902827,0.791857,6155.886719
19,0.888641,0.792814,6272.370605
20,0.925399,0.761983,6521.907715
21,0.965738,0.611648,7453.651367
22,0.039577,0.281014,7936.131348
23,0.090253,0.290442,8884.476562
24,0.138738,0.214429,9300.380859
25,0.128285,0.113832,9915.991211
26,0.930150,0.615911,10897.637695
27,0.925696,0.657599,11097.264648
28,0.899431,0.543422,11330.168945
29,0.895787,0.375110,12078.881836
30,0.914556,0.355540,12345.069336
31,0.856377,0.285815,12627.910156
32,0.813612,0.359298,12977.316406
33,0.702768,0.230330,13792.556641
34,0.661891,0.665545,15190.124023
35,0.670714,0.647219,15406.384766
36,0.521614,0.602476,15755.787109
37,0.532415,0.306139,16487.832031
38,0.548468,0.228776,16803.953125
39,0.530437,0.193856,17070.167969
40,0.476239,0.282792,17286.427734
41,0.393531,0.546150,17669.105469
42,0.345080,0.603509,17985.230469
43,0.350270,0.623746,18118.328125
44,0.287190,0.690144,18417.810547
45,0.275851,0.711263,18567.535156
46,0.273251,0.736661,18700.638672
47,0.221960,0.739755,19449.335938
48,0.226586,0.733856,19599.070312
49,0.222201,0.731715,19715.556641
50,0.238200,0.757537,20031.660156
51,0.317876,0.359558,20680.513672
52,0.394217,0.274269,21113.076172
53,0.384194,0.327435,21362.640625
54,0.404199,0.286298,21595.580078
55,0.267628,0.287747,22044.785156
56,0.314127,0.281550,22327.623047
57,0.302261,0.300676,22444.119141
58,0.146284,0.633440,23176.148438
59,0.131898,0.561037,23375.826172
60,0.023126,0.800294,24141.119141
61,0.985787,0.738090,24473.898438
62,0.068393,0.641022,24690.201172
0,0.703417,0.462195,199.610840
1,0.732633,0.482502,349.343658
2,0.656710,0.652812,682.140259
3,0.651860,0.660107,815.256592
4,0.724214,0.892683,1214.496826
5,0.503941,0.984569,1497.332764
6,0.333714,0.964936,1846.768677
7,0.035917,0.960128,2079.703369
8,0.115197,0.968540,2246.060547
9,0.599093,0.556250,3061.266113
10,0.608522,0.550685,3177.785889
11,0.673203,0.567332,3493.880859
12,0.670333,0.579590,3676.934326
13,0.683125,0.568716,3826.594238
14,0.683779,0.570853,4042.946289
15,0.659770,0.589473,4292.482422
16,0.634163,0.586884,4641.832520
17,0.683507,0.583160,5041.138672
18,0.691502,0.585761,5373.903320
19,0.521038,0.417179,6205.775879
20,0.585384,0.215041,6704.912598
21,0.772331,0.469150,7303.893555
22,0.749599,0.387094,7553.428711
23,0.759385,0.301523,7886.179199
24,0.835753,0.301410,8252.233398
25,0.931586,0.621076,8684.793945
26,0.015685,0.730926,9100.729492
27,0.079522,0.798759,9350.291992
28,0.107094,0.757299,9782.871094
29,0.081072,0.595209,10465.006836
30,0.087528,0.583935,10548.182617
31,0.068113,0.585684,10697.942383
32,0.067384,0.602346,10947.493164
33,0.203486,0.560100,11296.875977
34,0.208766,0.452943,11546.458984
35,0.287201,0.491150,12295.147461
36,0.144580,0.377862,12894.094727
37,0.142672,0.519205,13326.684570
38,0.154965,0.513255,13592.875977
39,0.078645,0.649744,14008.806641
40,0.078229,0.642875,14141.928711
41,0.991407,0.547511,14657.691406
42,0.979132,0.570735,15190.079102
43,0.977148,0.535019,15489.562500
44,0.010892,0.635173,15822.332031
45,0.073224,0.585223,16404.630859
46,0.063634,0.570108,16770.679688
47,0.072275,0.562986,17186.585938
48,0.896672,0.505607,17602.533203
49,0.891660,0.418765,17885.365234
50,0.875508,0.580671,18434.419922
51,0.874090,0.569679,18584.144531
52,0.729370,0.439363,19282.925781
53,0.734547,0.424187,19482.585938
54,0.723178,0.327638,19682.224609
55,0.731042,0.304591,20098.171875
56,0.743890,0.300096,20297.841797
57,0.661479,0.369562,20896.775391
58,0.641288,0.301615,21279.441406
59,0.583349,0.309685,21495.742188
60,0.547693,0.454730,21861.794922
61,0.551266,0.447812,22061.417969
62,0.592213,0.594105,22394.177734
63,0.505934,0.459920,23458.972656
64,0.588010,0.522847,23991.388672
65,0.613302,0.532917,24989.621094
0,0.670674,0.605903,1530.651123
1,0.908919,0.166392,3044.694092
2,0.004703,0.458565,3693.506592
3,0.000891,0.500893,4026.277344
4,0.988867,0.517692,4209.357910
5,0.985537,0.514179,4392.370605
6,0.000393,0.574268,4741.731934
7,0.003730,0.603711,4974.642090
8,0.069860,0.613798,5274.146484
9,0.060495,0.625261,5373.912598
10,0.059284,0.816381,6072.738770
11,0.354367,0.899395,6505.337891
12,0.989807,0.921569,7170.800293
13,0.845267,0.925591,7669.926758
14,0.831951,0.916126,8052.556641
15,0.530193,0.966409,8385.328125
16,0.685472,0.927897,8734.778320
17,0.740755,0.919734,9034.201172
18,0.074866,0.644815,11163.826172
19,0.275733,0.672123,12195.378906
20,0.276047,0.688737,12311.831055
21,0.642669,0.598966,13426.489258
22,0.754749,0.557503,13809.238281
23,0.003815,0.527303,15556.144531
24,0.994191,0.555093,15888.978516
25,0.004908,0.630913,16321.506836
26,0.069037,0.631110,16571.029297
27,0.072078,0.632505,16654.220703
28,0.076466,0.604622,16887.140625
29,0.152458,0.613436,18018.572266
30,0.749582,0.517620,18850.453125
31,0.733913,0.396118,19216.439453
32,0.669967,0.574561,19632.328125
33,0.759985,0.402386,21129.726562
34,0.791010,0.502658,21329.396484
35,0.746006,0.429934,22943.314453
36,0.744288,0.425348,23109.671875
37,0.803462,0.331120,23375.816406
38,0.797073,0.315406,23675.330078
39,0.678862,0.324301,24124.500000
40,0.704819,0.459510,24540.460938
0,0.692901,0.533362,16.643291
1,0.687392,0.634017,632.206055
2,0.549115,0.573980,1331.015503
3,0.513565,0.617622,1613.814819
4,0.003892,0.605946,3926.477295
5,0.069224,0.679609,4126.089355
6,0.989610,0.498337,4808.230957
7,0.997119,0.501007,5091.079102
8,0.996062,0.501502,5207.541992
9,0.119897,0.717407,5556.922363
10,0.215210,0.800081,5972.865723
11,0.327007,0.771917,6305.621582
12,0.037882,0.607818,6838.028320
13,0.289925,0.642958,7819.634766
14,0.360615,0.766983,8069.198730
15,0.350843,0.747638,8318.754883
16,0.307398,0.796059,8501.768555
17,0.233962,0.476341,8784.626953
18,0.982789,0.503603,9832.806641
19,0.740348,0.591325,11413.361328
20,0.742184,0.382862,12278.541016
21,0.746491,0.371254,12561.351562
22,0.755467,0.610712,12877.466797
23,0.747599,0.642049,13676.083008
24,0.840266,0.528778,13992.199219
25,0.817763,0.683088,14557.899414
26,0.736617,0.356729,17635.816406
27,0.725514,0.341129,17902.005859
28,0.742084,0.374087,18301.337891
29,0.729012,0.469737,18684.019531
30,0.714880,0.620436,19432.669922
31,0.657600,0.541111,19682.281250
32,0.732358,0.463724,20181.367188
33,0.719029,0.492442,20580.675781
34,0.717152,0.482285,20963.359375
35,0.716859,0.474954,21196.283203
36,0.732518,0.473251,21346.044922
37,0.722000,0.508934,21728.656250
38,0.723483,0.511783,21845.164062
39,0.722788,0.509346,22028.162109
40,0.679468,0.530014,22444.105469
41,0.678051,0.532585,22627.123047
42,0.666475,0.592331,22926.558594
43,0.725014,0.538619,23425.699219
44,0.723443,0.538363,23558.791016
45,0.722316,0.526871,23675.250000
46,0.727262,0.519194,24091.248047
47,0.725426,0.515053,24207.666016
48,0.723374,0.515277,24590.353516
0,0.722074,0.411714,415.887726
1,0.711464,0.405068,848.568542
2,0.713889,0.201475,1563.921387
3,0.654916,0.575212,2412.498047
4,0.620754,0.534736,2844.994141
5,0.566946,0.370729,3310.829346
6,0.533070,0.346639,3493.846924
7,0.460999,0.248895,4042.929688
8,0.256992,0.302313,5440.503418
9,0.255471,0.534294,5823.149414
10,0.215597,0.543664,6089.341797
11,0.154068,0.523096,6488.695801
12,0.159609,0.520354,6588.538574
13,0.105492,0.602616,6804.715820
14,0.099650,0.603514,6887.920410
15,0.064054,0.603361,7037.674316
16,0.067663,0.602136,7170.785156
17,0.046524,0.642693,7536.888672
18,0.989154,0.680247,7836.302246
19,0.964171,0.625510,8019.278809
20,0.923297,0.568807,8202.386719
21,0.938951,0.450043,8451.945312
22,0.427108,0.510239,9915.997070
23,0.413640,0.498568,10065.764648
24,0.459891,0.483829,10232.083008
25,0.517769,0.393485,10847.669922
26,0.555871,0.378282,11130.544922
27,0.675318,0.404675,11613.073242
28,0.761688,0.394483,11845.909180
29,0.731385,0.391149,12461.597656
30,0.739564,0.409593,12544.740234
31,0.781447,0.418141,12860.826172
32,0.861588,0.460064,13160.281250
33,0.728273,0.418391,13892.407227
34,0.716416,0.365133,14358.245117
35,0.705374,0.348558,14574.587891
36,0.710914,0.346140,14774.183594
37,0.718887,0.316819,14940.550781
38,0.772800,0.539765,15805.656250
39,0.801731,0.487479,16155.157227
40,0.801301,0.495524,16654.281250
41,0.778837,0.546579,17070.167969
42,0.784726,0.478080,17336.402344
43,0.772907,0.469848,17752.275391
44,0.786169,0.561434,18451.058594
45,0.812582,0.564585,19133.246094
46,0.790489,0.492250,19532.503906
47,0.749918,0.435562,19715.494141
48,0.775818,0.430942,20597.326172
49,0.793315,0.426328,21013.306641
50,0.763715,0.420677,21578.957031
51,0.736375,0.431559,22078.117188
52,0.724123,0.431812,22410.806641
53,0.727463,0.425173,22760.210938
54,0.730077,0.413257,23575.474609
55,0.730711,0.388164,23708.585938
56,0.706942,0.476228,24157.734375
57,0.697694,0.587482,24307.566406
58,0.699175,0.490612,24723.464844
0,0.771221,0.481278,282.854309
1,0.760798,0.372481,532.387817
2,0.723119,0.302272,781.968811
3,0.718080,0.284585,898.450195
4,0.643939,0.625730,1514.027954
5,0.598901,0.576478,1746.993042
6,0.772890,0.374261,2478.968750
7,0.922234,0.473565,2961.477051
8,0.001350,0.546649,3344.118164
9,0.073256,0.635104,3793.430420
10,0.741551,0.603823,4558.665039
11,0.697279,0.559942,4841.549805
12,0.629373,0.573934,5057.780273
13,0.607743,0.556276,5340.673828
14,0.610185,0.548209,5473.747559
15,0.577746,0.550100,5739.963867
16,0.517913,0.571525,6039.422363
17,0.523961,0.600760,6189.151367
18,0.527797,0.611741,6438.744141
19,0.530080,0.602220,6671.711914
20,0.475410,0.643302,6838.022461
21,0.422085,0.538466,7071.008301
22,0.411355,0.505131,7270.593750
23,0.373240,0.508527,7603.351562
24,0.223971,0.557204,8335.442383
25,0.226425,0.547418,8468.525391
26,0.230727,0.561473,8584.979492
27,0.199247,0.648306,8851.166016
28,0.737743,0.379057,10631.415039
29,0.717726,0.364920,10964.145508
30,0.680211,0.418983,11330.155273
31,0.702402,0.483301,11646.290039
32,0.745060,0.347415,11912.590820
33,0.759791,0.321284,12128.860352
34,0.735484,0.358864,12661.166992
35,0.666766,0.238367,12944.022461
36,0.553549,0.262646,13493.065430
37,0.571561,0.538143,13909.016602
38,0.496994,0.656403,14491.317383
39,0.503372,0.646679,14591.138672
40,0.991221,0.506500,15705.864258
41,0.000438,0.510322,15988.720703
42,0.057280,0.601461,16554.369141
43,0.060134,0.580459,16687.474609
44,0.075978,0.606923,16953.730469
45,0.059840,0.615245,17103.406250
46,0.123960,0.621022,17452.816406
47,0.046817,0.627142,17719.007812
48,0.987436,0.695509,18018.478516
49,0.060456,0.755376,18334.652344
50,0.165600,0.528526,19083.359375
51,0.184207,0.485747,19233.115234
52,0.283263,0.581038,19881.921875
53,0.120378,0.392331,20247.976562
54,0.104834,0.335255,20580.669922
55,0.068271,0.315874,20813.609375
56,0.993658,0.288244,21046.531250
57,0.522561,0.554509,23292.574219
58,0.497487,0.456860,23725.201172
59,0.471003,0.366371,23974.806641
60,0.462519,0.319437,24157.751953
61,0.443622,0.254862,24573.679688
62,0.439178,0.208421,24723.431641
0,0.729883,0.497905,33.303749
1,0.658662,0.570863,432.548096
2,0.673532,0.139564,1580.555420
3,0.767055,0.352445,2112.992432
4,0.763360,0.358853,2412.414551
5,0.719195,0.712468,3044.647949
6,0.511504,0.487658,4142.734863
7,0.484741,0.197851,4941.373535
8,0.461883,0.152024,5224.213867
9,0.446253,0.120748,5373.906250
10,0.529325,0.135551,5623.512207
11,0.502739,0.048663,5989.544434
12,0.709440,0.033246,6289.003906
13,0.497637,0.516643,7370.519531
14,0.460804,0.602140,7620.040039
15,0.458787,0.684092,7902.901855
16,0.346207,0.496194,8268.872070
17,0.354237,0.488512,8401.987305
18,0.433001,0.300023,9117.427734
19,0.442377,0.265752,9599.898438
20,0.433679,0.250920,10065.713867
21,0.493496,0.246926,10648.061523
22,0.444348,0.265062,10847.751953
23,0.479954,0.225009,11230.379883
24,0.452046,0.168546,11546.460938
25,0.422577,0.130635,11679.589844
26,0.392045,0.115249,11979.063477
27,0.391073,0.269712,12211.955078
28,0.337497,0.565481,12760.998047
29,0.310237,0.677156,12994.036133
30,0.319066,0.672344,13143.796875
31,0.254786,0.593336,13359.967773
32,0.226893,0.638533,13526.328125
33,0.209337,0.565110,13842.534180
34,0.211274,0.480657,14308.291016
35,0.146013,0.537922,14724.229492
36,0.161319,0.526293,15057.071289
37,0.131244,0.505718,15339.898438
38,0.136909,0.505308,15472.995117
39,0.109056,0.460233,15656.057617
40,0.110897,0.454493,15772.412109
41,0.078294,0.470437,15972.087891
42,0.098665,0.272910,16521.099609
43,0.066482,0.588406,16870.494141
44,0.044759,0.617907,17053.490234
45,0.957092,0.556108,17752.353516
46,0.947136,0.478167,17935.363281
47,0.949593,0.463744,18234.839844
48,0.961335,0.426459,18667.351562
49,0.972631,0.438236,18783.828125
50,0.914042,0.183129,19399.404297
51,0.907807,0.173707,19565.794922
52,0.861871,0.470628,20364.437500
53,0.985955,0.483015,21296.121094
54,0.111811,0.571362,21578.923828
55,0.077181,0.576022,21745.339844
56,0.073452,0.604885,22444.132812
57,0.075297,0.692509,23109.634766
58,0.079160,0.655672,23259.398438
59,0.194268,0.930014,24191.060547
60,0.471664,0.885992,24956.423828
