Idx, longitude, latitude, start timestamp
0,0.743283,0.510995,316.128479
1,0.740906,0.545094,549.073730
2,0.745638,0.566237,765.316223
3,0.799584,0.601451,1064.848999
4,0.800498,0.580887,1281.093262
5,0.861851,0.460118,1580.602295
6,0.913503,0.371393,2013.247070
7,0.927032,0.351349,2229.415039
8,0.964204,0.343517,2528.926270
9,0.988011,0.338632,2728.637939
10,0.984598,0.344476,2911.527100
11,0.998850,0.349112,3044.655518
12,0.023667,0.350696,3360.818848
13,0.040518,0.339486,3543.812988
14,0.952971,0.361389,3992.998779
15,0.976016,0.364557,4475.493652
16,0.987344,0.367210,4758.369629
17,0.001316,0.370868,4958.027344
18,0.958320,0.367863,5390.521484
19,0.932987,0.364373,5656.789551
20,0.922369,0.301734,6272.344727
21,0.914246,0.276317,6438.776855
22,0.935633,0.265788,6671.590820
23,0.895670,0.201915,6854.774902
24,0.849282,0.267278,7137.447754
25,0.854545,0.267539,7337.232422
26,0.841978,0.275475,7453.571289
27,0.818321,0.261108,7802.967285
28,0.821346,0.433927,8169.179199
29,0.845791,0.420366,8401.984375
30,0.873989,0.406192,8601.545898
31,0.869632,0.381429,8751.366211
32,0.810526,0.375807,9200.537109
33,0.772019,0.364448,9466.839844
34,0.745085,0.350471,9766.331055
35,0.704967,0.340790,10065.679688
36,0.660091,0.348126,10365.139648
37,0.615583,0.365860,10648.040039
38,0.595692,0.382677,11064.041016
39,0.498788,0.356342,12245.270508
40,0.503564,0.370476,12494.715820
41,0.513123,0.376149,12860.900391
42,0.515108,0.370283,12993.894531
43,0.496766,0.365529,13226.841797
44,0.495622,0.358888,13476.345703
45,0.492861,0.354239,13709.370117
46,0.511737,0.358183,14008.826172
47,0.483301,0.491845,14507.959961
48,0.483625,0.481276,14690.969727
49,0.484588,0.472478,14940.468750
50,0.479810,0.484657,15223.342773
51,0.451532,0.529156,15672.531250
52,0.439763,0.558792,15938.779297
53,0.376730,0.630102,16238.203125
54,0.374063,0.489756,16720.716797
55,0.409746,0.354998,17169.890625
56,0.413490,0.350798,17419.503906
57,0.429272,0.341537,17669.003906
58,0.429062,0.335889,17918.650391
59,0.449187,0.401892,18168.158203
60,0.350921,0.417290,19499.251953
61,0.394697,0.461270,19881.892578
62,0.437930,0.473353,20414.275391
63,0.481681,0.390844,20946.732422
64,0.510718,0.368074,21645.437500
65,0.520817,0.304517,22078.052734
66,0.521064,0.277638,22327.607422
67,0.513367,0.234798,22560.597656
68,0.492691,0.230420,22810.033203
69,0.481321,0.223336,23059.679688
70,0.515444,0.238635,23309.152344
71,0.535294,0.245105,23542.148438
0,0.750961,0.537385,316.208710
1,0.745193,0.542497,532.455261
2,0.766028,0.776171,1181.319702
3,0.753225,0.758030,1314.410767
4,0.498877,0.435457,2279.429443
5,0.495812,0.427901,2478.986328
6,0.487109,0.394205,2711.864990
7,0.500927,0.427068,2894.976807
8,0.483264,0.387828,3127.903809
9,0.501338,0.389284,3527.209961
10,0.482546,0.383882,4242.590332
11,0.500493,0.392915,4675.187988
12,0.486502,0.388281,4991.366211
13,0.472944,0.492215,5373.964844
14,0.475044,0.484760,5473.803223
15,0.525965,0.584622,5806.444336
16,0.522359,0.600471,5939.542969
17,0.499092,0.405288,6305.705566
18,0.490779,0.367892,6455.410156
19,0.503956,0.378012,6704.959473
20,0.518329,0.363914,7170.831055
21,0.563184,0.276980,7470.361328
22,0.484670,0.424737,7769.802246
23,0.044007,0.559457,10331.861328
24,0.073723,0.595168,10664.720703
25,0.904161,0.572420,12095.439453
26,0.499848,0.444588,14058.818359
27,0.473706,0.427922,14807.392578
28,0.480786,0.529687,15306.501953
29,0.481230,0.523782,15689.281250
30,0.466037,0.421752,16138.398438
31,0.369178,0.668726,17153.351562
32,0.362866,0.665048,17619.095703
33,0.565560,0.614614,18567.449219
34,0.511780,0.398132,19582.449219
35,0.497888,0.405735,20081.601562
36,0.482235,0.293736,20381.091797
37,0.483224,0.311814,20580.648438
38,0.465487,0.294621,21212.890625
39,0.565046,0.336584,22477.281250
40,0.829535,0.375285,24656.839844
41,0.927299,0.286762,24939.695312
0,0.736465,0.542915,299.390564
1,0.494001,0.501392,1181.223877
2,0.497481,0.502255,1297.698853
3,0.490204,0.459364,1480.721802
4,0.475751,0.435188,2279.251465
5,0.484269,0.432637,2811.746094
6,0.487943,0.431664,2977.981934
7,0.470723,0.437523,3394.045410
8,0.589001,0.422774,3726.750977
9,0.630436,0.418768,3926.365234
10,0.666405,0.412522,4076.151123
11,0.922398,0.566426,4974.577148
12,0.913357,0.559636,5141.004883
13,0.066240,0.629717,5739.826172
14,0.063432,0.624392,6006.091309
15,0.032539,0.553880,6288.996582
16,0.009215,0.524942,6754.927734
17,0.992985,0.505056,6937.867676
18,0.962973,0.411309,7387.000977
19,0.950124,0.395545,7586.764160
20,0.914501,0.416216,7936.092285
21,0.893047,0.319129,8168.933594
22,0.884733,0.249939,8352.029297
23,0.845769,0.410382,8801.199219
24,0.817844,0.460202,9100.669922
25,0.802119,0.540808,9366.898438
26,0.780736,0.595434,9516.651367
27,0.782469,0.587672,9666.424805
28,0.917906,0.565154,10481.738281
29,0.013332,0.533427,10914.176758
30,0.585044,0.540368,12627.846680
31,0.518536,0.610481,12894.154297
32,0.405353,0.576480,13476.477539
33,0.329686,0.536817,13942.239258
34,0.499298,0.490478,14457.940430
35,0.497603,0.456614,14591.116211
36,0.510864,0.459146,15456.241211
37,0.503672,0.456715,15722.560547
38,0.511865,0.449652,16487.912109
39,0.495616,0.452200,17153.300781
40,0.507001,0.459851,17669.029297
41,0.505064,0.456499,18700.566406
42,0.506225,0.458043,19549.130859
43,0.511457,0.484473,20247.935547
44,0.205660,0.575441,21262.833984
45,0.212021,0.581125,21445.779297
46,0.156995,0.546304,22128.035156
47,0.129315,0.417573,22860.003906
48,0.129415,0.373247,23093.015625
49,0.127989,0.333350,23325.830078
50,0.182361,0.300431,23641.978516
51,0.203475,0.301103,23791.757812
52,0.211977,0.311831,24041.240234
53,0.270957,0.433620,24324.113281
0,0.757491,0.499155,66.575790
1,0.703600,0.308810,515.790955
2,0.692762,0.258434,798.610596
3,0.949119,0.626640,1946.597778
4,0.938084,0.514786,2162.901123
5,0.945549,0.412988,2362.596436
6,0.966965,0.415165,2562.202637
7,0.982776,0.358166,2861.774170
8,0.983711,0.351313,3078.064209
9,0.937176,0.439568,3510.618408
10,0.912587,0.526533,3676.975098
11,0.794197,0.437112,4126.121582
12,0.700828,0.747445,4625.259766
13,0.597780,0.811842,4991.293945
14,0.547651,0.843647,5224.281250
15,0.514217,0.741981,5390.615723
16,0.512940,0.685296,5706.715332
17,0.439537,0.680559,6355.614746
18,0.329943,0.435549,8435.294922
19,0.398379,0.317865,9217.296875
20,0.321105,0.542609,9699.828125
21,0.246050,0.497645,10864.406250
22,0.294151,0.475190,11646.372070
23,0.366791,0.351563,12128.832031
24,0.387518,0.331081,12578.106445
25,0.490161,0.291944,13825.823242
26,0.473239,0.296363,14324.919922
27,0.574754,0.367360,15323.166016
28,0.598535,0.407888,15556.157227
29,0.625702,0.531587,15888.936523
30,0.627096,0.514968,16254.927734
31,0.660159,0.573487,16853.882812
32,0.646711,0.394666,17486.158203
33,0.457116,0.432737,18517.671875
34,0.456979,0.423682,18717.308594
35,0.488847,0.403321,19016.769531
36,0.485495,0.495274,19931.855469
37,0.524866,0.326446,20713.859375
38,0.438981,0.542645,21861.865234
39,0.408193,0.573750,22360.933594
40,0.426221,0.541795,22593.873047
41,0.462604,0.519387,22943.330078
42,0.505010,0.526644,23325.914062
43,0.493795,0.393418,23808.462891
44,0.472730,0.471519,24057.947266
45,0.520583,0.457124,24540.441406
0,0.729438,0.460521,16.780802
1,0.743447,0.506249,299.487518
2,0.790249,0.542285,482.545319
3,0.939869,0.544695,1364.399170
4,0.906449,0.550951,1580.644409
5,0.048346,0.559223,1946.598877
6,0.073899,0.593012,2246.146240
7,0.014275,0.497441,2562.234619
8,0.984966,0.456565,2761.895264
9,0.941580,0.406937,2961.577393
10,0.922324,0.395404,3211.072021
11,0.902118,0.405992,3460.696777
12,0.941551,0.414094,3710.254883
13,0.929270,0.474850,3976.471191
14,0.878771,0.521661,4242.684082
15,0.874955,0.527336,4575.455566
16,0.793407,0.554061,4958.050293
17,0.776041,0.521585,5307.417480
18,0.805002,0.495293,5540.506836
19,0.711520,0.558196,5856.618652
20,0.662278,0.567061,6106.088867
21,0.665137,0.555973,6255.798828
22,0.600393,0.553127,6455.452148
23,0.502728,0.539314,7004.629395
24,0.501212,0.555456,7270.690918
25,0.454533,0.563358,7603.424316
26,0.420383,0.573922,7836.520508
27,0.377057,0.578873,8069.314941
28,0.332485,0.593293,8335.550781
29,0.376414,0.634213,8684.887695
30,0.422597,0.581081,9034.279297
31,0.430321,0.544564,9233.873047
32,0.440841,0.444349,9749.824219
33,0.441769,0.423537,9932.763672
34,0.500426,0.417846,10182.355469
35,0.476926,0.399865,10365.288086
36,0.401914,0.407780,10664.778320
37,0.434748,0.396282,10947.590820
38,0.473007,0.391690,11197.238281
39,0.498130,0.400048,11529.967773
40,0.483214,0.405661,11729.713867
41,0.426008,0.516857,11962.512695
42,0.394308,0.522898,12228.745117
43,0.472169,0.501349,12511.620117
44,0.483539,0.491999,12744.506836
45,0.427804,0.436860,13243.708008
46,0.402976,0.421378,13443.222656
47,0.411531,0.403432,13626.179688
48,0.470440,0.375000,13842.613281
49,0.488558,0.283384,14191.927734
50,0.489658,0.256620,14374.986328
51,0.440037,0.295851,14674.458984
52,0.412317,0.360606,15423.155273
53,0.498333,0.334802,15656.046875
54,0.587052,0.356930,15888.927734
55,0.699418,0.395950,16704.265625
56,0.765410,0.391164,16970.390625
57,0.830977,0.419550,17270.009766
58,0.851371,0.418514,17536.130859
59,0.896469,0.445593,17885.539062
60,0.936258,0.444304,18118.404297
61,0.943770,0.414460,18284.802734
62,0.960077,0.387387,18484.378906
63,0.969822,0.388539,18684.162109
64,0.892519,0.255022,19066.773438
65,0.046523,0.297530,19499.349609
66,0.051686,0.275511,19732.240234
67,0.059529,0.391618,20081.623047
68,0.004798,0.456203,20680.623047
69,0.941309,0.488424,21645.583984
70,0.904760,0.559698,22144.720703
71,0.539315,0.505886,24939.810547
0,0.734339,0.434452,415.973724
1,0.496175,0.414011,1247.859497
2,0.477414,0.387076,1397.629639
3,0.481151,0.323716,1563.956177
4,0.471701,0.302515,1813.622925
5,0.464363,0.317695,2029.885986
6,0.498119,0.315963,2529.057617
7,0.497149,0.365754,2845.097656
8,0.486949,0.326249,3493.918457
9,0.474121,0.289400,3627.057617
10,0.090735,0.256834,10797.850586
11,0.474611,0.286477,13775.896484
12,0.601385,0.362265,18667.439453
13,0.604020,0.321908,18900.265625
14,0.523264,0.426148,19366.167969
15,0.500087,0.382122,19649.027344
16,0.491828,0.302505,19865.244141
17,0.492112,0.301505,19965.138672
0,0.759669,0.572078,415.906616
1,0.795063,0.678060,648.842407
2,0.798173,0.656083,1114.672607
3,0.798500,0.656113,1330.964966
4,0.792766,0.661833,1464.055176
5,0.786029,0.642022,1880.029175
6,0.731273,0.552851,2229.399414
7,0.737810,0.547452,2861.620117
8,0.810092,0.465228,3310.843750
9,0.823228,0.308670,3976.346191
10,0.777954,0.291405,4309.108398
11,0.739503,0.241876,4575.308105
12,0.733646,0.213764,4824.862793
13,0.384188,0.045949,5623.470703
14,0.417188,0.084921,5889.704102
15,0.366509,0.087329,6039.413574
16,0.351717,0.074278,6272.327637
17,0.841182,0.409682,6621.733398
18,0.878538,0.586162,7553.453613
19,0.875410,0.571151,7636.644531
20,0.893940,0.580979,7836.297852
21,0.930801,0.608126,8052.578125
22,0.932446,0.518752,8368.657227
23,0.933708,0.466337,8601.580078
24,0.922738,0.410012,8901.083008
25,0.980233,0.507858,9233.848633
26,0.990939,0.573219,9500.041016
27,0.047853,0.633323,9832.795898
28,0.056494,0.665583,9965.898438
29,0.054029,0.649814,10115.619141
30,0.079464,0.730728,10298.623047
31,0.072254,0.747053,10714.554688
32,0.066480,0.770668,10831.038086
33,0.071401,0.779731,11080.609375
34,0.083313,0.801104,11463.257812
35,0.090371,0.811521,11629.642578
36,0.091890,0.827152,11796.024414
37,0.109197,0.831854,11962.427734
38,0.916913,0.579729,13093.739258
39,0.921933,0.591109,13226.894531
40,0.926366,0.615119,13393.240234
41,0.871537,0.576251,13909.005859
42,0.849998,0.581818,14108.638672
43,0.826522,0.421047,14358.211914
44,0.805442,0.403843,14641.083984
45,0.523058,0.490708,15672.602539
46,0.479874,0.469730,15955.401367
47,0.474673,0.407113,16288.196289
48,0.469211,0.510047,16537.722656
49,0.483706,0.484647,16903.746094
50,0.431330,0.497079,17336.363281
51,0.487365,0.464580,17585.894531
52,0.475544,0.561069,17918.640625
53,0.478943,0.538601,18218.146484
54,0.545720,0.513079,18534.269531
55,0.504279,0.438654,18916.890625
56,0.493380,0.405688,19183.093750
57,0.514360,0.315167,19399.390625
58,0.539510,0.298776,19632.359375
59,0.525343,0.336705,20064.886719
60,0.484132,0.352571,20331.095703
61,0.461553,0.343967,20480.841797
62,0.481901,0.339398,21662.109375
63,0.457092,0.310491,22410.808594
64,0.544011,0.631664,22976.480469
65,0.486186,0.634408,23192.759766
66,0.397799,0.417543,23741.806641
67,0.388595,0.394902,24024.636719
68,0.357126,0.424583,24174.371094
69,0.429469,0.558444,24623.589844
0,0.753308,0.537562,432.703918
1,0.789991,0.595689,715.485352
2,0.781827,0.608818,948.426392
3,0.773987,0.654614,1181.353149
4,0.758465,0.667463,1331.034058
5,0.616653,0.490274,1680.425415
6,0.497887,0.383509,2395.947998
7,0.488878,0.334975,2645.463379
8,0.508743,0.331794,3377.483154
9,0.511408,0.411266,3810.077148
10,0.501207,0.394941,3993.119141
11,0.482519,0.341206,4192.815430
12,0.493421,0.340041,4891.526855
13,0.503544,0.392962,5257.571289
14,0.551146,0.605734,5690.104492
15,0.522111,0.646366,5889.773438
16,0.556672,0.705224,6305.721191
17,0.543753,0.674598,6671.756836
18,0.483713,0.363535,7037.736328
19,0.552716,0.305339,7403.863281
20,0.560506,0.169823,8385.459961
21,0.535809,0.183855,8535.174805
22,0.574990,0.261979,8768.097656
23,0.462921,0.238164,9034.261719
24,0.437473,0.235461,9184.097656
25,0.453634,0.248125,9633.241211
26,0.496663,0.258186,9866.184570
27,0.507347,0.265492,10049.172852
28,0.415085,0.538176,10515.041992
29,0.476040,0.526591,10881.042969
30,0.477442,0.516370,11064.055664
31,0.383732,0.644613,11263.709961
32,0.361754,0.607932,11496.633789
33,0.412716,0.712982,12128.855469
34,0.386001,0.772865,12345.178711
35,0.368788,0.771037,12594.711914
36,0.377517,0.796004,13043.955078
37,0.393234,0.771196,13393.327148
38,0.415621,0.492303,13726.105469
39,0.399510,0.424121,14008.920898
40,0.390717,0.354038,14208.544922
41,0.395965,0.323594,14391.564453
42,0.400440,0.304013,14557.954102
43,0.619853,0.376595,15173.539062
44,0.955560,0.415190,16271.616211
45,0.951309,0.411381,16404.708984
46,0.988927,0.500311,16604.378906
47,0.986002,0.506683,16770.736328
48,0.052023,0.571482,17003.666016
49,0.070838,0.651057,17269.861328
50,0.060151,0.618985,17902.142578
51,0.015540,0.300813,18950.253906
52,0.969243,0.287717,19133.267578
53,0.967009,0.368142,19432.763672
54,0.968485,0.430467,19732.246094
55,0.945897,0.441355,20181.457031
56,0.885437,0.441311,20564.099609
57,0.833866,0.421525,20863.591797
58,0.496766,0.440794,21961.656250
59,0.475911,0.450795,22244.525391
60,0.462083,0.519907,22460.826172
61,0.499692,0.430198,23009.857422
62,0.489825,0.339132,23226.115234
63,0.458602,0.347502,23658.714844
64,0.443379,0.328814,23941.550781
65,0.488888,0.370390,24523.878906
0,0.743364,0.467556,349.474030
1,0.741440,0.487269,449.238922
2,0.739979,0.557230,698.866272
3,0.718677,0.790783,1547.363647
4,0.809803,0.470856,2179.602783
5,0.802949,0.463610,2296.047119
6,0.820140,0.428824,2612.172852
7,0.822693,0.424572,2861.738037
8,0.838378,0.278134,3111.259277
9,0.845419,0.248073,3294.308105
10,0.846435,0.229293,3510.566162
11,0.853277,0.360485,3776.806641
12,0.892717,0.485586,4009.697754
13,0.904875,0.540823,4292.602051
14,0.907672,0.553403,4458.946289
15,0.920776,0.528602,4725.114258
16,0.927217,0.563166,4991.308594
17,0.922642,0.567005,5290.883301
18,0.927149,0.549328,5690.126465
19,0.999748,0.522725,5956.299316
20,0.063515,0.646128,6688.341309
21,0.056203,0.633441,6871.343262
22,0.052044,0.631854,7087.741699
23,0.048020,0.567287,7303.961426
24,0.044894,0.464545,7603.427734
25,0.058279,0.427728,7736.502930
26,0.107747,0.317942,8035.999023
27,0.114833,0.212931,8485.211914
28,0.179981,0.522559,9150.741211
29,0.176702,0.507185,9250.538086
30,0.175576,0.473838,9450.202148
31,0.222505,0.546244,9816.218750
32,0.234987,0.470972,10315.377930
33,0.268621,0.335406,10648.103516
34,0.308855,0.309622,10980.865234
35,0.402678,0.600323,11796.137695
36,0.438088,0.513270,12128.844727
37,0.445984,0.472255,12711.177734
38,0.374042,0.432709,12894.166992
39,0.370251,0.441346,12994.018555
40,0.371896,0.459465,13160.355469
41,0.840214,0.177758,15173.519531
42,0.842705,0.167408,15273.335938
43,0.836231,0.160920,15389.807617
44,0.803335,0.399019,15888.920898
45,0.754185,0.344452,16105.246094
46,0.703791,0.511171,16787.357422
47,0.663426,0.553419,16970.396484
48,0.634859,0.573165,17319.773438
49,0.520515,0.474900,17735.714844
50,0.488018,0.435356,17952.011719
51,0.482644,0.408730,18384.580078
52,0.475486,0.389344,18584.230469
53,0.477142,0.383475,18684.048828
54,0.478351,0.371895,18850.449219
55,0.479827,0.362790,18983.533203
56,0.473041,0.331130,19133.285156
57,0.468008,0.313856,19249.740234
58,0.464423,0.318723,19449.382812
59,0.486981,0.323498,19715.599609
60,0.472105,0.314906,20064.972656
61,0.496961,0.324958,20347.812500
62,0.502197,0.381217,20630.650391
63,0.499954,0.384685,21279.533203
64,0.496909,0.398970,21429.250000
65,0.472990,0.488771,21662.173828
66,0.496868,0.406542,22028.207031
67,0.483501,0.318211,22344.339844
68,0.482784,0.318418,22510.705078
69,0.513138,0.315749,22710.341797
70,0.502611,0.310338,23076.388672
71,0.490979,0.297883,23309.312500
72,0.495671,0.339541,23658.732422
73,0.495155,0.315693,23974.853516
74,0.493358,0.309938,24274.265625
75,0.493586,0.306094,24640.308594
0,0.796391,0.536703,332.722229
1,0.793529,0.547375,482.528961
2,0.751742,0.736095,1347.613525
3,0.492425,0.453550,2395.822510
4,0.487344,0.431700,2595.408936
5,0.491090,0.427627,2761.794434
6,0.485147,0.409816,2878.308350
7,0.488335,0.422257,3610.371338
8,0.505574,0.404893,3826.653809
9,0.546086,0.421334,4042.934082
10,0.492174,0.473589,4242.554688
11,0.473763,0.518326,4425.678711
12,0.352558,0.603672,5190.875977
13,0.528151,0.405197,6289.020020
14,0.743161,0.526717,7054.331055
15,0.759363,0.521922,7220.704590
16,0.055179,0.617705,9267.145508
17,0.109131,0.780927,9583.208008
18,0.042636,0.592588,9832.856445
19,0.022777,0.534535,10265.333008
20,0.043276,0.463697,10514.948242
21,0.000512,0.519323,10847.682617
22,0.279647,0.908968,11779.440430
23,0.203466,0.925652,12095.471680
24,0.173281,0.926762,12211.988281
25,0.086263,0.887701,12528.102539
26,0.338226,0.519144,14358.290039
27,0.313372,0.491667,14524.563477
28,0.194589,0.558982,14940.500000
29,0.210977,0.559345,15106.952148
30,0.223895,0.519475,15323.189453
31,0.210138,0.552017,15539.520508
32,0.261422,0.490714,15905.489258
33,0.266631,0.479943,16121.793945
34,0.448858,0.504609,16670.835938
35,0.486160,0.509249,16953.654297
36,0.513312,0.474387,17186.585938
37,0.501290,0.441806,17369.607422
38,0.524665,0.421000,18051.750000
39,0.484594,0.417458,18334.574219
40,0.478960,0.524038,18683.982422
41,0.449723,0.568986,19166.470703
42,0.462189,0.593299,19549.128906
43,0.509236,0.482226,19915.164062
44,0.601655,0.460796,20497.484375
45,0.505885,0.468525,21113.093750
46,0.521101,0.420125,21345.984375
47,0.543290,0.408381,21578.917969
48,0.513524,0.463899,21845.111328
49,0.494738,0.492146,22044.773438
50,0.502960,0.480511,22860.000000
51,0.337127,0.413038,23775.089844
52,0.353543,0.497096,23924.833984
53,0.356504,0.529796,24107.835938
54,0.414368,0.549201,24540.412109
0,0.768880,0.513133,49.975636
1,0.741262,0.526158,532.442871
2,0.749806,0.431588,1064.857544
3,0.782621,0.348524,1297.831665
4,0.944345,0.559163,2129.701172
5,0.940347,0.574119,2246.118652
6,0.049715,0.579419,2894.993408
7,0.063941,0.618941,3061.452148
8,0.075206,0.742829,4126.163086
9,0.096897,0.780198,4325.839844
10,0.102684,0.520403,4874.870117
11,0.098687,0.523033,5007.953613
12,0.055019,0.480724,5240.887207
13,0.498461,0.466640,7004.462891
14,0.476043,0.432300,7287.334473
15,0.458166,0.428622,7503.616699
16,0.485448,0.411567,8019.394043
17,0.476224,0.522574,8285.573242
18,0.464752,0.527875,8618.355469
19,0.506094,0.429563,8801.321289
20,0.493409,0.427943,9134.098633
21,0.494545,0.481823,9466.823242
22,0.473031,0.512363,9749.689453
23,0.392655,0.568226,10065.783203
24,0.353626,0.585146,10348.621094
25,0.328908,0.520956,10664.756836
26,0.327564,0.468217,10897.682617
27,0.293276,0.499959,11130.579102
28,0.296503,0.423826,11363.514648
29,0.281358,0.405942,11613.083984
30,0.272009,0.538934,11979.102539
31,0.215910,0.570345,12178.750977
32,0.222173,0.538898,12578.064453
33,0.269353,0.505531,12894.191406
34,0.290983,0.479726,13343.408203
35,0.354037,0.527621,13659.494141
36,0.376276,0.586565,13909.081055
37,0.438142,0.544802,14208.548828
38,0.489920,0.508691,14524.676758
39,0.516629,0.562213,15173.550781
40,0.533468,0.577866,15506.287109
41,0.559543,0.542119,15855.670898
42,0.586056,0.520567,16221.709961
43,0.601285,0.516603,16537.814453
44,0.545561,0.362966,18534.328125
45,0.558422,0.485400,19033.476562
46,0.566693,0.544243,19316.287109
47,0.634768,0.579853,19898.621094
48,0.624165,0.521247,20098.244141
49,0.606312,0.460143,20480.927734
50,0.678521,0.529358,20780.388672
51,0.700720,0.532695,21212.984375
52,0.762352,0.550670,21529.093750
53,0.810393,0.563988,22044.849609
54,0.801861,0.551504,22194.621094
55,0.825242,0.501455,22577.279297
56,0.950427,0.574503,23126.285156
57,0.911647,0.535283,23475.677734
58,0.918016,0.430893,23725.257812
59,0.896457,0.374685,23941.531250
60,0.860954,0.349587,24141.218750
61,0.901975,0.234513,24390.757812
62,0.898554,0.208039,24690.250000
0,0.726781,0.552012,16.675739
1,0.740099,0.538143,349.436249
2,0.791158,0.555798,632.351990
3,0.747627,0.773118,1364.339844
4,0.821352,0.898068,1697.071899
5,0.004232,0.920030,1946.628296
6,0.739548,0.644905,2695.373291
7,0.556472,0.504315,3493.895996
8,0.517207,0.505066,3660.397705
9,0.485724,0.456082,3859.954834
10,0.489080,0.436593,4042.948730
11,0.465642,0.403157,4342.500000
12,0.467539,0.417560,4458.921387
13,0.471310,0.416133,4592.091797
14,0.492669,0.396400,4908.128906
15,0.480600,0.441270,5324.103027
16,0.491316,0.435701,5623.561035
17,0.494968,0.431475,5723.376465
18,0.480080,0.381730,5906.398438
19,0.514350,0.245291,6322.331055
20,0.486771,0.272865,6505.338867
21,0.535413,0.269483,6904.634277
22,0.487704,0.252034,7187.519043
23,0.414312,0.269644,7420.445312
24,0.650616,0.209483,7703.265137
25,0.691586,0.165100,7836.348633
26,0.734749,0.129440,8035.965332
27,0.825256,0.145640,8335.440430
28,0.004568,0.485098,9416.954102
29,0.059099,0.522554,9699.849609
30,0.055991,0.574486,10015.876953
31,0.082443,0.661466,10548.246094
32,0.084583,0.673695,10731.274414
33,0.111495,0.703827,10997.471680
34,0.111316,0.706938,11230.483398
35,0.047448,0.594430,11396.789062
36,0.048952,0.571445,11596.408203
37,0.015091,0.526322,12511.539062
38,0.895850,0.591111,12844.282227
39,0.766553,0.539511,13642.883789
40,0.732770,0.527491,13942.355469
41,0.728194,0.536537,14092.061523
42,0.718245,0.534454,14491.366211
43,0.815704,0.462204,14790.860352
44,0.854442,0.397184,15007.165039
45,0.860068,0.349542,15190.133789
46,0.061184,0.451198,16005.382812
47,0.045948,0.417016,16138.476562
48,0.118371,0.443106,16421.332031
49,0.323630,0.501790,17985.269531
50,0.275996,0.531837,18334.753906
51,0.202602,0.547472,18667.449219
52,0.195392,0.551577,18800.500000
53,0.141823,0.516415,19149.892578
54,0.154200,0.519965,19316.283203
55,0.159886,0.519894,19466.029297
56,0.033577,0.608687,19881.992188
57,0.045356,0.588523,20064.990234
58,0.111914,0.497715,20547.447266
59,0.135451,0.480802,20747.187500
60,0.122837,0.485763,21063.208984
61,0.183896,0.535657,21429.259766
62,0.278951,0.426313,22161.314453
63,0.313233,0.385406,22494.089844
64,0.393134,0.340029,22893.339844
65,0.433926,0.335835,23093.017578
66,0.491412,0.303860,23375.869141
67,0.480694,0.293756,23558.832031
68,0.541970,0.269631,23775.193359
69,0.629296,0.413557,24224.371094
70,0.651655,0.480706,24540.572266
0,0.751817,0.530934,332.751038
1,0.805211,0.573496,598.934143
2,0.806548,0.560337,815.267212
3,0.946914,0.553624,1414.202026
4,0.078616,0.629493,2212.798828
5,0.112738,0.766423,2662.039551
6,0.109356,0.816653,2928.296143
7,0.244873,0.575453,3460.600098
8,0.517631,0.514343,4475.581543
9,0.509262,0.500539,4625.248535
10,0.525722,0.460108,4758.356934
11,0.517882,0.435633,5007.906250
12,0.544634,0.415349,5507.016113
13,0.556752,0.397099,5939.648438
14,0.588504,0.571107,6222.540527
15,0.588884,0.568928,6322.382324
16,0.663223,0.608960,6655.050293
17,0.655226,0.600174,6771.534668
18,0.686880,0.544101,7054.318359
19,0.758626,0.551974,7320.531250
20,0.754811,0.547443,7586.733398
21,0.813690,0.556161,7852.916992
22,0.775757,0.429388,8268.862305
23,0.721393,0.364399,8451.918945
24,0.722897,0.313453,8768.102539
25,0.499860,0.443224,9483.510742
26,0.517993,0.447561,10065.770508
27,0.504915,0.429315,10348.651367
28,0.495257,0.429263,10897.632812
29,0.515422,0.435297,11113.932617
30,0.527502,0.444752,11629.707031
31,0.498409,0.400892,11979.053711
32,0.488505,0.399395,12211.972656
33,0.518122,0.460616,12578.001953
34,0.533183,0.441584,12877.591797
35,0.533655,0.421833,13193.621094
36,0.503927,0.424099,13626.164062
37,0.404567,0.389507,14158.608398
38,0.355934,0.393848,14674.442383
39,0.337264,0.359375,14940.634766
40,0.319851,0.496573,15156.836914
41,0.317786,0.505177,15240.019531
42,0.052044,0.640199,16121.870117
43,0.046778,0.654977,16238.302734
44,0.151064,0.784534,16487.880859
45,0.180857,0.834994,16670.849609
46,0.259361,0.657099,16937.093750
47,0.254555,0.659262,17253.167969
48,0.381589,0.605897,17585.914062
49,0.432021,0.606780,17885.378906
50,0.452088,0.537167,18101.746094
51,0.556708,0.604662,18467.732422
52,0.505123,0.668145,19199.781250
53,0.512477,0.663115,19349.607422
54,0.748337,0.565726,20064.953125
55,0.496877,0.455256,20780.343750
56,0.505056,0.434662,21379.343750
57,0.489422,0.397217,21745.335938
58,0.507618,0.475126,22211.156250
59,0.481235,0.519002,22543.908203
60,0.517853,0.463979,23076.416016
61,0.531294,0.475021,23525.529297
62,0.542508,0.419204,23741.839844
63,0.550221,0.400318,24290.929688
0,0.771643,0.652265,116.492905
1,0.746865,0.594624,349.380005
2,0.743589,0.557975,582.286438
3,0.744411,0.567584,1197.912598
4,0.732200,0.537328,1414.229248
5,0.730513,0.511991,1730.277588
6,0.739734,0.456968,1946.661133
7,0.742644,0.437971,2096.305908
8,0.801087,0.578845,2512.262207
9,0.837199,0.525034,2728.573242
10,0.936439,0.595276,3560.457031
11,0.949640,0.509229,3943.116455
12,0.942679,0.415562,4309.195312
13,0.928659,0.383363,4442.258789
14,0.779026,0.554974,5224.250488
15,0.741134,0.553262,5606.894043
16,0.580426,0.550512,6671.646973
17,0.563466,0.532950,7021.043457
18,0.497906,0.502915,7370.424805
19,0.488188,0.471208,7503.578125
20,0.492119,0.466687,7736.452637
21,0.466372,0.514641,8002.691406
22,0.477323,0.527611,8302.164062
23,0.497937,0.462034,8468.503906
24,0.483181,0.421084,8684.810547
25,0.478999,0.418997,8951.007812
26,0.490840,0.410895,9267.216797
27,0.537142,0.399118,9566.613281
28,0.479992,0.417284,9782.879883
29,0.471908,0.422157,10165.541016
30,0.490515,0.473380,10481.661133
31,0.484063,0.415676,10731.260742
32,0.339767,0.627548,11912.539062
33,0.097670,0.492564,13409.862305
34,0.091443,0.455932,13626.250000
35,0.080045,0.520396,13859.128906
36,0.031742,0.554002,14175.240234
37,0.023450,0.559778,14308.372070
38,0.027592,0.635642,14774.219727
39,0.962643,0.515705,15273.340820
40,0.050709,0.651100,16071.896484
41,0.419883,0.821477,17319.773438
42,0.435580,0.554026,17702.421875
43,0.448341,0.527773,18218.130859
44,0.505900,0.499013,18584.166016
45,0.509351,0.466057,18800.531250
46,0.497569,0.412878,18983.500000
47,0.482015,0.416917,19216.425781
48,0.536909,0.404198,19432.703125
49,0.500225,0.420791,19782.121094
50,0.531096,0.415160,20064.970703
51,0.604750,0.634108,21495.859375
52,0.337150,0.553162,22976.542969
53,0.326509,0.525114,23209.416016
54,0.337184,0.444312,23442.371094
55,0.350697,0.276110,24107.935547
0,0.743059,0.548716,266.226410
1,0.721060,0.425577,782.098145
2,0.738675,0.416909,998.312500
3,0.743291,0.428593,1247.891479
4,0.787288,0.541026,1564.047485
5,0.795151,0.552595,1680.449951
6,0.753251,0.525647,1963.311523
7,0.699981,0.531003,2296.011963
8,0.697651,0.432877,2728.615967
9,0.708303,0.403069,2894.982422
10,0.717730,0.403905,3094.604004
11,0.714567,0.382956,3344.269775
12,0.722528,0.459638,3726.830566
13,0.681335,0.452384,4209.412598
14,0.664973,0.441462,4492.235352
15,0.655646,0.445307,4775.001465
16,0.652024,0.437759,5041.231445
17,0.660305,0.481462,5174.324219
18,0.670824,0.563843,5390.598633
19,0.635551,0.580904,5839.886719
20,0.739855,0.694065,6505.353516
21,0.775268,0.732762,6754.911621
22,0.777883,0.732251,6921.290527
23,0.665292,0.553420,7470.350586
24,0.657564,0.529945,7620.032227
25,0.626256,0.530573,7936.153320
26,0.545625,0.538674,8535.097656
27,0.553412,0.538544,8684.924805
28,0.556939,0.505700,8951.092773
29,0.588166,0.459970,9134.059570
30,0.599441,0.452786,9416.938477
31,0.587433,0.431253,9866.110352
32,0.584995,0.384046,10049.129883
33,0.514985,0.473131,10847.790039
34,0.495553,0.505476,11097.283203
35,0.499166,0.472429,11363.514648
36,0.476652,0.540136,11712.910156
37,0.485807,0.447069,11929.170898
38,0.491448,0.415766,12062.270508
39,0.473191,0.428764,12295.188477
40,0.475202,0.421231,12761.052734
41,0.505602,0.406841,12960.708984
42,0.510723,0.408474,13143.745117
43,0.527029,0.284018,13559.674805
44,0.495907,0.319930,13775.985352
45,0.465431,0.304727,14075.414062
46,0.457445,0.294346,14424.909180
47,0.509562,0.532149,14907.323242
48,0.514676,0.552563,15156.939453
49,0.474120,0.530541,15373.236328
50,0.471814,0.534623,15622.796875
51,0.475691,0.528682,15789.090820
52,0.476704,0.539060,15955.521484
53,0.500611,0.468615,16471.267578
54,0.506749,0.449292,16654.244141
55,0.502902,0.482578,16953.759766
56,0.492566,0.501484,17086.921875
57,0.509183,0.413924,17452.925781
58,0.535462,0.411915,17652.585938
59,0.533090,0.401898,18001.880859
60,0.499915,0.397376,18318.105469
61,0.504747,0.398982,18634.173828
62,0.485638,0.409233,18850.445312
63,0.532505,0.410616,19149.949219
64,0.475484,0.518288,19499.322266
65,0.478851,0.513430,19948.482422
66,0.523457,0.599236,20364.505859
67,0.533567,0.603683,20730.515625
68,0.524629,0.611097,20996.664062
69,0.516503,0.584250,21412.662109
70,0.442571,0.575654,21761.980469
71,0.414426,0.552045,22194.589844
72,0.429580,0.510428,22527.375000
73,0.439759,0.505043,22677.107422
74,0.444038,0.495598,22876.742188
75,0.409637,0.470189,23159.605469
76,0.403719,0.429934,23608.792969
77,0.405714,0.389619,23741.970703
78,0.414312,0.372143,23891.669922
79,0.391543,0.429537,24191.123047
80,0.381110,0.439552,24407.417969
0,0.568524,0.562865,1197.926758
1,0.511781,0.513561,1547.326538
2,0.485163,0.444792,1746.957031
3,0.486027,0.412053,1913.417114
4,0.477643,0.372621,2063.053711
5,0.524453,0.399759,2695.293457
6,0.558860,0.295214,3044.687256
7,0.641921,0.394850,3360.766846
8,0.554006,0.543322,3876.590088
9,0.484855,0.517669,4159.426758
10,0.459806,0.549696,4442.275879
11,0.552361,0.592479,4808.245605
12,0.865588,0.511339,6022.810547
13,0.905498,0.471223,6388.886230
14,0.937082,0.546117,6621.767090
15,0.929423,0.557168,6754.888184
16,0.904523,0.552089,6921.232422
17,0.974616,0.434286,7204.045898
18,0.902276,0.531739,7769.730957
19,0.899233,0.569872,7869.603027
20,0.931970,0.570433,8235.593750
21,0.932327,0.446917,8718.083008
22,0.905680,0.383029,9050.839844
23,0.838887,0.377285,9500.053711
24,0.888958,0.412314,10049.093750
25,0.000214,0.492092,10548.200195
26,0.048728,0.561074,10914.237305
27,0.050307,0.571069,11063.975586
28,0.075750,0.649588,11479.911133
29,0.075815,0.630426,11779.408203
30,0.066829,0.613265,12211.973633
31,0.051416,0.604484,12395.000000
32,0.753710,0.712240,13226.863281
33,0.556282,0.508213,13942.280273
34,0.512914,0.506136,14408.165039
35,0.551168,0.381285,14923.900391
36,0.633307,0.380823,15406.391602
37,0.668055,0.396686,15739.132812
38,0.706908,0.433197,16121.838867
39,0.702236,0.433714,16304.812500
40,0.728419,0.418398,16604.292969
41,0.743878,0.518927,17003.607422
42,0.681642,0.536451,17352.984375
43,0.689317,0.465246,17852.136719
44,0.694880,0.444891,18168.238281
45,0.724041,0.365764,18750.531250
46,0.688585,0.447518,19648.986328
47,0.744616,0.457604,20580.794922
48,0.681649,0.485174,21229.568359
49,0.681321,0.524333,21362.679688
50,0.755096,0.401932,21612.242188
51,0.752385,0.379220,21895.083984
52,0.744393,0.390462,22394.189453
53,0.711723,0.435304,22560.595703
54,0.745137,0.451989,23109.605469
55,0.729879,0.454676,24207.675781
0,0.772696,0.378683,99.822197
1,0.709077,0.521537,415.944519
2,0.742441,0.548616,598.986572
3,0.573246,0.535282,1497.487061
4,0.524404,0.494127,1697.043213
5,0.484321,0.475058,1979.913818
6,0.483529,0.473401,2063.075928
7,0.492308,0.443319,2412.533691
8,0.484488,0.398238,2695.318604
9,0.471793,0.404594,2845.028809
10,0.474681,0.517625,3493.935059
11,0.448729,0.565725,3676.925537
12,0.445297,0.593066,3893.305908
13,0.435533,0.627042,4176.042480
14,0.420342,0.651459,4375.709473
15,0.381306,0.650713,4575.367676
16,0.353428,0.625041,4725.104004
17,0.329005,0.529654,5041.183594
18,0.319536,0.423235,5257.597656
19,0.280354,0.398378,5457.126953
20,0.294047,0.388915,6072.808105
21,0.264963,0.523984,6455.431641
22,0.198466,0.583940,6788.159180
23,0.194652,0.595081,6904.626465
24,0.195954,0.582115,7453.696289
25,0.156256,0.527897,7719.868652
26,0.342651,0.530487,8418.639648
27,0.391133,0.500575,8651.563477
28,0.386461,0.508113,8784.683594
29,0.459684,0.520161,9050.874023
30,0.503220,0.517094,9317.068359
31,0.642469,0.488490,10132.312500
32,0.719057,0.492287,10514.958984
33,0.768492,0.505527,10781.175781
34,0.838428,0.472730,11280.296875
35,0.834619,0.479618,11430.075195
36,0.799512,0.564160,11646.325195
37,0.949854,0.549265,12178.726562
38,0.020183,0.472039,12594.688477
39,0.926935,0.489732,12894.147461
40,0.101129,0.480088,13559.647461
41,0.113231,0.479233,13709.378906
42,0.056120,0.505978,14008.873047
43,0.058849,0.621073,14358.246094
44,0.023035,0.546711,15057.054688
45,0.908937,0.585721,15373.205078
46,0.909995,0.572215,15472.973633
47,0.760500,0.566378,16171.753906
48,0.714401,0.563603,16371.414062
49,0.721117,0.560621,16537.783203
50,0.567172,0.586773,17369.656250
51,0.479434,0.528745,17885.462891
52,0.468632,0.500142,18201.582031
53,0.495728,0.429073,18534.287109
54,0.414951,0.508616,18983.511719
55,0.382784,0.533007,19432.718750
56,0.315831,0.528477,19881.937500
57,0.293399,0.536948,20247.962891
58,0.305575,0.536239,20813.658203
59,0.378452,0.516130,21994.910156
60,0.462487,0.528201,24640.326172
61,0.460263,0.549474,24839.947266
0,0.739581,0.527666,382.661102
1,0.735781,0.553398,565.741577
2,0.787350,0.581862,1048.190308
3,0.739711,0.759734,1514.035156
4,0.739891,0.782169,1630.467651
5,0.729028,0.793904,1746.936646
6,0.754556,0.737258,2146.224365
7,0.759489,0.692149,2429.072510
8,0.755029,0.548160,2612.093994
9,0.747888,0.509157,2761.833496
10,0.801526,0.558320,3177.779541
11,0.863791,0.447431,3776.713623
12,0.917630,0.459988,4042.921143
13,0.948512,0.408895,4342.387695
14,0.974886,0.421479,4508.753418
15,0.053309,0.384444,5107.753418
16,0.062911,0.333338,5340.651855
17,0.910723,0.216581,5756.583008
18,0.928285,0.198999,5956.258789
19,0.911433,0.191163,6621.735840
20,0.901031,0.185752,6871.327637
21,0.076948,0.597401,7936.092285
22,0.038601,0.556475,8385.330078
23,0.069850,0.581381,8618.239258
24,0.071371,0.577821,8901.087891
25,0.938802,0.636084,9217.268555
26,0.910839,0.576036,9583.232422
27,0.912442,0.248802,10065.698242
28,0.876875,0.214403,10265.366211
29,0.841895,0.201457,10498.298828
30,0.779989,0.169811,10747.853516
31,0.755683,0.264132,10930.875977
32,0.748482,0.303535,11097.276367
33,0.719381,0.373970,11280.250000
34,0.704576,0.321293,11529.813477
35,0.694079,0.264202,11746.117188
36,0.671648,0.205544,11912.494141
37,0.546091,0.209868,12178.684570
38,0.512537,0.231358,12345.073242
39,0.513478,0.268134,12528.089844
40,0.477210,0.448203,12944.006836
41,0.480423,0.439632,13193.603516
42,0.494205,0.496126,13376.625977
43,0.470287,0.513366,13542.972656
44,0.487917,0.412488,13775.888672
45,0.487101,0.393917,13925.668945
46,0.488185,0.417353,14092.001953
47,0.505449,0.417491,14275.033203
48,0.533600,0.418915,14491.329102
49,0.521346,0.416788,14840.713867
50,0.498772,0.420368,15106.908203
51,0.503668,0.473966,15256.659180
52,0.390073,0.290861,15955.479492
53,0.364100,0.344095,16138.439453
54,0.370715,0.358707,16338.112305
55,0.336828,0.445891,16521.111328
56,0.333967,0.572731,16870.513672
57,0.367092,0.547737,17036.880859
58,0.371548,0.477496,17236.515625
59,0.414352,0.554341,17469.441406
60,0.430619,0.557467,17685.724609
61,0.436025,0.544477,17902.021484
62,0.450364,0.520638,18168.216797
63,0.485959,0.524805,18417.779297
64,0.528165,0.537051,18850.384766
65,0.546511,0.577411,19099.935547
66,0.582018,0.535394,19366.140625
67,0.637836,0.472338,19831.998047
68,0.644512,0.448211,20031.634766
69,0.686744,0.468940,20331.113281
70,0.699200,0.435323,20514.158203
71,0.706294,0.425360,20697.152344
72,0.701418,0.316596,21296.095703
73,0.712214,0.300855,21512.378906
74,0.712260,0.299665,21678.763672
75,0.675451,0.319586,21944.994141
76,0.658013,0.318623,22161.251953
77,0.643886,0.344155,22444.087891
78,0.623446,0.359300,22593.810547
79,0.598364,0.380077,22860.037109
80,0.604227,0.377109,23059.669922
81,0.549197,0.258525,23924.830078
82,0.550659,0.246808,24107.845703
0,0.761484,0.530014,366.130493
1,0.798382,0.566354,682.174805
2,0.581376,0.584461,2029.854126
3,0.539420,0.592101,2262.850586
4,0.507651,0.532280,2612.159912
5,0.489560,0.507518,2745.247559
6,0.487270,0.462901,2928.280518
7,0.475483,0.451390,3194.518799
8,0.456273,0.613449,3477.290771
9,0.407961,0.643467,3776.763428
10,0.412629,0.551214,4076.269287
11,0.415925,0.540528,4176.123535
12,0.438328,0.494998,4309.219727
13,0.406700,0.449961,4575.396484
14,0.362296,0.420744,4858.236816
15,0.279311,0.558623,5357.380371
16,0.309034,0.557514,5673.530762
17,0.466036,0.450232,6405.578613
18,0.519999,0.476680,6921.390137
19,0.590614,0.604688,7170.858887
20,0.513546,0.489007,7370.538086
21,0.559760,0.543904,7586.821777
22,0.562210,0.559265,7819.772949
23,0.570296,0.548754,8069.314453
24,0.642371,0.527244,8285.541992
25,0.664276,0.565831,8551.791992
26,0.660345,0.569910,8734.836914
27,0.681921,0.586609,9001.003906
28,0.680429,0.594046,9383.672852
29,0.685399,0.546471,9799.580078
30,0.746863,0.553517,10049.247070
31,0.762368,0.534907,10431.833984
32,0.841025,0.516320,10814.497070
33,0.905366,0.511417,11213.780273
34,0.904879,0.518916,11363.533203
35,0.932417,0.551131,11513.325195
36,0.948526,0.573715,11762.900391
37,0.949921,0.574844,11962.552734
38,0.912112,0.560427,12261.959961
39,0.054056,0.565106,12794.454102
40,0.080160,0.603442,13010.679688
41,0.104148,0.512071,13426.585938
42,0.150936,0.386777,13859.228516
43,0.209874,0.520644,14208.610352
44,0.244578,0.562687,14374.919922
45,0.282431,0.522393,14824.165039
46,0.320020,0.511185,15289.976562
47,0.349238,0.504216,15606.164062
48,0.530375,0.438322,17070.238281
49,0.493609,0.450592,17436.322266
50,0.482629,0.432231,17536.046875
51,0.464102,0.547209,18367.933594
52,0.467855,0.547508,18717.371094
53,0.509138,0.501182,18916.968750
54,0.497770,0.402471,19682.326172
55,0.489009,0.399956,20114.970703
56,0.499708,0.439050,20431.001953
57,0.500785,0.494146,20730.492188
58,0.503229,0.532992,20913.556641
59,0.506150,0.484766,21129.851562
60,0.502802,0.488140,21529.099609
61,0.480828,0.531986,21745.371094
62,0.580823,0.598526,22261.146484
63,0.585457,0.658192,22510.771484
64,0.584336,0.517866,22693.716797
65,0.566219,0.443071,22910.046875
66,0.536058,0.411039,23159.554688
67,0.518956,0.400477,23392.582031
68,0.495749,0.400185,23675.371094
69,0.484923,0.411447,23891.613281
70,0.472695,0.411721,24174.500000
71,0.487048,0.519915,24956.441406
0,0.738760,0.550755,416.027344
1,0.790948,0.534331,615.638672
2,0.725475,0.325959,1148.017212
3,0.736204,0.315089,1281.107178
4,0.745041,0.304172,1414.225830
5,0.752009,0.353069,1713.705566
6,0.655443,0.384109,1963.245605
7,0.581342,0.391176,2296.057373
8,0.505883,0.419133,2761.862549
9,0.499746,0.374477,3011.527588
10,0.457627,0.480478,3377.470947
11,0.461778,0.501133,3477.326172
12,0.494070,0.487487,3843.306152
13,0.387557,0.482347,4092.903564
14,0.348988,0.587224,4575.348633
15,0.300287,0.596921,4991.324707
16,0.305369,0.598936,5091.173828
17,0.382390,0.429417,5656.912598
18,0.495994,0.544730,5906.423828
19,0.468943,0.546197,6239.174316
20,0.532942,0.617148,6405.490234
21,0.528431,0.564356,6871.346191
22,0.643935,0.520582,7636.758789
23,0.676693,0.527138,8069.265625
24,0.743228,0.580152,8352.165039
25,0.759884,0.564127,8551.793945
26,0.809114,0.618825,8934.429688
27,0.842178,0.631448,9184.065430
28,0.797945,0.657332,9433.526367
29,0.766493,0.671722,9965.971680
30,0.771855,0.675998,10198.894531
31,0.766539,0.679851,10315.433594
32,0.887398,0.701254,10631.483398
33,0.895569,0.748904,10964.319336
34,0.939868,0.575184,11846.005859
35,0.938148,0.555930,11979.133789
36,0.963774,0.457079,12428.300781
37,0.956412,0.352454,12611.414062
38,0.974260,0.391933,12894.178711
39,0.985045,0.223081,13193.682617
40,0.906214,0.443636,13809.276367
41,0.971132,0.498671,14008.897461
42,0.972914,0.437085,14208.592773
43,0.964616,0.443083,14391.613281
44,0.051597,0.625147,14691.056641
45,0.044346,0.591741,14824.141602
46,0.063973,0.667900,15057.144531
47,0.055912,0.632927,15323.299805
48,0.073619,0.513445,15938.833984
49,0.130194,0.490190,16171.811523
50,0.190632,0.560061,16537.800781
51,0.066712,0.685245,17269.830078
52,0.222447,0.635264,17852.302734
53,0.253277,0.552896,18334.660156
54,0.244275,0.491846,18634.138672
55,0.235610,0.607843,18833.785156
56,0.273527,0.519925,19149.902344
57,0.311634,0.532876,19382.871094
58,0.233543,0.595682,19665.765625
59,0.203907,0.584464,19981.804688
60,0.158541,0.512189,20264.714844
61,0.008320,0.471283,21179.724609
62,0.020674,0.486127,21346.041016
63,0.998093,0.416994,21545.740234
64,0.903054,0.493399,21811.919922
65,0.873681,0.488533,22178.048828
66,0.883779,0.499814,22377.646484
67,0.815903,0.492137,22843.455078
68,0.822128,0.502552,23109.664062
69,0.784176,0.496182,23392.482422
70,0.723591,0.545591,23741.921875
71,0.772247,0.591111,24008.085938
0,0.782813,0.557013,66.550163
1,0.677875,0.624538,648.915405
2,0.696079,0.318911,948.331238
3,0.448796,0.475027,2079.787354
4,0.423852,0.483444,2246.081055
5,0.483438,0.376600,2545.546875
6,0.492709,0.361932,2678.697021
7,0.527056,0.294517,2978.100342
8,0.500986,0.272214,3310.847656
9,0.506464,0.354763,3527.157959
10,0.943421,0.289194,8618.285156
11,0.954002,0.274303,8801.252930
12,0.009967,0.284469,9017.541992
13,0.897228,0.333371,9566.587891
14,0.825830,0.326672,10265.460938
15,0.852184,0.285569,10481.680664
16,0.821090,0.295540,10897.590820
17,0.875275,0.551791,11845.965820
18,0.815307,0.562295,12045.577148
19,0.897502,0.627770,12361.750000
20,0.896189,0.502842,13143.670898
21,0.909989,0.528249,13409.877930
22,0.909029,0.535736,13526.371094
23,0.912544,0.647341,13759.257812
24,0.807802,0.836234,14607.764648
25,0.710659,0.930358,14874.020508
26,0.723933,0.744234,15240.005859
27,0.722220,0.734929,15339.889648
28,0.364329,0.645696,16571.117188
29,0.834888,0.893578,17402.880859
30,0.819591,0.885891,17486.105469
31,0.859817,0.828137,17818.835938
32,0.983085,0.846296,18317.980469
33,0.946111,0.830532,18650.798828
34,0.009143,0.766784,18900.312500
35,0.053268,0.538682,20713.806641
36,0.344393,0.499957,22161.265625
37,0.340122,0.295764,22976.494141
38,0.347942,0.262366,23625.423828
39,0.567244,0.378818,24557.089844
40,0.478158,0.549389,24989.642578
0,0.731588,0.514591,149.789856
1,0.744879,0.602341,316.069092
2,0.779379,0.668268,598.915344
3,0.784356,0.625239,848.521545
4,0.924318,0.687168,1929.970825
5,0.047882,0.611792,2312.620605
6,0.075527,0.704759,2578.807617
7,0.065743,0.674961,2745.205566
8,0.123198,0.802398,3427.345459
9,0.055576,0.613781,3859.898438
10,0.055363,0.592832,4076.207031
11,0.006438,0.783366,4275.910156
12,0.230779,0.599071,5024.549805
13,0.284237,0.574843,5207.582520
14,0.317458,0.594553,5440.495605
15,0.316415,0.583134,5540.273926
16,0.361868,0.519373,6022.867188
17,0.409501,0.525690,6222.470703
18,0.424719,0.449960,6521.901855
19,0.500029,0.379102,7170.830566
20,0.484312,0.389081,7353.863770
21,0.480834,0.405676,7486.936035
22,0.496930,0.403352,7736.470703
23,0.993209,0.238087,10182.279297
24,0.737960,0.423720,11912.474609
25,0.678978,0.392116,12162.053711
26,0.725487,0.617427,12578.019531
27,0.698767,0.326914,12894.096680
28,0.647188,0.355110,13310.041016
29,0.619343,0.561694,13642.818359
30,0.634003,0.706188,13892.432617
31,0.578866,0.688104,15206.716797
32,0.569786,0.714871,15339.915039
33,0.557561,0.718800,15522.869141
34,0.509777,0.601579,15822.434570
35,0.464898,0.555916,16271.618164
36,0.493401,0.480608,16953.658203
37,0.477492,0.420887,17236.636719
38,0.481438,0.499515,17852.140625
39,0.486807,0.495447,17935.283203
40,0.461298,0.574619,18168.207031
41,0.416759,0.555458,18567.628906
42,0.433016,0.523839,18883.734375
43,0.432209,0.527034,19515.867188
44,0.464242,0.573362,19865.339844
45,0.466702,0.549973,20181.462891
46,0.468675,0.553860,20430.912109
47,0.468835,0.562216,20663.845703
48,0.555293,0.605564,20896.847656
49,0.550253,0.611839,21029.876953
50,0.582993,0.537685,21462.515625
51,0.589641,0.497728,22028.130859
52,0.494678,0.484958,22327.712891
53,0.497915,0.493666,22477.453125
54,0.525744,0.449174,22660.386719
55,0.523438,0.434556,22909.927734
56,0.522647,0.409256,23142.919922
57,0.475735,0.425685,23458.962891
58,0.472347,0.423759,23658.644531
59,0.402136,0.382429,24224.396484
60,0.465658,0.602417,24740.101562
0,0.734768,0.616151,382.666504
1,0.730663,0.559881,632.233154
2,0.791296,0.557479,898.450012
3,0.864962,0.532744,1181.388916
4,0.894175,0.526901,1530.654419
5,0.931889,0.564049,1763.588745
6,0.929453,0.602362,2246.094482
7,0.989259,0.592500,2578.831299
8,0.028103,0.624054,3078.006592
9,0.041343,0.641725,3294.324463
10,0.053246,0.624362,3444.040039
11,0.066371,0.595848,3693.569824
12,0.180382,0.600617,4176.099609
13,0.203584,0.587394,4492.204102
14,0.073477,0.481316,4758.383301
15,0.007319,0.475222,5007.904785
16,0.936177,0.462586,5573.675781
17,0.882552,0.407475,5889.803223
18,0.775386,0.455201,6505.408691
19,0.727982,0.514116,6971.187988
20,0.731990,0.533082,7070.979980
21,0.596154,0.488802,8019.359863
22,0.491712,0.501413,8451.902344
23,0.497892,0.498232,8601.634766
24,0.495002,0.501894,8784.665039
25,0.477595,0.537692,9034.243164
26,0.433236,0.519836,9366.957031
27,0.370636,0.543374,9549.987305
28,0.356311,0.621412,9849.510742
29,0.357001,0.568209,10115.782227
30,0.505110,0.481553,10481.715820
31,0.512716,0.471702,10697.983398
32,0.497025,0.430671,10947.547852
33,0.482029,0.435691,11147.198242
34,0.518296,0.423442,11712.909180
35,0.544287,0.425873,11912.541992
36,0.502441,0.485002,12228.658203
37,0.498481,0.494945,12444.934570
38,0.482346,0.527098,12694.497070
39,0.480528,0.537032,12794.304688
40,0.568591,0.275921,13093.786133
41,0.613244,0.216388,13443.178711
42,0.717260,0.195473,13676.114258
43,0.737050,0.156317,14208.539062
44,0.728733,0.174800,14541.278320
45,0.726559,0.147893,14707.668945
46,0.718546,0.129250,14890.640625
47,0.692246,0.190347,15456.338867
48,0.639966,0.179624,15689.271484
49,0.510068,0.270769,16205.019531
50,0.528570,0.211298,16437.957031
51,0.385110,0.241448,17036.890625
52,0.514427,0.304571,17353.039062
53,0.393808,0.256841,17635.878906
54,0.456389,0.263157,17885.419922
55,0.443935,0.282056,18134.998047
56,0.471236,0.287917,18600.853516
57,0.465453,0.300476,18883.691406
58,0.490366,0.324686,19166.509766
59,0.494892,0.271964,19465.986328
60,0.486492,0.258368,19649.044922
61,0.889547,0.273552,20647.285156
62,0.968531,0.329207,20846.910156
63,0.961426,0.408846,21329.419922
64,0.046950,0.568233,22277.750000
65,0.077870,0.603487,22643.781250
66,0.074436,0.620357,22826.824219
67,0.145644,0.539670,23192.812500
68,0.185423,0.520276,23625.406250
69,0.231946,0.520563,23874.962891
70,0.242478,0.522792,24141.152344
71,0.246684,0.496626,24324.167969
72,0.280827,0.508831,24590.373047
0,0.736732,0.465381,366.057922
1,0.740822,0.501230,482.546631
2,0.784944,0.584808,698.831055
3,0.737016,0.531478,1214.560913
4,0.834777,0.568504,1796.999390
5,0.847927,0.566995,1963.295654
6,0.825559,0.525589,2179.596436
7,0.911588,0.681759,2745.316895
8,0.906712,0.674540,3061.328857
9,0.896694,0.561328,3826.651367
10,0.855922,0.519953,4126.195312
11,0.847432,0.507177,4292.529785
12,0.837477,0.485197,4508.793457
13,0.821472,0.456372,4758.492188
14,0.960117,0.579218,5074.478027
15,0.959107,0.582726,5191.052734
16,0.002039,0.578265,5473.820312
17,0.034863,0.673547,6522.012207
18,0.032583,0.683893,6721.582520
19,0.041636,0.675790,7054.391113
20,0.064058,0.553082,7520.223145
21,0.101410,0.604991,8002.709473
22,0.131538,0.551723,8385.445312
23,0.134013,0.445151,8585.034180
24,0.107082,0.369222,8784.705078
25,0.177352,0.537826,9150.743164
26,0.175970,0.538903,9267.167969
27,0.241042,0.536072,10015.884766
28,0.237454,0.513486,10315.346680
29,0.226179,0.548515,10648.175781
30,0.914274,0.575171,11646.391602
31,0.908067,0.587408,11762.839844
32,0.888400,0.549033,12062.247070
33,0.888893,0.540510,12228.721680
34,0.877836,0.512308,12428.331055
35,0.880882,0.442200,12877.546875
36,0.889799,0.415259,13010.655273
37,0.931570,0.403907,13293.478516
38,0.923030,0.350955,13526.427734
39,0.831461,0.384854,13825.957031
40,0.773107,0.543590,14308.385742
41,0.726909,0.523727,14657.837891
42,0.722747,0.512199,15090.334961
43,0.720264,0.461309,15389.840820
44,0.688545,0.436793,15705.989258
45,0.652367,0.507790,15938.866211
46,0.613842,0.548119,16238.292969
47,0.601196,0.520028,16554.408203
48,0.598690,0.496563,16804.095703
49,0.535841,0.490334,17319.757812
50,0.535619,0.502629,17452.867188
51,0.535822,0.572684,17752.349609
52,0.537187,0.611291,17885.492188
53,0.493754,0.488077,18201.623047
54,0.488345,0.470265,18367.951172
55,0.485530,0.426419,18534.292969
56,0.501607,0.432016,19000.175781
57,0.474760,0.399316,19266.339844
58,0.504388,0.404128,19615.800781
59,0.486236,0.465035,19915.228516
60,0.466487,0.506098,20065.011719
61,0.468832,0.502216,20331.144531
62,0.396249,0.519141,21512.451172
63,0.388217,0.499825,21728.724609
64,0.365912,0.565084,21945.097656
65,0.345639,0.572511,22177.988281
66,0.394907,0.571820,22410.904297
67,0.399049,0.557774,22577.292969
68,0.407623,0.536735,22710.396484
69,0.502325,0.463859,23525.595703
70,0.543292,0.674586,23958.242188
71,0.519584,0.487955,24607.107422
72,0.517753,0.435934,24756.783203
0,0.743005,0.542275,332.706909
1,0.729649,0.442542,798.556763
2,0.717621,0.409394,948.321838
3,0.695375,0.337284,1147.956665
4,0.678258,0.297024,1314.411255
5,0.644292,0.195112,1497.408691
6,0.633682,0.147089,1696.966919
7,0.521608,0.315820,2046.406128
8,0.515820,0.455948,2295.933105
9,0.481816,0.451250,2562.184814
10,0.466836,0.454358,2978.063477
11,0.504198,0.562403,3277.543213
12,0.053842,0.589511,5124.337402
13,0.120961,0.470821,5407.170898
14,0.058010,0.440146,5723.269531
15,0.069675,0.607693,6222.457031
16,0.480924,0.487395,7985.984863
17,0.479402,0.527203,8268.858398
18,0.365648,0.365612,9167.352539
19,0.351628,0.312057,9366.920898
20,0.473284,0.295826,10015.774414
21,0.444405,0.294380,10215.441406
22,0.493068,0.320302,10664.640625
23,0.510194,0.447997,11147.158203
24,0.498184,0.442908,11363.417969
25,0.475618,0.441007,11596.381836
26,0.479376,0.451259,11895.831055
27,0.504242,0.519068,12128.763672
28,0.501701,0.529476,12394.958008
29,0.474821,0.521333,12744.342773
30,0.439712,0.517321,13077.105469
31,0.438103,0.528042,13676.043945
32,0.472657,0.546363,13909.002930
33,0.481347,0.523778,14108.631836
34,0.510185,0.565958,14474.652344
35,0.508190,0.591959,15206.707031
36,0.505069,0.577445,15622.648438
37,0.469244,0.570836,16138.453125
38,0.456789,0.563250,16421.253906
39,0.471031,0.530887,17036.851562
40,0.440295,0.516671,17436.158203
41,0.436916,0.495525,17852.105469
42,0.479130,0.541913,18367.865234
43,0.479106,0.517500,18700.617188
44,0.479899,0.524795,19099.898438
45,0.534615,0.548138,19399.406250
46,0.540482,0.575967,19815.355469
47,0.519202,0.575880,20247.888672
48,0.479105,0.536820,20480.828125
49,0.481447,0.532160,21113.060547
50,0.500697,0.494626,21262.828125
51,0.497521,0.458549,21479.095703
52,0.532013,0.549523,21944.937500
53,0.535067,0.578513,22261.052734
54,0.538034,0.597920,23242.683594
55,0.510902,0.550799,23708.539062
56,0.509821,0.573434,23924.816406
57,0.482422,0.539720,24157.742188
58,0.476390,0.525028,24390.671875
59,0.473945,0.460082,24656.890625
0,0.745848,0.387521,66.541824
1,0.797364,0.564399,565.767456
2,0.796409,0.559314,732.069885
3,0.768489,0.825179,1147.997803
4,0.712157,0.861746,1347.696899
5,0.587799,0.569931,2179.572998
6,0.543286,0.588615,2595.509033
7,0.538991,0.592458,2761.876953
8,0.527791,0.475323,3161.135986
9,0.507054,0.373969,3377.551758
10,0.506440,0.340652,3527.282227
11,0.492436,0.340282,3793.474121
12,0.474469,0.310814,4841.568359
13,0.465893,0.311952,5257.573242
14,0.423566,0.471731,5490.402832
15,0.390449,0.375540,6006.177734
16,0.368834,0.263159,6472.091797
17,0.563168,0.182084,7387.157227
18,0.481539,0.272011,7669.943359
19,0.459347,0.240927,7886.264648
20,0.441630,0.234908,8169.066406
21,0.470855,0.231500,8368.712891
22,0.534894,0.256092,8701.498047
23,0.585186,0.301011,8934.395508
24,0.457905,0.306340,9733.064453
25,0.438173,0.303464,9916.029297
26,0.464667,0.294875,10165.596680
27,0.477262,0.291403,10332.042969
28,0.522382,0.298904,10581.509766
29,0.534934,0.303876,10897.745117
30,0.554555,0.317231,11147.224609
31,0.611954,0.409500,11396.766602
32,0.407172,0.510422,11779.470703
33,0.422480,0.492434,11995.720703
34,0.421703,0.482704,12212.001953
35,0.339868,0.554112,12644.683594
36,0.339805,0.540004,12960.773438
37,0.258419,0.452531,13376.738281
38,0.180825,0.545024,13576.396484
39,0.180691,0.575690,13809.216797
40,0.190244,0.552451,13992.301758
41,0.144347,0.507920,14923.916016
42,0.200024,0.544328,15406.438477
43,0.200375,0.544081,15805.711914
44,0.210151,0.515385,15972.166992
45,0.272039,0.451342,16837.238281
46,0.275986,0.447026,16970.359375
47,0.525189,0.412533,17935.419922
48,0.520824,0.391858,18035.191406
49,0.523849,0.341424,18301.423828
50,0.935649,0.642963,19515.904297
51,0.895657,0.594181,19815.398438
52,0.066762,0.677856,20181.396484
53,0.063421,0.692552,20364.427734
54,0.024324,0.595673,20564.072266
55,0.887675,0.510415,21246.207031
56,0.888967,0.510129,21445.878906
57,0.917521,0.552760,21712.064453
58,0.911635,0.565576,21861.828125
59,0.137618,0.435474,22394.246094
60,0.027217,0.625255,23026.466797
61,0.029954,0.601465,23275.994141
62,0.029035,0.611275,24074.607422
63,0.036584,0.611277,24424.007812
0,0.754602,0.551023,316.064911
1,0.799484,0.566604,599.022888
2,0.837214,0.513620,1181.242920
3,0.935545,0.565726,1896.745117
4,0.047295,0.608251,2146.294922
5,0.071715,0.640707,2345.968262
6,0.073409,0.776159,3144.470459
7,0.068194,0.767675,3244.379395
8,0.069867,0.729220,3394.100098
9,0.228905,0.652617,3810.018555
10,0.539688,0.513683,5157.622559
11,0.491346,0.487934,5340.672852
12,0.488690,0.428630,5623.458008
13,0.503557,0.433285,6222.426270
14,0.508468,0.440376,6588.475098
15,0.492090,0.435324,7187.432617
16,0.483858,0.408122,7337.232910
17,0.478548,0.403151,7570.083984
18,0.514700,0.403136,7753.171875
19,0.531962,0.409480,8035.981445
20,0.577766,0.436426,8402.019531
21,0.599795,0.520076,8634.904297
22,0.502873,0.459939,8851.199219
23,0.448398,0.547167,9117.375000
24,0.408710,0.566764,9400.284180
25,0.375968,0.613980,9683.065430
26,0.406764,0.645014,9899.349609
27,0.400478,0.700471,10198.871094
28,0.405597,0.734767,10431.829102
29,0.224460,0.757404,10814.454102
30,0.212881,0.660964,11479.949219
31,0.191525,0.654633,11646.355469
32,0.177243,0.650642,11829.306641
33,0.348049,0.483832,12877.447266
34,0.356381,0.449665,13077.107422
35,0.362991,0.421620,13226.912109
36,0.444763,0.391864,13692.693359
37,0.540758,0.602069,14341.555664
38,0.578362,0.598319,14724.218750
39,0.710361,0.514858,15240.076172
40,0.733122,0.510999,15439.687500
41,0.746280,0.527177,15606.061523
42,0.767495,0.771717,16238.244141
43,0.753714,0.781257,16471.171875
44,0.786810,0.811239,16870.570312
45,0.834464,0.836919,17236.537109
46,0.862716,0.836481,17536.003906
47,0.857017,0.804140,18667.373047
48,0.726744,0.519067,19316.205078
49,0.735321,0.494034,19515.892578
50,0.756922,0.484138,19715.523438
51,0.610398,0.506122,20963.384766
52,0.672653,0.631417,21179.691406
53,0.678765,0.491550,21662.089844
54,0.659413,0.486627,21828.505859
55,0.680825,0.458554,22028.162109
56,0.681498,0.436410,22244.417969
57,0.662799,0.419974,22494.011719
58,0.675664,0.394305,22793.527344
59,0.696466,0.369772,23009.732422
60,0.661329,0.368470,23275.945312
61,0.649471,0.341223,23475.589844
62,0.675959,0.364277,24107.865234
63,0.634414,0.301713,24789.992188
0,0.725057,0.675104,99.844185
1,0.715874,0.612929,282.866882
2,0.688922,0.532712,499.098785
3,0.654157,0.398022,965.006104
4,0.656046,0.328031,1264.431030
5,0.718307,0.302627,1447.442627
6,0.717944,0.317100,1563.959961
7,0.740712,0.353312,1813.484375
8,0.754903,0.399002,2079.749023
9,0.842883,0.426827,2512.240967
10,0.885058,0.456274,2695.343750
11,0.919955,0.539988,3094.656250
12,0.949291,0.555099,3294.266602
13,0.913429,0.531941,3560.463867
14,0.782437,0.575561,3976.385254
15,0.775461,0.578412,4109.504395
16,0.732469,0.556857,4558.663574
17,0.765845,0.758157,4941.369141
18,0.768995,0.746624,5041.187500
19,0.720231,0.599247,5407.243652
20,0.776882,0.709256,5873.065918
21,0.602353,0.668242,6272.393066
22,0.561560,0.654341,6571.886230
23,0.586720,0.470880,7054.383789
24,0.583738,0.450390,7237.367676
25,0.624389,0.437034,7553.446289
26,0.625640,0.430205,7919.537109
27,0.507908,0.450632,8202.413086
28,0.479382,0.413708,8385.347656
29,0.456845,0.439327,8568.452148
30,0.477747,0.464600,9000.959961
31,0.478977,0.459883,9100.743164
32,0.496691,0.444301,9616.581055
33,0.498983,0.432067,9782.886719
34,0.495164,0.472621,10282.124023
35,0.506817,0.459226,10465.037109
36,0.527303,0.393429,10764.545898
37,0.532771,0.416098,10897.722656
38,0.504403,0.471724,11097.291016
39,0.490959,0.463649,11430.060547
40,0.487864,0.401549,12012.359375
41,0.495242,0.419524,12228.713867
42,0.471253,0.426140,12544.756836
43,0.476822,0.425361,12827.624023
44,0.480770,0.532508,13143.739258
45,0.475583,0.513451,13393.241211
46,0.479974,0.419607,13592.884766
47,0.390786,0.445443,14208.480469
48,0.360114,0.635372,14923.968750
49,0.356837,0.617686,15123.558594
50,0.289600,0.561597,15423.096680
51,0.285252,0.435379,15772.474609
52,0.325294,0.400548,16005.326172
53,0.310085,0.289331,16388.021484
54,0.295446,0.312577,16704.111328
55,0.269358,0.280780,17120.046875
56,0.265738,0.404894,17818.849609
57,0.252644,0.408091,18118.314453
58,0.204932,0.417233,18567.570312
59,0.184260,0.416452,18916.980469
60,0.224616,0.555273,19332.886719
61,0.208419,0.588169,19515.871094
62,0.221433,0.499233,19898.574219
63,0.165646,0.406861,20098.207031
64,0.126826,0.392706,20314.529297
65,0.131767,0.391961,20447.576172
66,0.103566,0.338101,20780.328125
67,0.063459,0.381470,21046.539062
68,0.029833,0.429905,21346.052734
69,0.012309,0.447187,21479.126953
70,0.036981,0.362070,21761.988281
71,0.070424,0.304508,21994.908203
72,0.075606,0.298739,22177.917969
73,0.086353,0.324619,22344.273438
74,0.043735,0.604274,22826.794922
75,0.063886,0.627951,22993.150391
76,0.012226,0.433982,23275.984375
77,0.006115,0.423062,23575.451172
78,0.002920,0.432756,23725.226562
79,0.047186,0.357723,23941.482422
80,0.098534,0.309118,24174.392578
81,0.147977,0.264083,24457.273438
82,0.208420,0.243586,24740.068359
0,0.754695,0.563040,332.725800
1,0.800893,0.563442,732.073975
2,0.758305,0.804611,1031.506470
3,0.792166,0.924459,1530.673462
4,0.739835,0.744600,1813.512329
5,0.737095,0.524636,2162.862793
6,0.730810,0.485452,2279.318359
7,0.528266,0.532586,2861.621582
8,0.480345,0.513985,3094.546387
9,0.481889,0.461325,3344.211182
10,0.463256,0.436240,3610.427734
11,0.496939,0.406538,4176.007812
12,0.489696,0.465032,4525.509766
13,0.468871,0.519673,4741.703125
14,0.375714,0.555773,5390.562500
15,0.351516,0.603743,5773.268555
16,0.293085,0.540612,6139.260742
17,0.295032,0.540792,6322.263184
18,0.257597,0.567386,6521.946289
19,0.280952,0.497777,6971.165527
20,0.308233,0.456582,7237.351562
21,0.335817,0.402754,7453.648438
22,0.382978,0.326765,7703.226074
23,0.388099,0.302888,8002.664551
24,0.457529,0.283193,8468.505859
25,0.497247,0.287129,8651.562500
26,0.462540,0.289318,8901.124023
27,0.458295,0.312471,9250.545898
28,0.564738,0.304387,9816.149414
29,0.538154,0.149642,10082.352539
30,0.546515,0.115034,10315.362305
31,0.508367,0.378232,10681.315430
32,0.539653,0.360673,10914.246094
33,0.510609,0.532569,11363.434570
34,0.502001,0.432384,11662.956055
35,0.483809,0.446251,11912.596680
36,0.598289,0.587932,12261.934570
37,0.641075,0.612285,12544.795898
38,0.747570,0.553206,13027.225586
39,0.741542,0.547971,13110.402344
40,0.754123,0.536382,13293.413086
41,0.744194,0.421339,13526.342773
42,0.943114,0.598721,14358.296875
43,0.906983,0.553213,14790.812500
44,0.944712,0.906424,15406.416992
45,0.945905,0.996561,15739.147461
46,0.074405,0.599096,16620.943359
47,0.058307,0.584806,16787.292969
48,0.032588,0.532893,17003.580078
49,0.066770,0.592697,17236.558594
50,0.121684,0.439675,18035.175781
51,0.173598,0.466724,18584.191406
52,0.161180,0.454381,18717.337891
53,0.001829,0.398014,18950.181641
54,0.963458,0.355206,19183.205078
55,0.908839,0.314247,19482.589844
56,0.877783,0.290835,19698.947266
57,0.883107,0.280939,19865.250000
58,0.879493,0.266013,19965.125000
59,0.865535,0.256362,20064.943359
60,0.861699,0.241568,20231.273438
61,0.869456,0.246574,20597.310547
62,0.931654,0.437040,20830.222656
63,0.904840,0.538999,21162.974609
64,0.902321,0.537092,21828.480469
65,0.801781,0.461492,22144.609375
66,0.744460,0.498652,22444.119141
67,0.719302,0.524475,22760.246094
68,0.596922,0.539270,23575.425781
69,0.595597,0.529438,23691.941406
70,0.495537,0.485849,24174.441406
71,0.499546,0.436301,24340.796875
72,0.478186,0.463079,24606.998047
0,0.790387,0.515804,99.826103
1,0.749609,0.551061,449.227722
2,0.534718,0.559322,1380.882568
3,0.489509,0.495873,1563.989746
4,0.473334,0.449541,1796.870361
5,0.467435,0.423266,1913.330688
6,0.455686,0.425415,2096.342773
7,0.593984,0.653742,2711.894043
8,0.563133,0.629345,2878.309082
9,0.927049,0.599995,4641.845215
10,0.039161,0.635672,5007.975098
11,0.055810,0.691941,5407.240234
12,0.073228,0.799302,5889.687012
13,0.486551,0.418074,7553.462891
14,0.490698,0.374352,7836.320312
15,0.472864,0.336884,8052.554199
16,0.492567,0.386619,8285.473633
17,0.492817,0.383529,8501.788086
18,0.408546,0.381533,9250.495117
19,0.467835,0.442075,9616.500977
20,0.471735,0.470053,9782.955078
21,0.484435,0.441705,10365.204102
22,0.086367,0.330051,11962.481445
23,0.229216,0.613722,13077.103516
24,0.256578,0.492530,13393.224609
25,0.380864,0.613959,14341.652344
26,0.481866,0.385519,16254.895508
27,0.503455,0.394326,16504.482422
28,0.494571,0.398144,16887.173828
29,0.467143,0.404213,17169.939453
30,0.099960,0.736580,19349.525391
31,0.067771,0.662785,19649.021484
32,0.075715,0.659664,19782.078125
33,0.041908,0.626365,20730.433594
34,0.191453,0.466707,22211.121094
35,0.169156,0.536256,22710.283203
36,0.344639,0.302062,23176.181641
37,0.801577,0.410894,24989.693359
0,0.754741,0.621263,432.618927
1,0.482970,0.485237,1563.991821
2,0.484146,0.444203,1830.193115
3,0.472479,0.402009,2528.940674
4,0.398588,0.493269,2961.508301
5,0.347105,0.574404,3161.170654
6,0.321880,0.537812,3543.840088
7,0.285554,0.544598,3743.484131
8,0.470333,0.552559,4558.749023
9,0.493900,0.643483,4824.909180
10,0.500911,0.701535,5091.144531
11,0.500799,0.696314,5190.955078
12,0.556190,0.704673,5423.879883
13,0.614072,0.741989,5972.915527
14,0.600205,0.718731,6189.193848
15,0.621295,0.656868,6322.329102
16,0.496483,0.417258,7736.525879
17,0.511000,0.339368,8252.266602
18,0.491048,0.466951,9616.593750
19,0.483428,0.470724,9949.312500
20,0.482939,0.466248,10198.876953
21,0.485291,0.468406,10381.858398
22,0.489975,0.456466,10747.925781
23,0.493728,0.444034,13676.166016
24,0.493316,0.439758,13958.966797
25,0.482087,0.524011,14325.003906
26,0.478202,0.511276,14624.453125
27,0.533641,0.535244,15106.951172
28,0.676592,0.919826,17968.607422
29,0.767110,0.725332,18617.482422
30,0.766881,0.722883,18900.341797
31,0.812128,0.514382,19848.654297
32,0.059502,0.747550,21096.474609
33,0.054353,0.739985,21212.955078
34,0.046521,0.721034,21296.144531
35,0.043705,0.694558,21479.142578
36,0.039861,0.654906,21994.910156
37,0.028978,0.773133,22294.412109
38,0.041324,0.650852,22627.183594
39,0.207555,0.668992,23276.033203
40,0.197092,0.685421,23409.117188
41,0.036108,0.727097,23924.886719
0,0.754982,0.541828,66.445984
1,0.802839,0.571806,582.273438
2,0.834135,0.459707,981.500793
3,0.926682,0.556918,1464.103516
4,0.943937,0.585897,1597.194580
5,0.973091,0.589667,2013.142212
6,0.936318,0.634265,2262.684326
7,0.074856,0.627656,2645.336426
8,0.075336,0.611382,3410.639893
9,0.072228,0.621412,3943.106445
10,0.039337,0.555305,4824.812012
11,0.626622,0.564916,5839.756348
12,0.476549,0.496393,6471.961426
13,0.493185,0.423287,6688.225098
14,0.498307,0.403057,6904.490723
15,0.480179,0.397084,7137.436035
16,0.493995,0.398906,7836.257812
17,0.498923,0.408954,8019.253906
18,0.483259,0.407262,8318.672852
19,0.497328,0.413833,8901.000000
20,0.526287,0.496865,9599.850586
21,0.581876,0.550946,9832.684570
22,0.663809,0.530112,10148.804688
23,0.662727,0.532004,10248.677734
24,0.641890,0.504968,10398.415039
25,0.643969,0.431091,10581.435547
26,0.631619,0.381823,10764.469727
27,0.636522,0.343970,11097.262695
28,0.760473,0.195417,11696.178711
29,0.363326,0.418523,13193.507812
30,0.381531,0.358787,13559.524414
31,0.316849,0.416744,13825.747070
32,0.286320,0.494823,13992.084961
33,0.259557,0.532526,14291.611328
34,0.208404,0.491909,14524.612305
35,0.205363,0.504302,14690.941406
36,0.196839,0.538064,15023.664062
37,0.358303,0.634724,15356.430664
38,0.366463,0.636739,15522.858398
39,0.448321,0.500718,16005.284180
40,0.444846,0.488817,16105.065430
41,0.496518,0.416698,16537.703125
42,0.533460,0.435389,16986.976562
43,0.545708,0.439573,17203.150391
44,0.490403,0.488555,17436.101562
45,0.470910,0.523400,17768.890625
46,0.478623,0.548960,18401.115234
47,0.482827,0.520317,18916.888672
48,0.484915,0.502352,19133.125000
49,0.482925,0.357021,19781.978516
50,0.479351,0.327117,19948.412109
51,0.475629,0.264483,20148.054688
52,0.460134,0.276973,20430.871094
53,0.495203,0.297512,20796.966797
54,0.502350,0.326934,21462.380859
55,0.464583,0.321594,21678.757812
56,0.554454,0.275937,21861.720703
57,0.572552,0.239506,22161.242188
58,0.659030,0.179622,22560.480469
59,0.701746,0.190230,22743.468750
60,0.735485,0.147271,23176.097656
61,0.728694,0.338797,23425.689453
62,0.920827,0.231762,23924.763672
63,0.979796,0.375315,24307.406250
64,0.972977,0.382371,24423.886719
65,0.982444,0.438013,24573.632812
66,0.977530,0.458215,24773.291016
0,0.727978,0.511480,366.014862
1,0.718638,0.598828,549.055725
2,0.709792,0.623295,831.843628
3,0.569615,0.561052,1464.083252
4,0.500746,0.496018,1647.137085
5,0.480171,0.415654,1896.663818
6,0.456483,0.401820,2179.521973
7,0.450140,0.413905,2429.158691
8,0.476012,0.435672,2911.556885
9,0.463706,0.435911,3094.619629
10,0.481248,0.445040,3327.523682
11,0.485824,0.441017,3560.462891
12,0.464493,0.592887,3843.297607
13,0.485779,0.542162,4275.844238
14,0.497777,0.664029,4591.942871
15,0.511463,0.685590,4791.614746
16,0.485905,0.498771,5057.834961
17,0.477865,0.417424,5257.462891
18,0.484135,0.403539,5556.925293
19,0.524069,0.405025,5972.875977
20,0.525135,0.417634,6072.708984
21,0.514177,0.196504,6288.991211
22,0.576434,0.253818,6605.110352
23,0.635764,0.373075,6971.146973
24,0.644853,0.466114,7187.426270
25,0.625847,0.585582,7553.445801
26,0.712743,0.599895,7952.757324
27,0.715361,0.599805,8202.324219
28,0.760220,0.619040,8651.529297
29,0.887388,0.629964,9566.584961
30,0.897401,0.637270,9683.067383
31,0.895692,0.631707,9799.526367
32,0.909995,0.661638,9965.891602
33,0.905846,0.647085,10165.559570
34,0.891362,0.524679,10481.684570
35,0.879722,0.556386,10697.951172
36,0.028275,0.664510,11246.996094
37,0.168473,0.599211,12178.708984
38,0.217466,0.622028,12395.005859
39,0.217440,0.588152,12577.986328
40,0.205310,0.619657,12827.603516
41,0.102831,0.233216,13542.985352
42,0.066952,0.231103,13842.451172
43,0.940630,0.312074,14424.801758
44,0.910142,0.309175,14574.513672
45,0.914023,0.198791,14907.264648
46,0.757015,0.323564,15722.541992
47,0.693107,0.299347,15972.105469
48,0.535073,0.513758,16820.607422
49,0.461888,0.481878,17203.250000
50,0.469231,0.484763,17336.349609
51,0.464632,0.420111,17502.753906
52,0.449392,0.569872,17985.248047
53,0.354095,0.515866,18417.791016
54,0.355227,0.509649,18550.902344
55,0.371793,0.384130,18800.464844
56,0.372869,0.320151,18983.484375
57,0.371284,0.283476,19166.517578
58,0.370690,0.292156,19416.064453
59,0.364255,0.538901,19599.095703
60,0.410831,0.575433,19832.003906
61,0.416710,0.565936,19981.767578
62,0.585954,0.445455,20647.251953
63,0.621576,0.375429,20946.732422
64,0.643090,0.509190,21196.279297
65,0.671057,0.567820,21479.115234
66,0.726168,0.632149,21778.582031
67,0.758137,0.364708,22128.005859
68,0.823918,0.169144,23109.597656
69,0.460542,0.358346,24207.685547
70,0.415007,0.353133,24656.902344
0,0.738726,0.636818,299.544464
1,0.721664,0.540441,582.442688
2,0.739927,0.738289,948.367920
3,0.767607,0.838811,1181.418457
4,0.778166,0.872533,1813.681519
5,0.740534,0.876570,2063.166992
6,0.793338,0.504743,2462.581787
7,0.825219,0.411489,2861.797363
8,0.957581,0.594747,4009.797119
9,0.946003,0.596389,4259.374023
10,0.940525,0.418986,4508.856934
11,0.851176,0.066494,5740.043945
12,0.828802,0.492072,6472.013672
13,0.760363,0.597308,7686.659668
14,0.609950,0.662639,9150.798828
15,0.534598,0.711292,9849.494141
16,0.539864,0.712742,9932.726562
17,0.476440,0.470167,10747.948242
18,0.482409,0.392498,10964.201172
19,0.489146,0.408221,11613.112305
20,0.492066,0.418242,11846.083984
21,0.504493,0.427579,12095.586914
22,0.484281,0.294212,12844.291016
23,0.492550,0.291036,13260.169922
24,0.144218,0.233945,19166.570312
25,0.332685,0.650638,21379.304688
26,0.287828,0.603338,22078.154297
27,0.292899,0.627980,22893.417969
28,0.397697,0.614911,23292.628906
29,0.497181,0.278277,24923.103516
