Idx, longitude, latitude, start timestamp
0,0.723563,0.348179,50.029533
1,0.743288,0.421301,366.099915
2,0.757577,0.547945,698.889099
3,0.684394,0.540304,915.086975
4,0.680545,0.525814,1064.854492
5,0.678220,0.505605,1164.762695
6,0.654548,0.502151,1830.220215
7,0.614253,0.499239,2096.520020
8,0.586416,0.503493,2345.981445
9,0.536516,0.519004,2695.296875
10,0.520932,0.464606,2961.602539
11,0.497052,0.456276,3344.166260
12,0.437099,0.519009,3527.181641
13,0.402613,0.498579,3793.404297
14,0.364294,0.465701,3976.408203
15,0.403502,0.408275,4525.531250
16,0.956669,0.460163,6571.875000
17,0.999246,0.446689,6788.243652
18,0.025473,0.425559,6954.632812
19,0.072832,0.465061,7220.767578
20,0.063413,0.443330,7487.001953
21,0.065257,0.235438,8002.759277
22,0.048683,0.211594,8169.184082
23,0.036770,0.176512,8501.931641
24,0.978700,0.190079,8701.550781
25,0.928471,0.236700,9000.967773
26,0.912660,0.247868,9433.561523
27,0.841612,0.273721,9683.075195
28,0.762940,0.221003,10099.067383
29,0.716209,0.195277,10298.652344
30,0.693501,0.205203,10581.543945
31,0.677900,0.208622,10814.449219
32,0.668871,0.220634,11080.637695
33,0.689799,0.198264,11280.260742
34,0.678001,0.110704,11679.633789
35,0.683793,0.146555,12145.522461
36,0.680807,0.166267,12561.396484
37,0.681412,0.280915,12860.917969
38,0.665213,0.332812,13260.293945
39,0.663427,0.444284,13609.627930
40,0.656491,0.520273,13942.420898
41,0.680182,0.523500,14125.390625
42,0.687401,0.516756,14491.325195
43,0.652882,0.502592,14757.587891
44,0.625541,0.507596,15140.264648
45,0.594783,0.500606,15339.876953
46,0.559086,0.505133,15705.935547
47,0.416813,0.513383,16421.365234
48,0.321994,0.478685,16953.730469
49,0.303251,0.612134,17269.771484
50,0.294402,0.638468,17502.837891
51,0.285016,0.546832,18268.005859
52,0.270920,0.556359,18550.912109
53,0.306831,0.631963,18900.310547
54,0.302487,0.643056,19199.789062
55,0.354262,0.600721,19798.771484
56,0.387839,0.564268,19981.742188
57,0.390294,0.548665,20081.664062
58,0.500467,0.546826,20564.134766
59,0.566197,0.530956,21063.265625
60,0.611718,0.520231,21329.394531
61,0.670321,0.541955,21545.726562
62,0.698609,0.526069,22061.505859
63,0.734999,0.521392,22261.066406
64,0.728546,0.511175,22460.695312
65,0.693300,0.496544,22660.458984
66,0.779377,0.520627,22926.562500
67,0.776460,0.517368,23142.955078
68,0.770296,0.497233,23392.474609
69,0.762129,0.486955,23642.033203
70,0.764415,0.499732,23924.839844
71,0.760474,0.498004,24124.546875
72,0.812286,0.506938,24473.960938
0,0.764561,0.423042,16.617916
1,0.719213,0.494981,299.482239
2,0.657082,0.529592,615.684265
3,0.534736,0.529705,1181.327271
4,0.626274,0.525531,1480.752930
5,0.712871,0.493367,1996.635254
6,0.758553,0.499000,2346.056641
7,0.796355,0.506536,2628.820557
8,0.867199,0.508603,2928.208740
9,0.914276,0.507582,3144.541504
10,0.981316,0.510118,3394.035400
11,0.032110,0.516664,3710.223633
12,0.009098,0.446515,4076.174316
13,0.047809,0.529790,4625.363281
14,0.098564,0.511612,4808.303223
15,0.093709,0.493982,4991.312012
16,0.127994,0.488405,5390.689453
17,0.124208,0.485909,5523.653809
18,0.980301,0.508871,5856.469727
19,0.912979,0.488402,6472.020508
20,0.826613,0.503595,6721.626953
21,0.835829,0.501724,6871.425781
22,0.828966,0.456211,7120.901367
23,0.674296,0.520178,8035.977539
24,0.663547,0.503352,8318.860352
25,0.698431,0.505229,8701.470703
26,0.755003,0.504498,9167.310547
27,0.791329,0.503528,9649.816406
28,0.820886,0.499619,10182.177734
29,0.620504,0.067650,11446.645508
30,0.851939,0.091882,11895.920898
31,0.819368,0.166496,12461.496094
32,0.721924,0.125960,12894.165039
33,0.721389,0.131460,13143.678711
34,0.734919,0.141714,13393.272461
35,0.778051,0.702902,14208.523438
36,0.791321,0.864680,14873.964844
37,0.860586,0.909927,15123.607422
38,0.857442,0.915887,15223.341797
39,0.755537,0.933974,15489.583008
40,0.805923,0.911387,16121.810547
41,0.584246,0.506931,17735.716797
42,0.604065,0.501812,18118.310547
43,0.585517,0.506912,18650.703125
44,0.891555,0.521735,19665.634766
45,0.911228,0.395174,20663.847656
46,0.921907,0.380696,20880.099609
47,0.931873,0.527435,21362.634766
48,0.913931,0.453030,21944.980469
49,0.864850,0.388463,22211.064453
50,0.846134,0.696271,22627.058594
51,0.877342,0.536533,22876.720703
52,0.914305,0.524597,23109.576172
53,0.845306,0.524679,23492.164062
54,0.866996,0.524826,23924.802734
0,0.642366,0.561954,432.431885
1,0.624863,0.542540,582.156738
2,0.543875,0.537197,1031.364380
3,0.531116,0.539088,1247.614990
4,0.534976,0.540704,1364.171997
5,0.652287,0.573757,2029.601196
6,0.677960,0.544056,2196.060059
7,0.697371,0.529930,2445.610596
8,0.646470,0.527064,2645.218750
9,0.533177,0.528930,3061.212891
10,0.588799,0.531015,3343.998535
11,0.754086,0.502495,4009.484131
12,0.670134,0.239841,4625.113770
13,0.663503,0.122022,5373.810547
14,0.768635,0.527807,6571.717285
15,0.686736,0.515151,7004.279785
16,0.871769,0.538132,7786.346191
17,0.916700,0.529298,8019.190918
18,0.935203,0.524904,8268.827148
19,0.971690,0.533244,8734.598633
20,0.019186,0.535193,9117.309570
21,0.011251,0.530162,9283.655273
22,0.634326,0.532018,10697.949219
23,0.529047,0.541977,11513.097656
24,0.493236,0.530904,12627.886719
25,0.638525,0.566822,13659.366211
26,0.529580,0.545599,14424.721680
27,0.318836,0.680175,16337.958984
28,0.325784,0.650554,16770.537109
29,0.097530,0.518019,18484.283203
30,0.172376,0.063332,19965.078125
0,0.753013,0.517874,266.255310
1,0.703047,0.549563,698.773926
2,0.683668,0.507822,1281.085205
3,0.639403,0.522954,1663.761230
4,0.646372,0.521700,1813.448242
5,0.683236,0.502423,2246.126221
6,0.666655,0.503306,2395.810791
7,0.626100,0.500431,2745.217285
8,0.559797,0.519251,3410.721924
9,0.597186,0.428828,3776.714844
10,0.617285,0.415476,4009.672363
11,0.645017,0.347205,4342.461426
12,0.720309,0.124481,5274.028320
13,0.684821,0.052864,5873.069336
14,0.711478,0.050456,6106.081543
15,0.645482,0.180257,6388.851562
16,0.658270,0.184694,6738.188965
17,0.813913,0.404864,7087.620117
18,0.879807,0.538413,7486.930664
19,0.922986,0.556664,7669.937500
20,0.991972,0.541173,8152.442871
21,0.014834,0.499445,8418.640625
22,0.016267,0.389459,8601.645508
23,0.071171,0.442994,8951.001953
24,0.085766,0.518036,9317.005859
25,0.129112,0.531848,9599.838867
26,0.149809,0.534337,10115.655273
27,0.160291,0.512675,10332.007812
28,0.174366,0.518057,10548.266602
29,0.100013,0.495665,11014.157227
30,0.037518,0.461167,11413.380859
31,0.034229,0.428330,11862.600586
32,0.867958,0.529333,12860.802734
33,0.840886,0.527730,13093.867188
34,0.821487,0.529831,13443.225586
35,0.823992,0.530183,13809.226562
36,0.758617,0.518561,14042.250977
37,0.770796,0.501050,14458.025391
38,0.252277,0.584812,16254.956055
39,0.318987,0.738609,17186.677734
40,0.334471,0.690379,17502.792969
41,0.309196,0.721366,18151.677734
42,0.322758,0.696023,18667.394531
43,0.330402,0.671806,18983.484375
44,0.366977,0.613501,19282.976562
45,0.353379,0.580806,19582.525391
46,0.371122,0.570414,19915.199219
47,0.274948,0.645592,20198.095703
48,0.206070,0.644135,20597.308594
49,0.169812,0.666444,20763.746094
50,0.178404,0.501565,21512.470703
51,0.136818,0.507171,21778.562500
52,0.102927,0.498605,22078.177734
53,0.051523,0.514980,22327.679688
54,0.025441,0.520779,22610.458984
55,0.806752,0.528434,23292.724609
56,0.813455,0.522667,23375.806641
57,0.687848,0.529461,23825.060547
58,0.675172,0.535848,23991.398438
59,0.691905,0.517128,24540.400391
60,0.675484,0.596919,24973.097656
0,0.761690,0.500383,415.936218
1,0.690334,0.540992,732.064514
2,0.677264,0.555112,948.446167
3,0.678375,0.558935,1131.406128
4,0.639344,0.563821,1530.592896
5,0.573834,0.559435,1896.630371
6,0.573743,0.561696,1996.484619
7,0.576712,0.568433,2162.885254
8,0.531953,0.578690,2445.702637
9,0.472851,0.574642,2878.333008
10,0.447620,0.493128,3177.762207
11,0.404081,0.410844,3527.276367
12,0.440300,0.653273,3876.513916
13,0.447139,0.695753,4042.913330
14,0.320285,0.690210,4708.424316
15,0.326293,0.582799,5057.730469
16,0.311404,0.734965,5323.993652
17,0.312636,0.755507,5490.342285
18,0.200658,0.784949,6222.368164
19,0.137922,0.489139,6654.944336
20,0.091139,0.497865,7154.084961
21,0.049880,0.492831,7570.023438
22,0.034602,0.482514,7886.084961
23,0.013418,0.489118,8302.038086
24,0.982578,0.494331,8884.422852
25,0.964365,0.497552,9217.166992
26,0.929121,0.500059,9566.550781
27,0.913671,0.494274,9882.682617
28,0.967761,0.313166,10182.150391
29,0.008253,0.293713,10448.224609
30,0.038092,0.494989,10714.494141
31,0.030628,0.548535,10930.679688
32,0.037279,0.555099,11263.504883
33,0.099008,0.555047,11463.032227
34,0.128500,0.529546,11762.585938
35,0.139037,0.556561,12860.627930
36,0.085598,0.544379,13193.397461
37,0.131383,0.524283,13526.128906
38,0.157359,0.526514,13892.151367
39,0.176004,0.564805,14441.241211
40,0.166886,0.561191,14590.933594
41,0.124923,0.585800,14823.839844
42,0.981384,0.548269,15522.669922
43,0.960908,0.526438,15805.441406
44,0.807205,0.477717,17202.982422
45,0.740642,0.438722,17835.250000
46,0.684238,0.468364,18434.193359
47,0.133297,0.522134,21145.986328
48,0.190225,0.517568,21595.216797
49,0.187365,0.564789,22244.072266
50,0.170870,0.165656,23159.195312
51,0.755611,0.097107,24406.876953
52,0.367487,0.221265,24922.740234
0,0.801384,0.448500,33.421410
1,0.748459,0.544801,349.552551
2,0.733991,0.640413,632.246765
3,0.721010,0.680658,831.960999
4,0.728219,0.776977,1048.253052
5,0.729796,0.791814,1148.125122
6,0.678417,0.635435,1563.988281
7,0.667891,0.539455,1730.365967
8,0.650775,0.515196,1996.713867
9,0.629210,0.510849,2262.708008
10,0.607833,0.563865,2528.979248
11,0.613895,0.879418,2944.978760
12,0.616943,0.914708,3177.817871
13,0.574272,0.932440,3460.693359
14,0.566109,0.487648,3993.095215
15,0.569364,0.435727,4142.861816
16,0.602647,0.393423,4375.728027
17,0.627792,0.357127,4608.693848
18,0.650760,0.350607,4858.212402
19,0.690459,0.398791,5107.850098
20,0.695858,0.361914,5307.470215
21,0.674921,0.279455,5540.420410
22,0.746555,0.239536,6322.332031
23,0.824317,0.393361,6605.148926
24,0.849384,0.532512,6871.414062
25,0.902841,0.529686,7237.413574
26,0.925208,0.498368,7420.470703
27,0.922471,0.366413,7620.122070
28,0.948763,0.312768,7853.012695
29,0.981150,0.301780,8102.489746
30,0.034880,0.363425,8385.429688
31,0.047055,0.523831,8734.791016
32,0.050336,0.579457,8934.524414
33,0.076801,0.572918,9184.047852
34,0.101155,0.561791,9450.219727
35,0.080910,0.661955,9799.626953
36,0.066908,0.727032,9949.435547
37,0.079694,0.798652,10165.592773
38,0.164194,0.618880,10581.505859
39,0.204771,0.693798,10797.894531
40,0.168843,0.549885,11114.041016
41,0.161041,0.480444,11297.002930
42,0.183098,0.461240,11513.388672
43,0.016073,0.297744,11995.874023
44,0.950461,0.255333,12278.630859
45,0.852827,0.231909,12677.980469
46,0.762427,0.060440,13193.683594
47,0.703004,0.095622,13393.318359
48,0.832196,0.045552,13792.668945
49,0.666296,0.108500,14008.963867
50,0.599066,0.111995,14142.078125
51,0.546260,0.121650,14341.666992
52,0.510655,0.078618,14624.477539
53,0.536462,0.094846,14890.779297
54,0.510595,0.151652,15240.285156
55,0.590073,0.119164,15489.710938
56,0.530163,0.088261,15739.307617
57,0.503302,0.119450,16038.730469
58,0.454151,0.305017,16521.140625
59,0.450778,0.451129,16787.437500
60,0.453189,0.442447,16937.162109
61,0.510175,0.546182,17186.753906
62,0.694455,0.421784,17968.615234
63,0.734658,0.334778,18168.375000
64,0.772996,0.353943,18467.783203
65,0.689282,0.583615,18717.457031
66,0.681861,0.595785,18900.398438
67,0.684264,0.581560,19166.587891
68,0.706300,0.801860,19532.578125
69,0.696042,0.851246,19682.443359
70,0.692568,0.878262,19915.216797
71,0.675436,0.521512,20281.386719
72,0.677281,0.460212,20447.718750
73,0.677900,0.417355,20697.263672
74,0.805189,0.467991,21113.189453
75,0.852840,0.449983,21346.132812
76,0.672671,0.475670,21662.210938
77,0.675841,0.488432,21762.123047
78,0.675253,0.500408,21978.332031
79,0.644721,0.516374,22211.386719
80,0.612059,0.436136,22477.433594
81,0.526758,0.357983,22926.667969
82,0.530578,0.527965,23159.599609
83,0.423147,0.571545,23725.294922
84,0.383435,0.524943,23974.820312
85,0.352434,0.535054,24257.675781
86,0.319023,0.542006,24557.189453
0,0.624003,0.457817,1098.074097
1,0.484668,0.441167,1780.177246
2,0.481507,0.341858,1929.968384
3,0.538037,0.281138,2179.598633
4,0.681803,0.392318,5074.525879
5,0.315786,0.596793,10365.153320
6,0.170063,0.386973,11895.881836
7,0.894436,0.438930,13626.102539
8,0.838352,0.308611,14358.257812
9,0.805170,0.464342,14790.827148
10,0.662370,0.435854,16737.398438
11,0.628774,0.369379,17020.162109
12,0.686846,0.425343,18001.796875
13,0.692428,0.422722,18201.498047
14,0.690112,0.413625,18733.923828
15,0.955122,0.461435,19981.710938
0,0.740271,0.528237,415.884399
1,0.756249,0.509387,565.558594
2,0.663308,0.484865,865.128845
3,0.671207,0.487874,1330.969360
4,0.649047,0.485003,1647.050415
5,0.686152,0.498837,2096.361328
6,0.651014,0.486292,2612.098633
7,0.617120,0.482062,2878.352295
8,0.622224,0.497543,3044.644043
9,0.582953,0.498442,3360.767822
10,0.561879,0.467238,3610.268066
11,0.571223,0.412088,3743.481934
12,0.597687,0.364629,3976.266602
13,0.704127,0.130265,5091.037109
14,0.694925,0.080595,5240.729004
15,0.694358,0.066155,5473.723633
16,0.883744,0.547484,6388.709473
17,0.837171,0.498047,6621.724121
18,0.936705,0.499783,7303.816406
19,0.973643,0.495085,7520.173828
20,0.020264,0.511986,7886.107422
21,0.022184,0.299791,8468.454102
22,0.035579,0.267060,8618.239258
23,0.077365,0.543112,9100.728516
24,0.100067,0.504585,9466.717773
25,0.138393,0.496232,9666.292969
26,0.165085,0.502289,9932.636719
27,0.215234,0.653793,10731.205078
28,0.199064,0.761966,10963.994141
29,0.190320,0.762503,11063.914062
30,0.340223,0.704008,12145.407227
31,0.326282,0.668658,12278.489258
32,0.326210,0.642431,12760.964844
33,0.326042,0.589056,13176.858398
34,0.355885,0.512361,13908.970703
35,0.360410,0.489683,14191.752930
36,0.462226,0.579260,14873.851562
37,0.456953,0.361527,15389.720703
38,0.563218,0.529726,16221.546875
39,0.526145,0.293608,16803.814453
40,0.483820,0.294254,17003.527344
41,0.427323,0.214045,17386.144531
42,0.372782,0.191686,17535.884766
43,0.237609,0.207357,17951.771484
44,0.158829,0.517705,18733.789062
45,0.923284,0.507416,19981.673828
46,0.942583,0.514871,20264.494141
47,0.944429,0.509673,20480.748047
48,0.935939,0.504901,20613.847656
49,0.930440,0.508056,20746.988281
50,0.823756,0.508301,21445.718750
51,0.791516,0.513728,21761.876953
52,0.746558,0.497089,22044.675781
53,0.693355,0.486760,22244.296875
54,0.667162,0.505640,22843.302734
55,0.642970,0.497529,23242.529297
56,0.547870,0.492152,23924.673828
57,0.519548,0.491786,24207.556641
58,0.478075,0.495826,24490.390625
59,0.426032,0.509164,24739.884766
0,0.688414,0.874899,33.173363
1,0.752620,0.407954,748.578552
2,0.746842,0.375161,1064.654297
3,0.692055,0.402647,1314.266846
4,0.718191,0.368527,1597.138306
5,0.749313,0.328657,1796.833740
6,0.085896,0.482254,3959.620361
7,0.234771,0.208086,6655.019531
8,0.329559,0.650395,8302.100586
9,0.499642,0.555088,10049.035156
10,0.624041,0.485707,11995.651367
11,0.478760,0.382683,17852.048828
12,0.716180,0.466800,19066.537109
13,0.690887,0.456943,21196.138672
14,0.699658,0.420806,24091.146484
15,0.639206,0.447328,24806.625000
16,0.639375,0.451826,24939.603516
0,0.750517,0.516276,599.000549
1,0.760694,0.524708,732.081970
2,0.727640,0.497370,1064.828369
3,0.710787,0.489453,1247.863159
4,0.694303,0.498758,1414.226196
5,0.685059,0.507196,1630.530273
6,0.710392,0.600113,1946.645020
7,0.715791,0.597196,2146.280518
8,0.665434,0.529819,2545.614014
9,0.677264,0.509991,2711.942627
10,0.654563,0.512926,3144.545898
11,0.643824,0.533301,3427.383057
12,0.640913,0.543093,3560.459717
13,0.636568,0.575009,3676.913818
14,0.628211,0.606069,3859.932861
15,0.597644,0.591857,4758.384277
16,0.594912,0.584470,5041.235352
17,0.634210,0.613059,5473.789062
18,0.606951,0.553372,6422.137695
19,0.586970,0.555310,6655.048340
20,0.556706,0.545098,6887.979492
21,0.547624,0.538118,7054.362793
22,0.542512,0.546653,7154.164551
23,0.496787,0.549311,7819.688965
24,0.477221,0.568590,8052.630859
25,0.465452,0.569244,8252.264648
26,0.447410,0.586341,8468.561523
27,0.453625,0.584219,8768.028320
28,0.459092,0.582963,9067.496094
29,0.576255,0.524637,9666.460938
30,0.595957,0.527418,9866.110352
31,0.686979,0.509784,10365.238281
32,0.696679,0.520249,10498.326172
33,0.712900,0.524035,10814.446289
34,0.824952,0.513721,11346.850586
35,0.998804,0.567655,12261.932617
36,0.010901,0.556703,12478.219727
37,0.974930,0.642213,12761.043945
38,0.963431,0.656600,12977.332031
39,0.980636,0.715263,13243.540039
40,0.993730,0.681815,13676.114258
41,0.005687,0.713057,13825.848633
42,0.021931,0.695492,14857.378906
43,0.028373,0.658135,15057.026367
44,0.025487,0.600356,15240.063477
45,0.042936,0.553577,15406.436523
46,0.059194,0.501179,15622.718750
47,0.087374,0.502936,15938.837891
48,0.119435,0.498923,16188.389648
49,0.137360,0.492294,16371.432617
50,0.165377,0.502532,16587.703125
51,0.174553,0.504122,16903.824219
52,0.188996,0.470311,17136.726562
53,0.019978,0.237398,17785.593750
54,0.970265,0.208797,17968.607422
55,0.897648,0.113370,18384.576172
56,0.880346,0.111571,18567.607422
57,0.958644,0.206666,18833.779297
58,0.862787,0.141983,19133.242188
59,0.783581,0.194095,19549.179688
60,0.388440,0.454687,21362.681641
61,0.399385,0.506505,21529.064453
62,0.410715,0.528185,21828.533203
63,0.447252,0.557743,22161.281250
64,0.470710,0.574588,22327.654297
65,0.448002,0.615354,22776.880859
66,0.532915,0.579736,23209.453125
67,0.537827,0.571323,23392.486328
68,0.566389,0.565383,23675.316406
69,0.605670,0.574140,23974.785156
70,0.620381,0.544437,24207.703125
71,0.626491,0.524985,24390.726562
72,0.598208,0.412054,24640.304688
0,0.747770,0.537362,166.508041
1,0.726394,0.530633,332.850891
2,0.690252,0.540296,698.861389
3,0.649128,0.531410,881.859436
4,0.639867,0.532416,1114.785522
5,0.630366,0.539027,1297.849609
6,0.606002,0.523919,1514.139893
7,0.576917,0.528216,2063.181885
8,0.577449,0.529361,2279.445801
9,0.557080,0.506322,2545.678711
10,0.542481,0.418033,2811.849609
11,0.489965,0.479105,3078.040771
12,0.498642,0.507345,3344.215332
13,0.474909,0.561131,3660.345459
14,0.470452,0.546372,4192.765625
15,0.431614,0.530456,5074.533691
16,0.431129,0.529085,5324.118164
17,0.430554,0.531149,5473.863281
18,0.413811,0.527607,5606.942383
19,0.411963,0.529193,5923.133301
20,0.405383,0.548455,6172.667480
21,0.405076,0.549655,6372.276855
22,0.344491,0.546476,6754.931152
23,0.308665,0.667694,7220.782227
24,0.313562,0.609128,7720.045410
25,0.311068,0.614741,8002.839355
26,0.311331,0.610986,8185.761719
27,0.295834,0.528502,8485.286133
28,0.299333,0.520838,8635.065430
29,0.293069,0.369130,9200.761719
30,0.274946,0.362833,9450.268555
31,0.245968,0.405756,9766.344727
32,0.240535,0.802550,10681.390625
33,0.236296,0.836741,10847.811523
34,0.203232,0.827998,11213.838867
35,0.064894,0.514011,11945.928711
36,0.065352,0.272122,12528.205078
37,0.133604,0.174866,12877.570312
38,0.140699,0.133332,13310.249023
39,0.128750,0.124287,13509.861328
40,0.257300,0.124209,13809.365234
41,0.246924,0.109231,13992.295898
42,0.384241,0.085149,14740.973633
43,0.365731,0.087888,14940.647461
44,0.356370,0.093137,15090.450195
45,0.387919,0.086214,15306.748047
46,0.489566,0.007972,15739.266602
47,0.639303,0.033058,15922.363281
48,0.465077,0.093744,16487.958984
49,0.642989,0.057246,16770.763672
50,0.631925,0.056852,17053.646484
51,0.636257,0.125082,17336.519531
52,0.661840,0.144906,18118.449219
53,0.665703,0.168270,18401.291016
54,0.677292,0.205127,18650.845703
55,0.677914,0.262075,18883.806641
56,0.674943,0.457461,19266.451172
57,0.675831,0.508853,19449.521484
58,0.686615,0.513172,19582.623047
59,0.733197,0.475577,19981.804688
60,0.722170,0.463360,20231.386719
61,0.742299,0.451002,20414.476562
62,0.734585,0.454515,20530.904297
63,0.826540,0.488216,20763.804688
64,0.858759,0.493940,21512.484375
65,0.906876,0.502867,21811.958984
66,0.995452,0.496743,22394.292969
67,0.967747,0.529959,22710.433594
68,0.963702,0.504984,23309.421875
69,0.973298,0.506961,23791.849609
0,0.886584,0.622867,2429.074219
1,0.993618,0.550686,3161.208008
2,0.839290,0.560016,5390.533203
3,0.843890,0.519764,5507.108398
4,0.848311,0.508023,8751.358398
5,0.106510,0.266546,17585.894531
6,0.495135,0.627035,19133.164062
7,0.429129,0.606831,20680.513672
8,0.272558,0.586441,21878.335938
9,0.270900,0.805116,23791.675781
10,0.271657,0.782647,24041.164062
0,0.757973,0.590815,33.252483
1,0.687139,0.676597,432.502869
2,0.607843,0.621515,931.603882
3,0.545821,0.689348,1297.721436
4,0.698145,0.570217,1746.896729
5,0.692976,0.578987,1863.337158
6,0.702039,0.561853,2079.620850
7,0.033517,0.576866,2994.698242
8,0.057085,0.557301,3394.112305
9,0.052652,0.557717,3527.126709
10,0.050560,0.543514,3693.520996
11,0.077824,0.508247,3959.687988
12,0.075303,0.449488,4309.132324
13,0.009185,0.107672,5091.079102
14,0.966569,0.114524,5323.919434
15,0.667082,0.506540,6555.129395
16,0.647021,0.577374,6971.034668
17,0.618175,0.600629,7104.118164
18,0.572162,0.619746,7486.972656
19,0.573408,0.619522,7570.018555
20,0.563856,0.626073,7669.902832
21,0.509842,0.628893,7919.540527
22,0.463177,0.608317,8202.258789
23,0.439725,0.646660,8501.723633
24,0.493169,0.368757,9267.142578
25,0.517135,0.288268,9466.841797
26,0.564770,0.340494,9816.063477
27,0.220016,0.584807,11679.610352
28,0.250724,0.602168,11978.945312
29,0.197541,0.858607,12644.613281
30,0.345015,0.720378,13027.136719
31,0.334908,0.662289,13958.914062
32,0.330691,0.679137,14075.395508
33,0.192123,0.808375,14857.260742
34,0.096648,0.467482,15972.005859
35,0.984888,0.132381,16820.476562
36,0.976941,0.568624,17835.445312
37,0.920731,0.691335,18051.703125
38,0.846574,0.627135,18284.615234
39,0.823067,0.609026,18600.804688
40,0.747755,0.602099,19066.646484
41,0.755748,0.605673,19166.478516
42,0.715605,0.617736,19399.269531
43,0.677867,0.554259,19599.060547
44,0.683219,0.564167,19698.843750
45,0.638368,0.573386,19965.054688
0,0.850338,0.524765,183.020462
1,0.882168,0.536136,465.865601
2,0.897734,0.558121,781.964539
3,0.928476,0.783742,1231.120117
4,0.900006,0.826591,1397.454712
5,0.911598,0.765231,1713.622925
6,0.938387,0.549834,1880.023926
7,0.934208,0.546849,2013.121216
8,0.941487,0.474030,2246.128906
9,0.961492,0.519496,2528.868896
10,0.006732,0.506373,2811.682373
11,0.952250,0.377351,3127.861572
12,0.919516,0.251786,3560.488770
13,0.847415,0.168260,4009.558350
14,0.829278,0.514881,4425.579590
15,0.823345,0.513773,4558.644531
16,0.826165,0.536726,4691.774414
17,0.822104,0.531845,4891.428223
18,0.763070,0.526971,5157.637695
19,0.711427,0.538169,5490.383301
20,0.681879,0.537989,5640.186035
21,0.690488,0.530124,6239.023926
22,0.651141,0.614969,6505.233398
23,0.637651,0.651000,6721.556152
24,0.625633,0.582092,6921.161133
25,0.641725,0.525845,7137.520020
26,0.593444,0.510124,7420.406738
27,0.534667,0.528831,7719.714355
28,0.569070,0.509367,8085.876465
29,0.627037,0.504597,8285.525391
30,0.659027,0.230060,9150.640625
31,0.643340,0.231216,9316.952148
32,0.677660,0.087355,9749.625977
33,0.657709,0.083248,9899.371094
34,0.656565,0.099066,10032.470703
35,0.642639,0.091018,10215.474609
36,0.587084,0.147087,10781.079102
37,0.517992,0.601718,11662.890625
38,0.535516,0.555507,12012.317383
39,0.475502,0.557505,12378.300781
40,0.454248,0.555579,12644.626953
41,0.467954,0.546027,12927.465820
42,0.407500,0.546227,13243.424805
43,0.361600,0.544907,13459.789062
44,0.367248,0.545020,13592.884766
45,0.343517,0.545475,13858.984375
46,0.337208,0.545831,14041.968750
47,0.347149,0.547399,14274.967773
48,0.314478,0.644571,14524.499023
49,0.312656,0.701860,14740.855469
50,0.300877,0.807368,15156.708984
51,0.251761,0.846449,15323.076172
52,0.320912,0.648856,15822.201172
53,0.328931,0.627047,16471.085938
54,0.321479,0.642846,16803.857422
55,0.321123,0.597535,17020.171875
56,0.364690,0.525692,17386.207031
57,0.289221,0.425058,17652.439453
58,0.307738,0.217687,18168.150391
59,0.316964,0.168022,18484.271484
60,0.296292,0.152470,18634.078125
61,0.290126,0.106042,18883.564453
62,0.354324,0.100041,19183.052734
63,0.167112,0.518052,20647.154297
64,0.143723,0.523362,20963.224609
65,0.137529,0.520536,21146.273438
66,0.167638,0.517786,21346.027344
67,0.162449,0.515044,21578.902344
68,0.052785,0.496405,21761.888672
69,0.037035,0.510752,22111.246094
70,0.049882,0.472010,22460.683594
71,0.052591,0.444152,22776.753906
72,0.087872,0.449750,22943.109375
73,0.137235,0.475144,23176.121094
74,0.239576,0.428018,23625.302734
75,0.268573,0.526952,23924.707031
76,0.245021,0.773613,24340.666016
0,0.757881,0.520881,399.319641
1,0.854549,0.498426,1247.723755
2,0.910330,0.494897,1480.648438
3,0.913235,0.474867,1929.882690
4,0.914924,0.465098,2029.758667
5,0.966996,0.492285,2212.750488
6,0.996400,0.510539,2495.589111
7,0.967211,0.527222,2828.345703
8,0.891112,0.393530,3161.093750
9,0.863602,0.357574,3310.791504
10,0.826242,0.334414,3493.863770
11,0.787987,0.221333,3976.337891
12,0.797214,0.214325,4142.657227
13,0.829306,0.182150,4525.388184
14,0.854028,0.156533,4858.197266
15,0.871110,0.219202,5407.171387
16,0.839149,0.194588,5656.746582
17,0.812693,0.186979,5789.802734
18,0.785047,0.205846,6039.420410
19,0.774851,0.220743,6172.541504
20,0.767896,0.251524,6704.855469
21,0.737436,0.249558,6921.191406
22,0.674253,0.307370,7204.042480
23,0.447086,0.228209,8102.429199
24,0.455473,0.236029,8202.295898
25,0.441938,0.241264,8368.618164
26,0.395807,0.272414,8618.287109
27,0.365346,0.293232,8817.907227
28,0.358650,0.248724,9034.192383
29,0.356378,0.217564,9316.957031
30,0.359887,0.231702,9899.366211
31,0.290816,0.245910,10315.209961
32,0.228648,0.369547,10581.474609
33,0.175141,0.629410,11280.185547
34,0.115835,0.496168,11613.031250
35,0.071213,0.465710,11895.842773
36,0.024251,0.507419,12212.031250
37,0.033617,0.512257,12461.467773
38,0.038653,0.522724,12694.421875
39,0.073641,0.512554,12993.948242
40,0.171097,0.468124,13293.383789
41,0.173978,0.481101,13426.464844
42,0.166088,0.495605,13626.096680
43,0.161487,0.497383,13992.156250
44,0.112181,0.495497,14291.661133
45,0.094345,0.480830,14574.458008
46,0.098436,0.472794,15007.027344
47,0.133216,0.325045,15190.066406
48,0.215065,0.297929,15605.987305
49,0.283050,0.239460,16055.182617
50,0.796805,0.027433,16803.884766
51,0.790309,0.041772,17070.093750
52,0.221183,0.129778,17486.025391
53,0.217435,0.198765,17685.666016
54,0.256005,0.337042,18351.167969
55,0.322608,0.652069,18866.964844
56,0.204549,0.866582,19416.019531
57,0.185116,0.929402,19632.285156
58,0.327819,0.951672,19998.308594
59,0.355469,0.919090,20297.779297
60,0.320359,0.875071,20697.121094
61,0.338216,0.896753,21113.019531
62,0.511773,0.499390,21878.390625
63,0.677540,0.192322,22527.207031
64,0.653859,0.148478,22743.498047
65,0.691464,0.059128,22943.150391
66,0.651922,0.035528,23159.445312
67,0.711670,0.021257,23292.541016
68,0.884740,0.066675,23758.417969
69,0.531945,0.036445,24041.248047
70,0.563521,0.078444,24307.439453
71,0.556724,0.068137,24423.939453
72,0.646895,0.114281,24590.271484
0,0.767111,0.572585,16.633505
1,0.702122,0.520280,615.572449
2,0.683035,0.520550,1131.424316
3,0.675134,0.520789,1231.290649
4,0.590596,0.544854,1780.323242
5,0.564154,0.544194,1996.543091
6,0.538230,0.548781,2412.460205
7,0.533156,0.496950,2662.009277
8,0.475141,0.607426,2961.494385
9,0.490980,0.658085,3177.761719
10,0.517828,0.726851,3427.331543
11,0.517909,0.714884,3560.505859
12,0.493757,0.429309,3909.807373
13,0.491793,0.383499,4159.431152
14,0.507768,0.336084,4409.000488
15,0.496951,0.305884,4608.632324
16,0.503575,0.275825,4791.716797
17,0.499236,0.239778,5007.889648
18,0.514122,0.230535,5257.469727
19,0.526161,0.209100,5473.744141
20,0.549395,0.199234,5706.691895
21,0.589279,0.186067,5889.755371
22,0.631747,0.154068,6089.371094
23,0.664353,0.139781,6239.148926
24,0.692370,0.137734,6405.460938
25,0.697309,0.149448,6638.384277
26,0.719984,0.126585,6854.694336
27,0.729238,0.088072,7054.341309
28,0.778242,0.119289,7803.000000
29,0.795227,0.135514,8019.336914
30,0.794389,0.145903,8202.324219
31,0.806219,0.170840,8418.712891
32,0.807914,0.180744,8651.616211
33,0.832096,0.245747,8851.221680
34,0.828072,0.318061,9067.516602
35,0.822416,0.363190,9300.425781
36,0.809852,0.522023,10448.380859
37,0.827946,0.552174,10681.386719
38,0.855726,0.578685,11113.947266
39,0.887468,0.607821,11396.827148
40,0.991659,0.473293,12112.222656
41,0.005562,0.434624,12394.995117
42,0.020995,0.405221,12594.666992
43,0.092357,0.426593,12894.127930
44,0.205552,0.461298,13626.160156
45,0.218618,0.385372,13925.770508
46,0.211206,0.305772,14158.653320
47,0.180441,0.253615,14408.173828
48,0.095357,0.179263,14774.178711
49,0.109666,0.150154,15007.134766
50,0.145565,0.147060,15190.099609
51,0.188362,0.162304,15406.428711
52,0.240371,0.188816,15606.163086
53,0.263711,0.198795,15805.747070
54,0.297044,0.167389,16005.384766
55,0.339930,0.179884,16221.653320
56,0.399594,0.225373,16421.291016
57,0.416683,0.240028,16637.607422
58,0.453817,0.258151,16903.814453
59,0.467021,0.297241,17053.535156
60,0.389437,0.568120,17635.906250
61,0.322404,0.589744,17868.759766
62,0.299776,0.626182,18184.962891
63,0.295537,0.671449,18700.673828
64,0.315440,0.678768,19399.443359
65,0.455203,0.608445,19948.480469
66,0.481522,0.576287,20148.144531
67,0.508073,0.564688,20397.716797
68,0.503320,0.564085,20514.166016
69,0.449949,0.567654,20713.833984
70,0.430760,0.583980,21113.142578
71,0.295495,0.676221,21628.857422
72,0.298712,0.684802,21978.246094
73,0.160861,0.812550,22427.484375
74,0.114008,0.827996,22693.693359
75,0.114913,0.833645,22776.871094
76,0.134233,0.759490,22976.505859
77,0.192637,0.706160,23209.515625
78,0.917040,0.540457,24207.685547
79,0.919430,0.483586,24440.634766
80,0.921620,0.516722,24623.658203
0,0.702153,0.465420,133.066803
1,0.738296,0.555010,582.256470
2,0.744050,0.590088,1364.258911
3,0.530513,0.526241,4192.601074
4,0.535481,0.518052,4359.090820
5,0.488213,0.536849,4542.000488
6,0.678105,0.418062,5007.880371
7,0.673746,0.400359,5107.667969
8,0.013759,0.369845,6788.076172
9,0.000513,0.373649,6937.800781
10,0.985693,0.367284,7054.316406
11,0.912864,0.430880,7453.674316
12,0.510625,0.316071,9316.995117
13,0.493642,0.450484,9583.182617
14,0.707892,0.404663,10764.489258
15,0.651156,0.430988,11063.940430
16,0.741316,0.340041,23342.468750
0,0.730682,0.476789,16.659491
1,0.731777,0.461308,133.028854
2,0.674941,0.463452,582.355774
3,0.627746,0.482979,898.355835
4,0.422618,0.487503,1846.748535
5,0.379380,0.447524,2112.955811
6,0.354873,0.460631,2429.111572
7,0.309327,0.637293,2778.476562
8,0.852731,0.457859,3793.346191
9,0.884198,0.476343,3943.097900
10,0.950500,0.468041,4176.017578
11,0.147019,0.449815,5140.937988
12,0.179598,0.465562,5407.190430
13,0.141248,0.543112,5922.997070
14,0.096955,0.456972,6372.137207
15,0.096252,0.479217,6472.008789
16,0.112560,0.446341,6871.269043
17,0.091209,0.656076,7287.203125
18,0.085811,0.902278,7919.445801
19,0.170255,0.988677,8568.387695
20,0.816359,0.156654,10980.765625
21,0.600766,0.145854,11496.551758
22,0.307009,0.598351,12561.315430
23,0.299083,0.693062,12777.645508
24,0.300423,0.684971,12894.085938
25,0.455337,0.518751,13226.842773
26,0.544081,0.459260,13842.434570
27,0.482254,0.435851,14108.613281
28,0.684624,0.480270,15056.962891
29,0.699077,0.459824,15289.900391
30,0.703704,0.444623,15789.074219
31,0.683881,0.447063,16371.370117
32,0.704294,0.464093,16853.857422
33,0.679066,0.468891,17386.230469
34,0.685589,0.497396,18184.833984
35,0.688380,0.482020,18284.640625
36,0.697185,0.468224,18451.050781
37,0.667205,0.485205,19033.388672
38,0.681416,0.461459,19416.085938
39,0.650351,0.467633,19615.640625
40,0.642958,0.529928,19881.869141
41,0.681952,0.464397,20197.964844
42,0.696239,0.459561,20530.710938
43,0.675857,0.518905,20980.005859
44,0.645428,0.538735,21196.226562
45,0.678209,0.474785,21612.154297
46,0.694932,0.459711,21878.402344
47,0.803421,0.463996,22327.603516
48,0.830649,0.463224,22510.640625
49,0.836209,0.460955,22810.164062
50,0.761092,0.427436,23259.294922
51,0.770814,0.431160,23758.423828
52,0.731340,0.456919,24324.103516
53,0.765957,0.460010,24989.648438
0,0.774930,0.533851,33.369873
1,0.695153,0.478464,848.592041
2,0.696467,0.489983,1081.491211
3,0.659117,0.500962,1297.740723
4,0.525812,0.502871,2212.810791
5,0.455515,0.514193,2528.947754
6,0.419569,0.510704,3044.677734
7,0.385007,0.480370,3310.904541
8,0.687508,0.524104,4625.250000
9,0.789157,0.541928,4858.204590
10,0.880661,0.548781,5290.787598
11,0.840101,0.891055,5889.772461
12,0.116651,0.556163,6588.494629
13,0.114901,0.533109,6721.595215
14,0.146178,0.507483,6937.919922
15,0.143250,0.498505,7037.729492
16,0.144995,0.394384,7403.769043
17,0.215496,0.523861,8002.699219
18,0.213588,0.529146,8102.531738
19,0.209338,0.506661,8268.937500
20,0.261899,0.499142,8485.287109
21,0.257519,0.500816,8601.675781
22,0.337519,0.517800,8834.589844
23,0.344767,0.626253,9267.131836
24,0.340004,0.630306,9516.759766
25,0.361926,0.470690,9816.246094
26,0.058217,0.354390,11047.380859
27,0.981378,0.482378,11463.343750
28,0.912167,0.426901,11796.107422
29,0.749503,0.458463,12561.432617
30,0.668897,0.520145,12977.348633
31,0.620434,0.539639,13326.707031
32,0.580027,0.515055,13626.217773
33,0.520432,0.516515,13942.415039
34,0.526618,0.512595,14058.816406
35,0.482891,0.457195,14424.778320
36,0.423307,0.508809,14957.224609
37,0.418752,0.510686,15423.114258
38,0.370109,0.489721,15722.549805
39,0.342176,0.443341,16022.104492
40,0.273107,0.426939,16454.613281
41,0.185719,0.483093,16853.882812
42,0.161611,0.504691,17020.353516
43,0.171363,0.509694,17353.035156
44,0.094872,0.474694,17552.707031
45,0.057641,0.458773,17835.595703
46,0.047723,0.490975,18301.482422
47,0.117360,0.487077,18667.388672
48,0.479252,0.505698,20281.226562
49,0.552536,0.519476,20514.158203
50,0.546692,0.511162,20747.080078
51,0.578533,0.453450,20996.705078
52,0.656148,0.521961,21445.910156
53,0.700915,0.519426,21861.857422
54,0.713914,0.510550,22227.843750
55,0.708789,0.505866,22593.888672
56,0.765263,0.494785,22910.039062
57,0.797463,0.488045,23309.287109
58,0.840436,0.508638,23575.568359
59,0.840844,0.495836,23924.900391
60,0.872647,0.528266,24257.630859
61,0.871096,0.521348,24424.029297
62,0.907511,0.536171,24623.695312
63,0.905237,0.533935,24956.408203
0,0.626074,0.576099,964.911133
1,0.583776,0.588385,1414.212646
2,0.550798,0.560534,1713.684692
3,0.690127,0.180779,2595.383301
4,0.677446,0.121296,2795.143066
5,0.602715,0.089080,3077.871338
6,0.521377,0.047663,3394.001953
7,0.808390,0.003683,3693.548096
8,0.970350,0.083666,3876.534912
9,0.111993,0.521988,5590.257324
10,0.110950,0.437410,5789.873535
11,0.071482,0.292700,6006.065430
12,0.025363,0.225936,6172.441895
13,0.335358,0.550690,8185.688965
14,0.386486,0.469256,8451.952148
15,0.302172,0.606172,8751.314453
16,0.304347,0.707182,9100.789062
17,0.271192,0.728753,9333.691406
18,0.190555,0.638304,9683.035156
19,0.270260,0.880083,10198.776367
20,0.359311,0.088678,13260.122070
21,0.310919,0.572865,14873.942383
22,0.636086,0.606788,17552.675781
23,0.900222,0.543416,18401.164062
24,0.532384,0.593449,19798.726562
25,0.524953,0.594420,20048.193359
26,0.501284,0.495692,20746.962891
27,0.511981,0.591461,21262.833984
28,0.429110,0.647229,21479.056641
29,0.420718,0.671850,21711.980469
30,0.507026,0.633706,22444.029297
31,0.522581,0.593718,22760.203125
32,0.542879,0.543707,23043.046875
33,0.562191,0.538703,23991.255859
34,0.667192,0.531462,24989.623047
0,0.750060,0.520791,366.105530
1,0.749495,0.521636,549.122375
2,0.753973,0.548981,715.517151
3,0.799793,0.584139,965.062927
4,0.800156,0.584997,1098.196533
5,0.822136,0.577381,1314.531128
6,0.762276,0.471737,1613.934326
7,0.726802,0.472214,1846.871338
8,0.742755,0.403586,2312.749268
9,0.743967,0.331241,2479.076904
10,0.752597,0.289642,2695.364502
11,0.768490,0.261356,3028.111816
12,0.660537,0.507863,3477.378906
13,0.366277,0.526247,6339.026367
14,0.345518,0.566669,6871.451660
15,0.322955,0.695342,7237.446289
16,0.316462,0.755370,7403.899902
17,0.321914,0.781055,7586.858887
18,0.322681,0.770579,7719.926758
19,0.322686,0.751006,7836.439453
20,0.268068,0.730730,8052.713867
21,0.164068,0.516221,8601.729492
22,0.167639,0.516877,8901.239258
23,0.256361,0.530119,9383.722656
24,0.277665,0.440942,9550.060547
25,0.294847,0.377661,9699.817383
26,0.320316,0.291858,9899.441406
27,0.360258,0.371555,10149.013672
28,0.413272,0.566413,10681.438477
29,0.460065,0.569523,10914.380859
30,0.481508,0.408475,11114.100586
31,0.503040,0.343052,11296.997070
32,0.564720,0.535914,11729.612305
33,0.591869,0.444732,11945.915039
34,0.616958,0.389093,12128.925781
35,0.661899,0.513189,12461.631836
36,0.693848,0.547819,12644.695312
37,0.690175,0.540874,12860.983398
38,0.702387,0.534699,13043.968750
39,0.711617,0.536211,13509.792969
40,0.727756,0.490976,14142.087891
41,0.736329,0.463516,14325.094727
42,0.757641,0.419229,14524.712891
43,0.837167,0.546546,15206.877930
44,0.001435,0.543349,16288.403320
45,0.079788,0.523788,17103.591797
46,0.100533,0.511959,17336.498047
47,0.126683,0.518928,17602.685547
48,0.193024,0.513274,18234.898438
49,0.190058,0.448471,18600.890625
50,0.033968,0.198078,19332.951172
51,0.990360,0.183712,19466.109375
52,0.986247,0.161919,19615.845703
53,0.980262,0.167730,19748.904297
54,0.936096,0.177558,20048.488281
55,0.908458,0.187548,20281.316406
56,0.956625,0.537400,21262.974609
57,0.953649,0.530205,21379.451172
58,0.969140,0.523993,21678.876953
59,0.027186,0.509087,22078.232422
60,0.074828,0.500875,22527.492188
61,0.100779,0.502017,22793.625000
62,0.118390,0.494970,23176.265625
63,0.148765,0.506017,23375.896484
64,0.091724,0.525403,24008.130859
65,0.035430,0.535375,24390.798828
66,0.003161,0.541101,24740.187500
67,0.959309,0.546555,24906.560547
68,0.960494,0.544170,24989.773438
0,0.700694,0.503737,515.812256
1,0.691449,0.512770,715.467834
2,0.734320,0.371848,1297.751953
3,0.743023,0.367954,1514.051880
4,0.759360,0.357432,1747.027466
5,0.757248,0.324768,1946.704224
6,0.766048,0.320108,2113.024414
7,0.795939,0.327925,2329.279541
8,0.824692,0.338141,2628.861084
9,0.779535,0.295736,2928.266113
10,0.785934,0.301146,3427.409912
11,0.837772,0.340682,3726.864258
12,0.832821,0.539711,4126.156738
13,0.836461,0.517873,4425.691406
14,0.839554,0.444018,4708.443848
15,0.850915,0.395614,4891.473145
16,0.854264,0.378710,5024.657227
17,0.860119,0.363647,5141.028320
18,0.864978,0.353704,5324.028809
19,0.836957,0.332189,5573.679199
20,0.841616,0.322231,5756.675293
21,0.892296,0.348167,6006.176758
22,0.912506,0.365550,6172.644531
23,0.915156,0.498863,6422.117188
24,0.922431,0.405289,6987.804199
25,0.919701,0.390324,7187.533203
26,0.934111,0.511776,7403.733398
27,0.946586,0.533943,7620.022949
28,0.982657,0.419983,8152.418945
29,0.992505,0.395034,8501.857422
30,0.995421,0.429132,8684.824219
31,0.015756,0.424365,8917.854492
32,0.014211,0.516796,9283.772461
33,0.994465,0.514535,9616.533203
34,0.060773,0.478234,10015.920898
35,0.070081,0.471791,10465.076172
36,0.072850,0.346799,10914.352539
37,0.085883,0.303554,11113.934570
38,0.088318,0.270021,11263.697266
39,0.104411,0.261629,11729.520508
40,0.127718,0.256744,12029.025391
41,0.118653,0.217999,12328.492188
42,0.104974,0.185720,12494.926758
43,0.096060,0.166921,12744.447266
44,0.159976,0.204286,13027.310547
45,0.122815,0.462766,13393.291016
46,0.169872,0.420294,13709.453125
47,0.166576,0.431004,13925.672852
48,0.102477,0.534087,14341.680664
49,0.125353,0.537400,14674.478516
50,0.074961,0.514667,15040.483398
51,0.198821,0.757356,15672.653320
52,0.200119,0.709942,15988.790039
53,0.215201,0.700722,16338.135742
54,0.214815,0.699749,16471.208984
55,0.212200,0.645514,16670.863281
56,0.222696,0.606973,16837.328125
57,0.198201,0.519019,17020.361328
58,0.203175,0.498251,17253.230469
59,0.221003,0.507132,17685.775391
60,0.196429,0.495799,18035.171875
61,0.296712,0.600600,18817.160156
62,0.329254,0.669535,19249.783203
63,0.333284,0.626830,19499.281250
64,0.363280,0.557128,19815.474609
65,0.382987,0.539257,20198.082031
66,0.427659,0.540659,20763.707031
67,0.452124,0.546275,21212.966797
68,0.490582,0.540672,21678.845703
69,0.481432,0.521518,21945.048828
70,0.500943,0.511803,22427.580078
71,0.512211,0.486406,22693.791016
72,0.480845,0.481945,22876.689453
73,0.365529,0.604537,23142.933594
74,0.350405,0.553167,23425.806641
75,0.352226,0.481089,23825.041016
76,0.377675,0.447904,24024.669922
77,0.334110,0.625677,24473.955078
78,0.324172,0.653195,24690.169922
0,0.694891,0.563470,232.979645
1,0.703026,0.517084,382.623322
2,0.762128,0.512266,632.240967
3,0.825430,0.533996,898.374573
4,0.900457,0.557892,1497.348999
5,0.915270,0.543875,1730.258057
6,0.871802,0.477272,2079.718018
7,0.868995,0.390165,2362.536621
8,0.895017,0.356820,2612.103760
9,0.914256,0.329144,2911.540039
10,0.925000,0.284191,3377.381836
11,0.008003,0.333706,4175.999512
12,0.008496,0.324765,4309.100098
13,0.035350,0.311635,4525.443848
14,0.101030,0.292566,4774.981445
15,0.112443,0.247077,4991.272949
16,0.146229,0.262806,5274.133789
17,0.141473,0.258780,5457.141113
18,0.137561,0.279601,5656.772949
19,0.258767,0.318962,6372.216309
20,0.281481,0.329497,6721.595215
21,0.247181,0.664898,7470.239258
22,0.243284,0.725139,7686.539062
23,0.241934,0.774455,7819.691895
24,0.315337,0.736985,8169.054199
25,0.318398,0.721441,8318.807617
26,0.338560,0.673934,9283.737305
27,0.188247,0.602831,9633.137695
28,0.159630,0.496070,10082.400391
29,0.154339,0.484128,10331.966797
30,0.115724,0.506163,10598.164062
31,0.152767,0.512718,10947.490234
32,0.156513,0.524624,11197.065430
33,0.124076,0.473550,11429.968750
34,0.082066,0.212680,11845.949219
35,0.090912,0.169693,12078.844727
36,0.108883,0.141225,12311.779297
37,0.114403,0.127394,12611.340820
38,0.389240,0.312174,13260.158203
39,0.414026,0.591343,13925.634766
40,0.439157,0.604722,14175.207031
41,0.401451,0.584572,14591.134766
42,0.388584,0.550528,14890.633789
43,0.466626,0.639689,15689.245117
44,0.487923,0.664597,15838.979492
45,0.310364,0.684942,16720.781250
46,0.306127,0.658841,16903.765625
47,0.315956,0.638617,17369.658203
48,0.319543,0.604858,17602.570312
49,0.333474,0.527888,18168.224609
50,0.343449,0.507645,18467.736328
51,0.314791,0.654288,18916.919922
52,0.319539,0.685555,19083.277344
53,0.077963,0.490439,20081.544922
54,0.113109,0.507685,20247.904297
55,0.131811,0.495137,20547.429688
56,0.185180,0.515522,20846.908203
57,0.071584,0.491429,21146.351562
58,0.951577,0.515405,21578.904297
59,0.929913,0.526630,21795.191406
60,0.924898,0.508964,22959.830078
61,0.752833,0.509883,23575.417969
62,0.668741,0.530066,23941.457031
0,0.747735,0.533884,316.079865
1,0.248764,0.938748,2279.363770
2,0.341835,0.543274,5573.600098
3,0.360652,0.530929,5756.662109
4,0.362188,0.528459,5839.815918
5,0.358221,0.534403,5956.220703
6,0.450168,0.542058,6322.250977
7,0.488628,0.536016,6588.512695
8,0.487010,0.541060,6754.913086
9,0.543435,0.530171,6904.584473
10,0.595777,0.525103,7586.747070
11,0.675235,0.514233,8019.349609
12,0.667214,0.523449,8302.235352
13,0.717353,0.514297,8584.990234
14,0.708558,0.523165,8917.753906
15,0.691080,0.527751,9183.938477
16,0.852617,0.527719,9533.365234
17,0.969389,0.511442,10132.304688
18,0.963964,0.514848,10232.197266
19,0.969470,0.536578,10531.581055
20,0.969618,0.583160,10764.532227
21,0.059380,0.517360,11063.996094
22,0.093493,0.515264,11396.723633
23,0.130993,0.507110,11729.488281
24,0.130234,0.513601,11862.657227
25,0.110202,0.508651,12028.973633
26,0.196994,0.509869,12345.070312
27,0.208446,0.498101,12761.057617
28,0.137707,0.513215,13027.305664
29,0.109624,0.512551,13260.200195
30,0.046614,0.524631,14008.875977
31,0.022597,0.535886,14358.208008
32,0.021046,0.530685,14458.149414
33,0.938375,0.533056,14657.760742
34,0.910915,0.523833,15023.733398
35,0.685746,0.534254,16055.295898
36,0.687064,0.517115,16288.240234
37,0.693165,0.496048,16471.234375
38,0.632757,0.514409,16770.671875
39,0.521693,0.546841,17036.869141
40,0.534093,0.530589,17303.062500
41,0.464462,0.557867,17536.031250
42,0.467728,0.556303,17635.859375
43,0.358771,0.194211,19016.806641
44,0.440449,0.149919,19183.138672
45,0.311969,0.098371,19632.355469
46,0.619692,0.091742,19881.896484
47,0.587808,0.195622,20364.515625
48,0.679171,0.212147,20630.644531
49,0.697657,0.503864,21645.605469
50,0.703137,0.519629,21728.787109
51,0.806291,0.522284,21944.949219
52,0.760369,0.536503,22294.392578
53,0.772337,0.554590,22643.822266
54,0.755539,0.538837,23076.347656
55,0.755108,0.532792,23292.623047
56,0.746368,0.562626,23425.726562
57,0.750177,0.557745,23608.748047
58,0.749602,0.551183,23708.562500
59,0.748574,0.567753,23825.007812
60,0.762086,0.536952,24024.667969
61,0.783780,0.541557,24374.070312
0,0.795432,0.484669,16.736526
1,0.791595,0.491316,266.321045
2,0.726452,0.521060,466.001862
3,0.752802,0.680031,981.716125
4,0.813910,0.921503,1880.153320
5,0.794613,0.885415,2029.827515
6,0.716431,0.796478,2345.977051
7,0.625106,0.510467,2811.899658
8,0.635148,0.317013,3710.267578
9,0.720586,0.277363,3926.503906
10,0.810189,0.314586,4392.352539
11,0.871931,0.373405,4758.401855
12,0.907819,0.385308,5007.931641
13,0.909997,0.338149,5207.633789
14,0.951642,0.549555,5490.430176
15,0.897000,0.544739,6072.759766
16,0.890005,0.504886,6322.343750
17,0.853626,0.475066,6887.983887
18,0.854374,0.478518,7237.384766
19,0.908574,0.455253,7470.405762
20,0.952902,0.497898,7902.932617
21,0.052525,0.516138,8568.441406
22,0.049693,0.509213,8934.471680
23,0.917758,0.664343,9350.392578
24,0.652808,0.503917,10049.188477
25,0.552719,0.552891,10548.400391
26,0.548608,0.549319,10648.146484
27,0.487578,0.520516,11014.180664
28,0.505013,0.410857,11363.595703
29,0.543911,0.377951,11663.027344
30,0.605867,0.558667,12178.743164
31,0.603710,0.556317,12494.970703
32,0.570642,0.532251,12811.040039
33,0.624510,0.437144,13343.441406
34,0.621394,0.436091,13526.391602
35,0.612636,0.445984,13642.904297
36,0.606712,0.458581,13742.747070
37,0.594757,0.545341,13992.273438
38,0.564289,0.700942,14441.508789
39,0.430689,0.523023,15290.036133
40,0.513171,0.396853,15689.402344
41,0.556321,0.269001,16155.199219
42,0.593493,0.272165,16371.453125
43,0.647098,0.509712,16787.423828
44,0.729657,0.464367,17170.015625
45,0.724892,0.447101,17419.595703
46,0.762312,0.431766,17669.203125
47,0.819408,0.385979,17885.441406
48,0.858422,0.371643,18234.894531
49,0.903724,0.399806,18933.740234
50,0.943112,0.524786,19183.177734
51,0.936559,0.504615,19565.835938
52,0.956245,0.533671,19865.435547
53,0.997331,0.356784,20464.310547
54,0.995254,0.375446,20647.345703
55,0.034450,0.491510,21079.878906
56,0.026693,0.573287,21429.298828
57,0.021814,0.558861,21529.093750
58,0.942142,0.592065,21811.972656
59,0.685710,0.516775,22776.937500
60,0.695129,0.517431,22976.605469
61,0.734300,0.510223,23459.062500
0,0.807504,0.560663,83.293762
1,0.722011,0.494662,415.916443
2,0.669973,0.442946,632.292908
3,0.602364,0.472543,1347.690918
4,0.643881,0.540717,1613.868774
5,0.859939,0.483652,2462.344727
6,0.896710,0.489945,2761.837891
7,0.804612,0.178245,3360.846436
8,0.838353,0.098502,4042.961670
9,0.059729,0.075612,4342.404297
10,0.392698,0.083670,6488.720703
11,0.256030,0.236059,7120.923340
12,0.258211,0.249296,7220.809082
13,0.330871,0.655857,7936.149902
14,0.351180,0.789347,8385.373047
15,0.348945,0.820713,8684.841797
16,0.423283,0.832004,8884.480469
17,0.330690,0.881491,9067.517578
18,0.231202,0.918501,9267.153320
19,0.120672,0.960576,9466.803711
20,0.606246,0.941772,9666.457031
21,0.423626,0.924305,10049.143555
22,0.287307,0.719863,10531.616211
23,0.286968,0.684539,10714.636719
24,0.295955,0.702107,10881.002930
25,0.374968,0.557550,11596.405273
26,0.424075,0.492359,12444.982422
27,0.511518,0.524294,12744.402344
28,0.560417,0.468842,13143.693359
29,0.552012,0.456028,13276.826172
30,0.597391,0.494457,13476.447266
31,0.591425,0.487194,13592.998047
32,0.613688,0.520622,13759.369141
33,0.604909,0.508990,13875.778320
34,0.667775,0.507263,14358.268555
35,0.758697,0.549763,14724.313477
36,0.721027,0.518204,15073.642578
37,0.724546,0.495275,15339.950195
38,0.715799,0.479916,15572.827148
39,0.739349,0.472829,15922.207031
40,0.685224,0.430230,16288.248047
41,0.878641,0.545986,16687.517578
42,0.878898,0.536692,16837.255859
43,0.902508,0.498817,17635.884766
44,0.897504,0.512207,17768.974609
45,0.995377,0.575581,18134.986328
46,0.990923,0.502707,18417.851562
47,0.972668,0.387416,18933.609375
48,0.935570,0.468884,19698.968750
49,0.543224,0.498347,21545.718750
50,0.464683,0.458859,21878.472656
51,0.470107,0.459218,22028.207031
52,0.424824,0.477632,22261.119141
53,0.414462,0.596270,22610.496094
54,0.306129,0.547121,22959.937500
55,0.147539,0.536395,24008.140625
56,0.135608,0.426802,24274.308594
57,0.119645,0.408559,24407.394531
0,0.610878,0.510879,898.360657
1,0.584287,0.504418,1181.246460
2,0.521315,0.497979,1397.503662
3,0.519120,0.367606,1796.825684
4,0.553069,0.316175,2013.140869
5,0.698149,0.502121,2495.591309
6,0.920824,0.546458,3477.228027
7,0.960543,0.533798,3693.497314
8,0.991264,0.521330,3959.710938
9,0.988467,0.521089,4126.094727
10,0.992839,0.464292,4309.105469
11,0.031018,0.478635,4758.350586
12,0.068274,0.495265,5190.906250
13,0.108119,0.504875,5590.189453
14,0.132703,0.508803,5922.990234
15,0.182857,0.513344,6205.750977
16,0.207385,0.475637,6488.586426
17,0.227398,0.361183,6771.439453
18,0.219655,0.211372,7020.986816
19,0.146892,0.027442,7536.757324
20,0.875642,0.038301,7719.842773
21,0.610702,0.038576,7986.023438
22,0.607554,0.036304,8668.217773
23,0.838788,0.054033,9017.585938
24,0.987125,0.181348,9316.977539
25,0.029332,0.103492,9616.498047
26,0.036193,0.086254,9766.198242
27,0.301906,0.116698,10598.081055
28,0.274646,0.132753,10847.675781
29,0.340886,0.657011,12045.530273
30,0.315908,0.542079,12478.185547
31,0.299785,0.435519,12744.355469
32,0.153741,0.608729,13210.202148
33,0.871063,0.510213,15339.785156
34,0.600378,0.542067,16521.128906
35,0.430127,0.503645,17086.726562
36,0.435435,0.497026,17186.619141
37,0.530882,0.489150,17452.800781
38,0.531860,0.494768,17569.263672
39,0.592664,0.509434,17868.798828
40,0.617730,0.519942,18118.251953
41,0.671481,0.579228,18384.464844
42,0.685617,0.570369,18550.882812
43,0.695906,0.525189,18733.925781
44,0.655114,0.467988,19515.865234
45,0.699216,0.462646,19698.871094
46,0.822291,0.537933,20264.552734
47,0.868925,0.589746,20663.849609
48,0.856350,0.669718,20946.722656
49,0.844876,0.645937,21495.738281
50,0.796985,0.577168,21845.089844
51,0.786406,0.327974,22377.574219
52,0.777802,0.359474,22543.886719
53,0.690991,0.483130,22726.882812
54,0.634340,0.503049,23209.363281
55,0.635468,0.508422,23375.841797
56,0.621769,0.545869,23525.466797
57,0.631115,0.407455,23791.685547
58,0.582205,0.404987,24174.392578
59,0.584315,0.418286,24274.203125
60,0.582120,0.507711,24557.054688
61,0.603273,0.546959,24823.267578
0,0.723697,0.507246,299.419403
1,0.693568,0.259159,682.078918
2,0.685112,0.158849,1048.143921
3,0.672969,0.106038,1331.001099
4,0.619639,0.118897,1730.366821
5,0.568100,0.149701,1946.604248
6,0.530381,0.137889,2512.281738
7,0.313460,0.041545,3211.065186
8,0.486127,0.132130,3460.612061
9,0.646287,0.293195,4092.837158
10,0.616557,0.239668,4392.344238
11,0.607195,0.221908,4591.935547
12,0.551167,0.170288,4791.566406
13,0.460330,0.161202,5024.571777
14,0.457531,0.065983,5307.391602
15,0.250746,0.788091,8601.693359
16,0.219612,0.921486,8984.280273
17,0.293512,0.675412,9416.838867
18,0.314622,0.607138,9716.292969
19,0.361598,0.482107,10248.740234
20,0.477886,0.515701,10781.162109
21,0.543927,0.524836,11030.713867
22,0.628352,0.533983,11596.408203
23,0.666102,0.566783,11862.571289
24,0.696222,0.572907,12245.257812
25,0.715889,0.508705,12744.391602
26,0.714573,0.518433,12910.705078
27,0.751916,0.536001,13143.669922
28,0.820896,0.512890,13559.665039
29,0.815206,0.528755,13709.340820
30,0.873026,0.504716,14191.865234
31,0.916806,0.503082,14607.799805
32,0.940690,0.474438,15140.260742
33,0.003164,0.575888,15606.082031
34,0.022393,0.516348,15938.808594
35,0.002386,0.514041,16604.273438
36,0.676210,0.632202,17585.898438
37,0.675906,0.611319,17702.343750
38,0.592918,0.627673,18118.281250
39,0.596491,0.609321,18301.302734
40,0.544096,0.617671,18517.605469
41,0.547375,0.727813,18916.982422
42,0.458354,0.628971,19349.449219
43,0.447649,0.428389,19665.623047
44,0.532645,0.563762,19998.390625
45,0.539471,0.584491,20247.931641
46,0.671897,0.528225,20780.339844
47,0.694193,0.488547,20996.646484
48,0.691257,0.491059,21262.875000
49,0.709709,0.489430,21645.443359
50,0.690782,0.505685,22011.482422
51,0.658554,0.654192,22959.898438
52,0.684716,0.726997,23292.611328
53,0.641476,0.696968,23608.744141
54,0.648545,0.716596,23741.824219
55,0.542721,0.627257,24290.894531
56,0.492464,0.654970,24623.587891
0,0.654288,0.538522,499.130920
1,0.673451,0.516224,698.786499
2,0.642492,0.502604,964.998352
3,0.646660,0.499475,1181.286621
4,0.561220,0.531582,1497.406616
5,0.490001,0.475769,2129.636230
6,0.436222,0.567264,2645.388428
7,0.713937,0.523206,3260.978760
8,0.704804,0.530816,3410.708008
9,0.699895,0.527262,3510.559082
10,0.697452,0.519487,3627.025146
11,0.865939,0.492942,4225.976562
12,0.635858,0.527292,4891.516113
13,0.677538,0.540513,5157.688477
14,0.922363,0.500691,5906.357422
15,0.945518,0.482365,6122.640137
16,0.752553,0.467238,7037.726562
17,0.788871,0.192635,7553.489258
18,0.770926,0.242872,8085.929688
19,0.877953,0.141986,8352.082031
20,0.893283,0.119397,8518.456055
21,0.035987,0.100819,8884.487305
22,0.613987,0.068201,9350.346680
23,0.300599,0.854375,11812.706055
24,0.141076,0.956505,12328.491211
25,0.325206,0.617956,12777.676758
26,0.315719,0.575651,12960.695312
27,0.307255,0.480547,13193.628906
28,0.245266,0.401426,14025.502930
29,0.270710,0.344203,14324.991211
30,0.174130,0.242955,14940.596680
31,0.240246,0.129024,15190.143555
32,0.170292,0.061184,15489.614258
33,0.498070,0.448097,17170.005859
34,0.496345,0.430247,17269.839844
35,0.971850,0.530830,18717.324219
36,0.939390,0.512498,19216.423828
37,0.144914,0.477613,19915.212891
38,0.193912,0.486734,20430.972656
39,0.474148,0.519667,23309.296875
40,0.479442,0.514681,23409.107422
41,0.521496,0.495722,23625.416016
42,0.518518,0.383822,24124.521484
43,0.496783,0.543046,24507.189453
44,0.549626,0.534782,24939.767578
0,0.679386,0.490608,548.996033
1,0.676159,0.510485,765.340881
2,0.683439,0.518269,1164.622192
3,0.697301,0.524361,1530.653198
4,0.660111,0.508554,1846.734741
5,0.635263,0.505122,2079.644043
6,0.619745,0.544506,2412.500488
7,0.616267,0.568651,2562.134521
8,0.591474,0.528313,2795.100830
9,0.551822,0.513880,3011.416016
10,0.534245,0.525153,3260.915771
11,0.516175,0.507428,3493.903076
12,0.559259,0.455751,3710.125488
13,0.605207,0.424912,3859.877686
14,0.649529,0.382619,4092.860596
15,0.758573,0.209143,4758.359863
16,0.711797,0.139436,4957.954590
17,0.703832,0.058997,5257.461914
18,0.712332,0.026869,5407.198242
19,0.554820,0.007685,5556.967773
20,0.067184,0.044775,5739.993164
21,0.143332,0.066890,6072.697266
22,0.294422,0.731695,8218.956055
23,0.288273,0.809436,8568.331055
24,0.245647,0.849511,8801.245117
25,0.362522,0.513250,9549.942383
26,0.460753,0.525371,10032.456055
27,0.481618,0.528941,10248.745117
28,0.488748,0.609191,10465.035156
29,0.496981,0.504864,10764.482422
30,0.457655,0.469806,10947.506836
31,0.291603,0.342607,11563.109375
32,0.262729,0.298617,11779.396484
33,0.220698,0.286692,11979.027344
34,0.206869,0.328576,12228.625000
35,0.082744,0.516385,12711.081055
36,0.038302,0.513028,13010.559570
37,0.088320,0.497481,13326.673828
38,0.094669,0.495607,13443.135742
39,0.117594,0.485369,13592.878906
40,0.197526,0.485815,14175.197266
41,0.170442,0.513252,14424.795898
42,0.143506,0.500390,15073.640625
43,0.996488,0.510536,15772.397461
44,0.953546,0.494885,15972.078125
45,0.921120,0.501749,16204.997070
46,0.876213,0.508864,16554.369141
47,0.844618,0.508663,16704.119141
48,0.821766,0.497296,16887.134766
49,0.823916,0.484606,17253.132812
50,0.859515,0.414209,17502.728516
51,0.880465,0.369590,17652.443359
52,0.945642,0.303507,17885.396484
53,0.952254,0.287602,18018.474609
54,0.942915,0.273593,18301.318359
55,0.934104,0.313133,18484.310547
56,0.924204,0.274958,18700.619141
57,0.959517,0.219086,19632.328125
58,0.020128,0.180967,20198.029297
59,0.062235,0.213429,20381.023438
60,0.069775,0.312958,21312.722656
61,0.056799,0.328094,21512.375000
62,0.062648,0.356721,21695.410156
63,0.052023,0.388728,21811.837891
64,0.051373,0.467012,22111.332031
65,0.050642,0.521522,22344.259766
66,0.057350,0.525515,22460.712891
67,0.053209,0.471060,22776.828125
68,0.058631,0.440556,22926.589844
69,0.003525,0.426604,23558.792969
70,0.984450,0.442498,23741.804688
71,0.979109,0.472154,24041.285156
72,0.967943,0.490891,24290.853516
73,0.970320,0.515344,24623.595703
0,0.751050,0.539137,332.742798
1,0.670573,0.510882,964.964233
2,0.650268,0.549892,1264.445801
3,0.847488,0.507642,2079.663818
4,0.896102,0.507823,2312.578369
5,0.891820,0.513149,2562.245605
6,0.934451,0.525281,2795.062744
7,0.968293,0.590672,2994.708740
8,0.081487,0.484077,4159.390625
9,0.110386,0.521853,4375.650391
10,0.187996,0.565561,5307.471191
11,0.179094,0.685912,5540.313965
12,0.143643,0.737431,5706.649414
13,0.131318,0.666856,6072.730469
14,0.985067,0.377796,7303.907227
15,0.926834,0.389858,7586.773926
16,0.877050,0.347901,7786.388672
17,0.835932,0.301084,8035.915527
18,0.820414,0.257973,8235.570312
19,0.781508,0.500289,8718.086914
20,0.635238,0.566504,9383.573242
21,0.639751,0.564514,9516.652344
22,0.581976,0.552080,9683.076172
23,0.528398,0.554983,9915.962891
24,0.486584,0.494388,10132.285156
25,0.445940,0.554151,10514.921875
26,0.385269,0.666872,11230.367188
27,0.336142,0.725948,11563.073242
28,0.292186,0.586082,11929.114258
29,0.314211,0.324099,12345.064453
30,0.349196,0.250174,12528.052734
31,0.532521,0.268190,13276.752930
32,0.649250,0.287256,13859.076172
33,0.685113,0.282670,14058.789062
34,0.709037,0.384904,14358.211914
35,0.670434,0.555237,14707.668945
36,0.703313,0.534633,14907.228516
37,0.694254,0.511884,15123.640625
38,0.746397,0.507176,15689.203125
39,0.782436,0.500369,15988.784180
40,0.843950,0.516411,16371.342773
41,0.840893,0.515717,16504.560547
42,0.845634,0.513581,16604.339844
43,0.883257,0.512413,16920.375000
44,0.901911,0.429859,17169.951172
45,0.636796,0.092636,18268.068359
46,0.574703,0.102833,18467.718750
47,0.574075,0.082798,18850.347656
48,0.074449,0.128321,19515.888672
49,0.895670,0.063699,20564.115234
50,0.793085,0.049829,20880.152344
51,0.308729,0.750928,22760.189453
52,0.285700,0.791604,22959.882812
53,0.328465,0.648820,23292.582031
54,0.328440,0.564984,23625.328125
55,0.113332,0.518805,24307.546875
56,0.113479,0.519249,24423.970703
57,0.078364,0.509617,24557.109375
58,0.119650,0.459631,24972.984375
0,0.705841,0.521957,415.903503
1,0.770691,0.518423,732.024902
2,0.773274,0.480973,998.260864
3,0.620557,0.513792,1480.656494
4,0.518288,0.512930,1946.533936
5,0.539909,0.446967,2162.823975
6,0.744729,0.412076,2695.219482
7,0.932695,0.510370,3310.875000
8,0.052848,0.495537,3876.518799
9,0.049225,0.494117,3992.989258
10,0.106420,0.458598,4225.896484
11,0.164720,0.526251,4658.503906
12,0.164997,0.523374,4808.237305
13,0.214457,0.613038,5074.440430
14,0.195815,0.641408,5390.534668
15,0.117713,0.386591,5673.337891
16,0.058679,0.329824,5922.909668
17,0.780653,0.525867,6854.625000
18,0.652576,0.519476,7353.742676
19,0.620722,0.567393,7619.942871
20,0.627458,0.554755,8002.615723
21,0.531603,0.521869,8235.537109
22,0.486727,0.494363,8618.209961
23,0.422837,0.552595,8817.849609
24,0.425420,0.558780,8984.231445
25,0.427441,0.460236,9150.600586
26,0.545752,0.376763,9483.367188
27,0.717357,0.596298,10115.649414
28,0.728361,0.575490,10697.912109
29,0.759874,0.533635,10930.835938
30,0.751407,0.618937,11147.132812
31,0.762178,0.389725,11563.060547
32,0.745530,0.454629,11812.624023
33,0.743993,0.452114,12012.255859
34,0.741300,0.417225,12178.646484
35,0.755882,0.439421,12860.777344
36,0.767890,0.349151,13426.483398
37,0.768985,0.383845,13576.199219
38,0.743936,0.580046,13842.413086
39,0.692262,0.582830,14408.095703
40,0.770020,0.658308,14824.033203
41,0.734964,0.785346,15223.316406
42,0.748948,0.487436,15522.831055
43,0.746769,0.411936,17685.728516
44,0.736140,0.407301,21146.328125
45,0.789776,0.552931,22177.839844
46,0.775901,0.245895,22893.285156
47,0.862018,0.296092,23209.367188
48,0.885044,0.202542,23442.320312
49,0.926186,0.341597,23791.701172
0,0.731178,0.524501,532.349365
1,0.777875,0.500281,948.348572
2,0.803310,0.517627,1380.866699
3,0.904927,0.493693,1813.491821
4,0.891936,0.506610,1963.270630
5,0.874565,0.495308,2262.663086
6,0.843148,0.461554,2861.601807
7,0.946413,0.471546,4026.272705
8,0.940633,0.481408,4142.697266
9,0.954645,0.492886,4442.219238
10,0.930140,0.469857,4708.444336
11,0.816816,0.431111,4941.304199
12,0.835932,0.417484,5357.312500
13,0.771652,0.412343,5839.793457
14,0.740679,0.393996,6189.214844
15,0.742867,0.329724,6388.825684
16,0.744363,0.280929,6605.125488
17,0.735452,0.228303,6854.643555
18,0.728945,0.200712,7104.191895
19,0.702963,0.172235,7387.030273
20,0.661233,0.180057,7603.371094
21,0.633111,0.148061,7819.614746
22,0.657950,0.182218,8468.494141
23,0.564104,0.119290,9017.545898
24,0.533084,0.102787,9466.772461
25,0.530046,0.220820,10082.376953
26,0.488918,0.128190,10448.350586
27,0.611297,0.096772,11030.778320
28,0.497566,0.172788,11346.817383
29,0.459158,0.208670,11746.124023
30,0.388717,0.181770,12245.265625
31,0.267188,0.193110,13160.292969
32,0.288377,0.207468,13476.406250
33,0.264158,0.403490,14724.257812
34,0.327072,0.509637,16804.013672
35,0.323590,0.497716,17020.250000
36,0.324308,0.495609,17269.802734
37,0.326593,0.497545,17452.804688
38,0.329043,0.500499,17785.625000
39,0.330713,0.504616,17901.994141
40,0.322187,0.538137,18135.019531
41,0.326684,0.538081,18318.031250
42,0.306788,0.625497,18867.013672
43,0.277706,0.661522,19848.615234
44,0.383241,0.664394,20896.798828
45,0.433713,0.632600,21162.984375
46,0.424062,0.608853,21612.230469
47,0.421557,0.587905,21811.875000
48,0.464223,0.548663,22244.451172
49,0.455430,0.530016,22410.794922
50,0.494242,0.524408,24191.054688
0,0.754699,0.531689,349.364868
1,0.751004,0.603375,515.702148
2,0.673549,0.545340,831.880188
3,0.672032,0.560799,964.950195
4,0.629265,0.610140,1380.924561
5,0.642775,0.559346,1680.475464
6,0.617581,0.624329,2262.698486
7,0.579034,0.600425,2645.359131
8,0.579283,0.574647,2878.301758
9,0.553465,0.612573,3560.402100
10,0.555804,0.595987,3660.300049
11,0.523773,0.587258,3826.671875
12,0.467525,0.581236,4259.215820
13,0.476418,0.589003,4675.151855
14,0.459991,0.513076,5107.697266
15,0.406315,0.474642,5407.208496
16,0.408656,0.489150,5507.102051
17,0.368547,0.544155,5706.720703
18,0.371425,0.554045,5873.040039
19,0.341150,0.586044,6122.618164
20,0.146846,0.083958,7786.383301
21,0.042277,0.062664,8019.297852
22,0.089852,0.245700,8485.124023
23,0.037776,0.541942,9483.365234
24,0.121827,0.610157,10049.052734
25,0.163884,0.637892,10265.429688
26,0.160856,0.619234,10415.073242
27,0.188192,0.567477,10864.370117
28,0.238522,0.512904,11197.083008
29,0.330551,0.561926,11812.752930
30,0.448574,0.546098,12378.328125
31,0.494360,0.577886,12777.632812
32,0.537875,0.582143,12960.722656
33,0.565936,0.605432,13326.704102
34,0.622223,0.554199,13526.326172
35,0.624503,0.561570,13626.145508
36,0.671547,0.585527,13925.655273
37,0.691540,0.608894,14208.459961
38,0.736589,0.621843,14474.687500
39,0.776363,0.549214,14824.041992
40,0.775022,0.570650,15040.332031
41,0.838136,0.545435,15306.561523
42,0.868313,0.553478,15705.861328
43,0.912534,0.552967,16038.639648
44,0.938483,0.560626,16188.343750
45,0.989533,0.540496,16521.095703
46,0.038232,0.536144,16970.302734
47,0.151439,0.487558,18134.947266
48,0.161958,0.478761,18317.978516
49,0.168009,0.501195,18717.248047
50,0.231993,0.816264,18983.441406
51,0.247049,0.827600,19149.857422
52,0.559160,0.969790,19782.066406
53,0.716150,0.874552,19998.351562
54,0.670654,0.841535,20480.822266
55,0.903889,0.608030,22860.019531
56,0.911317,0.434009,23309.230469
57,0.869163,0.408262,23475.599609
58,0.875343,0.412564,23592.056641
59,0.879729,0.401708,23791.710938
60,0.882948,0.646864,24157.730469
61,0.902298,0.618916,24407.296875
62,0.931341,0.617115,24540.433594
63,0.962228,0.582023,24973.019531
0,0.728150,0.538552,216.343826
1,0.764032,0.567684,715.587036
2,0.739616,0.888709,1447.558716
3,0.791428,0.919896,1796.971558
4,0.844914,0.902359,2845.095703
5,0.462554,0.796669,3261.058594
6,0.449753,0.802408,3510.581055
7,0.428315,0.801233,3726.910889
8,0.346965,0.842392,4026.332520
9,0.386612,0.841868,4425.723633
10,0.251819,0.828369,4775.111816
11,0.308088,0.817559,5091.218750
12,0.530285,0.596242,5590.281738
13,0.571834,0.588020,5889.899902
14,0.584890,0.597972,6122.698242
15,0.601811,0.588603,6405.564941
16,0.739575,0.539026,6987.942871
17,0.794022,0.541317,7437.187988
18,0.805695,0.543174,7586.876465
19,0.792437,0.568242,7769.853516
20,0.889886,0.704324,8385.427734
21,0.768824,0.554897,9150.738281
22,0.715716,0.268955,10049.177734
23,0.641687,0.256899,10248.801758
24,0.580393,0.223576,10498.376953
25,0.468987,0.275604,10814.498047
26,0.426783,0.315044,11213.797852
27,0.434641,0.320716,11346.915039
28,0.393612,0.426715,11712.913086
29,0.410289,0.455268,11912.570312
30,0.482864,0.497795,12112.222656
31,0.545743,0.517353,12395.088867
32,0.492317,0.499180,12611.352539
33,0.468715,0.486374,13426.597656
34,0.472971,0.460165,13875.794922
35,0.513376,0.475667,14508.032227
36,0.779627,0.481808,15406.471680
37,0.765215,0.467153,15772.503906
38,0.963137,0.492093,16670.929688
39,0.051437,0.507033,17086.869141
40,0.208504,0.573950,18135.029297
41,0.945646,0.194305,19715.623047
42,0.913233,0.227737,19898.619141
43,0.836512,0.869206,21079.888672
44,0.776124,0.822278,21412.628906
45,0.756471,0.835085,21562.386719
46,0.765258,0.847039,21728.763672
47,0.277095,0.678046,24956.445312
0,0.749767,0.526965,216.272903
1,0.702417,0.572571,731.971069
2,0.653872,0.545581,1264.375977
3,0.629867,0.571433,1530.567383
4,0.697896,0.516221,1813.405640
5,0.724270,0.340819,2495.584473
6,0.741079,0.271866,2645.329346
7,0.780125,0.237037,2844.968750
8,0.653955,0.120758,3493.812256
9,0.621557,0.110502,3676.885010
10,0.643227,0.166327,4159.313477
11,0.753603,0.068849,4725.006836
12,0.877045,0.237798,5007.912109
13,0.923959,0.504217,5806.455078
14,0.869556,0.534107,6122.562012
15,0.564839,0.544140,7453.564453
16,0.493891,0.538881,7703.182129
17,0.459776,0.553863,8235.632812
18,0.476615,0.479499,8701.455078
19,0.418670,0.575503,9050.797852
20,0.449561,0.578773,9400.143555
21,0.403526,0.439589,9899.270508
22,0.374285,0.431820,10132.202148
23,0.313873,0.512331,10548.131836
24,0.277774,0.568125,10714.555664
25,0.317992,0.649434,10947.446289
26,0.319327,0.677994,11180.456055
27,0.319201,0.688617,11529.794922
28,0.322196,0.678753,11629.618164
29,0.306250,0.724331,12062.332031
30,0.234884,0.783131,12361.657227
31,0.169295,0.607251,12894.037109
32,0.149520,0.512558,13077.075195
33,0.118692,0.507071,13376.597656
34,0.172725,0.510977,13692.672852
35,0.087322,0.501307,14141.916992
36,0.072822,0.491334,14557.843750
37,0.140828,0.527084,15007.056641
38,0.181391,0.530119,15456.284180
39,0.223667,0.548842,15755.788086
40,0.219026,0.540633,15872.211914
41,0.249240,0.556870,16221.554688
42,0.273795,0.569662,16487.808594
43,0.328600,0.677454,17053.445312
44,0.319754,0.677906,17336.335938
45,0.319644,0.692534,17985.259766
46,0.320897,0.699828,18467.644531
47,0.325158,0.722636,19465.943359
48,0.315322,0.700308,19648.980469
49,0.319153,0.601272,20081.511719
50,0.366214,0.536913,20364.376953
51,0.397816,0.509460,20647.220703
52,0.452183,0.533326,20896.742188
53,0.443693,0.537838,21046.472656
54,0.451193,0.556132,21179.570312
55,0.461979,0.571965,21462.408203
56,0.472649,0.449422,21645.406250
57,0.510814,0.528831,21894.988281
58,0.551943,0.546114,22211.132812
59,0.547858,0.534210,22444.058594
60,0.564245,0.558471,22627.087891
61,0.615737,0.566106,23042.978516
62,0.656735,0.556873,23592.009766
63,0.691715,0.522189,23824.951172
64,0.700557,0.511103,24041.218750
65,0.695664,0.512537,24290.833984
0,0.739675,0.464099,465.898956
1,0.748866,0.479351,798.633057
2,0.771843,0.315066,1430.847534
3,0.800326,0.236122,1763.572876
4,0.841158,0.211669,1946.633301
5,0.871737,0.139202,2262.730469
6,0.906666,0.082472,2445.753662
7,0.969242,0.017419,2662.108398
8,0.062674,0.032264,3344.176514
9,0.783752,0.041742,3710.204102
10,0.755483,0.154807,4092.833252
11,0.346827,0.033134,4741.753418
12,0.330979,0.086068,5107.749023
13,0.300417,0.131607,5623.471191
14,0.801348,0.161863,6322.329590
15,0.872898,0.306994,6671.708984
16,0.955135,0.397930,7204.089844
17,0.979992,0.497833,7503.620117
18,0.029926,0.553662,7703.243164
19,0.026848,0.562957,7819.757812
20,0.021997,0.564296,7969.449707
21,0.065482,0.543149,8535.114258
22,0.134022,0.534549,8851.218750
23,0.130302,0.526980,9000.912109
24,0.188129,0.537183,9233.948242
25,0.215319,0.611272,9816.239258
26,0.237024,0.470886,10065.818359
27,0.327240,0.203321,10698.010742
28,0.310992,0.056322,11047.381836
29,0.816916,0.049966,11413.420898
30,0.772847,0.075015,11796.149414
31,0.762462,0.066030,12261.941406
32,0.258885,0.116883,12611.315430
33,0.254090,0.122555,13210.350586
34,0.233116,0.095542,13459.864258
35,0.235812,0.081720,13642.819336
36,0.446689,0.101380,13875.811523
37,0.476853,0.106441,14058.782227
38,0.354708,0.137802,14258.492188
39,0.765443,0.065014,14890.735352
40,0.786139,0.075751,15007.174805
41,0.795542,0.087282,15090.322266
42,0.779247,0.160078,15406.462891
43,0.771558,0.154582,15572.762695
44,0.646944,0.520036,17153.343750
45,0.595586,0.512747,17552.671875
46,0.599658,0.502536,17669.160156
47,0.542019,0.507910,17885.433594
48,0.495694,0.510042,18151.669922
49,0.526357,0.523955,18684.011719
50,0.570017,0.519245,19066.679688
51,0.480056,0.464153,19532.542969
52,0.446609,0.512715,19732.160156
53,0.443032,0.523179,19948.521484
54,0.488030,0.508531,20181.447266
55,0.479085,0.495266,20564.050781
56,0.642222,0.551464,21961.712891
57,0.645541,0.549077,22144.656250
58,0.572645,0.510147,22327.640625
59,0.529364,0.524580,22577.220703
60,0.513667,0.524953,23009.886719
61,0.440863,0.324678,23542.205078
62,0.422494,0.182078,24057.992188
63,0.433872,0.135412,24257.632812
64,0.404102,0.091066,24756.791016
65,0.396127,0.085546,24939.796875
0,0.783654,0.527992,16.761246
1,0.763348,0.500701,316.297577
2,0.680799,0.464227,665.666382
3,0.641788,0.451037,1031.644897
4,0.628611,0.449721,1281.218872
5,0.571993,0.488004,1796.938354
6,0.567932,0.500156,2079.835449
7,0.631457,0.449040,2412.535400
8,0.781840,0.483061,3144.587158
9,0.863007,0.497490,3344.240723
10,0.930167,0.499962,3643.774414
11,0.980292,0.495009,3993.131104
12,0.027505,0.493419,4309.256348
13,0.022832,0.402827,4725.179688
14,0.216473,0.498688,5656.900391
15,0.267046,0.521552,5956.336426
16,0.287610,0.654418,6272.543945
17,0.250247,0.903169,6705.052734
18,0.151971,0.895178,7087.733398
19,0.223949,0.747684,7453.746582
20,0.227313,0.259471,8252.316406
21,0.273268,0.145847,8551.842773
22,0.189944,0.145547,8901.256836
23,0.185863,0.110791,9200.749023
24,0.111995,0.186053,9516.802734
25,0.930212,0.063657,9849.572266
26,0.797517,0.073458,10082.456055
27,0.737876,0.103832,10298.792969
28,0.757761,0.107464,10415.264648
29,0.786719,0.101125,10714.730469
30,0.821364,0.191282,10980.944336
31,0.799688,0.285261,11247.191406
32,0.739609,0.574435,11663.034180
33,0.674787,0.510403,12361.804688
34,0.676047,0.457413,12528.216797
35,0.632554,0.436299,13027.403320
36,0.657152,0.380129,13376.725586
37,0.013415,0.494338,14824.198242
38,0.075338,0.480681,15007.221680
39,0.114382,0.473213,15389.877930
40,0.132364,0.464199,15572.875977
41,0.134968,0.452689,15739.272461
42,0.149989,0.445618,15905.613281
43,0.105252,0.502046,16188.494141
44,0.078262,0.430393,16637.703125
45,0.086310,0.349842,16920.574219
46,0.059410,0.446084,17502.839844
47,0.998964,0.443362,17985.345703
48,0.978313,0.360081,18268.205078
49,0.937905,0.432690,18567.632812
50,0.779277,0.509636,19183.240234
51,0.498175,0.564482,20198.107422
52,0.468376,0.451746,20447.695312
53,0.401387,0.536097,20730.513672
54,0.356439,0.512210,21063.281250
55,0.333570,0.592096,21379.394531
56,0.326048,0.506758,21562.435547
57,0.378954,0.446656,21895.189453
58,0.384529,0.372905,22277.804688
59,0.387659,0.311073,22627.220703
60,0.435829,0.303921,23076.435547
61,0.437991,0.443968,23459.113281
62,0.479928,0.416560,23941.619141
63,0.521276,0.405516,24357.513672
64,0.511358,0.428813,24673.625000
0,0.745664,0.611850,66.594246
1,0.745089,0.602179,199.690643
2,0.744376,0.526007,415.973572
3,0.825263,0.469764,781.972351
4,0.854076,0.319354,1081.480835
5,0.850924,0.318159,1281.113770
6,0.848098,0.335899,1380.911255
7,0.911637,0.515244,1730.306152
8,0.929419,0.612152,2246.182617
9,0.926598,0.600368,2445.791748
10,0.952474,0.611255,2645.482910
11,0.013314,0.386524,3177.832520
12,0.070710,0.204823,3743.447266
13,0.121885,0.228507,4059.659180
14,0.118745,0.233819,4275.864746
15,0.118476,0.238321,4375.786621
16,0.054686,0.144420,4558.720215
17,0.170434,0.194119,4974.670410
18,0.097243,0.497344,5207.560547
19,0.059446,0.482177,5590.274414
20,0.021012,0.477855,5939.727539
21,0.948344,0.463713,6438.788086
22,0.949267,0.473371,6538.629395
23,0.800327,0.442422,7653.395508
24,0.772096,0.497139,7969.431152
25,0.692297,0.542218,8485.262695
26,0.688720,0.543029,8584.991211
27,0.699443,0.399433,8801.296875
28,0.672780,0.563219,9200.665039
29,0.639880,0.556877,9383.586914
30,0.623223,0.615144,9716.384766
31,0.631843,0.650539,9849.451172
32,0.545808,0.582790,10315.343750
33,0.508012,0.588739,10648.114258
34,0.468417,0.572736,10930.914062
35,0.540783,0.567757,11230.467773
36,0.507283,0.561152,11513.302734
37,0.492538,0.579569,11779.512695
38,0.489188,0.569529,11912.558594
39,0.440542,0.625591,12162.082031
40,0.443424,0.367260,12877.505859
41,0.434871,0.295322,13110.522461
42,0.425060,0.206110,13526.379883
43,0.348672,0.236973,13742.633789
44,0.321890,0.220602,14058.822266
45,0.326476,0.178237,14391.550781
46,0.253451,0.308870,14724.304688
47,0.235700,0.410331,14957.230469
48,0.262866,0.656023,15256.726562
49,0.221288,0.640617,15522.868164
50,0.172977,0.591911,15805.756836
51,0.173144,0.577878,15922.223633
52,0.213287,0.740930,16138.520508
53,0.206316,0.733938,16338.165039
54,0.166565,0.612973,16604.353516
55,0.131248,0.506351,16903.792969
56,0.097549,0.493870,17070.224609
57,0.063700,0.484682,17286.578125
58,0.064390,0.495074,17469.525391
59,0.014132,0.485176,17918.701172
60,0.010144,0.474232,18001.929688
61,0.011398,0.488743,18118.333984
62,0.982643,0.486881,18268.064453
63,0.983270,0.492492,18417.830078
64,0.972174,0.555960,18650.744141
65,0.937127,0.510116,19033.468750
66,0.966965,0.465589,19382.769531
67,0.950821,0.419811,19648.996094
68,0.941874,0.549716,19898.675781
69,0.978362,0.532519,20164.869141
70,0.004981,0.308450,20963.408203
71,0.086026,0.371174,21246.226562
72,0.144499,0.432572,21595.593750
73,0.086336,0.472293,21978.275391
74,0.149116,0.474757,22294.361328
75,0.189161,0.481213,22577.207031
76,0.236105,0.458272,22826.851562
77,0.195448,0.692207,23159.595703
78,0.174511,0.827188,23409.125000
79,0.230178,0.851800,23725.199219
80,0.324956,0.747507,23941.552734
81,0.326800,0.681678,24474.003906
82,0.323378,0.694994,24656.951172
0,0.781174,0.507779,116.383980
1,0.740159,0.520554,831.835693
2,0.668461,0.418705,1364.221558
3,0.639327,0.440430,1680.356201
4,0.648524,0.522808,2212.743652
5,0.633721,0.513531,2379.114014
6,0.587309,0.516832,2795.054932
7,0.543537,0.531247,3044.659424
8,0.516453,0.536720,3760.019287
9,0.550135,0.521222,4209.240723
10,0.554713,0.507796,4375.651367
11,0.524397,0.388614,4625.166992
12,0.543633,0.364039,4908.062988
13,0.572427,0.362436,5224.138184
14,0.606045,0.355263,5506.976074
15,0.606943,0.313700,5773.211914
16,0.657584,0.309717,6039.387207
17,0.653171,0.244527,6288.976074
18,0.662935,0.210282,6621.735840
19,0.650456,0.185370,7087.596191
20,0.644641,0.165336,7403.664551
21,0.619651,0.130275,7653.245605
22,0.682497,0.173229,8318.740234
23,0.578881,0.109560,8851.137695
24,0.738539,0.146782,9183.869141
25,0.814048,0.169952,9749.561523
26,0.852469,0.195165,10049.069336
27,0.857080,0.226565,10697.905273
28,0.945746,0.370095,10897.537109
29,0.955276,0.457254,11263.567383
30,0.947832,0.457889,11363.414062
31,0.939576,0.466622,11596.351562
32,0.943309,0.485037,11746.072266
33,0.964800,0.496739,11945.728516
34,0.991496,0.507334,12594.591797
35,0.006617,0.521571,12877.433594
36,0.025853,0.573220,13143.613281
37,0.026753,0.526462,13626.157227
38,0.040491,0.506063,13942.247070
39,0.063552,0.493160,14308.262695
40,0.061381,0.462287,14790.754883
41,0.006191,0.473197,15439.635742
42,0.972865,0.461717,15705.821289
43,0.957776,0.455630,16021.981445
44,0.944815,0.454044,16155.043945
45,0.931241,0.504980,16371.316406
46,0.910430,0.487555,16654.167969
47,0.855989,0.511731,16937.011719
48,0.798310,0.515498,17835.458984
49,0.789103,0.507633,17935.287109
50,0.786590,0.502815,18234.755859
51,0.787212,0.490563,18334.583984
52,0.819758,0.538276,18750.519531
53,0.827378,0.556300,18966.804688
54,0.826108,0.570254,19183.091797
55,0.823729,0.714193,19482.554688
56,0.825550,0.574228,19665.560547
57,0.823205,0.574966,19998.306641
58,0.796786,0.541798,20231.250000
59,0.766281,0.500745,20514.070312
60,0.744745,0.461628,20846.843750
61,0.725143,0.436838,21246.142578
62,0.738105,0.434491,21662.072266
63,0.728013,0.445580,23525.507812
64,0.756444,0.514876,24174.367188
65,0.760272,0.516581,24290.808594
66,0.755244,0.510368,24440.564453
67,0.735595,0.517664,24673.484375
0,0.762203,0.586159,99.915199
1,0.746213,0.521192,532.525330
2,0.540199,0.520689,1414.207886
3,0.538848,0.523083,1530.753540
4,0.505231,0.510728,1663.826782
5,0.483486,0.501892,1963.264771
6,0.442482,0.546496,2229.538574
7,0.434571,0.574762,2628.803223
8,0.400720,0.551415,2895.020508
9,0.403012,0.545903,3044.736328
10,0.470676,0.586132,3360.866211
11,0.530439,0.552259,3560.567627
12,0.681615,0.504371,4209.337402
13,0.699147,0.500333,4475.564941
14,0.664969,0.490897,4708.477539
15,0.698219,0.497862,4924.792969
16,0.729356,0.496920,5240.928223
17,0.907676,0.481317,6089.432617
18,0.901207,0.495215,6205.851562
19,0.936087,0.490598,6438.774414
20,0.969901,0.482415,6638.445801
21,0.013699,0.463952,6887.983887
22,0.088936,0.431072,7453.710449
23,0.005745,0.240159,7936.246582
24,0.992455,0.135386,8385.406250
25,0.920214,0.147242,9067.542969
26,0.757639,0.067314,9716.431641
27,0.780180,0.417752,10631.436523
28,0.757959,0.498408,10814.498047
29,0.762758,0.519020,11080.704102
30,0.694263,0.524416,11396.873047
31,0.820844,0.504554,11945.834961
32,0.981475,0.507065,12677.862305
33,0.033750,0.492546,12910.808594
34,0.178724,0.504038,13809.307617
35,0.220711,0.493236,13975.695312
36,0.336728,0.674599,14923.960938
37,0.417580,0.614612,15223.492188
38,0.436073,0.555531,15489.624023
39,0.433446,0.557157,15622.804688
40,0.376048,0.537419,15805.789062
41,0.402341,0.486185,16254.943359
42,0.407062,0.550747,16537.816406
43,0.267587,0.914146,17569.318359
44,0.080775,0.915268,17835.568359
45,0.035997,0.851380,18035.177734
46,0.975807,0.806344,18334.656250
47,0.943194,0.837618,18800.505859
48,0.895832,0.875975,18983.537109
49,0.877449,0.886520,19216.443359
50,0.802332,0.869623,19549.195312
51,0.722726,0.823273,19865.298828
52,0.689228,0.740761,20181.417969
53,0.603353,0.586468,21079.863281
54,0.569970,0.540704,21379.339844
55,0.547068,0.550525,21562.337891
56,0.577970,0.747923,22128.011719
57,0.551588,0.773027,22311.044922
58,0.558630,0.731896,22677.087891
59,0.564734,0.777368,22826.800781
60,0.567483,0.842190,23126.261719
61,0.583858,0.646380,23492.316406
62,0.588148,0.471790,23991.433594
63,0.586389,0.441139,24407.380859
64,0.563730,0.492176,24573.740234
0,0.699230,0.514737,549.037964
1,0.676340,0.505654,881.792603
2,0.610198,0.527599,1514.087402
3,0.613090,0.523793,1763.584595
4,0.526636,0.518523,2029.779663
5,0.493450,0.525256,2395.847168
6,0.495408,0.536488,2528.969238
7,0.420809,0.677863,2911.596436
8,0.424043,0.692002,3061.333008
9,0.270833,0.816719,3876.574707
10,0.299481,0.666524,4126.178223
11,0.300697,0.608220,4309.185059
12,0.315453,0.580960,4608.606934
13,0.076352,0.054104,5407.263672
14,0.125867,0.069929,5806.533203
15,0.049702,0.451111,6538.586426
16,0.958370,0.442293,9949.364258
17,0.970282,0.595269,10232.118164
18,0.005447,0.449359,10498.323242
19,0.000529,0.459488,10664.702148
20,0.977467,0.353239,10831.070312
21,0.960770,0.307990,11014.166992
22,0.939741,0.500827,11712.933594
23,0.943392,0.504645,11829.350586
24,0.924325,0.504211,11979.093750
25,0.926884,0.511338,12444.924805
26,0.108635,0.479815,13160.425781
27,0.990937,0.209759,13842.512695
28,0.944268,0.178765,14042.173828
29,0.918212,0.182219,14324.971680
30,0.911238,0.581377,14774.252930
31,0.910376,0.373415,15323.250977
32,0.879331,0.334371,15689.291016
33,0.860310,0.365055,16105.185547
34,0.831918,0.359056,16404.685547
35,0.824664,0.364680,16587.712891
36,0.629449,0.553133,17902.056641
37,0.603128,0.559343,18218.164062
38,0.615063,0.464550,18451.087891
39,0.611798,0.466460,18534.283203
40,0.619759,0.422385,18933.613281
41,0.629937,0.405130,19050.126953
42,0.627765,0.413084,19216.464844
43,0.647792,0.382163,19515.990234
44,0.665866,0.426576,20863.640625
45,0.662973,0.395498,21246.214844
46,0.760299,0.534813,21628.917969
47,0.800740,0.543472,21994.939453
48,0.744304,0.519041,22294.373047
49,0.697170,0.520644,22494.068359
50,0.682901,0.501265,22876.746094
51,0.685276,0.509858,22976.507812
52,0.672790,0.524428,23592.152344
0,0.740464,0.493192,16.586132
1,0.713415,0.538073,515.695374
2,0.706878,0.545210,665.528198
3,0.991627,0.526054,1580.553955
4,0.039886,0.545950,1863.356201
5,0.079410,0.526241,2296.027100
6,0.110238,0.546294,2495.596924
7,0.085752,0.520859,2811.697998
8,0.041411,0.488928,2978.129395
9,0.982899,0.484902,3260.943359
10,0.862859,0.558055,3743.407959
11,0.830388,0.530498,3976.364746
12,0.759625,0.524495,4225.914551
13,0.615983,0.560476,4858.127441
14,0.532855,0.545877,5240.784668
15,0.546657,0.535655,5373.888184
16,0.699355,0.539791,6139.232422
17,0.700861,0.519105,6422.084473
18,0.731169,0.507072,6721.556641
19,0.791722,0.445475,7436.954102
20,0.798431,0.525800,7636.616699
21,0.747462,0.519115,7986.076172
22,0.276720,0.569310,9267.104492
23,0.325473,0.655836,9832.812500
24,0.182725,0.593747,10298.675781
25,0.117982,0.508461,10747.865234
26,0.070695,0.508550,11063.947266
27,0.086430,0.458314,11546.548828
28,0.133312,0.408986,11712.861328
29,0.149207,0.348929,12028.949219
30,0.213988,0.305548,12228.608398
31,0.207581,0.307694,12311.837891
32,0.213238,0.263087,12544.675781
33,0.288707,0.113579,13043.824219
34,0.339614,0.091663,13210.190430
35,0.380061,0.072918,13326.695312
36,0.427238,0.043978,13542.939453
37,0.113008,0.017227,14557.837891
38,0.592361,0.068276,14907.263672
39,0.608264,0.070734,15007.111328
40,0.672517,0.297375,15789.101562
41,0.673901,0.294648,16155.101562
42,0.732001,0.442832,16870.445312
43,0.758529,0.165207,17452.814453
44,0.623390,0.162834,17768.876953
45,0.642851,0.124382,17985.263672
46,0.673558,0.131713,18401.156250
47,0.618732,0.155816,18916.951172
48,0.653937,0.116312,19249.648438
49,0.686861,0.105665,19515.876953
50,0.598784,0.134255,19965.130859
51,0.531263,0.210163,20747.058594
52,0.476203,0.563618,21429.189453
53,0.442492,0.576905,21728.621094
54,0.454974,0.557713,21978.251953
55,0.425928,0.561376,22244.494141
56,0.353792,0.517643,22610.453125
57,0.304668,0.597786,22793.486328
58,0.289468,0.640194,22926.564453
59,0.299927,0.664298,23109.576172
60,0.318561,0.633195,23675.232422
0,0.739818,0.440380,299.492279
1,0.757076,0.507054,698.792908
2,0.834120,0.514315,1081.467041
3,0.905183,0.527845,1364.291016
4,0.947735,0.516828,1564.026733
5,0.944799,0.516660,1680.385742
6,0.048047,0.509715,2129.694336
7,0.109941,0.439609,2695.276123
8,0.112128,0.336892,2994.845459
9,0.087145,0.280621,3177.865967
10,0.019832,0.214252,3360.822021
11,0.966209,0.220564,3577.083984
12,0.800108,0.167544,4359.045898
13,0.637348,0.321215,5024.541504
14,0.682277,0.341589,5490.403320
15,0.688991,0.321409,5673.407227
16,0.683141,0.318398,5773.265137
17,0.637780,0.199128,6106.014160
18,0.602204,0.181067,6355.615723
19,0.633666,0.156717,6621.804688
20,0.602527,0.435032,7120.873047
21,0.645554,0.553693,7370.479004
22,0.655947,0.552401,7703.236816
23,0.701620,0.519529,8052.638672
24,0.700190,0.518911,8202.332031
25,0.695254,0.506651,8368.705078
26,0.703650,0.508785,8801.306641
27,0.691336,0.510305,9366.960938
28,0.705419,0.506741,9999.237305
29,0.687285,0.503910,10365.249023
30,0.605406,0.524240,10664.682617
31,0.519888,0.527511,11180.535156
32,0.479604,0.522967,11613.073242
33,0.409571,0.513727,12095.506836
34,0.387548,0.492534,12311.817383
35,0.359987,0.478897,12627.910156
36,0.321238,0.530580,12910.818359
37,0.312839,0.695554,13176.964844
38,0.316592,0.690778,13343.363281
39,0.313957,0.670599,13676.097656
40,0.277768,0.722006,13825.825195
41,0.258280,0.711108,13975.573242
42,0.312882,0.638926,14225.226562
43,0.278272,0.445259,15173.519531
44,0.241673,0.245552,15572.809570
45,0.275886,0.125748,15905.579102
46,0.340530,0.139594,16121.825195
47,0.126591,0.512920,16704.132812
48,0.072122,0.511577,17153.390625
49,0.193856,0.515759,17469.472656
50,0.607442,0.532102,19066.689453
51,0.695348,0.523956,19416.060547
52,0.701209,0.517187,19565.845703
53,0.697046,0.513216,19732.226562
54,0.755195,0.510542,20098.267578
55,0.802528,0.506750,20247.986328
56,0.679458,0.503655,20580.761719
57,0.662375,0.503578,20896.892578
58,0.653906,0.495904,21179.658203
59,0.634638,0.490179,21445.873047
60,0.667201,0.504030,21811.898438
61,0.999308,0.512355,22909.972656
62,0.071826,0.503795,23492.316406
63,0.132269,0.497624,23841.646484
64,0.162583,0.486406,23991.398438
65,0.090193,0.328310,24324.255859
66,0.015484,0.458586,24557.146484
0,0.692539,0.488752,465.894012
1,0.654424,0.483578,665.561890
2,0.655954,0.485472,798.621094
3,0.631098,0.570235,1048.180908
4,0.566093,0.482539,1597.276855
5,0.485496,0.513144,2013.205444
6,0.489915,0.506264,2129.620605
7,0.496679,0.498563,2329.269043
8,0.499592,0.495599,2462.374023
9,0.405626,0.523924,2695.328857
10,0.414039,0.522801,2795.147705
11,0.421526,0.518601,2894.985352
12,0.432005,0.516143,2978.175049
13,0.457426,0.384181,3261.022461
14,0.324353,0.484619,3959.770752
15,0.350991,0.574944,4242.664551
16,0.326133,0.616639,4508.824707
17,0.313958,0.678638,5390.639160
18,0.310839,0.694427,5623.503906
19,0.253121,0.816322,6272.416016
20,0.210072,0.256112,6937.980469
21,0.133884,0.477829,7536.821289
22,0.180527,0.537335,7736.494629
23,0.176896,0.707915,8452.002930
24,0.152554,0.504723,8984.306641
25,0.156842,0.487446,9167.364258
26,0.026944,0.493177,9450.140625
27,0.997616,0.466852,10498.386719
28,0.003547,0.462904,10664.745117
29,0.012802,0.446499,10797.792969
30,0.099088,0.432559,11280.323242
31,0.061714,0.456142,11529.847656
32,0.918886,0.375356,12494.856445
33,0.985715,0.276089,12727.862305
34,0.994398,0.227898,12927.499023
35,0.991534,0.550963,13576.337891
36,0.984995,0.596064,13792.623047
37,0.979211,0.636187,13975.590820
38,0.936632,0.435808,15755.803711
39,0.784296,0.478133,16072.035156
40,0.799253,0.462976,16321.510742
41,0.722248,0.467334,16521.132812
42,0.739369,0.506694,16770.701172
43,0.677104,0.497704,17020.316406
44,0.641914,0.526717,17253.199219
45,0.670165,0.479198,17536.117188
46,0.663615,0.474304,17702.433594
47,0.656949,0.349874,18035.150391
48,0.574550,0.482412,18634.152344
49,0.485357,0.502678,18850.396484
50,0.455952,0.471741,19166.544922
51,0.552126,0.316949,19782.105469
52,0.677472,0.460960,20514.169922
53,0.699531,0.506236,21312.767578
54,0.652102,0.559788,21512.410156
55,0.353894,0.486481,22693.718750
56,0.361325,0.482477,22793.490234
57,0.306996,0.649679,23459.041016
58,0.308549,0.653036,23725.314453
59,0.339987,0.490893,24058.025391
60,0.328408,0.337119,24507.187500
