Idx, longitude, latitude, start timestamp
0,0.755814,0.482845,382.731995
1,0.742522,0.474365,648.845825
2,0.824127,0.379816,1015.010193
3,0.835011,0.330374,1164.717041
4,0.864488,0.298733,1397.597046
5,0.016669,0.316331,2845.099365
6,0.035338,0.451705,3127.932373
7,0.074203,0.487142,3876.590820
8,0.037907,0.580676,4092.910156
9,0.042617,0.591875,4841.542480
10,0.041574,0.618516,5074.537109
11,0.994878,0.678342,5374.011719
12,0.031665,0.556415,5806.545410
13,0.035968,0.522264,6039.540039
14,0.076288,0.458094,6538.653809
15,0.076110,0.442428,6854.774902
16,0.870332,0.284705,8268.981445
17,0.531613,0.166079,10947.556641
18,0.492520,0.302660,11696.296875
19,0.546637,0.077363,12661.267578
20,0.514400,0.515928,14657.779297
21,0.512480,0.657270,15107.015625
22,0.493122,0.830458,15589.450195
23,0.496456,0.914015,15855.584961
24,0.505445,0.906720,16088.641602
25,0.490259,0.918929,16421.312500
26,0.594267,0.772529,16870.560547
27,0.583928,0.447243,17569.324219
28,0.731286,0.489385,18617.398438
29,0.856262,0.313941,20297.888672
30,0.847370,0.317343,20530.779297
31,0.850227,0.325429,20830.228516
32,0.867892,0.382162,21029.900391
33,0.848678,0.363524,21528.982422
34,0.824442,0.320707,22277.730469
35,0.796085,0.336252,22560.582031
36,0.780012,0.323095,23026.490234
37,0.775146,0.320663,23608.689453
38,0.756468,0.319461,23991.484375
39,0.742948,0.320826,24240.951172
40,0.682478,0.294948,24773.351562
0,0.738673,0.438207,266.131378
1,0.734202,0.528592,515.849915
2,0.730034,0.532716,748.664856
3,0.734703,0.482347,915.027100
4,0.731879,0.235425,1530.644531
5,0.712180,0.165831,1746.908447
6,0.733830,0.081706,1946.632935
7,0.704815,0.059615,2129.658691
8,0.504045,0.027156,2296.014648
9,0.371345,0.071713,2528.941650
10,0.415849,0.129532,2778.506592
11,0.414018,0.118838,2894.877930
12,0.933225,0.105405,3194.348145
13,0.946452,0.550694,4824.827637
14,0.037663,0.523211,5174.274902
15,0.034059,0.539928,5523.681641
16,0.010372,0.511214,5972.821777
17,0.074497,0.491566,6205.834473
18,0.073520,0.487416,6638.373535
19,0.959684,0.449065,7004.371582
20,0.939487,0.366133,7253.931641
21,0.909680,0.296904,7436.927734
22,0.472646,0.637895,9267.130859
23,0.507735,0.655568,9466.703125
24,0.445665,0.610798,9666.325195
25,0.424972,0.488038,9982.497070
26,0.463962,0.450705,10148.881836
27,0.402266,0.503322,10365.236328
28,0.267385,0.455489,11113.873047
29,0.241962,0.382588,11629.532227
30,0.238969,0.465232,11845.938477
31,0.322765,0.472140,12095.469727
32,0.311744,0.479101,12211.926758
33,0.238289,0.488951,12511.426758
34,0.258199,0.480003,12760.924805
35,0.332024,0.432313,13193.558594
36,0.369408,0.295672,13509.645508
37,0.521029,0.298200,13958.924805
38,0.508219,0.283822,14058.654297
39,0.519935,0.316203,14424.732422
40,0.592767,0.349134,15422.976562
41,0.640121,0.316445,15622.631836
42,0.592263,0.326131,16105.115234
43,0.555146,0.402603,16371.321289
44,0.561361,0.396987,16604.214844
45,0.587796,0.513585,16837.248047
46,0.739432,0.492558,17735.613281
47,0.837197,0.219231,18617.453125
48,0.856330,0.264705,18767.089844
49,0.039061,0.566204,19948.416016
50,0.034713,0.575373,20164.650391
51,0.003253,0.491671,20547.287109
52,0.080916,0.540629,20946.630859
53,0.988606,0.495732,21196.228516
54,0.978137,0.477656,21379.308594
55,0.948373,0.327089,22227.814453
56,0.953953,0.273300,22460.587891
57,0.858518,0.159948,23458.835938
58,0.808199,0.175442,23708.457031
59,0.864676,0.250297,23991.349609
0,0.723325,0.547525,266.189362
1,0.719552,0.412794,765.275635
2,0.705151,0.332359,965.013489
3,0.703940,0.287372,1231.145020
4,0.714939,0.273914,1464.143555
5,0.720234,0.291398,2046.409790
6,0.731595,0.286210,2562.211914
7,0.729769,0.396674,3027.951416
8,0.732336,0.489211,3410.745117
9,0.732485,0.517678,3743.445801
10,0.731241,0.515412,4126.133301
11,0.733989,0.523674,4741.699219
12,0.740569,0.540347,5606.839844
13,0.737318,0.498986,6022.792480
14,0.737959,0.535124,6671.635742
15,0.743827,0.532650,7287.301270
16,0.739506,0.545400,7686.514648
17,0.735429,0.516610,7986.138672
18,0.745360,0.431225,9134.100586
19,0.740425,0.375200,9500.105469
20,0.742172,0.533995,9816.133789
21,0.732680,0.323984,10315.224609
22,0.725154,0.279843,10647.986328
23,0.725536,0.260078,11063.989258
24,0.739824,0.524871,12228.562500
25,0.725554,0.511542,12960.696289
26,0.471653,0.524155,15689.280273
27,0.467181,0.502160,16038.668945
28,0.465725,0.449250,16404.679688
29,0.488129,0.314447,17253.173828
30,0.199994,0.498996,19931.857422
31,0.225811,0.500446,20148.076172
32,0.447016,0.570280,21296.066406
33,0.474369,0.636034,21761.937500
34,0.542575,0.499691,22743.560547
35,0.478283,0.522516,23292.582031
36,0.545274,0.536171,24224.304688
0,0.735338,0.548706,415.962891
1,0.724477,0.539582,781.959778
2,0.739661,0.507032,1064.853882
3,0.808643,0.523247,1297.744385
4,0.808964,0.526008,1464.163696
5,0.814394,0.410786,1647.293335
6,0.825887,0.353987,1980.050049
7,0.863740,0.351179,2279.312012
8,0.879945,0.308103,2479.059082
9,0.893197,0.256788,2728.614014
10,0.926274,0.202114,2944.928467
11,0.940005,0.174302,3161.185303
12,0.010210,0.172473,3677.016357
13,0.984720,0.240665,3993.082031
14,0.065877,0.184855,4309.165527
15,0.086761,0.144267,4492.158691
16,0.150372,0.106783,4708.399902
17,0.142622,0.155924,4974.714844
18,0.926948,0.360751,5390.698730
19,0.917749,0.585514,5989.509277
20,0.980538,0.659962,6605.147461
21,0.002902,0.690176,6754.889648
22,0.033721,0.680322,7220.790039
23,0.074685,0.637935,7470.452637
24,0.069270,0.611809,7636.760742
25,0.050443,0.692506,7819.791016
26,0.042303,0.709564,8152.576172
27,0.032008,0.741820,8568.347656
28,0.044365,0.700249,8984.341797
29,0.044153,0.689677,9766.376953
30,0.048480,0.748501,10365.238281
31,0.046602,0.737665,10714.738281
32,0.052347,0.732503,10864.325195
33,0.067915,0.702532,11147.238281
34,0.076305,0.596058,11596.472656
35,0.254557,0.566956,14691.053711
36,0.249914,0.558479,14824.148438
37,0.184502,0.529946,15290.069336
38,0.147309,0.551385,16254.995117
39,0.131458,0.494663,16504.501953
40,0.047090,0.376015,17735.742188
41,0.018496,0.550777,18035.220703
42,0.973993,0.730838,19233.138672
43,0.472194,0.561630,22460.787109
44,0.449540,0.359158,22993.189453
45,0.511539,0.301380,23442.435547
46,0.532834,0.182732,24191.187500
47,0.518325,0.159265,24424.039062
48,0.591346,0.298182,24806.750000
0,0.743889,0.499844,366.028473
1,0.739728,0.454924,665.510925
2,0.804917,0.317306,1048.104980
3,0.813179,0.257741,1264.450806
4,0.844394,0.197590,1430.894775
5,0.854857,0.158714,1630.425781
6,0.892103,0.119078,1830.082031
7,0.894553,0.095685,2029.822266
8,0.905772,0.075611,2179.445068
9,0.009104,0.087137,2362.578125
10,0.181838,0.490884,3643.483398
11,0.177519,0.499835,3760.119141
12,0.229845,0.488960,4042.872314
13,0.250832,0.476120,4309.145020
14,0.280811,0.468698,4641.950684
15,0.295060,0.419640,5057.747070
16,0.064129,0.552401,5723.206055
17,0.070974,0.543570,6555.053711
18,0.074095,0.537811,6688.210449
19,0.027225,0.575938,6887.833984
20,0.974866,0.528257,7453.535645
21,0.950233,0.530220,7819.549805
22,0.956548,0.426224,8268.769531
23,0.978038,0.385164,8468.372070
24,0.982756,0.347504,8784.452148
25,0.954786,0.306251,9017.496094
26,0.930676,0.279724,9333.599609
27,0.898128,0.371015,9616.337891
28,0.604718,0.352473,11463.063477
29,0.500957,0.356756,11978.896484
30,0.438032,0.163758,13126.891602
31,0.451444,0.106390,13559.471680
32,0.475598,0.066492,13792.355469
33,0.619465,0.061253,14041.960938
34,0.267175,0.479887,15506.031250
35,0.212416,0.502191,16371.079102
36,0.184802,0.498597,16604.000000
37,0.187352,0.498111,16836.996094
38,0.617400,0.314633,20014.628906
39,0.722339,0.353523,20530.492188
40,0.857251,0.296035,22343.900391
41,0.033573,0.172254,24173.978516
42,0.974723,0.159018,24390.224609
0,0.724140,0.524390,299.524170
1,0.743316,0.496504,549.084656
2,0.772270,0.514074,732.116028
3,0.897027,0.505850,1031.547119
4,0.012884,0.496807,1763.531738
5,0.038863,0.473717,2029.810425
6,0.101654,0.503190,2296.074219
7,0.040390,0.590156,2662.042480
8,0.137718,0.497087,3028.004150
9,0.162609,0.470978,3211.060059
10,0.186051,0.430675,3560.343994
11,0.229463,0.435986,3793.326904
12,0.253610,0.439132,4092.882080
13,0.269879,0.439502,4292.480957
14,0.270648,0.451285,4392.367188
15,0.322838,0.472752,4641.799805
16,0.334606,0.457799,4874.823730
17,0.352462,0.438648,5107.713379
18,0.222223,0.319125,5423.851562
19,0.230013,0.315268,5540.357422
20,0.995247,0.362684,6239.040527
21,0.989199,0.281457,6455.249023
22,0.014794,0.207639,6638.299805
23,0.110316,0.100063,6987.762207
24,0.119318,0.085653,7154.044434
25,0.077518,0.065679,7337.091797
26,0.210060,0.090387,7619.892578
27,0.488889,0.266752,8534.930664
28,0.519961,0.491263,9133.968750
29,0.539306,0.475209,9350.153320
30,0.564584,0.465508,9649.662109
31,0.571136,0.458107,9849.325195
32,0.554128,0.421706,10082.279297
33,0.568643,0.300672,10464.907227
34,0.617130,0.391945,10930.740234
35,0.633727,0.439520,11196.916992
36,0.647420,0.453475,11562.997070
37,0.617899,0.518547,11879.127930
38,0.552067,0.591170,12111.963867
39,0.485246,0.587200,12361.566406
40,0.455884,0.541891,12594.480469
41,0.471281,0.496736,12827.382812
42,0.246541,0.510386,13975.420898
43,0.212370,0.504324,14424.534180
44,0.128220,0.514948,14890.417969
45,0.716640,0.520368,17153.070312
46,0.712646,0.533240,17435.902344
47,0.628246,0.512413,18084.775391
48,0.643508,0.288871,18766.855469
49,0.002961,0.381612,20147.816406
50,0.004629,0.492055,20613.699219
51,0.055097,0.556706,21112.794922
52,0.102386,0.510743,21395.607422
53,0.081761,0.380595,21994.513672
54,0.165071,0.452889,22726.646484
55,0.166637,0.443847,22959.511719
56,0.163512,0.450203,23142.474609
57,0.162153,0.453901,23358.845703
58,0.048084,0.526379,23824.664062
59,0.078321,0.495482,24107.501953
60,0.110492,0.467183,24323.736328
0,0.758887,0.357356,548.977539
1,0.826101,0.344656,781.978760
2,0.751615,0.372714,1031.467163
3,0.746276,0.363765,1214.469727
4,0.786193,0.605709,1863.332642
5,0.892374,0.408962,2462.334229
6,0.005232,0.315534,3327.422852
7,0.042863,0.242157,3610.286621
8,0.773507,0.157587,5190.872559
9,0.865187,0.124608,5457.166504
10,0.950890,0.068215,5640.105469
11,0.026930,0.041349,5856.346680
12,0.876586,0.101156,6205.804688
13,0.871693,0.161173,6455.399902
14,0.988464,0.497223,6788.086914
15,0.017442,0.642548,7769.774414
16,0.941320,0.398616,8668.061523
17,0.623570,0.467806,11047.276367
18,0.539712,0.476815,11280.274414
19,0.456055,0.486806,11696.145508
20,0.404004,0.559418,11979.105469
21,0.429395,0.619278,12278.582031
22,0.245729,0.367224,13576.262695
23,0.230773,0.348956,13742.648438
24,0.248790,0.349149,14175.108398
25,0.156092,0.480569,15323.221680
26,0.126516,0.439778,15472.923828
27,0.092396,0.475673,15755.746094
28,0.071156,0.560646,16038.613281
29,0.052829,0.628195,16471.244141
30,0.050011,0.557542,17003.585938
31,0.047711,0.581538,17718.996094
32,0.046706,0.618909,18001.853516
33,0.068717,0.528942,18317.990234
34,0.434582,0.478267,19083.310547
35,0.606315,0.479234,19798.681641
36,0.521360,0.470060,20064.974609
37,0.515638,0.417625,20314.480469
38,0.555643,0.355823,20680.535156
39,0.912050,0.489522,21895.046875
40,0.955524,0.501993,22078.130859
41,0.952142,0.509602,22177.978516
42,0.017740,0.663305,22643.759766
43,0.035859,0.638461,22926.527344
44,0.051416,0.595154,23126.369141
45,0.089554,0.601540,23808.410156
46,0.082287,0.607710,24024.699219
47,0.089169,0.627937,24324.158203
48,0.085750,0.630619,24540.375000
0,0.734516,0.491424,316.131042
1,0.675068,0.479813,715.337708
2,0.716106,0.378251,914.996582
3,0.765558,0.329917,1098.147217
4,0.760576,0.266636,1331.010010
5,0.809079,0.280943,1530.631470
6,0.850973,0.321488,1780.210449
7,0.918023,0.477278,2196.142334
8,0.950754,0.516082,2395.819092
9,0.983578,0.473377,2562.187012
10,0.013588,0.443162,2978.094727
11,0.014727,0.425638,3127.831055
12,0.094723,0.521993,3593.670898
13,0.043819,0.568563,4109.467773
14,0.098302,0.555386,4309.100098
15,0.028493,0.582534,4625.317383
16,0.164806,0.553314,5357.313965
17,0.166779,0.533749,5656.883301
18,0.170037,0.517540,5756.510254
19,0.227684,0.529166,6205.812988
20,0.231473,0.524011,6505.308105
21,0.059393,0.380671,7070.886719
22,0.028486,0.352282,7287.235352
23,0.015054,0.335938,7470.266113
24,0.991275,0.171918,7919.523438
25,0.977025,0.154910,8085.852539
26,0.909119,0.108911,8318.733398
27,0.872596,0.104139,8585.054688
28,0.853306,0.116131,9000.884766
29,0.916996,0.078761,9183.839844
30,0.042884,0.111080,9533.374023
31,0.914190,0.162657,9766.218750
32,0.906344,0.231236,10049.129883
33,0.955203,0.303157,10332.021484
34,0.982408,0.407328,10581.472656
35,0.998644,0.460739,10814.505859
36,0.991029,0.464008,10997.471680
37,0.947480,0.486825,11230.315430
38,0.037086,0.540877,11712.797852
39,0.083207,0.526427,12028.927734
40,0.085643,0.520876,12378.314453
41,0.756501,0.484531,13542.898438
42,0.708239,0.522228,13742.699219
43,0.712154,0.526204,13975.650391
44,0.651862,0.545632,14275.026367
45,0.598733,0.263374,15040.431641
46,0.566139,0.259101,15273.275391
47,0.523552,0.250875,15489.570312
48,0.494016,0.256112,15722.521484
49,0.480346,0.275793,15938.740234
50,0.498024,0.332449,16188.411133
51,0.505466,0.527670,16620.937500
52,0.553060,0.521349,16986.984375
53,0.439512,0.527249,17253.105469
54,0.408345,0.530685,17519.388672
55,0.425094,0.521197,17802.308594
56,0.397191,0.437048,18051.843750
57,0.363753,0.453789,18334.630859
58,0.366785,0.501970,18584.091797
59,0.331556,0.538412,18767.199219
60,0.312875,0.548912,19149.859375
61,0.289170,0.543995,19382.742188
62,0.280053,0.516706,19599.035156
63,0.282913,0.493680,19832.007812
64,0.358766,0.378317,20114.865234
65,0.423805,0.326665,20414.324219
66,0.424464,0.308150,20663.857422
67,0.438313,0.278008,20963.314453
68,0.478625,0.203212,22410.832031
69,0.506105,0.240093,22643.828125
70,0.484483,0.313956,23142.945312
71,0.503712,0.324376,23392.402344
72,0.506211,0.328618,23525.597656
0,0.750919,0.519175,332.726166
1,0.707967,0.489928,565.595581
2,0.720094,0.441224,765.169189
3,0.731875,0.311168,1064.782227
4,0.640390,0.499357,1447.279419
5,0.643052,0.515466,1730.163818
6,0.605373,0.525566,1929.866943
7,0.571126,0.493666,2162.866211
8,0.552841,0.351585,2545.416504
9,0.544261,0.312181,2728.396240
10,0.502482,0.293372,2978.044189
11,0.476053,0.244992,3144.424072
12,0.469590,0.204731,3344.049805
13,0.473606,0.201921,3460.546631
14,0.443855,0.159380,3626.900879
15,0.406353,0.120756,3826.552979
16,0.470587,0.041004,4059.509033
17,0.468560,0.046439,4142.659668
18,0.374724,0.039644,4259.120117
19,0.291334,0.063341,4442.203613
20,0.272630,0.090521,4608.471680
21,0.242789,0.083009,4791.512695
22,0.930536,0.078900,5124.293457
23,0.773203,0.065969,5340.625488
24,0.783702,0.122037,5606.708008
25,0.781534,0.140394,5723.265137
26,0.941287,0.160196,5906.275879
27,0.946227,0.153548,6139.082520
28,0.954699,0.139854,6372.124512
29,0.012467,0.158210,6588.345215
30,0.067035,0.169351,6754.720703
31,0.059214,0.152442,6937.724609
32,0.884245,0.542151,7819.543945
33,0.868839,0.572455,7969.314453
34,0.724967,0.475839,8751.377930
35,0.722545,0.483854,9000.785156
36,0.729885,0.491700,9133.912109
37,0.728590,0.467901,9450.066406
38,0.862939,0.504871,11163.601562
39,0.964038,0.461854,12178.603516
40,0.025982,0.575754,14341.479492
41,0.026454,0.572711,14541.099609
42,0.035096,0.568230,14823.969727
43,0.028345,0.582876,15023.584961
44,0.093835,0.540702,15572.682617
45,0.099861,0.484636,16238.166992
46,0.251479,0.502969,19382.638672
47,0.271649,0.501222,19665.509766
48,0.322062,0.527977,20197.812500
49,0.309896,0.616370,20597.195312
50,0.464000,0.501310,21878.312500
51,0.487325,0.372658,22377.470703
52,0.447593,0.152857,23126.013672
53,0.394801,0.140997,23375.687500
54,0.259962,0.368673,24373.863281
55,0.260145,0.360429,24573.556641
0,0.734071,0.506306,299.580994
1,0.709381,0.503629,548.992065
2,0.795699,0.379515,948.375854
3,0.837050,0.465932,1197.896729
4,0.990174,0.515847,2063.013184
5,0.006111,0.475461,2262.751953
6,0.038125,0.486510,2445.759277
7,0.981638,0.548767,2728.654785
8,0.034054,0.628601,3244.316406
9,0.095634,0.573378,3510.606934
10,0.034395,0.567347,4325.802734
11,0.019684,0.594357,4741.693848
12,0.029445,0.571733,4941.346191
13,0.028405,0.604450,5307.463379
14,0.038964,0.607066,6122.681152
15,0.037732,0.600496,6338.925293
16,0.247658,0.528177,7303.970703
17,0.257875,0.499102,7503.563477
18,0.257020,0.442487,7736.496094
19,0.344327,0.516305,7986.042480
20,0.325924,0.284719,8335.350586
21,0.994840,0.054911,9549.997070
22,0.017490,0.062459,9866.135742
23,0.596033,0.284712,12261.942383
24,0.630274,0.463221,13060.525391
25,0.537417,0.579020,13559.637695
26,0.410279,0.562887,14058.802734
27,0.556587,0.448839,18417.787109
28,0.088183,0.554537,21395.894531
29,0.031916,0.517291,21845.113281
30,0.984209,0.499969,22144.654297
31,0.970104,0.487565,22327.632812
32,0.001937,0.419563,23592.130859
33,0.997024,0.387329,23841.599609
34,0.990519,0.377357,24024.599609
35,0.989383,0.382860,24573.699219
36,0.960975,0.367706,24906.427734
0,0.746787,0.535869,249.525894
1,0.742178,0.509232,415.933563
2,0.709341,0.510708,748.665344
3,0.692948,0.501507,1064.798828
4,0.672378,0.464931,1264.496948
5,0.716950,0.447241,1580.557983
6,0.737716,0.413232,1713.668091
7,0.728387,0.363399,1929.921143
8,0.694108,0.335702,2129.600830
9,0.652601,0.301497,2345.893311
10,0.631827,0.306364,2512.329590
11,0.647308,0.288677,2811.781738
12,0.590222,0.389116,3077.933350
13,0.596392,0.533886,3294.245361
14,0.564797,0.566181,3560.432373
15,0.526107,0.545661,3809.977295
16,0.509199,0.538021,4042.891357
17,0.506283,0.516302,4375.717773
18,0.552752,0.441001,4625.304199
19,0.582865,0.381163,4808.223633
20,0.588639,0.347235,5007.907227
21,0.531353,0.312452,5240.814941
22,0.521522,0.272708,5423.816406
23,0.513111,0.251614,5623.465820
24,0.526456,0.232586,5989.578125
25,0.443697,0.383371,6804.845215
26,0.426284,0.473401,7120.887207
27,0.405200,0.515225,7387.043457
28,0.415424,0.611315,7952.803711
29,0.381848,0.555739,8468.541016
30,0.362136,0.547297,8734.702148
31,0.367327,0.539259,9000.935547
32,0.374107,0.538385,9300.458984
33,0.371019,0.518079,10381.833008
34,0.421687,0.507611,10614.817383
35,0.458026,0.508888,11130.549805
36,0.474524,0.496599,11629.732422
37,0.492578,0.490453,11962.421875
38,0.594170,0.552959,12195.323242
39,0.917943,0.577909,13276.759766
40,0.964569,0.605669,13509.777344
41,0.989277,0.661116,13909.043945
42,0.036745,0.647462,14075.362305
43,0.904398,0.966467,14857.384766
44,0.667211,0.972995,15123.529297
45,0.430365,0.930684,15606.116211
46,0.288325,0.948162,15972.070312
47,0.083747,0.953223,16238.317383
48,0.015230,0.946528,16604.361328
49,0.971183,0.927749,16837.207031
50,0.861658,0.940896,17419.611328
51,0.158466,0.937445,17852.142578
52,0.708968,0.974502,18317.982422
53,0.822169,0.944041,18567.570312
54,0.779904,0.894785,18833.769531
55,0.798387,0.869831,19100.044922
56,0.838873,0.920437,19416.089844
57,0.892852,0.870532,19881.908203
58,0.878281,0.874914,20048.263672
59,0.957476,0.900229,20430.941406
60,0.054202,0.906706,20846.894531
61,0.068770,0.926596,21163.058594
62,0.077232,0.940045,21379.296875
63,0.132995,0.966647,21678.781250
64,0.041191,0.964776,21911.691406
65,0.962383,0.914535,22194.527344
66,0.161281,0.956719,22510.638672
67,0.116212,0.953500,22776.828125
68,0.058913,0.905972,23142.861328
69,0.064113,0.885487,23459.068359
70,0.127415,0.869646,23725.251953
71,0.143301,0.570162,24440.589844
72,0.150658,0.490852,24573.714844
0,0.700219,0.403933,815.333984
1,0.610951,0.428097,1081.565186
2,0.539997,0.422531,1464.220337
3,0.518516,0.352810,1813.557739
4,0.475656,0.381343,2163.022217
5,0.425381,0.425362,2628.820801
6,0.655831,0.730499,4159.416504
7,0.743265,0.395119,4691.857910
8,0.753610,0.426108,5057.898926
9,0.772422,0.422003,5224.259766
10,0.783786,0.448338,5457.184570
11,0.823627,0.340010,5856.461914
12,0.849081,0.299591,6006.233887
13,0.849159,0.317515,6139.308105
14,0.847262,0.335657,6239.102051
15,0.844796,0.353406,6372.229004
16,0.843327,0.380577,6605.159668
17,0.828606,0.402193,7137.567871
18,0.780760,0.526739,7786.471191
19,0.778350,0.512651,7919.517090
20,0.782317,0.494440,8235.632812
21,0.795494,0.518273,8734.761719
22,0.841060,0.462308,9250.540039
23,0.854260,0.460010,9433.543945
24,0.901786,0.479803,9766.291016
25,0.904094,0.507272,10332.005859
26,0.902655,0.520380,10681.371094
27,0.886070,0.526796,11047.394531
28,0.876503,0.536278,11247.042969
29,0.874456,0.550795,11529.866211
30,0.851037,0.481590,12095.566406
31,0.850745,0.535018,13010.633789
32,0.887745,0.552663,14175.244141
33,0.889365,0.455559,14508.009766
34,0.872430,0.460724,14691.050781
35,0.870876,0.471530,14890.672852
36,0.900034,0.461834,15073.670898
37,0.900842,0.474372,15190.135742
38,0.901634,0.484949,15439.732422
39,0.949516,0.516939,15739.194336
40,0.946241,0.526511,16504.509766
41,0.043250,0.590767,17319.765625
42,0.044463,0.589701,17486.152344
43,0.282173,0.398565,19233.130859
44,0.226609,0.421936,19931.957031
45,0.803080,0.433933,21262.861328
46,0.805133,0.449517,21479.167969
47,0.803509,0.459827,21811.949219
48,0.814485,0.441645,22510.687500
49,0.819434,0.422736,23675.296875
50,0.875587,0.467657,23991.533203
51,0.878484,0.465951,24324.226562
52,0.877988,0.459096,24490.646484
53,0.876105,0.461841,24973.039062
0,0.728777,0.450450,366.120453
1,0.664867,0.513837,981.607544
2,0.636219,0.511829,1181.273438
3,0.607144,0.521499,1364.301147
4,0.582416,0.592753,1597.244751
5,0.574919,0.283394,2412.509766
6,0.547126,0.461282,2578.830322
7,0.551919,0.501919,3011.428467
8,0.647654,0.477316,3227.702881
9,0.725272,0.434669,4009.638672
10,0.742086,0.434939,4126.148438
11,0.758839,0.475193,4442.207031
12,0.737261,0.436631,4725.153320
13,0.799109,0.552894,5107.755859
14,0.830809,0.452385,5390.552246
15,0.867206,0.425758,5690.085449
16,0.894489,0.481368,5972.991699
17,0.892629,0.463233,6072.771973
18,0.930109,0.520688,6239.099121
19,0.955817,0.506001,6488.639648
20,0.984856,0.467933,6754.833984
21,0.993535,0.489017,6937.835938
22,0.023239,0.474170,7303.877930
23,0.020090,0.466457,7486.936035
24,0.093166,0.538870,7886.255371
25,0.088376,0.521149,8252.293945
26,0.085946,0.526021,8352.060547
27,0.026603,0.591691,8518.520508
28,0.027130,0.570159,8668.211914
29,0.963023,0.511617,9167.333008
30,0.950527,0.469551,9549.957031
31,0.984722,0.422218,10415.139648
32,0.999942,0.395283,10664.712891
33,0.011908,0.326432,10864.345703
34,0.006451,0.312148,11063.985352
35,0.023653,0.344404,11463.299805
36,0.009514,0.355286,11879.228516
37,0.006237,0.268305,12162.095703
38,0.060239,0.426149,12627.925781
39,0.061192,0.403397,12860.862305
40,0.010927,0.371930,13043.845703
41,0.023389,0.337413,13376.662109
42,0.004676,0.300732,13875.741211
43,0.976337,0.264713,14208.519531
44,0.174583,0.020573,16521.121094
45,0.780031,0.107932,17402.914062
46,0.092621,0.149539,17802.208984
47,0.095225,0.211513,18035.156250
48,0.089888,0.243191,18268.074219
49,0.148204,0.469141,18950.197266
50,0.146284,0.516402,19083.294922
51,0.208962,0.530742,19416.046875
52,0.208337,0.457979,19682.269531
53,0.206570,0.431460,19915.187500
54,0.228591,0.434738,20064.937500
55,0.227135,0.414096,20414.304688
56,0.149535,0.399900,20613.958984
57,0.219073,0.477684,21063.201172
58,0.207469,0.393687,21362.650391
59,0.255251,0.425108,21612.214844
60,0.256656,0.428721,21828.507812
61,0.246906,0.423691,21944.996094
62,0.275968,0.456714,22211.187500
63,0.319806,0.493505,22494.013672
64,0.332734,0.407487,23026.427734
65,0.324439,0.431058,23242.691406
66,0.373758,0.453301,23459.000000
67,0.391155,0.521262,23808.416016
68,0.417623,0.497137,24157.769531
69,0.444727,0.478297,24956.375000
0,0.737733,0.547637,266.088959
1,0.752907,0.588512,465.759827
2,0.761426,0.591661,648.808594
3,0.761405,0.591112,915.081177
4,0.466868,0.540211,2146.168457
5,0.540296,0.492038,2462.305664
6,0.507670,0.272720,2861.600586
7,0.504131,0.209212,3027.965820
8,0.498640,0.244079,3260.947510
9,0.494753,0.371870,3477.235596
10,0.509167,0.384825,3759.987549
11,0.509901,0.292314,4159.304199
12,0.488562,0.189249,4375.642578
13,0.845671,0.513254,5407.154785
14,0.868927,0.579090,5590.258301
15,0.837609,0.556253,6006.115234
16,0.804267,0.578978,6272.316406
17,0.772987,0.616481,6555.208984
18,0.750106,0.629119,6738.154297
19,0.809243,0.639441,7187.331543
20,0.805607,0.619701,7353.718750
21,0.879651,0.597225,7620.013184
22,0.862646,0.548294,8019.259277
23,0.812832,0.597848,8268.786133
24,0.801265,0.603857,8435.247070
25,0.834173,0.520757,8668.138672
26,0.833937,0.531087,8801.183594
27,0.873436,0.491228,9250.412109
28,0.945779,0.469475,9999.098633
29,0.956873,0.444924,10215.395508
30,0.939845,0.544036,10897.540039
31,0.932181,0.424091,11180.376953
32,0.950500,0.443610,11546.393555
33,0.022319,0.424408,11746.055664
34,0.018972,0.429724,11879.144531
35,0.034744,0.459227,12062.148438
36,0.026947,0.610627,12344.999023
37,0.025413,0.652907,12694.380859
38,0.072741,0.581335,12943.948242
39,0.635682,0.606545,14640.990234
40,0.594780,0.623002,14923.823242
41,0.549015,0.682620,15106.829102
42,0.438768,0.636670,15788.997070
43,0.465430,0.830588,16088.444336
44,0.547823,0.931461,17852.068359
45,0.502767,0.935820,18001.771484
46,0.142345,0.956283,18218.076172
47,0.065262,0.898022,18500.917969
48,0.135838,0.907483,18850.296875
49,0.184163,0.917615,19000.021484
50,0.183297,0.904622,19332.828125
51,0.140728,0.872477,19732.076172
52,0.209364,0.946287,20430.886719
53,0.354946,0.913860,20647.146484
54,0.429794,0.876506,20930.031250
55,0.397086,0.894105,21212.847656
56,0.371257,0.912745,21695.345703
57,0.474301,0.925479,21911.660156
58,0.469299,0.938645,22111.269531
59,0.571091,0.918790,22394.101562
60,0.872821,0.973083,22627.039062
61,0.460009,0.974654,23059.593750
62,0.781309,0.898062,23359.087891
63,0.810123,0.911354,23591.996094
64,0.964788,0.542915,24440.521484
65,0.027464,0.590984,24939.650391
0,0.728996,0.464756,482.552429
1,0.484388,0.455075,1464.097534
2,0.465312,0.464316,1697.054077
3,0.663892,0.223635,2445.690918
4,0.569101,0.124285,3277.641113
5,0.507948,0.206757,3527.216553
6,0.528191,0.202351,4026.281250
7,0.552536,0.172976,4392.325684
8,0.584507,0.141870,4591.959473
9,0.648547,0.159883,4824.867676
10,0.912665,0.049442,5440.474121
11,0.823406,0.084851,5673.488770
12,0.244945,0.035958,5972.877930
13,0.074508,0.059244,6139.350098
14,0.964166,0.086648,6455.394043
15,0.968938,0.115140,6621.750488
16,0.984182,0.589886,7603.377441
17,0.079938,0.616917,8285.543945
18,0.026634,0.543326,8751.389648
19,0.730116,0.430372,9915.989258
20,0.722699,0.450333,10149.014648
21,0.655620,0.463616,10498.337891
22,0.590815,0.474060,10831.037109
23,0.439429,0.910535,11596.388672
24,0.385236,0.894784,11746.125977
25,0.399124,0.917356,12012.345703
26,0.519600,0.957524,12328.506836
27,0.467886,0.892123,12511.489258
28,0.747605,0.970869,13060.487305
29,0.834998,0.965044,13193.586914
30,0.462593,0.975584,13343.380859
31,0.748320,0.914832,13592.933594
32,0.783916,0.923267,13909.043945
33,0.041990,0.945885,14141.957031
34,0.032587,0.949039,14391.528320
35,0.958235,0.954059,14641.056641
36,0.988971,0.928765,14757.550781
37,0.233405,0.459906,15556.174805
38,0.245808,0.461353,15888.924805
39,0.167499,0.357676,16438.021484
40,0.137169,0.497510,16903.820312
41,0.197447,0.575893,17103.414062
42,0.152690,0.640589,17419.515625
43,0.117966,0.640813,17719.039062
44,0.075699,0.296187,18151.589844
45,0.081195,0.191489,18384.566406
46,0.077201,0.364673,18733.894531
47,0.070456,0.231123,19066.650391
48,0.048771,0.206746,19282.968750
49,0.021006,0.240883,19549.191406
50,0.035293,0.318364,19798.767578
51,0.034027,0.413633,19998.392578
52,0.023550,0.335363,20314.464844
53,0.027482,0.263250,20514.218750
54,0.032573,0.238483,20747.039062
55,0.044206,0.240718,21429.224609
56,0.047488,0.226454,21662.160156
57,0.050668,0.133717,22011.535156
58,0.687036,0.075530,23492.283203
59,0.814964,0.019140,23775.126953
60,0.830863,0.020755,23991.396484
61,0.941239,0.012364,24157.761719
62,0.887290,0.021307,24357.427734
63,0.014617,0.090466,24623.664062
0,0.761875,0.476705,781.915588
1,0.760795,0.401016,948.290649
2,0.619184,0.455899,1830.146851
3,0.603369,0.552337,2063.016357
4,0.593082,0.565131,2379.148682
5,0.539595,0.633421,2761.812500
6,0.582486,0.583142,3327.464355
7,0.638842,0.275044,3660.240479
8,0.620503,0.227305,3859.863281
9,0.659245,0.202978,4059.555908
10,0.586995,0.244408,4342.392090
11,0.624801,0.118714,4708.395996
12,0.645399,0.054080,4908.041016
13,0.469890,0.138479,5457.189453
14,0.483532,0.242225,6172.582031
15,0.535402,0.251227,6438.811523
16,0.537969,0.183736,7037.669922
17,0.413428,0.107846,7353.808105
18,0.403555,0.236594,7886.205566
19,0.406573,0.478687,9000.898438
20,0.437100,0.601942,9400.254883
21,0.456962,0.625023,9699.663086
22,0.477292,0.783764,9932.639648
23,0.453117,0.643844,10182.289062
24,0.562980,0.587049,10381.870117
25,0.563253,0.588196,10564.814453
26,0.685623,0.812990,12561.361328
27,0.746051,0.961794,13010.609375
28,0.804005,0.967526,13127.017578
29,0.818292,0.960050,13493.057617
30,0.845231,0.917306,14158.579102
31,0.898524,0.889151,14607.757812
32,0.568023,0.944503,14840.680664
33,0.747732,0.577759,16188.338867
34,0.744868,0.447291,16537.785156
35,0.745877,0.350872,16853.841797
36,0.976188,0.627870,18484.375000
37,0.038176,0.550714,18717.289062
38,0.040910,0.531640,19083.363281
39,0.083352,0.481276,19449.371094
40,0.030800,0.605758,19765.423828
41,0.029937,0.614112,19948.414062
42,0.014289,0.714610,20198.021484
43,0.075583,0.628090,20680.513672
44,0.040026,0.074615,21262.791016
45,0.908105,0.076573,21562.269531
46,0.865556,0.176287,22094.677734
47,0.904250,0.277197,22394.187500
48,0.885405,0.296806,22677.044922
49,0.884394,0.446098,23026.421875
50,0.944066,0.562752,23209.386719
51,0.213776,0.426418,24507.144531
52,0.113661,0.455400,24956.330078
0,0.735809,0.505685,365.967529
1,0.740669,0.502943,698.747375
2,0.744445,0.521021,931.572571
3,0.650221,0.561349,1247.677734
4,0.617743,0.577385,1497.340088
5,0.605052,0.604561,1696.971680
6,0.600961,0.616795,1996.414307
7,0.617536,0.526236,2345.793945
8,0.627456,0.439639,2512.267090
9,0.646835,0.317554,2695.192139
10,0.655604,0.260490,2894.776123
11,0.670564,0.199238,3127.768555
12,0.677443,0.157883,3310.758545
13,0.644867,0.089979,3543.757812
14,0.688450,0.035477,3793.303223
15,0.799973,0.022146,4042.914307
16,0.941955,0.039477,4259.189453
17,0.275493,0.032117,4525.403320
18,0.953573,0.141233,4741.626953
19,0.847299,0.597134,6155.833008
20,0.887519,0.580437,6455.264160
21,0.857102,0.611894,6804.749023
22,0.821523,0.638310,7203.956055
23,0.812885,0.640259,7453.668457
24,0.787655,0.601559,7852.888672
25,0.841969,0.575675,8268.688477
26,0.852939,0.626178,8534.983398
27,0.904391,0.637139,8851.028320
28,0.045334,0.728060,9483.275391
29,0.038801,0.589377,9832.697266
30,0.042168,0.558322,10098.993164
31,0.038351,0.577401,10381.728516
32,0.088324,0.545395,10780.992188
33,0.086451,0.513965,10930.778320
34,0.066344,0.414498,11429.967773
35,0.982434,0.143052,12095.440430
36,0.997209,0.146104,12195.230469
37,0.074798,0.133554,12378.279297
38,0.085268,0.220956,12611.115234
39,0.102654,0.265037,12910.679688
40,0.126489,0.569529,13526.249023
41,0.128230,0.566132,13742.488281
42,0.067292,0.124954,14191.743164
43,0.954395,0.092475,14374.695312
44,0.926198,0.047255,14607.682617
45,0.836265,0.036552,15040.189453
46,0.468672,0.134197,15739.102539
47,0.468708,0.196314,15905.405273
48,0.468874,0.309973,16304.691406
49,0.491929,0.358734,16554.289062
50,0.508528,0.355974,16753.904297
51,0.513894,0.323234,17036.757812
52,0.491148,0.320494,17635.623047
53,0.431538,0.416755,17852.013672
54,0.437924,0.417661,18051.650391
55,0.391004,0.552317,18301.259766
56,0.429159,0.664605,18783.791016
57,0.434172,0.656764,18983.361328
58,0.454012,0.764182,19449.240234
59,0.541047,0.942888,19815.232422
60,0.752691,0.979176,20014.884766
61,0.079599,0.941302,20430.880859
62,0.200575,0.987055,20946.564453
63,0.084316,0.960684,21628.732422
64,0.979281,0.957595,21928.191406
65,0.104376,0.888935,22460.535156
66,0.091301,0.890946,22676.925781
67,0.207142,0.935925,23408.947266
68,0.355908,0.902069,23808.302734
69,0.498309,0.903841,24107.632812
70,0.519660,0.959955,24606.910156
0,0.736130,0.457161,349.369690
1,0.733022,0.488323,515.816956
2,0.657556,0.501490,865.195374
3,0.648156,0.510398,965.028015
4,0.549291,0.519045,1547.250244
5,0.444376,0.124986,2711.977783
6,0.388275,0.049357,2944.833496
7,0.443426,0.072662,3177.788330
8,0.005802,0.036535,3527.170654
9,0.991239,0.024975,3626.973877
10,0.237955,0.046739,3826.664795
11,0.310919,0.057024,4009.683838
12,0.062115,0.051106,4442.197754
13,0.052684,0.049219,4591.972168
14,0.100853,0.054755,4691.808594
15,0.017853,0.111659,4891.458008
16,0.306683,0.492492,6987.754395
17,0.252033,0.474635,7154.136719
18,0.200925,0.481082,7420.408691
19,0.212113,0.481362,7503.582520
20,0.186513,0.481693,8069.199707
21,0.174066,0.547865,8335.381836
22,0.135036,0.490472,8584.987305
23,0.123255,0.456477,8768.032227
24,0.246820,0.350723,9383.655273
25,0.250615,0.443297,9666.417969
26,0.317427,0.435885,10015.780273
27,0.360709,0.561176,10831.048828
28,0.416502,0.586002,11113.898438
29,0.423014,0.537871,11330.261719
30,0.444389,0.388553,11629.632812
31,0.457334,0.335320,11829.278320
32,0.541144,0.645811,12844.234375
33,0.602139,0.575314,13260.132812
34,0.259299,0.869196,14191.898438
35,0.257200,0.860191,14308.276367
36,0.334158,0.948549,15023.799805
37,0.379937,0.959350,15140.240234
38,0.857415,0.985818,15356.483398
39,0.465893,0.924373,15589.373047
40,0.238611,0.857801,15988.690430
41,0.258837,0.864262,16205.022461
42,0.397183,0.973325,16521.087891
43,0.493182,0.949700,17070.158203
44,0.711557,0.921497,17253.171875
45,0.836094,0.836539,17486.070312
46,0.830293,0.831201,17585.935547
47,0.558182,0.898078,17918.720703
48,0.762626,0.444008,19149.824219
49,0.748040,0.497409,19299.582031
50,0.716808,0.461474,19682.218750
51,0.596613,0.456788,20198.046875
52,0.598741,0.464260,20297.900391
53,0.663145,0.378180,20497.542969
54,0.681089,0.185613,20813.630859
55,0.695269,0.198994,21046.531250
56,0.825247,0.299768,21678.789062
57,0.821092,0.613320,22194.580078
58,0.863890,0.598450,22410.849609
59,0.883943,0.522766,22710.310547
60,0.876859,0.178345,23442.326172
61,0.868936,0.151339,23608.800781
62,0.904518,0.220314,24141.115234
0,0.749608,0.414074,316.141479
1,0.731447,0.515418,881.796997
2,0.732880,0.520279,1131.379517
3,0.741246,0.510914,1297.751709
4,0.740061,0.492478,1597.228149
5,0.814250,0.494857,1979.859253
6,0.823900,0.563541,2246.044678
7,0.823781,0.528519,2562.213623
8,0.974045,0.443732,4009.671631
9,0.980404,0.400964,4259.209473
10,0.996822,0.512356,4958.012695
11,0.995015,0.427911,5207.541992
12,0.971473,0.376663,5390.546875
13,0.950709,0.298698,5573.553711
14,0.933821,0.258015,5723.340820
15,0.856244,0.168910,6222.455078
16,0.837143,0.142855,6355.571289
17,0.797264,0.153195,6588.496582
18,0.753523,0.163132,6854.663574
19,0.696428,0.205936,7104.259766
20,0.501696,0.319851,8268.918945
21,0.447623,0.579258,9516.680664
22,0.413898,0.422924,10182.245117
23,0.440661,0.487113,10448.427734
24,0.405453,0.442083,10731.283203
25,0.395349,0.401148,10947.570312
26,0.418665,0.386843,11263.651367
27,0.396620,0.413067,11613.044922
28,0.381932,0.447908,11995.717773
29,0.384664,0.469158,12261.875000
30,0.401903,0.471206,12744.441406
31,0.241784,0.393940,14391.496094
32,0.256877,0.308821,14557.912109
33,0.258872,0.293699,14724.256836
34,0.275689,0.298031,15007.139648
35,0.305656,0.333147,15306.590820
36,0.330607,0.349463,15506.272461
37,0.361776,0.537023,15888.916016
38,0.391691,0.568444,16071.886719
39,0.427583,0.624383,16421.328125
40,0.430642,0.667238,16704.103516
41,0.454726,0.734186,16986.998047
42,0.450103,0.680469,17319.798828
43,0.458614,0.673047,18035.160156
44,0.457154,0.674553,18118.386719
45,0.450148,0.765169,18550.912109
46,0.440462,0.799312,18867.048828
47,0.412707,0.554208,19299.617188
48,0.417232,0.483970,19449.359375
49,0.427134,0.433990,19698.867188
50,0.441877,0.369582,20031.660156
51,0.482710,0.369962,20314.533203
52,0.507103,0.375164,20497.470703
53,0.505963,0.379392,20597.314453
54,0.515347,0.466878,20813.642578
55,0.524653,0.509274,21046.601562
56,0.543843,0.552317,21279.525391
57,0.588078,0.504647,21562.318359
58,0.580020,0.451209,21712.060547
59,0.595719,0.436571,21961.638672
60,0.657740,0.472655,22211.236328
61,0.693468,0.480446,22460.757812
62,0.686898,0.481475,22627.232422
63,0.707342,0.465893,22793.468750
64,0.727907,0.475360,23093.017578
65,0.744674,0.316490,24008.046875
66,0.790009,0.335085,24207.685547
67,0.842208,0.426734,24623.599609
0,0.743296,0.575099,116.388313
1,0.788277,0.568656,432.602722
2,0.741799,0.546724,698.713135
3,0.733180,0.542768,931.689331
4,0.746486,0.520117,1380.859741
5,0.748866,0.368076,1663.706543
6,0.745014,0.297285,1796.867676
7,0.811822,0.385794,2096.255127
8,0.817399,0.518935,2445.690674
9,0.798238,0.616144,2795.154785
10,0.833106,0.625083,3044.704346
11,0.888612,0.631755,3310.936279
12,0.871613,0.543431,3577.092041
13,0.843576,0.523895,3760.058105
14,0.839691,0.560254,4092.857422
15,0.922863,0.553389,4392.300293
16,0.935574,0.566800,4608.561523
17,0.928552,0.572381,4824.874023
18,0.889436,0.639498,4957.963867
19,0.886001,0.670889,5174.262207
20,0.871947,0.611391,5490.397461
21,0.960639,0.666923,5873.037598
22,0.963629,0.689913,6155.880859
23,0.973852,0.603631,6471.986328
24,0.987155,0.573817,6638.364258
25,0.987878,0.448336,6821.391602
26,0.995145,0.417481,7054.271973
27,0.980614,0.402808,7287.251465
28,0.961854,0.451371,7553.420898
29,0.998138,0.422799,7886.205566
30,0.992833,0.349335,8102.490234
31,0.017823,0.357946,8385.363281
32,0.013232,0.349639,8651.571289
33,0.991188,0.381502,8917.756836
34,0.037009,0.563094,9267.111328
35,0.041998,0.599991,9416.807617
36,0.004491,0.447628,9782.827148
37,0.037794,0.607476,10032.423828
38,0.040660,0.628967,10165.503906
39,0.000086,0.696768,10481.613281
40,0.090050,0.611232,11097.257812
41,0.090823,0.593784,11280.315430
42,0.088535,0.601130,11396.771484
43,0.073133,0.519864,11613.058594
44,0.063805,0.418389,11829.308594
45,0.092066,0.388095,12012.389648
46,0.109402,0.439882,12261.856445
47,0.069872,0.489535,12561.311523
48,0.084675,0.484165,12910.816406
49,0.080463,0.489959,13176.934570
50,0.089546,0.456269,13576.251953
51,0.100129,0.417203,13775.848633
52,0.107259,0.386083,13908.956055
53,0.136652,0.376054,14158.536133
54,0.083504,0.299139,14341.619141
55,0.082839,0.266288,14557.910156
56,0.129662,0.224655,14790.785156
57,0.120378,0.185701,14990.438477
58,0.103406,0.162352,15190.077148
59,0.085307,0.111958,15423.077148
60,0.140299,0.076084,15589.349609
61,0.141157,0.058420,15772.423828
62,0.026938,0.026712,15972.037109
63,0.901986,0.029255,16288.136719
64,0.309519,0.065612,16587.607422
65,0.338862,0.062186,16754.042969
66,0.254762,0.014792,17086.783203
67,0.952473,0.012577,17269.755859
68,0.888013,0.069627,17552.654297
69,0.130818,0.150080,17818.914062
70,0.177646,0.182076,18051.769531
71,0.042469,0.181802,18434.376953
72,0.176668,0.261865,18833.724609
73,0.169626,0.281163,19282.916016
74,0.155750,0.407180,19649.025391
75,0.139752,0.477573,19831.980469
76,0.139267,0.480060,20014.996094
77,0.249308,0.520712,20630.531250
78,0.253570,0.499171,20813.564453
79,0.221699,0.582219,20979.984375
80,0.222064,0.576357,21212.875000
81,0.264394,0.574599,21379.246094
82,0.264610,0.564362,21479.128906
83,0.279562,0.530972,21911.746094
84,0.255349,0.474044,22127.955078
85,0.250882,0.415700,22277.664062
86,0.256977,0.519340,23192.787109
87,0.242066,0.519402,23492.259766
88,0.334305,0.520499,23974.697266
89,0.329965,0.516457,24107.810547
90,0.329331,0.482301,24257.548828
91,0.341150,0.568880,24640.271484
0,0.736840,0.491967,332.783508
1,0.739496,0.458520,599.037598
2,0.779028,0.481031,815.324951
3,0.837186,0.435909,1347.648682
4,0.876272,0.608137,1613.812500
5,0.936164,0.657194,2146.324951
6,0.949915,0.656677,2296.029297
7,0.978148,0.612983,2528.892822
8,0.973509,0.357961,3227.715576
9,0.039750,0.589349,3643.735596
10,0.029355,0.648323,4209.395996
11,0.039026,0.699321,4442.252441
12,0.091394,0.587870,5057.796875
13,0.090728,0.568067,5157.622070
14,0.016173,0.409834,5507.012207
15,0.976019,0.383811,5756.604980
16,0.944705,0.384683,5956.281250
17,0.917601,0.424550,6222.479980
18,0.883399,0.432692,6388.874512
19,0.807715,0.309487,6854.771973
20,0.760478,0.302864,7187.528809
21,0.874659,0.611435,7586.773438
22,0.884709,0.606211,7786.428223
23,0.572101,0.531709,8701.437500
24,0.537368,0.513418,8951.000000
25,0.547898,0.449622,9267.122070
26,0.522853,0.469751,9533.381836
27,0.512034,0.425996,9782.889648
28,0.526498,0.409500,9965.928711
29,0.536270,0.311100,10182.189453
30,0.539008,0.230808,10415.110352
31,0.504621,0.204452,10614.768555
32,0.494317,0.170197,10880.999023
33,0.424846,0.593057,11213.729492
34,0.396636,0.610789,11413.370117
35,0.417330,0.620105,11596.394531
36,0.424241,0.601181,11912.498047
37,0.330386,0.597826,12511.459961
38,0.292792,0.608157,12844.203125
39,0.262717,0.609171,13143.689453
40,0.253456,0.393077,13626.181641
41,0.318368,0.493309,13875.792969
42,0.323172,0.519420,14158.609375
43,0.212247,0.402847,14374.928711
44,0.223631,0.364985,14690.968750
45,0.258526,0.305284,14923.910156
46,0.262215,0.276640,15190.122070
47,0.262582,0.599395,15589.401367
48,0.260913,0.615716,15755.819336
49,0.224715,0.594094,15905.540039
50,0.357574,0.575517,16371.379883
51,0.386755,0.627536,16587.669922
52,0.421145,0.628253,16987.029297
53,0.435207,0.593546,17136.771484
54,0.433171,0.586814,17369.630859
55,0.432627,0.553488,17652.480469
56,0.425407,0.520771,17852.164062
57,0.501030,0.538517,18301.353516
58,0.478935,0.625418,18700.650391
59,0.459743,0.722336,18900.302734
60,0.419342,0.713139,19848.636719
61,0.431663,0.720265,20148.128906
62,0.466942,0.714217,20331.162109
63,0.466050,0.722855,20896.812500
64,0.545488,0.694096,21246.199219
65,0.531851,0.689393,21395.972656
66,0.526800,0.717587,21645.501953
67,0.525854,0.745277,21928.359375
68,0.544420,0.758205,22177.910156
69,0.580259,0.734412,22427.498047
70,0.606927,0.694822,22577.238281
71,0.566020,0.725679,22776.855469
72,0.549433,0.749814,23043.076172
73,0.526730,0.628702,23375.796875
74,0.531061,0.586921,23708.560547
75,0.540399,0.516230,23924.851562
76,0.565264,0.532435,24407.357422
77,0.591104,0.563613,24656.908203
0,0.723383,0.523286,432.642029
1,0.729979,0.492961,582.266052
2,0.812229,0.432182,898.419739
3,0.007596,0.502369,2512.251465
4,0.042540,0.583428,3127.882568
5,0.079679,0.427648,3859.944336
6,0.009752,0.333995,4242.544922
7,0.969592,0.322065,4408.983398
8,0.972198,0.278481,4558.738770
9,0.970857,0.245229,4741.745605
10,0.965201,0.216694,4958.088379
11,0.962713,0.206846,5124.343262
12,0.911432,0.184265,5357.292969
13,0.608035,0.164641,6255.708984
14,0.540441,0.168191,6555.198730
15,0.519042,0.185891,6721.617188
16,0.479741,0.167894,6904.606934
17,0.500520,0.154670,7420.372070
18,0.530595,0.163002,7570.133789
19,0.599077,0.077973,7853.003906
20,0.487604,0.178152,8285.589844
21,0.478520,0.222272,8501.821289
22,0.484477,0.263286,8651.554688
23,0.500044,0.300185,9050.812500
24,0.513871,0.377170,9217.237305
25,0.575964,0.430577,9400.287109
26,0.649638,0.514700,9766.273438
27,0.756075,0.474047,10165.597656
28,0.804633,0.488384,10465.030273
29,0.802895,0.511667,10747.893555
30,0.718087,0.520873,10914.271484
31,0.696529,0.634677,11113.921875
32,0.660708,0.763526,11430.009766
33,0.647615,0.774404,11629.629883
34,0.539237,0.507429,12345.172852
35,0.501377,0.477987,12528.083984
36,0.495118,0.427565,12744.432617
37,0.528939,0.450779,13143.723633
38,0.525754,0.469738,14125.349609
39,0.511056,0.461425,14408.142578
40,0.516699,0.473662,14557.890625
41,0.551635,0.455893,14691.004883
42,0.535737,0.623200,15040.408203
43,0.507078,0.426549,15256.666992
44,0.484377,0.380100,15406.434570
45,0.474690,0.314009,15556.099609
46,0.469601,0.251555,15888.918945
47,0.423791,0.183714,16171.739258
48,0.423460,0.152833,16387.998047
49,0.426759,0.131017,16504.468750
50,0.413185,0.560250,17236.509766
51,0.425481,0.622129,17402.904297
52,0.413368,0.581776,18001.884766
53,0.416176,0.540988,18218.138672
54,0.460908,0.619200,18417.798828
55,0.502123,0.899247,19399.402344
56,0.548945,0.950101,19549.158203
57,0.466071,0.994658,19732.150391
58,0.056306,0.974664,19915.187500
59,0.026627,0.961808,20114.843750
60,0.118021,0.935995,20314.507812
61,0.888656,0.952909,20597.300781
62,0.920334,0.919965,20846.875000
63,0.931324,0.904384,21013.248047
64,0.264211,0.547529,22327.644531
65,0.316683,0.373519,22693.666016
66,0.328518,0.339645,22876.673828
67,0.361599,0.285752,23076.320312
68,0.387978,0.244888,23226.060547
69,0.393211,0.194696,23425.712891
70,0.332163,0.136604,23741.841797
71,0.291552,0.149410,23924.855469
72,0.231435,0.258637,24274.240234
73,0.215053,0.360150,24457.244141
74,0.214795,0.440760,24640.257812
0,0.743804,0.505950,366.043671
1,0.740913,0.515969,798.653809
2,0.649965,0.532723,1114.738037
3,0.660595,0.529799,1231.296509
4,0.598535,0.554860,1447.482666
5,0.601668,0.547982,1597.311646
6,0.557505,0.519289,1796.921875
7,0.529590,0.452786,2029.800415
8,0.492565,0.500044,2345.936279
9,0.509479,0.324723,2628.812744
10,0.513265,0.270712,2878.356201
11,0.511653,0.254478,3144.555176
12,0.507524,0.262072,3244.420898
13,0.503689,0.247770,3527.172119
14,0.514059,0.540915,4309.247070
15,0.484813,0.561635,4525.485840
16,0.424749,0.536649,4958.088867
17,0.398209,0.592879,5107.764160
18,0.389155,0.532522,5373.995605
19,0.510951,0.166548,6239.142090
20,0.449252,0.120569,6655.085938
21,0.514151,0.107522,6887.980957
22,0.580559,0.113093,7104.364258
23,0.608335,0.185358,7320.567383
24,0.770037,0.204015,7852.958496
25,0.828113,0.104452,8085.868164
26,0.900920,0.018083,8318.793945
27,0.889189,0.191555,8784.713867
28,0.967209,0.202525,9267.160156
29,0.967335,0.206496,9350.333008
30,0.063705,0.182671,9583.270508
31,0.106628,0.159535,9782.918945
32,0.967071,0.211103,10232.117188
33,0.925060,0.274775,10531.603516
34,0.896356,0.267811,10731.294922
35,0.881532,0.214423,11063.995117
36,0.907672,0.294272,11247.017578
37,0.868516,0.564669,11945.813477
38,0.867048,0.566374,12112.184570
39,0.981090,0.528615,12378.361328
40,0.055047,0.572359,12744.401367
41,0.004960,0.497325,13393.324219
42,0.994525,0.494886,13709.385742
43,0.102803,0.517259,13992.249023
44,0.098539,0.539700,14175.239258
45,0.098155,0.436671,14491.391602
46,0.175252,0.492712,14874.015625
47,0.161044,0.556543,15240.048828
48,0.128255,0.524884,15506.235352
49,0.183667,0.340782,15755.805664
50,0.206150,0.304339,16105.194336
51,0.200542,0.302357,16487.898438
52,0.218918,0.377226,16853.908203
53,0.269536,0.441433,17186.644531
54,0.261159,0.507972,17436.222656
55,0.257315,0.509537,17602.580078
56,0.332570,0.472689,17951.962891
57,0.241259,0.468017,18417.841797
58,0.219338,0.498146,18783.871094
59,0.983666,0.526242,19549.234375
60,0.832789,0.531669,20530.785156
61,0.786152,0.510997,20797.015625
62,0.725384,0.520200,21146.398438
63,0.742979,0.506563,21545.726562
64,0.618742,0.522468,21961.669922
65,0.625913,0.514445,22061.457031
66,0.539673,0.508836,22560.576172
67,0.506673,0.515358,22793.501953
68,0.508966,0.513438,22993.169922
69,0.464236,0.519060,23209.441406
70,0.389257,0.527909,23741.873047
71,0.503687,0.710627,24324.205078
72,0.524139,0.879859,24856.578125
0,0.749880,0.508981,582.305359
1,0.753386,0.513892,1480.745117
2,0.818167,0.464781,1880.106201
3,0.811264,0.466218,2013.137817
4,0.810912,0.493878,2212.815674
5,0.811407,0.506154,2528.851074
6,0.853326,0.508066,2911.577881
7,0.848975,0.485213,3260.907715
8,0.037444,0.463142,4225.951172
9,0.098348,0.536304,4591.929199
10,0.091963,0.532061,4708.414062
11,0.175201,0.520730,5074.447754
12,0.221538,0.459126,5490.464355
13,0.256713,0.419860,5873.016113
14,0.367860,0.469939,6804.790527
15,0.017382,0.552993,8019.265137
16,0.022334,0.561966,8135.767090
17,0.000873,0.489271,8485.148438
18,0.766599,0.504790,9683.034180
19,0.703263,0.507652,10082.332031
20,0.710905,0.498382,10298.643555
21,0.649505,0.539068,10681.276367
22,0.727452,0.506815,11213.688477
23,0.732043,0.510748,11679.587891
24,0.467332,0.395982,12927.343750
25,0.522391,0.305535,13143.733398
26,0.523365,0.252026,13443.134766
27,0.624599,0.300416,13792.594727
28,0.704812,0.444293,14474.665039
29,0.698876,0.457436,14591.133789
30,0.767974,0.488100,14973.865234
31,0.811655,0.421718,15489.585938
32,0.751519,0.495834,15772.415039
33,0.855068,0.520111,16371.377930
34,0.773057,0.505552,16720.720703
35,0.774425,0.501196,16837.298828
36,0.651107,0.519845,17336.328125
37,0.592934,0.548272,17602.517578
38,0.649245,0.600732,18101.669922
39,0.774698,0.337169,19050.056641
40,0.755021,0.262349,19332.812500
41,0.739148,0.179846,19599.132812
42,0.720529,0.123171,19865.275391
43,0.759933,0.058515,20081.529297
44,0.801144,0.037944,20381.013672
45,0.716089,0.056722,20663.945312
46,0.862865,0.153517,20963.300781
47,0.862627,0.151918,21162.968750
48,0.924484,0.407174,22277.722656
49,0.954438,0.409035,22444.074219
50,0.499425,0.574984,23924.810547
51,0.500693,0.561740,24041.269531
52,0.436903,0.538567,24473.849609
53,0.399544,0.515441,24856.527344
0,0.756414,0.374061,282.867523
1,0.769839,0.470886,482.471802
2,0.925422,0.521032,1247.828979
3,0.852494,0.484345,1497.424316
4,0.745520,0.507588,1830.193970
5,0.700593,0.507294,2279.334473
6,0.724603,0.509291,2545.607178
7,0.628252,0.528886,2928.217285
8,0.720846,0.471963,3377.481934
9,0.692448,0.475162,3577.177979
10,0.543749,0.505694,3976.442383
11,0.529649,0.463388,4209.303223
12,0.545762,0.427597,4808.274414
13,0.489023,0.501868,5224.209961
14,0.421973,0.534145,5573.634766
15,0.373582,0.524267,6006.205078
16,0.372569,0.449835,6322.326660
17,0.356143,0.446914,6904.635742
18,0.357705,0.448092,7187.467285
19,0.297584,0.478020,7420.444336
20,0.314745,0.432126,7886.295898
21,0.235065,0.454279,8102.497559
22,0.195685,0.502622,8535.134766
23,0.128481,0.516627,8984.293945
24,0.062951,0.573324,9416.865234
25,0.059270,0.557887,9533.331055
26,0.008394,0.579353,9899.436523
27,0.008532,0.579705,10065.807617
28,0.014525,0.572786,10282.011719
29,0.942010,0.603095,10498.320312
30,0.986164,0.479551,10864.341797
31,0.003782,0.372025,11413.449219
32,0.039532,0.337067,11579.861328
33,0.093144,0.371670,11879.244141
34,0.102954,0.308175,12095.596680
35,0.054320,0.232366,12295.182617
36,0.050604,0.194917,12444.987305
37,0.246025,0.246348,13343.342773
38,0.299864,0.306024,13592.982422
39,0.400833,0.498114,14191.897461
40,0.446912,0.530745,14674.374023
41,0.526015,0.526726,14907.376953
42,0.568010,0.489958,15240.047852
43,0.590489,0.461587,15406.505859
44,0.632544,0.379321,15672.704102
45,0.752982,0.513541,16371.427734
46,0.776003,0.529941,16670.955078
47,0.891695,0.507242,17203.250000
48,0.976404,0.465661,17719.134766
49,0.977139,0.459408,17818.931641
50,0.009259,0.462302,17968.613281
51,0.040948,0.465240,18251.462891
52,0.057649,0.526594,18467.781250
53,0.107789,0.507585,18684.070312
54,0.170422,0.501723,19000.125000
55,0.245733,0.491800,19416.148438
56,0.361339,0.458622,20248.000000
57,0.456157,0.509914,20663.880859
58,0.450485,0.507695,20813.667969
59,0.588245,0.551877,21312.812500
60,0.587480,0.540544,21529.027344
61,0.634836,0.497952,21811.910156
62,0.755917,0.495618,22444.144531
63,0.749058,0.490245,22743.589844
64,0.743102,0.491624,23359.242188
65,0.699909,0.494392,23575.519531
66,0.582303,0.594946,24191.089844
67,0.522524,0.535409,24523.843750
68,0.523894,0.535300,24623.621094
69,0.492966,0.492859,24839.955078
0,0.711572,0.740083,116.468933
1,0.713432,0.605383,332.745697
2,0.724927,0.533381,565.661865
3,0.878999,0.591191,1480.770874
4,0.952026,0.577267,1880.025146
5,0.969079,0.703711,2212.767822
6,0.963691,0.714093,2329.264404
7,0.390423,0.950699,3327.541504
8,0.425077,0.883184,3693.569092
9,0.401883,0.901775,3909.857666
10,0.484363,0.961117,4292.521484
11,0.365894,0.853322,4525.449219
12,0.210593,0.822386,5041.184570
13,0.132744,0.949669,5590.208008
14,0.121213,0.954234,5856.440430
15,0.678727,0.970231,6022.794434
16,0.740221,0.799767,6887.949219
17,0.664501,0.893138,7220.690918
18,0.120872,0.985707,8119.136719
19,0.576981,0.975830,8468.528320
20,0.963726,0.938161,8851.186523
21,0.000217,0.442670,9366.952148
22,0.026188,0.459571,9699.705078
23,0.029128,0.491472,9915.987305
24,0.075950,0.491552,10165.549805
25,0.075531,0.507800,10315.287109
26,0.053574,0.356693,10498.297852
27,0.971733,0.315776,10847.697266
28,0.978730,0.318532,10930.892578
29,0.994371,0.185544,11097.287109
30,0.911379,0.069789,11696.230469
31,0.787421,0.052395,11912.507812
32,0.158984,0.607550,12578.019531
33,0.314836,0.507129,13343.331055
34,0.301419,0.420324,13759.307617
35,0.359739,0.462914,14175.222656
36,0.373716,0.517461,14474.675781
37,0.369176,0.525224,14574.536133
38,0.239508,0.543124,14940.573242
39,0.241660,0.511451,15206.745117
40,0.248171,0.508189,15373.118164
41,0.377684,0.563751,15905.523438
42,0.471296,0.625924,17036.882812
43,0.469384,0.642562,17136.726562
44,0.507506,0.635472,17369.640625
45,0.516309,0.552433,17719.013672
46,0.503807,0.511932,17935.314453
47,0.490772,0.310017,18234.785156
48,0.488634,0.168661,18650.718750
49,0.600808,0.297055,19233.062500
50,0.444532,0.141811,19565.800781
51,0.388972,0.084190,19948.457031
52,0.198707,0.128776,20697.175781
53,0.350528,0.227715,21163.000000
54,0.467724,0.246207,21445.839844
55,0.410568,0.191504,22177.927734
56,0.302445,0.117681,22444.121094
57,0.293341,0.114244,22543.935547
58,0.352302,0.135523,22943.212891
59,0.494834,0.442318,23209.429688
60,0.491015,0.607001,23642.007812
61,0.488404,0.682645,23841.671875
62,0.476970,0.728333,24057.949219
63,0.497559,0.775171,24374.074219
64,0.493727,0.762475,24540.435547
0,0.738619,0.524536,599.018799
1,0.735067,0.462830,765.432800
2,0.586441,0.301827,2728.652832
3,0.596943,0.310025,2978.262939
4,0.602554,0.305526,3277.745605
5,0.864085,0.231281,3993.064697
6,0.901336,0.306955,4192.734863
7,0.209564,0.923284,6172.589355
8,0.261046,0.890692,6438.774902
9,0.310830,0.950352,7254.023438
10,0.865854,0.962593,8485.238281
11,0.383520,0.428088,10248.885742
12,0.280191,0.339401,10980.875977
13,0.537049,0.937494,13842.532227
14,0.209601,0.487077,14923.909180
15,0.071974,0.583388,15705.899414
16,0.030341,0.650802,15905.480469
17,0.036069,0.674026,16255.010742
18,0.041244,0.684156,16421.390625
19,0.152936,0.266402,18617.439453
20,0.207371,0.201745,18867.091797
21,0.127257,0.170002,19416.083984
22,0.111485,0.171787,19599.078125
23,0.472770,0.264413,21079.773438
24,0.407324,0.201722,21811.886719
25,0.463209,0.628791,24057.964844
26,0.447890,0.424064,24307.468750
27,0.509557,0.312060,24972.939453
0,0.748540,0.495178,382.752960
1,0.889100,0.531592,981.800415
2,0.878787,0.532744,1131.430298
3,0.849669,0.496895,1497.480347
4,0.841223,0.397795,1780.333618
5,0.846658,0.335777,1979.994507
6,0.853029,0.389233,2495.710938
7,0.851392,0.420570,2828.482422
8,0.007684,0.577930,3543.875244
9,0.034572,0.558594,3959.798340
10,0.034505,0.531517,4192.750000
11,0.020931,0.897209,5024.607422
12,0.187366,0.949645,5590.278809
13,0.185055,0.960361,5856.488281
14,0.133423,0.956252,5989.605469
15,0.133819,0.926678,6189.250000
16,0.155710,0.985310,6605.175781
17,0.373175,0.992672,6771.550781
18,0.837693,0.963023,7437.071777
19,0.885490,0.926880,7586.805664
20,0.871116,0.855416,7886.306152
21,0.851391,0.864627,8152.460938
22,0.921339,0.854687,8601.691406
23,0.837966,0.559549,9217.325195
24,0.830975,0.514313,9500.128906
25,0.794685,0.485160,9733.060547
26,0.740693,0.479049,10015.891602
27,0.742670,0.505723,10381.919922
28,0.701012,0.505600,10847.789062
29,0.610349,0.556808,11480.021484
30,0.611219,0.543381,11663.054688
31,0.673317,0.511771,12195.418945
32,0.742835,0.470884,12561.423828
33,0.721177,0.279589,13043.952148
34,0.727109,0.214377,13360.040039
35,0.724782,0.167994,13576.352539
36,0.768394,0.145952,13809.250977
37,0.726485,0.054802,14158.630859
38,0.675291,0.093803,14474.753906
39,0.713387,0.136063,14757.636719
40,0.615955,0.065793,15123.619141
41,0.607028,0.152514,15456.390625
42,0.605201,0.179560,15556.205078
43,0.538901,0.341340,16088.623047
44,0.463127,0.441451,16704.218750
45,0.468866,0.441830,16804.009766
46,0.459666,0.500762,16970.433594
47,0.420981,0.508139,17319.794922
48,0.457582,0.507292,17652.548828
49,0.446742,0.630820,18101.781250
50,0.456098,0.623047,18301.421875
51,0.400880,0.602916,19133.294922
52,0.383447,0.538672,19366.224609
53,0.357001,0.500001,19848.744141
54,0.321542,0.493748,20148.191406
55,0.324059,0.430999,20747.128906
56,0.262956,0.503475,21096.578125
57,0.239825,0.516397,21595.632812
58,0.236881,0.436119,22111.445312
59,0.312113,0.488784,22660.449219
60,0.342393,0.530727,23259.423828
61,0.408555,0.539478,23741.925781
62,0.406205,0.551545,23891.650391
63,0.443749,0.622079,24274.287109
0,0.742505,0.497923,432.530914
1,0.740543,0.513011,565.704468
2,0.715282,0.520066,848.497009
3,0.763168,0.526185,1114.691528
4,0.783181,0.522312,1713.731934
5,0.744381,0.495337,2062.999268
6,0.829553,0.466874,2512.223633
7,0.847343,0.469397,2745.213135
8,0.843742,0.295981,3244.265869
9,0.843736,0.287410,3377.353516
10,0.936010,0.272134,3859.892578
11,0.988799,0.180100,4192.641602
12,0.937330,0.135019,5523.622559
13,0.941070,0.199008,5773.284180
14,0.209016,0.173323,6621.697754
15,0.030680,0.523549,8035.899414
16,0.044457,0.583631,8451.899414
17,0.086143,0.544744,8784.626953
18,0.082438,0.605078,9283.694336
19,0.006849,0.649648,9633.110352
20,0.991193,0.656254,9816.122070
21,0.986684,0.685633,10182.142578
22,0.920722,0.558331,10514.915039
23,0.908495,0.537886,10697.924805
24,0.894791,0.565623,10880.916992
25,0.896654,0.564066,10980.758789
26,0.836731,0.582268,11330.131836
27,0.778300,0.540993,11612.987305
28,0.741859,0.522642,11779.366211
29,0.686280,0.512989,12211.930664
30,0.666780,0.525306,12494.770508
31,0.664934,0.522612,12577.962891
32,0.625719,0.553605,12794.244141
33,0.619771,0.580121,12977.264648
34,0.565955,0.557662,13193.544922
35,0.538520,0.560236,13459.740234
36,0.505301,0.568049,13626.127930
37,0.485139,0.565071,13892.313477
38,0.463160,0.546550,14125.269531
39,0.438730,0.556091,14408.127930
40,0.445616,0.541399,14574.465820
41,0.447983,0.538842,14674.321289
42,0.454278,0.543122,15622.639648
43,0.449453,0.523934,15838.930664
44,0.419356,0.537924,16121.797852
45,0.450231,0.379446,16421.242188
46,0.513592,0.295645,16704.078125
47,0.525889,0.265832,16903.742188
48,0.510595,0.203691,17070.132812
49,0.506513,0.196408,17286.416016
50,0.361020,0.257728,17935.294922
51,0.349361,0.294840,18168.203125
52,0.321403,0.345398,18517.578125
53,0.275462,0.347542,18850.324219
54,0.267353,0.355042,19066.615234
55,0.220483,0.347822,19349.453125
56,0.228880,0.546112,19865.265625
57,0.217352,0.536217,20114.826172
58,0.214310,0.526289,20214.632812
59,0.258335,0.512805,20480.812500
60,0.368900,0.507234,21279.455078
61,0.344420,0.554871,21944.921875
62,0.329758,0.564412,22261.025391
63,0.165144,0.560837,22926.556641
64,0.132378,0.545886,23126.205078
65,0.106507,0.576036,23309.226562
66,0.129684,0.558091,23642.009766
67,0.145913,0.492283,23924.796875
68,0.149565,0.421341,24141.095703
69,0.117945,0.346617,24374.005859
70,0.128684,0.311661,24507.123047
71,0.168644,0.236368,24740.050781
72,0.197371,0.207233,24956.318359
0,0.759958,0.572624,16.639297
1,0.704186,0.526900,415.998291
2,0.680912,0.505451,748.720703
3,0.686936,0.561685,948.404724
4,0.679183,0.485774,1081.442505
5,0.730147,0.478947,1414.243774
6,0.742525,0.509885,1896.749390
7,0.737181,0.538016,2229.480957
8,0.707695,0.554155,2495.675537
9,0.678512,0.587393,2811.830078
10,0.696561,0.621688,3144.510986
11,0.737246,0.625552,3826.695801
12,0.732128,0.607410,4026.292725
13,0.730058,0.596979,4209.289062
14,0.737146,0.540153,4608.662109
15,0.699973,0.502866,5274.111328
16,0.659812,0.496794,5556.938965
17,0.622354,0.480798,5806.624512
18,0.557536,0.415880,6205.864746
19,0.562470,0.375240,6538.604004
20,0.505011,0.357654,6854.726562
21,0.514730,0.372915,7021.081055
22,0.522260,0.310055,7237.336426
23,0.526710,0.272921,7453.738770
24,0.516857,0.280763,7719.860352
25,0.509337,0.490535,7902.894531
26,0.538467,0.557434,8135.861328
27,0.507290,0.580117,8335.431641
28,0.438682,0.543787,8601.667969
29,0.456238,0.622231,8917.775391
30,0.409147,0.541631,9367.061523
31,0.405479,0.471332,9699.751953
32,0.408427,0.413455,9832.867188
33,0.321415,0.516116,10581.572266
34,0.315449,0.505323,11180.462891
35,0.221491,0.430330,11762.760742
36,0.218380,0.503289,12029.029297
37,0.165013,0.550497,12694.573242
38,0.071590,0.559589,13143.696289
39,0.027844,0.604755,13360.101562
40,0.013032,0.653737,13592.972656
41,0.013931,0.627070,13709.446289
42,0.104978,0.166004,14824.097656
43,0.140886,0.113814,15040.407227
44,0.168882,0.068787,15240.109375
45,0.331983,0.056243,15473.041016
46,0.508374,0.103769,15938.847656
47,0.526841,0.234189,16338.204102
48,0.539234,0.180235,16720.826172
49,0.532058,0.309185,16920.490234
50,0.537288,0.296387,17053.531250
51,0.596860,0.281354,17303.078125
52,0.627077,0.339520,17469.482422
53,0.641144,0.309852,17902.158203
54,0.646249,0.451969,18234.814453
55,0.597208,0.455038,18451.089844
56,0.587577,0.457662,18534.308594
57,0.573503,0.402354,18683.996094
58,0.615376,0.304299,19050.035156
59,0.610359,0.282973,19149.859375
60,0.624514,0.244698,19499.296875
61,0.736440,0.174032,19865.335938
62,0.534750,0.059900,20148.115234
63,0.381674,0.038435,20331.126953
64,0.281750,0.051634,20530.810547
65,0.544552,0.135852,21462.488281
66,0.615808,0.532904,22843.457031
67,0.590750,0.494598,23126.251953
68,0.590048,0.490091,23226.087891
69,0.557724,0.583942,23492.273438
70,0.527735,0.536115,23758.492188
71,0.474781,0.474866,24241.037109
0,0.761328,0.487395,399.284363
1,0.765023,0.420254,648.970337
2,0.966428,0.485952,1347.692017
3,0.009227,0.472992,1697.066162
4,0.032395,0.594956,2029.798462
5,0.946377,0.606819,2462.458740
6,0.561874,0.414157,3760.100098
7,0.531952,0.365102,4026.283691
8,0.503374,0.422774,4359.092285
9,0.448264,0.527986,4575.407715
10,0.424623,0.452367,4941.403320
11,0.388892,0.397511,5224.229980
12,0.504641,0.369183,5590.327637
13,0.536095,0.357746,5773.299316
14,0.566478,0.345097,6072.708008
15,0.570504,0.298619,6338.931152
16,0.607695,0.346127,6771.519043
17,0.024091,0.394414,8418.612305
18,0.071861,0.316622,8801.286133
19,0.082578,0.273951,9100.817383
20,0.060812,0.213359,9400.224609
21,0.087144,0.212398,9583.365234
22,0.076739,0.182049,10049.182617
23,0.086372,0.133281,10315.368164
24,0.040729,0.137714,11147.197266
25,0.061102,0.127846,11346.836914
26,0.091993,0.157823,11563.155273
27,0.038110,0.278949,12029.026367
28,0.115464,0.553715,12644.594727
29,0.074602,0.562130,13060.562500
30,0.077026,0.544802,13293.437500
31,0.026807,0.564752,13559.656250
32,0.997301,0.463181,14075.501953
33,0.989838,0.464593,14175.247070
34,0.885060,0.492168,14507.962891
35,0.889529,0.482596,14790.833984
36,0.904839,0.532063,14973.833984
37,0.877457,0.591722,15156.845703
38,0.776880,0.532057,15472.958984
39,0.735317,0.534116,15822.384766
40,0.720126,0.547656,16022.040039
41,0.721931,0.549650,16221.676758
42,0.699733,0.541203,16404.697266
43,0.739503,0.486499,16803.986328
44,0.681666,0.469160,17219.970703
45,0.689380,0.458611,17586.001953
46,0.707325,0.484852,18201.525391
47,0.739504,0.514251,18600.820312
48,0.726076,0.514485,21096.462891
49,0.700674,0.522475,21512.416016
50,0.677629,0.523515,22527.292969
51,0.595196,0.558985,22810.158203
52,0.592864,0.554801,22943.222656
53,0.602651,0.564624,23192.802734
54,0.529276,0.530961,23908.226562
55,0.531341,0.525186,24091.214844
56,0.538351,0.529153,24224.324219
57,0.540602,0.512113,24706.837891
0,0.727628,0.475608,282.794464
1,0.799745,0.287369,1231.159668
2,0.803983,0.303912,1380.881348
3,0.801687,0.314211,1464.073730
4,0.831500,0.424722,1830.132080
5,0.880668,0.541921,2279.318115
6,0.927140,0.562315,2994.822754
7,0.958749,0.507778,3394.017090
8,0.991745,0.408428,3776.738037
9,0.003648,0.326439,4026.312012
10,0.012937,0.266224,4375.727539
11,0.027739,0.236756,4591.939453
12,0.049030,0.283152,5107.808594
13,0.924588,0.312677,5457.086426
14,0.993702,0.471467,5756.607910
15,0.047828,0.579572,6039.407715
16,0.086498,0.622502,6355.550293
17,0.035932,0.663895,6638.378906
18,0.100006,0.614952,7120.898438
19,0.161571,0.524537,7520.237305
20,0.229768,0.521357,9832.786133
21,0.226377,0.520447,10015.828125
22,0.314117,0.540006,10365.169922
23,0.379559,0.657699,11330.188477
24,0.408550,0.696510,11613.128906
25,0.396009,0.621433,12112.125000
26,0.535864,0.923647,12794.273438
27,0.347966,0.889358,17236.503906
28,0.350441,0.888563,17386.283203
29,0.674770,0.490747,19582.437500
30,0.650867,0.474758,19748.810547
31,0.611567,0.606920,20098.169922
32,0.570204,0.537970,20364.414062
33,0.524082,0.565623,20730.482422
34,0.501875,0.554030,21046.548828
35,0.498146,0.403459,21479.107422
36,0.519942,0.241775,21878.435547
37,0.530265,0.187084,22111.328125
38,0.550973,0.142978,22327.652344
39,0.568257,0.127525,22610.488281
40,0.610840,0.099505,22909.923828
41,0.519277,0.242852,23425.736328
42,0.609548,0.373669,23708.548828
43,0.578454,0.407192,24973.033203
0,0.742085,0.530891,382.726044
1,0.742885,0.503745,665.504822
2,0.801580,0.474722,965.036194
3,0.943334,0.413566,1746.972290
4,0.983282,0.496521,2329.294678
5,0.964367,0.464227,2645.377686
6,0.034118,0.570740,3028.080078
7,0.046150,0.582327,3211.085693
8,0.471878,0.388605,5307.378906
9,0.490673,0.311970,5490.405273
10,0.482556,0.240006,5690.092773
11,0.488754,0.193464,6089.375977
12,0.507281,0.314477,6472.083008
13,0.519831,0.333074,6704.992188
14,0.468909,0.235608,7204.083496
15,0.427393,0.263459,7536.844238
16,0.417567,0.144422,7986.082520
17,0.460998,0.126280,8268.879883
18,0.578791,0.169945,8535.100586
19,0.517610,0.199844,8834.611328
20,0.462103,0.278923,9366.997070
21,0.497935,0.284852,9649.845703
22,0.459312,0.303239,10082.368164
23,0.422560,0.321863,10382.000977
24,0.497783,0.276994,10831.109375
25,0.507362,0.279614,11147.268555
26,0.432736,0.162524,11663.056641
27,0.456390,0.138679,11945.794922
28,0.537971,0.135695,12178.719727
29,0.611079,0.202822,12444.993164
30,0.698334,0.230635,12944.047852
31,0.514053,0.524837,13809.250000
32,0.537460,0.486473,14042.129883
33,0.625179,0.267815,14574.585938
34,0.585722,0.252919,14857.373047
35,0.664234,0.283983,15123.564453
36,0.618571,0.474180,15472.997070
37,0.616290,0.488573,15572.817383
38,0.795781,0.512089,16238.342773
39,0.761191,0.478893,16887.210938
40,0.516693,0.489365,17802.236328
41,0.471277,0.516654,18134.970703
42,0.467064,0.515405,18334.662109
43,0.397752,0.544181,18534.318359
44,0.379958,0.522528,18767.210938
45,0.303605,0.535945,19266.416016
46,0.264157,0.530292,19565.847656
47,0.229878,0.529213,19865.339844
48,0.199139,0.523509,20098.226562
49,0.222971,0.495456,20331.136719
50,0.255662,0.480840,20697.164062
51,0.136112,0.524525,21113.138672
52,0.097161,0.541162,21429.222656
53,0.079666,0.527930,21678.892578
54,0.014281,0.558747,22061.480469
55,0.018783,0.555455,22244.539062
56,0.018679,0.498093,22643.765625
57,0.089414,0.482380,22860.093750
58,0.088556,0.478769,23026.509766
59,0.105145,0.456612,23176.179688
60,0.063756,0.493080,23409.093750
61,0.075909,0.487871,23658.708984
62,0.103523,0.497381,23875.015625
63,0.079731,0.508698,24207.716797
64,0.073358,0.510504,24407.353516
65,0.047943,0.523972,24607.011719
66,0.993118,0.504199,24939.792969
0,0.718735,0.797537,49.934490
1,0.785285,0.541986,1347.620117
2,0.783191,0.561503,1530.682007
3,0.809325,0.639388,1680.426636
4,0.846412,0.598852,1963.278076
5,0.881999,0.623521,2279.334961
6,0.873996,0.614288,2412.473389
7,0.925834,0.606051,2645.380371
8,0.940786,0.608484,2894.935059
9,0.960076,0.613240,3177.768311
10,0.982974,0.609653,3410.718262
11,0.035444,0.636996,3693.536377
12,0.038460,0.634275,3909.806641
13,0.094412,0.606686,4342.404785
14,0.089492,0.593068,4625.246094
15,0.128851,0.542634,5041.219238
16,0.159056,0.528755,5357.302734
17,0.208516,0.545700,5789.908691
18,0.236530,0.529908,6039.468262
19,0.236006,0.519397,6189.224609
20,0.235103,0.540457,6438.724121
21,0.254561,0.543519,6655.027344
22,0.262510,0.535963,6937.848633
23,0.302333,0.571225,7337.191406
24,0.322291,0.559383,7520.179199
25,0.353462,0.571153,7902.876953
26,0.372080,0.624682,8135.784180
27,0.399581,0.656294,8418.617188
28,0.434744,0.664636,8718.130859
29,0.456327,0.548910,9034.280273
30,0.486027,0.571029,9516.717773
31,0.513359,0.552122,9816.228516
32,0.524915,0.671603,10215.527344
33,0.540019,0.699171,10431.792969
34,0.577866,0.608131,10797.909180
35,0.602483,0.588422,11247.007812
36,0.599195,0.569063,11363.514648
37,0.596010,0.578517,11479.939453
38,0.636110,0.616958,11796.094727
39,0.628638,0.602257,11912.533203
40,0.498800,0.252441,12794.347656
41,0.478848,0.199609,13093.787109
42,0.272561,0.205888,13692.748047
43,0.262730,0.090920,13892.422852
44,0.292453,0.232325,15323.215820
45,0.209228,0.238359,15905.512695
46,0.197583,0.226471,15988.721680
47,0.075042,0.267229,16271.557617
48,0.055495,0.271675,16404.695312
49,0.077402,0.350822,16704.169922
50,0.068152,0.339297,16804.072266
51,0.998106,0.380443,17070.205078
52,0.990940,0.373639,17303.128906
53,0.002916,0.400482,17652.474609
54,0.972844,0.373034,17885.423828
55,0.964970,0.367549,18035.193359
56,0.923643,0.349510,18334.626953
57,0.920829,0.321941,18567.603516
58,0.985495,0.517550,18767.283203
59,0.999058,0.539791,19083.298828
60,0.996539,0.529667,19199.765625
61,0.971634,0.640437,19499.248047
62,0.951940,0.662457,19698.931641
63,0.027790,0.669833,20114.886719
64,0.021578,0.658962,20397.669922
65,0.078917,0.631446,20913.466797
66,0.095118,0.601264,21246.236328
67,0.770911,0.581844,22593.869141
68,0.751917,0.624136,22943.335938
69,0.702146,0.564242,23226.113281
70,0.645895,0.542398,23675.402344
71,0.650059,0.554721,23941.496094
72,0.658507,0.563264,24107.908203
73,0.702136,0.601319,24290.923828
74,0.690519,0.717513,24823.369141
0,0.710459,0.574694,515.928528
1,0.573168,0.601275,1364.373413
2,0.524052,0.696811,1747.064209
3,0.509825,0.647653,1913.414429
4,0.485756,0.534567,2179.601807
5,0.518053,0.428590,2346.078857
6,0.581988,0.328583,2578.894287
7,0.594766,0.269694,2861.713135
8,0.609199,0.295027,3177.850342
9,0.846156,0.488943,4309.218262
10,0.914561,0.571081,4575.465820
11,0.725154,0.842113,9533.391602
12,0.680461,0.838467,9799.625000
13,0.062950,0.577900,11729.559570
14,0.063509,0.571393,12145.579102
15,0.007268,0.596100,12644.709961
16,0.013790,0.626512,13210.300781
17,0.978075,0.644511,13609.668945
18,0.990717,0.688727,13942.400391
19,0.001900,0.385380,14607.866211
20,0.999971,0.409674,14924.013672
21,0.029165,0.289054,15140.236328
22,0.206397,0.152660,16604.361328
23,0.773054,0.045648,17436.193359
24,0.363438,0.259231,18334.742188
25,0.279350,0.428041,18817.210938
26,0.448693,0.466797,19632.408203
27,0.427721,0.633320,19848.697266
28,0.309271,0.706670,20846.935547
29,0.224407,0.547505,21296.166016
30,0.239004,0.417737,22327.640625
31,0.240831,0.416254,22527.386719
32,0.252943,0.515622,24324.226562
33,0.261604,0.564043,24956.457031
0,0.685990,0.473164,332.821289
1,0.728029,0.411205,549.065247
2,0.717474,0.469972,1014.858521
3,0.652890,0.554399,1464.118530
4,0.645712,0.549662,1713.625977
5,0.591963,0.537923,1929.959961
6,0.488154,0.225884,3643.599365
7,0.480070,0.232662,3926.478760
8,0.444001,0.126873,4392.391602
9,0.394769,0.085951,4841.554688
10,0.475414,0.270667,5074.442383
11,0.498520,0.402720,5573.580078
12,0.468696,0.505153,5823.119141
13,0.444031,0.454941,6239.137695
14,0.467180,0.486245,6771.594727
15,0.432630,0.554657,7004.413574
16,0.395249,0.541533,7270.632812
17,0.415168,0.670256,7586.777832
18,0.435369,0.692294,7869.559570
19,0.649334,0.868396,10548.258789
20,0.671914,0.825195,10847.733398
21,0.783766,0.883743,11213.753906
22,0.144287,0.643508,11746.117188
23,0.024430,0.439457,12977.346680
24,0.997535,0.485218,13326.741211
25,0.014855,0.469258,13709.347656
26,0.996506,0.362832,14141.922852
27,0.108297,0.452429,14491.304688
28,0.162622,0.445509,14890.667969
29,0.161051,0.432315,15073.623047
30,0.160976,0.421686,15156.824219
31,0.230296,0.435854,15356.458008
32,0.228481,0.430972,15489.557617
33,0.246756,0.410047,15838.994141
34,0.252356,0.350006,16271.601562
35,0.605426,0.150739,17902.017578
36,0.969982,0.156883,18201.500000
37,0.124824,0.153069,18550.982422
38,0.157124,0.125528,18800.439453
39,0.609648,0.126416,19366.234375
40,0.666916,0.050315,19565.837891
41,0.050248,0.040866,19798.792969
42,0.017856,0.055401,19965.125000
43,0.332805,0.073603,20247.919922
44,0.923501,0.280629,22094.693359
45,0.963027,0.429079,22710.335938
46,0.989563,0.386560,23026.433594
47,0.022234,0.483709,23991.458984
48,0.046055,0.376171,24390.687500
49,0.988654,0.315690,24840.005859
50,0.951327,0.308245,24989.630859
0,0.750464,0.503812,465.897003
1,0.747952,0.492258,582.379272
2,0.738791,0.502200,848.527222
3,0.672358,0.497812,1114.719116
4,0.716422,0.507151,1497.473145
5,0.753076,0.516433,1780.239258
6,0.771229,0.511632,2079.714600
7,0.822492,0.466240,2345.900879
8,0.870540,0.533475,2745.263672
9,0.880422,0.551570,2978.168213
10,0.890445,0.591793,3244.458252
11,0.894876,0.611603,3460.618408
12,0.943881,0.554055,3676.986328
13,0.994185,0.521231,4092.851318
14,0.011426,0.501214,4408.954590
15,0.017210,0.484870,4741.720215
16,0.037871,0.583449,4991.353027
17,0.085612,0.571270,5390.652344
18,0.020153,0.362326,5889.771484
19,0.986246,0.314006,6072.836426
20,0.999081,0.291540,6272.418457
21,0.049323,0.287463,6455.460449
22,0.062994,0.253496,6754.873535
23,0.070597,0.220045,6904.667969
24,0.081969,0.195435,7054.381836
25,0.089403,0.162397,7287.269531
26,0.062377,0.128080,7437.016602
27,0.031607,0.107683,7586.743652
28,0.987564,0.088095,7786.403809
29,0.002780,0.063794,7919.500977
30,0.065556,0.056437,8069.303223
31,0.964554,0.204609,8867.888672
32,0.962526,0.270090,9150.764648
33,0.922067,0.325344,9616.601562
34,0.085689,0.524856,9932.683594
35,0.087076,0.587374,10165.612305
36,0.073903,0.646230,10381.861328
37,0.058214,0.716519,10581.517578
38,0.058039,0.700018,10914.263672
39,0.995705,0.880671,11313.582031
40,0.945478,0.911611,11479.957031
41,0.884332,0.938576,11729.519531
42,0.730197,0.947634,12228.673828
43,0.689347,0.981231,12611.312500
44,0.609715,0.982156,12761.066406
45,0.400847,0.971709,12910.793945
46,0.513893,0.945368,13177.004883
47,0.237868,0.981472,13493.102539
48,0.837618,0.954964,13775.926758
49,0.719389,0.915570,14141.956055
50,0.568284,0.981139,14474.726562
51,0.492365,0.977221,14824.127930
52,0.747499,0.619002,15456.356445
53,0.759271,0.531016,15705.909180
54,0.719992,0.462778,16055.293945
55,0.654304,0.507822,16404.712891
56,0.596922,0.550491,16720.841797
57,0.578935,0.531288,16987.003906
58,0.698639,0.491037,17419.574219
59,0.729928,0.499967,17685.783203
60,0.753643,0.508547,17968.609375
61,0.753604,0.476001,18168.283203
62,0.762877,0.362236,18484.394531
63,0.618716,0.307372,18867.037109
64,0.577930,0.349113,19216.449219
65,0.536726,0.367674,19732.189453
66,0.510446,0.360267,19915.244141
67,0.503135,0.336084,20114.876953
68,0.491683,0.305030,20314.542969
69,0.484136,0.471113,20780.367188
70,0.473299,0.528430,20963.369141
71,0.506081,0.525544,21362.675781
72,0.514419,0.557384,21628.939453
73,0.477190,0.542348,22194.611328
74,0.453578,0.436338,22494.042969
75,0.478588,0.405814,22710.337891
76,0.595334,0.498952,23093.007812
77,0.598591,0.514948,23209.468750
78,0.626476,0.544981,23741.851562
79,0.639681,0.574324,24008.066406
80,0.670036,0.547454,24340.814453
0,0.745281,0.635309,116.534119
1,0.731076,0.532980,332.805603
2,0.741316,0.476032,515.852966
3,0.729996,0.488962,831.971130
4,0.664185,0.499152,1081.451538
5,0.554755,0.603791,1796.883301
6,0.517184,0.580478,2029.793945
7,0.495245,0.545527,2179.564453
8,0.470717,0.534572,2479.023438
9,0.552622,0.467299,2811.774902
10,0.533185,0.396011,2978.113525
11,0.504798,0.303156,3327.557129
12,0.484965,0.282371,3643.643799
13,0.485509,0.216636,3793.389404
14,0.490550,0.169480,4059.591553
15,0.501769,0.112032,4558.769043
16,0.500403,0.095878,4808.245605
17,0.649729,0.079086,5074.500488
18,0.664386,0.044417,5274.136230
19,0.875668,0.104259,5623.605957
20,0.763282,0.081353,5823.213379
21,0.632902,0.053535,6022.870605
22,0.791664,0.228508,7004.416504
23,0.881549,0.213410,7420.348633
24,0.002620,0.227131,7853.041504
25,0.000827,0.136882,8102.522949
26,0.004893,0.126758,8219.081055
27,0.102907,0.143439,8385.356445
28,0.072271,0.233991,8701.438477
29,0.991093,0.416761,8984.319336
30,0.965411,0.481619,9150.673828
31,0.965935,0.537726,9433.564453
32,0.998570,0.570510,9766.368164
33,0.042493,0.589427,9916.093750
34,0.091372,0.542467,10315.336914
35,0.076807,0.535502,10481.698242
36,0.023172,0.612583,10864.395508
37,0.022473,0.585214,11064.068359
38,0.940025,0.589933,12112.178711
39,0.893419,0.535050,12345.089844
40,0.959380,0.477544,12661.194336
41,0.976807,0.573217,13060.502930
42,0.979835,0.547404,13360.035156
43,0.823855,0.586311,13626.179688
44,0.838686,0.482719,14075.417969
45,0.810830,0.469153,14275.045898
46,0.751197,0.502652,14507.995117
47,0.730377,0.508953,14890.628906
48,0.091492,0.518965,16221.656250
49,0.156470,0.534869,16504.513672
50,0.157080,0.516686,16620.980469
51,0.211519,0.515400,16870.515625
52,0.205394,0.514300,17153.376953
53,0.240603,0.506832,17303.078125
54,0.299418,0.505589,17735.671875
55,0.331193,0.566232,17935.339844
56,0.325293,0.491594,18284.697266
57,0.338887,0.386615,18550.910156
58,0.286741,0.310466,18767.189453
59,0.338253,0.241630,19249.708984
60,0.172946,0.307631,20364.416016
61,0.375184,0.506625,20846.882812
62,0.442261,0.578867,21346.011719
63,0.428869,0.554801,21645.517578
64,0.477518,0.582929,21878.431641
65,0.460770,0.641552,22177.925781
66,0.454849,0.643319,22377.564453
67,0.481958,0.542469,22643.748047
68,0.437231,0.525810,23043.085938
69,0.500959,0.516217,23492.269531
70,0.528866,0.497444,23658.660156
71,0.524057,0.491928,23858.328125
72,0.575422,0.464986,24091.228516
73,0.438102,0.517220,24507.166016
74,0.405678,0.524789,24740.103516
0,0.735497,0.492031,282.820129
1,0.724779,0.862167,1114.683716
2,0.708646,0.863531,1231.227539
3,0.820832,0.962089,1480.705078
4,0.090939,0.946536,1913.340088
5,0.031070,0.921483,2429.062012
6,0.309086,0.897432,2861.658936
7,0.318317,0.981514,3227.685547
8,0.200831,0.950687,3510.552002
9,0.325371,0.974119,4009.685547
10,0.402434,0.145412,5523.641602
11,0.531969,0.357447,5889.758301
12,0.521319,0.353342,5989.508789
13,0.519990,0.518150,6472.107422
14,0.472442,0.555129,6788.119629
15,0.419053,0.539297,7087.645508
16,0.423448,0.541460,7270.604004
17,0.448123,0.650206,7520.246094
18,0.412743,0.654731,7802.996582
19,0.319938,0.511687,8119.113770
20,0.249246,0.506071,9200.583008
21,0.461884,0.257356,10514.977539
22,0.444462,0.153754,10781.119141
23,0.443446,0.172072,10980.814453
24,0.451788,0.191242,11113.909180
25,0.498620,0.379143,11330.226562
26,0.591145,0.558311,11629.635742
27,0.576223,0.543902,11829.289062
28,0.631963,0.515254,12162.042969
29,0.637054,0.509890,12361.736328
30,0.751435,0.468778,12860.839844
31,0.744391,0.462688,13127.029297
32,0.829432,0.463071,13543.060547
33,0.895335,0.495323,13992.249023
34,0.972760,0.487836,14474.697266
35,0.972785,0.489441,14557.943359
36,0.042317,0.476677,14774.148438
37,0.040528,0.472550,14907.248047
38,0.068350,0.576192,15123.546875
39,0.092859,0.538130,15406.383789
40,0.163365,0.482656,15872.250977
41,0.160439,0.490340,15988.712891
42,0.987391,0.265901,16787.324219
43,0.989167,0.248591,16920.410156
44,0.974748,0.520164,17203.238281
45,0.870235,0.450733,17752.349609
46,0.866307,0.430631,17885.402344
47,0.845993,0.404368,18018.486328
48,0.854998,0.386731,18301.388672
49,0.796919,0.406939,18500.982422
50,0.800236,0.397776,18650.818359
51,0.721703,0.537776,18883.640625
52,0.729112,0.481593,19149.830078
53,0.655867,0.469015,19399.437500
54,0.439573,0.195770,20164.773438
55,0.423399,0.187708,20397.693359
56,0.408461,0.833472,21179.621094
57,0.287644,0.937312,21578.972656
58,0.297522,0.941819,21811.921875
59,0.096872,0.939427,22144.658203
60,0.945468,0.917207,22876.660156
61,0.884950,0.922676,23209.480469
62,0.817025,0.934060,23359.232422
63,0.277091,0.970171,23708.548828
64,0.134406,0.897595,24124.511719
65,0.101956,0.903237,24507.177734
0,0.766590,0.553765,16.724424
1,0.765139,0.554447,233.024658
2,0.733134,0.582292,449.311127
3,0.652044,0.590329,948.443787
4,0.592449,0.512623,1530.744019
5,0.575883,0.652349,2395.896240
6,0.537394,0.707718,2712.014160
7,0.536812,0.706792,2811.871338
8,0.541283,0.712303,3011.511719
9,0.542536,0.364279,3660.358643
10,0.546847,0.367032,4009.734863
11,0.657261,0.682910,4824.973633
12,0.669451,0.681321,5091.190430
13,0.671921,0.682707,5240.913086
14,0.676161,0.721251,5656.872559
15,0.711655,0.640528,5939.685547
16,0.709894,0.541199,6721.666992
17,0.710362,0.541938,6921.303223
18,0.721967,0.531221,7154.251465
19,0.721907,0.530876,7254.070801
20,0.709217,0.534589,7487.000488
21,0.746244,0.488601,7819.738770
22,0.769176,0.570325,8402.063477
23,0.771750,0.613902,8634.992188
24,0.780354,0.535310,9816.262695
25,0.766256,0.530113,9999.269531
26,0.835415,0.512710,10315.387695
27,0.832902,0.527365,10498.387695
28,0.842333,0.625481,10797.883789
29,0.920884,0.659899,11047.449219
30,0.917151,0.650130,11363.568359
31,0.981542,0.600124,11513.284180
32,0.042648,0.456200,12345.174805
33,0.079521,0.571788,12677.952148
34,0.120926,0.519128,13027.297852
35,0.112017,0.521396,13360.053711
36,0.116997,0.581001,13592.993164
37,0.069071,0.612299,13909.095703
38,0.085245,0.659851,14308.418945
39,0.085853,0.650669,14524.701172
40,0.939586,0.169294,15506.308594
41,0.949091,0.173103,15622.782227
42,0.439924,0.017363,16820.673828
43,0.417294,0.078123,17403.005859
44,0.398569,0.079127,17536.109375
45,0.731280,0.396091,18600.892578
46,0.737246,0.403242,18917.007812
47,0.764056,0.321990,19549.242188
48,0.739594,0.390239,21046.621094
49,0.740139,0.384360,21179.740234
50,0.712434,0.329198,21495.843750
51,0.712174,0.330131,21662.224609
52,0.726836,0.356759,22161.343750
53,0.746786,0.378596,22311.089844
54,0.746925,0.380775,22577.287109
55,0.746975,0.379514,22693.767578
56,0.747068,0.494960,23492.361328
57,0.616268,0.673987,23825.115234
58,0.673152,0.605996,24207.775391
0,0.720823,0.501016,366.019562
1,0.724964,0.464501,698.806763
2,0.542231,0.658395,1364.304565
3,0.477144,0.555797,1946.602051
4,0.495739,0.582380,2162.920410
5,0.400256,0.705596,2778.532227
6,0.358581,0.750008,3154.385254
7,0.453487,0.787074,3410.749512
8,0.436483,0.776882,3510.583740
9,0.438589,0.648182,3843.333740
10,0.116931,0.901009,5806.538086
11,0.170995,0.912818,6106.021973
12,0.220128,0.911570,6289.062500
13,0.556495,0.131643,7669.950684
14,0.482986,0.167135,7886.232422
15,0.743809,0.153914,8285.528320
16,0.766123,0.305131,8884.484375
17,0.653293,0.362144,9366.979492
18,0.644232,0.410357,9616.556641
19,0.551162,0.457256,10198.872070
20,0.464409,0.479656,10797.803711
21,0.470555,0.328587,10997.465820
22,0.486410,0.330039,11197.113281
23,0.493496,0.375706,11646.366211
24,0.518128,0.438722,11895.929688
25,0.537061,0.516470,12078.894531
26,0.294682,0.536660,12977.380859
27,0.296118,0.521810,13127.070312
28,0.321704,0.609442,13343.356445
29,0.329066,0.544125,13626.216797
30,0.983803,0.495885,14691.002930
31,0.045791,0.596773,15040.397461
32,0.076969,0.548448,15190.142578
33,0.070641,0.637152,15656.012695
34,0.055312,0.660631,15938.814453
35,0.060315,0.742237,16487.876953
36,0.051253,0.580361,16887.154297
37,0.051736,0.563685,17286.480469
38,0.051648,0.554556,17486.121094
39,0.061043,0.567252,18234.814453
40,0.064828,0.576853,18384.556641
41,0.047549,0.657581,18733.949219
42,0.047431,0.631299,19166.511719
43,0.063952,0.612366,19366.175781
44,0.049671,0.624932,19748.849609
45,0.213872,0.506177,20514.156250
46,0.138230,0.511557,21262.873047
47,0.128165,0.542258,21479.136719
48,0.054712,0.550430,21712.082031
49,0.077038,0.519576,22061.458984
50,0.051979,0.471484,22211.205078
51,0.017014,0.644514,22577.253906
52,0.973097,0.737120,23109.619141
53,0.986695,0.713090,23475.662109
54,0.019000,0.645907,23741.869141
55,0.958462,0.518187,24141.181641
56,0.964303,0.506238,24340.816406
57,0.008133,0.473412,24590.367188
58,0.081668,0.506540,24989.669922
0,0.741499,0.502851,416.038757
1,0.605497,0.546105,1015.031006
2,0.617278,0.535427,1264.447388
3,0.627351,0.533255,1480.828735
4,0.009342,0.618534,2944.989990
5,0.037285,0.603706,3177.782227
6,0.095930,0.577353,3543.849365
7,0.089708,0.551590,3926.538818
8,0.080844,0.546667,4458.907227
9,0.038432,0.557074,4758.437500
10,0.005840,0.571247,4991.293945
11,0.903453,0.219430,5673.382812
12,0.885371,0.154133,5906.444336
13,0.883858,0.130436,6089.377441
14,0.828936,0.286605,6522.020020
15,0.486781,0.296827,7836.355957
16,0.484054,0.260778,8035.974609
17,0.505945,0.235095,8252.227539
18,0.434017,0.133489,8668.206055
19,0.418938,0.121095,8851.228516
20,0.126443,0.529828,11546.543945
21,0.498612,0.531145,13127.145508
22,0.330369,0.919682,15090.368164
23,0.347611,0.922267,15472.956055
24,0.156591,0.555810,16471.175781
25,0.152575,0.532460,16604.322266
26,0.164745,0.498203,17003.556641
27,0.789368,0.459029,19299.664062
0,0.742486,0.455420,33.255547
1,0.697740,0.468246,199.613068
2,0.661223,0.487915,565.678711
3,0.613016,0.515845,865.105652
4,0.478672,0.390090,1447.543091
5,0.523583,0.227350,1863.438721
6,0.525314,0.159461,2079.651855
7,0.592716,0.358501,2412.450928
8,0.677295,0.518764,3227.662842
9,0.674307,0.512839,3344.117920
10,0.748368,0.510164,3876.515381
11,0.734010,0.481217,4026.265137
12,0.988561,0.475746,4908.046387
13,0.105822,0.548963,5407.186035
14,0.097925,0.545503,5507.002441
15,0.087509,0.542587,5606.816406
16,0.084059,0.548499,5773.210938
17,0.041195,0.567456,6139.242188
18,0.035154,0.559903,6305.651367
19,0.027160,0.577387,6505.255371
20,0.031010,0.559322,6904.552734
21,0.038062,0.579336,7370.422852
22,0.025715,0.604757,7869.542480
23,0.032280,0.555562,8302.127930
24,0.089630,0.545696,8468.507812
25,0.083821,0.537166,8634.884766
26,0.207547,0.512021,9084.095703
27,0.230045,0.495179,9267.124023
28,0.219883,0.493921,9483.413086
29,0.272530,0.494367,9666.419922
30,0.269625,0.490034,9799.500000
31,0.289558,0.425743,9999.148438
32,0.320927,0.431854,10165.540039
33,0.327634,0.315263,10465.041992
34,0.303597,0.224997,10648.052734
35,0.290884,0.135506,10831.057617
36,0.190314,0.019712,11180.434570
37,0.342342,0.005109,11496.538086
38,0.501632,0.245647,12528.063477
39,0.479171,0.822724,13476.401367
40,0.407650,0.924940,13659.433594
41,0.339258,0.943385,13842.455078
42,0.198912,0.957659,14108.640625
43,0.205315,0.932194,14624.403320
44,0.069811,0.959028,14923.890625
45,0.109707,0.910049,15323.194336
46,0.122285,0.922884,15489.598633
47,0.072940,0.497520,16604.287109
48,0.105491,0.476758,16803.933594
49,0.099077,0.487410,16970.320312
50,0.090898,0.348194,17436.187500
51,0.081465,0.227963,17702.386719
52,0.060632,0.254521,17968.607422
53,0.991148,0.440114,18434.414062
54,0.924825,0.465831,18600.791016
55,0.720648,0.488977,19465.958984
56,0.740367,0.497707,19915.150391
57,0.660133,0.478819,20164.751953
58,0.565946,0.414552,20780.337891
59,0.544322,0.382503,20979.972656
60,0.594448,0.323668,21162.980469
61,0.521614,0.311745,21512.365234
62,0.516176,0.275769,21728.705078
63,0.483066,0.487931,22227.791016
64,0.345457,0.452673,22776.853516
65,0.318541,0.447132,23043.054688
66,0.307825,0.431911,23259.306641
67,0.519567,0.185280,23991.361328
68,0.529489,0.254628,24340.775391
0,0.749090,0.658662,499.060822
1,0.728902,0.516978,848.489136
2,0.685165,0.514473,1014.875122
3,0.590411,0.452154,1480.768311
4,0.551292,0.470112,1979.865234
5,0.566102,0.473406,2329.251465
6,0.567616,0.476834,5340.591797
7,0.563675,0.515348,7802.963867
8,0.563230,0.555879,8135.807617
9,0.563150,0.544738,8285.488281
10,0.560172,0.548602,8568.293945
11,0.560584,0.550185,8867.796875
12,0.560171,0.547355,9150.724609
13,0.561760,0.550964,9316.992188
14,0.572697,0.510472,9749.619141
15,0.552717,0.557143,10115.647461
16,0.689694,0.744391,15938.762695
17,0.713693,0.569481,16071.848633
18,0.719374,0.511893,16321.406250
19,0.722352,0.513659,16754.011719
20,0.718603,0.518084,17253.117188
21,0.719534,0.536985,17386.212891
22,0.715915,0.574998,17735.630859
23,0.711059,0.573890,17868.703125
24,0.547671,0.406518,18367.853516
25,0.573653,0.410110,18567.482422
26,0.616709,0.272140,18883.603516
27,0.581043,0.277865,19599.044922
28,0.537457,0.369065,19965.050781
29,0.560676,0.375271,20580.640625
30,0.507744,0.224137,21113.044922
31,0.528759,0.155888,21462.429688
32,0.499464,0.314289,21895.011719
33,0.506399,0.352248,22377.501953
34,0.911088,0.207240,23076.294922
35,0.969943,0.238056,23425.666016
36,0.024199,0.284366,23592.027344
37,0.028976,0.568485,24324.080078
0,0.735847,0.437111,-0.119209
1,0.736135,0.506141,316.005157
2,0.713478,0.519252,598.792725
3,0.635196,0.523335,865.052124
4,0.544852,0.502741,1347.565430
5,0.509008,0.469489,1580.429077
6,0.516042,0.474042,1713.596680
7,0.473824,0.493881,1929.826904
8,0.511565,0.322779,2262.596924
9,0.523885,0.302176,2445.588135
10,0.518440,0.241323,2661.901855
11,0.522756,0.208804,3294.112061
12,0.524490,0.202728,3443.832031
13,0.597118,0.303882,3676.755859
14,0.542657,0.426105,3926.330811
15,0.548616,0.464582,4109.321289
16,0.488800,0.514141,4492.045410
17,0.455535,0.536947,4808.125000
18,0.412763,0.526144,5090.937988
19,0.397112,0.558710,5423.715820
20,0.400704,0.562608,5523.527344
21,0.346147,0.547215,5706.549805
22,0.347268,0.554151,5806.383301
23,0.306798,0.505311,5972.758301
24,0.282597,0.471932,6205.660645
25,0.246424,0.483720,6505.138672
26,0.360160,0.461549,7037.551758
27,0.387232,0.435305,7270.473145
28,0.408453,0.363708,7503.447754
29,0.475593,0.302105,7935.965332
30,0.500301,0.261146,8185.540527
31,0.536273,0.216512,8335.269531
32,0.560381,0.190009,8534.938477
33,0.590366,0.148058,8751.223633
34,0.616950,0.160857,9000.774414
35,0.756675,0.155168,9599.729492
36,0.787232,0.126409,9782.739258
37,0.821648,0.088141,10448.272461
38,0.886387,0.093994,10664.542969
39,0.010912,0.131018,11562.963867
40,0.099001,0.151330,11862.470703
41,0.083132,0.178033,12145.309570
42,0.013236,0.518732,12860.721680
43,0.969386,0.423594,13160.168945
44,0.943945,0.345135,13326.546875
45,0.895602,0.338712,13542.848633
46,0.891821,0.335865,13692.625000
47,0.915759,0.282253,13958.792969
48,0.940480,0.255464,14175.070312
49,0.958157,0.262101,14457.908203
50,0.837968,0.464961,14774.031250
51,0.859624,0.545057,15289.790039
52,0.925459,0.582393,15522.727539
53,0.921622,0.570354,15672.470703
54,0.992246,0.577791,15872.110352
55,0.036028,0.606048,16138.319336
56,0.064164,0.545429,16537.615234
57,0.032820,0.587311,16720.625000
58,0.088658,0.588046,17070.001953
59,0.084674,0.573365,17286.314453
60,0.010838,0.587637,17469.369141
61,0.975530,0.617301,17818.695312
62,0.017362,0.599781,18284.583984
63,0.026564,0.598136,18667.218750
64,0.022254,0.614149,19432.544922
65,0.089086,0.601489,20114.726562
66,0.092014,0.571977,20946.605469
67,0.163967,0.548556,21212.820312
68,0.233469,0.543757,21811.755859
69,0.234512,0.530557,22077.935547
70,0.224352,0.525526,22394.066406
71,0.155678,0.502048,22560.425781
72,0.150459,0.485201,22809.984375
73,0.020731,0.673929,23009.644531
74,0.225517,0.507912,23475.488281
75,0.246241,0.531678,23658.505859
76,0.288751,0.537659,24207.539062
77,0.291386,0.543369,24340.636719
78,0.268483,0.534525,24606.878906
0,0.740227,0.573867,548.989380
1,0.753841,0.534952,715.365662
2,0.693604,0.281922,1264.354248
3,0.518999,0.263241,2312.542725
4,0.520209,0.225007,2495.577393
5,0.514181,0.276134,2844.933105
6,0.507549,0.168630,3194.338867
7,0.479297,0.146069,3377.337891
8,0.430932,0.395260,4126.041016
9,0.414004,0.534284,4608.517578
10,0.404136,0.553288,4924.647949
11,0.414332,0.559304,5091.044922
12,0.442166,0.633034,5240.848145
13,0.475908,0.638894,5507.052734
14,0.476575,0.634808,5623.409180
15,0.552543,0.637085,5956.208496
16,0.580024,0.626405,6139.192871
17,0.556869,0.505880,6438.712891
18,0.579887,0.512891,6721.498047
19,0.836738,0.562047,7619.940430
20,0.992179,0.530741,8368.698242
21,0.033598,0.583538,8584.912109
22,0.037045,0.584532,8934.379883
23,0.091040,0.547891,9167.244141
24,0.998433,0.381551,9516.666016
25,0.965403,0.307278,9849.432617
26,0.933149,0.294990,10165.487305
27,0.947010,0.447695,10548.250977
28,0.001869,0.506981,11030.646484
29,0.996179,0.524696,11330.127930
30,0.987040,0.500588,11596.360352
31,0.858984,0.221152,12112.100586
32,0.894910,0.348024,12544.682617
33,0.892948,0.366920,12760.975586
34,0.695477,0.403417,13742.649414
35,0.585517,0.294957,14225.064453
36,0.511990,0.334700,14857.315430
37,0.374461,0.352897,15273.244141
38,0.330187,0.445082,15722.474609
39,0.283204,0.483499,16021.959961
40,0.291528,0.499105,16487.808594
41,0.290062,0.483190,16704.080078
42,0.153824,0.496963,17003.568359
43,0.155947,0.499202,17203.179688
44,0.179255,0.537025,17402.878906
45,0.201774,0.430302,17752.210938
46,0.190104,0.341826,18001.876953
47,0.234211,0.444006,18301.304688
48,0.241308,0.518271,18733.873047
49,0.236668,0.233866,19632.316406
50,0.252604,0.171889,19782.039062
51,0.299314,0.143233,19998.349609
52,0.338526,0.080869,20480.859375
53,0.531430,0.218067,21096.433594
54,0.560596,0.290524,21529.023438
55,0.556513,0.346281,21811.816406
56,0.594099,0.425725,23092.960938
57,0.594453,0.385834,23209.355469
58,0.613571,0.421591,23658.587891
59,0.607188,0.399259,24024.632812
60,0.548389,0.451085,24207.615234
61,0.512532,0.482366,24523.748047
62,0.511248,0.485065,24723.402344
0,0.741035,0.489905,49.950317
1,0.739041,0.418111,316.143402
2,0.727509,0.385174,499.160248
3,0.903564,0.484226,1381.024536
4,0.822414,0.400536,1796.894775
5,0.881006,0.154333,2445.813721
6,0.025446,0.551152,3610.414795
7,0.020506,0.545237,3710.216064
8,0.076498,0.484700,3993.100830
9,0.071747,0.464590,4242.659668
10,0.153257,0.392631,4592.040527
11,0.036882,0.503202,5207.666992
12,0.981022,0.649148,5923.084961
13,0.971522,0.636294,6338.949707
14,0.904112,0.550125,6721.652344
15,0.901596,0.547931,6804.812988
16,0.914802,0.536515,7104.358398
17,0.925734,0.640188,7254.094727
18,0.914896,0.580238,7520.333008
19,0.890619,0.637656,7902.935547
20,0.795441,0.838499,11213.816406
21,0.646960,0.940245,11762.815430
22,0.625933,0.955384,11945.904297
23,0.642320,0.969392,12145.540039
24,0.711978,0.393317,12944.183594
25,0.691628,0.330989,13110.507812
26,0.542305,0.426101,13859.195312
27,0.483559,0.543630,14308.423828
28,0.441741,0.581410,14674.450195
29,0.384679,0.521595,15223.428711
30,0.296674,0.041391,15955.537109
31,0.172536,0.054844,16105.286133
32,0.202083,0.499337,17020.369141
33,0.196377,0.460081,17403.003906
34,0.206629,0.659739,17602.685547
35,0.204920,0.646403,17735.785156
36,0.228305,0.381953,18284.777344
37,0.248078,0.338280,18534.400391
38,0.239553,0.309937,18684.076172
39,0.050799,0.511002,19233.103516
40,0.054733,0.480978,19366.197266
41,0.060496,0.598548,19881.958984
42,0.008368,0.570946,20098.242188
43,0.011581,0.500265,20381.167969
44,0.960005,0.430049,20597.451172
45,0.976825,0.328222,20880.298828
46,0.075792,0.385640,21695.556641
47,0.005908,0.340869,22460.810547
48,0.987472,0.308927,22793.541016
49,0.992488,0.304005,22910.027344
50,0.990915,0.278537,23026.552734
