Idx, longitude, latitude, start timestamp
0,0.740983,0.419136,499.103790
1,0.749245,0.395684,665.442810
2,0.783122,0.415616,931.578979
3,0.816035,0.456031,1164.568848
4,0.812453,0.448690,1314.364502
5,0.798524,0.587036,1613.923462
6,0.811432,0.501072,1996.417603
7,0.807431,0.483858,2179.418701
8,0.736753,0.445156,2445.714111
9,0.741057,0.434718,2894.809570
10,0.609578,0.429735,4126.047363
11,0.588670,0.396987,4375.627930
12,0.440204,0.330658,5856.387207
13,0.675193,0.392798,8801.234375
14,0.687715,0.346266,9100.671875
15,0.674174,0.140088,10581.434570
16,0.179521,0.434776,13742.526367
17,0.190892,0.535142,14208.324219
18,0.276357,0.402408,15023.616211
19,0.315515,0.399397,15672.450195
20,0.299974,0.362108,16005.161133
21,0.312242,0.388720,16387.916016
22,0.277045,0.392313,16654.033203
23,0.278372,0.389947,16887.025391
24,0.229079,0.361430,17136.556641
25,0.240622,0.269965,17619.011719
26,0.248384,0.268851,17868.687500
27,0.194504,0.331132,18101.570312
28,0.157076,0.339945,18600.630859
29,0.120550,0.357092,18850.289062
30,0.026692,0.267632,19865.095703
31,0.810252,0.458076,21994.716797
32,0.793350,0.482366,22577.060547
33,0.814721,0.502235,22843.294922
34,0.816595,0.499511,22959.703125
35,0.816793,0.637341,23442.156250
0,0.728637,0.470724,332.706879
1,0.677959,0.484705,665.449219
2,0.601481,0.481610,898.422607
3,0.608598,0.478202,1031.453369
4,0.561312,0.432761,1197.794189
5,0.520595,0.413146,1580.586426
6,0.556930,0.231900,1963.196045
7,0.957372,0.347824,3244.250000
8,0.969671,0.297659,3427.281982
9,0.962233,0.297864,3610.285400
10,0.009990,0.466509,4259.108887
11,0.017146,0.459257,4475.540527
12,0.809511,0.495975,5923.067383
13,0.820735,0.718537,6388.788086
14,0.794278,0.716617,6588.522461
15,0.725276,0.773812,6954.491699
16,0.722709,0.411186,7453.573242
17,0.684657,0.447210,7769.771484
18,0.687588,0.448551,7969.351562
19,0.690595,0.445465,8069.221680
20,0.464222,0.439500,8867.781250
21,0.399890,0.548257,9400.203125
22,0.346875,0.610156,9649.824219
23,0.347100,0.624981,9799.431641
24,0.405207,0.816281,10049.000000
25,0.455980,0.750840,10315.316406
26,0.445795,0.736658,10531.529297
27,0.870248,0.393881,11879.095703
28,0.939880,0.335000,12161.984375
29,0.962250,0.290513,12394.926758
30,0.927281,0.306028,12694.375977
31,0.968424,0.283731,13010.507812
32,0.925482,0.474612,13509.621094
33,0.795668,0.433440,14374.900391
34,0.787567,0.399992,14857.293945
35,0.861585,0.467827,15339.876953
36,0.830296,0.471153,15822.279297
37,0.815833,0.424504,16304.805664
38,0.819602,0.405995,16504.388672
39,0.883994,0.488743,16837.201172
40,0.908585,0.472072,17702.273438
41,0.810323,0.503119,18384.353516
42,0.793008,0.512906,18717.138672
43,0.815398,0.454988,19133.144531
44,0.772167,0.477027,19748.759766
45,0.763741,0.484637,20131.375000
46,0.771749,0.439212,20547.359375
47,0.799870,0.459543,21129.554688
48,0.795990,0.444828,21878.316406
49,0.790913,0.464468,22061.402344
50,0.800626,0.450585,22277.560547
51,0.083877,0.420529,22943.167969
52,0.026354,0.422907,23142.857422
53,0.022217,0.412254,23259.291016
54,0.060207,0.316996,23575.378906
55,0.184990,0.425137,23941.490234
0,0.733115,0.490335,449.120972
1,0.690758,0.484046,765.261902
2,0.642862,0.515007,1048.119873
3,0.604238,0.517585,1281.089844
4,0.606999,0.500565,1430.805786
5,0.641062,0.494207,1830.140991
6,0.808741,0.475943,2412.347900
7,0.837951,0.456998,2612.107178
8,0.940979,0.472357,3077.822021
9,0.938961,0.415384,3543.709717
10,0.012655,0.504769,3809.956055
11,0.022109,0.500685,4126.142090
12,0.152071,0.436145,5274.045898
13,0.182908,0.444095,6438.680664
14,0.183499,0.438071,6688.333496
15,0.184073,0.464129,7054.289551
16,0.183389,0.445112,7287.143066
17,0.186755,0.425299,7470.208984
18,0.187356,0.422878,7686.559082
19,0.185542,0.431320,7803.013184
20,0.213327,0.444109,8169.009277
21,0.004118,0.498121,9965.904297
22,0.080783,0.482036,10398.510742
23,0.013489,0.423060,11380.093750
24,0.016066,0.414326,11629.609375
25,0.899163,0.477471,12611.192383
26,0.932331,0.502297,13226.838867
27,0.933673,0.480854,15040.281250
28,0.930011,0.486942,15273.291992
29,0.023816,0.486181,15988.715820
30,0.031611,0.488894,16321.408203
31,0.018990,0.486566,16853.798828
32,0.803059,0.499088,18051.791016
33,0.687388,0.488536,18733.884766
34,0.588177,0.503266,19465.968750
35,0.261677,0.457602,21678.708984
36,0.270621,0.451204,21861.697266
37,0.271864,0.453683,22111.349609
38,0.242299,0.416410,22394.214844
39,0.230884,0.419926,22593.867188
40,0.190479,0.394362,23092.958984
41,0.195914,0.393529,23625.347656
42,0.172994,0.407233,24074.582031
43,0.242142,0.401331,24557.085938
0,0.758346,0.502738,33.246811
1,0.727825,0.511623,515.676758
2,0.817320,0.568862,765.189026
3,0.815715,0.567887,981.599182
4,0.820187,0.524984,1164.590454
5,0.816070,0.514745,1397.402832
6,0.805400,0.644873,1647.116821
7,0.794420,0.705040,1863.295410
8,0.801423,0.527639,2395.655273
9,0.804638,0.496667,2711.716309
10,0.797953,0.602738,3077.878174
11,0.810007,0.624468,3410.607666
12,0.831596,0.548108,3876.326172
13,0.903259,0.507273,4175.794434
14,0.939320,0.493420,4442.130371
15,0.017514,0.495542,4824.654785
16,0.037333,0.495907,5041.018555
17,0.090385,0.523164,5656.557129
18,0.080899,0.525361,5756.431152
19,0.096736,0.545730,5906.128418
20,0.108700,0.497701,6172.397949
21,0.104490,0.491372,6288.733398
22,0.095402,0.480161,6505.105957
23,0.086967,0.472258,6771.240723
24,0.191408,0.449471,7237.120605
25,0.180595,0.521039,8002.466797
26,0.222309,0.465172,8385.049805
27,0.809790,0.512674,9982.281250
28,0.570427,0.455786,11413.090820
29,0.355701,0.478997,14191.531250
30,0.305064,0.483355,14973.521484
31,0.302451,0.456483,15206.375977
32,0.487272,0.462306,16587.326172
33,0.804749,0.519729,18250.978516
34,0.009238,0.496828,19964.681641
35,0.030419,0.487169,20131.050781
36,0.090110,0.525800,20763.314453
37,0.065268,0.580008,21694.910156
38,0.032120,0.508568,21927.908203
39,0.009288,0.491699,22194.050781
40,0.010087,0.488635,22377.105469
41,0.004820,0.482462,22593.376953
42,0.975374,0.349717,23807.843750
43,0.976188,0.323357,24074.068359
44,0.078319,0.419116,24972.533203
0,0.809657,0.450489,665.558533
1,0.819559,0.415781,881.825256
2,0.823018,0.389763,1031.581299
3,0.580289,0.447258,1796.927612
4,0.547017,0.447426,2096.423828
5,0.533459,0.396536,2395.929688
6,0.531103,0.337177,2578.924072
7,0.520165,0.220022,2811.837891
8,0.524533,0.189457,2928.238281
9,0.411645,0.476036,5041.209961
10,0.391039,0.516816,5324.161621
11,0.362860,0.527888,5706.745605
12,0.341179,0.530001,5956.201660
13,0.317696,0.521962,6255.753906
14,0.294441,0.486603,6555.222656
15,0.259341,0.448756,6937.995605
16,0.256717,0.432589,7104.300293
17,0.259684,0.418817,7353.834961
18,0.227185,0.412898,7869.647949
19,0.291205,0.372302,8102.543457
20,0.314243,0.341793,8268.978516
21,0.255538,0.266578,8535.048828
22,0.192471,0.314141,9333.720703
23,0.188736,0.305500,9466.847656
24,0.158441,0.396012,9899.473633
25,0.243585,0.567417,10564.936523
26,0.278585,0.631064,10747.941406
27,0.302997,0.710051,10964.168945
28,0.121329,0.459980,11712.922852
29,0.076667,0.438747,12162.146484
30,0.027670,0.292820,12960.749023
31,0.002855,0.517107,13459.924805
32,0.994367,0.503188,13709.374023
33,0.996586,0.491958,13975.590820
34,0.042874,0.290946,14524.576172
35,0.188765,0.410481,14957.201172
36,0.192235,0.427202,15156.817383
37,0.186487,0.559299,15639.400391
38,0.188641,0.458072,15889.011719
39,0.097608,0.342643,16437.988281
40,0.056878,0.269909,16787.365234
41,0.064306,0.379038,17635.916016
42,0.301219,0.342478,19632.406250
43,0.346255,0.422074,20464.332031
44,0.760541,0.437187,23159.630859
45,0.797108,0.463116,23658.765625
46,0.739046,0.490712,24124.611328
47,0.895701,0.477640,24939.863281
0,0.764469,0.489379,166.357651
1,0.743728,0.482679,316.069794
2,0.904533,0.462744,1048.223145
3,0.919342,0.473772,1247.841431
4,0.942189,0.403699,1597.194702
5,0.981804,0.418966,1846.832397
6,0.042393,0.496605,2129.715820
7,0.042812,0.514027,2262.639160
8,0.034299,0.496592,2429.061768
9,0.077695,0.339144,2911.547852
10,0.077705,0.498952,3227.621338
11,0.068538,0.593994,3527.153320
12,0.051513,0.556212,3909.866943
13,0.009176,0.487525,4092.896973
14,0.019722,0.481850,4325.719727
15,0.901134,0.488177,4791.597168
16,0.850115,0.492914,5324.008789
17,0.840780,0.427148,5740.004883
18,0.830655,0.444699,5989.469238
19,0.879949,0.402842,6239.121094
20,0.940667,0.417119,6521.950684
21,0.943421,0.404653,6621.722168
22,0.684770,0.514460,7353.791992
23,0.694327,0.480331,7653.355957
24,0.592297,0.526186,7886.218262
25,0.505056,0.451836,8584.962891
26,0.453419,0.458300,8851.186523
27,0.511777,0.194932,9533.260742
28,0.379976,0.507501,10232.156250
29,0.306060,0.508996,10648.083008
30,0.336843,0.505936,10964.164062
31,0.295223,0.461254,11180.375000
32,0.273642,0.460992,11346.727539
33,0.234238,0.446127,11563.149414
34,0.245476,0.344484,11812.623047
35,0.198184,0.417521,12062.296875
36,0.202913,0.459719,12394.974609
37,0.161948,0.475162,12661.259766
38,0.203752,0.424792,13260.116211
39,0.220083,0.449433,13526.357422
40,0.210750,0.486711,13842.474609
41,0.203399,0.440323,14091.925781
42,0.201537,0.435996,14308.321289
43,0.205463,0.442930,14807.464844
44,0.200970,0.443635,15090.340820
45,0.228736,0.479402,15456.291992
46,0.201972,0.485151,15739.205078
47,0.192223,0.422179,16071.949219
48,0.262751,0.392248,16371.300781
49,0.381517,0.451155,16837.123047
50,0.392152,0.445557,17020.138672
51,0.068699,0.388042,19183.089844
52,0.035016,0.401887,19449.207031
53,0.038344,0.536067,19898.476562
54,0.133951,0.475385,20930.119141
55,0.132514,0.467268,21379.175781
56,0.093919,0.470927,21612.207031
57,0.081665,0.460640,21944.923828
58,0.088289,0.444228,22211.046875
59,0.091451,0.442161,22826.664062
60,0.879382,0.505799,24923.000000
0,0.713485,0.332584,465.885651
1,0.594458,0.372279,1048.244751
2,0.579109,0.337899,1347.750244
3,0.521875,0.326776,1763.718506
4,0.479700,0.332310,1963.299805
5,0.468607,0.307163,2146.301758
6,0.510577,0.389484,3377.507324
7,0.537968,0.330371,3859.961426
8,0.565747,0.317281,4176.093262
9,0.607848,0.341644,4392.379883
10,0.650819,0.360247,4741.759277
11,0.679574,0.374620,4908.111816
12,0.718963,0.361981,5091.155273
13,0.738813,0.353482,5374.009766
14,0.689442,0.366993,5773.298340
15,0.770217,0.385440,6122.676758
16,0.790565,0.369680,6422.132324
17,0.811382,0.402253,6621.785156
18,0.806117,0.411843,6888.031250
19,0.800918,0.429205,7536.898438
20,0.858078,0.378224,7936.183105
21,0.867572,0.309784,8202.366211
22,0.885904,0.299602,8518.501953
23,0.007405,0.213858,9533.376953
24,0.017651,0.319152,11846.033203
25,0.004366,0.384827,12345.206055
26,0.063338,0.376967,12894.202148
27,0.085938,0.361934,13177.016602
28,0.111142,0.360204,13426.561523
29,0.176319,0.330292,14225.173828
30,0.224514,0.491336,15273.371094
31,0.239137,0.442639,15456.461914
32,0.282021,0.339772,15905.563477
33,0.283611,0.326232,15988.789062
34,0.360456,0.360707,16404.796875
35,0.387289,0.342255,16654.308594
36,0.402688,0.328075,16853.998047
37,0.413276,0.284710,17070.214844
38,0.365207,0.297342,17436.265625
39,0.278544,0.203745,18334.656250
40,0.235368,0.245301,18684.156250
41,0.290461,0.221350,18966.896484
42,0.318446,0.208529,19166.548828
43,0.403296,0.362242,19399.445312
44,0.392311,0.371914,19565.884766
45,0.433884,0.361745,20181.486328
46,0.379642,0.320348,20381.099609
47,0.330641,0.300162,20763.800781
48,0.322842,0.290809,20980.025391
49,0.352147,0.376013,21529.126953
50,0.341917,0.335121,22044.853516
51,0.325657,0.311063,22311.041016
52,0.342570,0.418551,23325.945312
53,0.272768,0.372162,23542.218750
54,0.280337,0.349376,24091.310547
55,0.256020,0.352387,24540.494141
56,0.256350,0.341597,24973.058594
0,0.822290,0.538037,665.370789
1,0.891232,0.438518,1131.113159
2,0.893476,0.393525,1414.047485
3,0.883147,0.396083,1547.226074
4,0.954029,0.414541,1730.106323
5,0.945984,0.407399,1979.773071
6,0.020653,0.511564,2362.382812
7,0.021506,0.374478,3593.569336
8,0.696079,0.453838,8035.742188
9,0.475687,0.370702,9267.004883
10,0.290750,0.434409,10448.229492
11,0.697419,0.515123,11978.790039
12,0.771001,0.463331,13193.435547
13,0.125520,0.511065,15389.650391
14,0.122339,0.412267,15921.968750
15,0.133607,0.446705,16371.239258
16,0.114564,0.451821,16620.742188
17,0.139325,0.464143,17069.949219
18,0.147095,0.478511,17352.851562
19,0.338816,0.411780,18833.562500
20,0.313786,0.379062,19781.904297
21,0.336882,0.410807,20081.269531
22,0.392715,0.452645,21445.658203
23,0.911016,0.501571,24407.105469
24,0.913153,0.492444,24523.603516
0,0.596902,0.565686,798.511169
1,0.596190,0.448011,998.267761
2,0.700222,0.522594,1547.261963
3,0.876476,0.511566,2944.840820
4,0.946073,0.423270,3643.573486
5,0.951437,0.419901,3893.203125
6,0.023570,0.459041,4691.660645
7,0.025751,0.430386,5140.935059
8,0.028121,0.422283,5390.538086
9,0.886754,0.478373,5889.642578
10,0.445446,0.512873,9400.240234
11,0.345316,0.518134,10947.477539
12,0.363337,0.735472,11380.047852
13,0.167161,0.415515,15223.393555
14,0.176692,0.421393,15522.763672
15,0.307253,0.370690,18916.826172
16,0.286916,0.310343,19166.382812
17,0.387544,0.518514,19898.373047
18,0.429851,0.454788,20231.111328
19,0.451485,0.394666,20647.140625
20,0.662861,0.541640,21894.876953
21,0.438585,0.467660,23142.751953
22,0.457888,0.437348,23425.570312
23,0.331739,0.445888,24972.925781
0,0.735911,0.502795,615.599243
1,0.686571,0.506432,798.524902
2,0.609303,0.471666,1214.447266
3,0.581606,0.459230,1414.096191
4,0.543233,0.466029,1746.848145
5,0.509783,0.487890,1996.485474
6,0.470918,0.465586,2495.610596
7,0.426313,0.462309,2828.316162
8,0.431585,0.408902,3194.413086
9,0.433654,0.278890,3527.174805
10,0.467308,0.226480,3710.134277
11,0.613951,0.233538,4176.006836
12,0.639304,0.361733,4408.871582
13,0.628015,0.556968,4708.354004
14,0.675768,0.565414,4957.924805
15,0.710951,0.518071,5323.978516
16,0.699465,0.502685,5490.411133
17,0.888579,0.551841,6155.908203
18,0.929612,0.535569,6388.784668
19,0.943809,0.427752,6588.448242
20,0.998881,0.475621,6904.547363
21,0.016333,0.464587,7337.137207
22,0.011459,0.464307,7536.840332
23,0.794123,0.565084,8019.268066
24,0.742326,0.480938,8302.085938
25,0.487357,0.511474,9217.208984
26,0.432590,0.499666,9400.139648
27,0.380460,0.470514,9666.356445
28,0.346855,0.448059,9932.585938
29,0.324789,0.418675,10165.496094
30,0.324456,0.398778,10381.858398
31,0.280339,0.389977,10598.094727
32,0.266419,0.436874,10831.109375
33,0.201746,0.406180,11113.895508
34,0.198535,0.368303,11280.179688
35,0.195363,0.348448,11496.506836
36,0.157947,0.394155,11962.348633
37,0.166613,0.422500,12078.838867
38,0.159490,0.544540,12328.349609
39,0.075647,0.525723,12577.941406
40,0.091731,0.472732,12844.190430
41,0.064948,0.310293,13027.117188
42,0.050226,0.254687,13193.520508
43,0.137800,0.410159,13476.417969
44,0.137403,0.438522,13809.173828
45,0.131605,0.466909,14191.806641
46,0.101968,0.497908,14607.750000
47,0.073596,0.411036,14873.930664
48,0.174867,0.461813,15206.767578
49,0.178976,0.463842,15339.797852
50,0.179314,0.449720,15605.955078
51,0.355729,0.126489,16554.392578
52,0.390424,0.179644,16920.341797
53,0.828363,0.874533,18051.714844
54,0.827229,0.911184,18218.070312
55,0.371401,0.702608,19515.900391
56,0.403517,0.439493,20530.687500
57,0.697470,0.476817,21911.632812
58,0.844526,0.489566,22444.062500
59,0.876831,0.426326,22843.369141
60,0.924575,0.405940,23109.544922
61,0.935404,0.413332,23325.851562
62,0.956350,0.367671,23608.720703
63,0.978468,0.302978,23974.664062
64,0.977668,0.296684,24240.861328
65,0.052993,0.386669,24706.740234
66,0.036345,0.569888,24989.570312
0,0.749227,0.520963,249.576019
1,0.755921,0.426801,432.578186
2,0.683513,0.391627,632.322327
3,0.480238,0.381154,1563.927612
4,0.680667,0.469792,3127.918701
5,0.677161,0.433870,3294.233643
6,0.676439,0.418322,3493.869629
7,0.723979,0.626778,3676.914795
8,0.759618,0.758035,3776.770020
9,0.841190,0.487339,4242.630859
10,0.872537,0.487454,4625.236816
11,0.980753,0.480221,5423.945312
12,0.046527,0.478364,5922.991699
13,0.195441,0.394305,6638.385742
14,0.312967,0.457229,7437.103516
15,0.329491,0.407024,7736.510742
16,0.347041,0.573097,8002.723633
17,0.367120,0.640935,8302.249023
18,0.143946,0.375198,9050.874023
19,0.153697,0.368606,9150.709961
20,0.165962,0.505676,9433.606445
21,0.174347,0.346401,9616.501953
22,0.987513,0.487791,10365.282227
23,0.880123,0.503877,11396.805664
24,0.779998,0.472053,12012.354492
25,0.743962,0.481076,12395.033203
26,0.809757,0.744031,13010.573242
27,0.810678,0.445883,13226.894531
28,0.631166,0.512733,13925.644531
29,0.636761,0.512845,14025.496094
30,0.556417,0.427464,14241.753906
31,0.678472,0.483292,14824.092773
32,0.700927,0.453582,15023.761719
33,0.711703,0.442186,15273.343750
34,0.810917,0.464452,15805.733398
35,0.826911,0.479897,16005.468750
36,0.876415,0.426952,16188.441406
37,0.886103,0.423978,16388.023438
38,0.889650,0.394969,16737.451172
39,0.890267,0.389480,16953.740234
40,0.873596,0.313009,17103.425781
41,0.827444,0.496451,18035.144531
42,0.832020,0.501024,18467.742188
43,0.824384,0.588947,18717.283203
44,0.799514,0.677122,19416.070312
45,0.790401,0.643848,20114.824219
46,0.796808,0.515613,20530.789062
47,0.798441,0.453615,20863.529297
48,0.802815,0.447924,21179.648438
49,0.772240,0.474461,22161.281250
50,0.775626,0.416736,23142.884766
51,0.793534,0.352437,23475.654297
52,0.795121,0.337583,23658.671875
53,0.723804,0.349178,23974.775391
54,0.760940,0.427110,24374.062500
55,0.759415,0.443074,24690.175781
56,0.775366,0.647358,24956.373047
0,0.683438,0.424096,582.315125
1,0.579754,0.406961,1464.108276
2,0.649177,0.471726,1913.392090
3,0.615008,0.263924,2362.564697
4,0.591107,0.296775,2761.861328
5,0.577306,0.354525,3094.625977
6,0.547062,0.395634,3627.070801
7,0.474773,0.423514,4026.337646
8,0.446904,0.395875,4525.517090
9,0.450569,0.331910,4841.549805
10,0.467626,0.308698,5074.531738
11,0.496395,0.266431,5274.153320
12,0.524520,0.093253,5573.646973
13,0.594884,0.090909,5839.794434
14,0.598397,0.128808,6222.460938
15,0.584045,0.188304,6571.851562
16,0.733412,0.434252,7420.401367
17,0.730048,0.414876,7620.022949
18,0.718165,0.370037,7852.961914
19,0.753397,0.453232,8352.083984
20,0.792461,0.482217,8551.761719
21,0.791437,0.467911,8684.827148
22,0.805513,0.420434,8851.218750
23,0.853211,0.437652,9100.773438
24,0.859071,0.354847,9450.172852
25,0.873609,0.356529,9666.458008
26,0.882282,0.449250,9866.144531
27,0.936201,0.338993,10365.251953
28,0.951334,0.287853,10598.162109
29,0.967644,0.263126,10831.085938
30,0.954244,0.214922,11180.469727
31,0.944555,0.215605,11280.326172
32,0.049524,0.237509,11563.124023
33,0.039202,0.354821,11829.365234
34,0.037236,0.395826,11962.437500
35,0.064794,0.445394,12162.102539
36,0.088954,0.389071,12444.944336
37,0.108593,0.435500,12761.058594
38,0.094548,0.368167,13559.666016
39,0.062490,0.393176,13726.045898
40,0.988724,0.463502,14141.971680
41,0.788206,0.481077,14907.332031
42,0.798448,0.490425,15123.586914
43,0.665120,0.475374,15622.700195
44,0.350302,0.442291,16720.779297
45,0.323942,0.417187,17070.193359
46,0.287068,0.417975,17269.826172
47,0.255983,0.405743,17569.320312
48,0.263388,0.403789,17685.771484
49,0.238559,0.546784,17868.783203
50,0.173588,0.487040,18118.337891
51,0.152842,0.388237,18367.904297
52,0.155624,0.353815,18600.826172
53,0.093436,0.452830,19266.359375
54,0.179522,0.452166,19815.406250
55,0.180331,0.370869,20048.310547
56,0.213448,0.302499,20347.818359
57,0.212271,0.279577,20530.806641
58,0.269916,0.240749,20780.369141
59,0.264505,0.237349,20880.201172
60,0.279247,0.378172,21196.322266
61,0.278704,0.421377,21362.708984
62,0.315337,0.427351,21712.060547
63,0.344064,0.479270,21895.087891
64,0.339053,0.495626,22227.865234
65,0.344390,0.524248,22510.671875
66,0.369758,0.524694,22710.339844
67,0.354917,0.668838,22959.898438
68,0.347319,0.663280,23525.574219
69,0.431849,0.398194,24107.904297
70,0.475067,0.183087,24673.587891
0,0.719663,0.516949,382.675140
1,0.739906,0.479222,698.800964
2,0.799852,0.514768,898.433411
3,0.738519,0.502489,1181.301880
4,0.786897,0.487188,2063.081055
5,0.794547,0.475018,2329.228271
6,0.814601,0.455246,2595.503418
7,0.851529,0.483135,2845.014404
8,0.883841,0.502090,3194.440430
9,0.895801,0.499707,3460.603760
10,0.921038,0.502620,3693.524658
11,0.928635,0.477178,3909.891113
12,0.949826,0.459645,4176.113770
13,0.008537,0.502182,4542.058105
14,0.954738,0.422959,5091.109863
15,0.942637,0.386181,5224.209961
16,0.946357,0.378803,5357.328125
17,0.907729,0.369164,5590.208496
18,0.885105,0.365469,5923.054199
19,0.877739,0.377944,6255.791992
20,0.862088,0.387212,6455.345703
21,0.814120,0.401402,6771.518066
22,0.763790,0.380768,6954.578613
23,0.754664,0.384412,7054.308594
24,0.734581,0.401573,7220.697266
25,0.705458,0.407631,7520.160645
26,0.674774,0.423945,7769.742188
27,0.661951,0.483142,7985.989258
28,0.635162,0.481841,8268.911133
29,0.608438,0.459627,8418.616211
30,0.581652,0.445264,8651.523438
31,0.581927,0.441803,8751.346680
32,0.607828,0.390348,8967.692383
33,0.577085,0.280260,9599.854492
34,0.525350,0.303517,9782.913086
35,0.488264,0.414235,10065.696289
36,0.461017,0.454648,10232.152344
37,0.423124,0.471828,10648.141602
38,0.359839,0.470554,11230.455078
39,0.369890,0.476055,11463.369141
40,0.329443,0.432364,11829.321289
41,0.313214,0.420489,12045.597656
42,0.313728,0.420080,12212.002930
43,0.281799,0.443270,12444.918945
44,0.325768,0.439228,12661.219727
45,0.291680,0.422835,12877.503906
46,0.234492,0.437253,13310.108398
47,0.262795,0.311412,13742.651367
48,0.305272,0.308492,13892.365234
49,0.329253,0.314125,14158.542969
50,0.180714,0.513406,15007.100586
51,0.175905,0.429827,15273.301758
52,0.051024,0.442839,16837.228516
53,0.048591,0.479908,17519.371094
54,0.055843,0.313329,18018.494141
55,0.159161,0.396595,18401.160156
56,0.148836,0.386761,18634.076172
57,0.138652,0.369157,19000.101562
58,0.143194,0.412598,19349.503906
59,0.142213,0.375932,19665.619141
60,0.141748,0.365260,19798.716797
61,0.145338,0.369515,20031.642578
62,0.136745,0.366397,20613.941406
63,0.135094,0.358051,20780.349609
64,0.134903,0.361725,20880.183594
65,0.132073,0.367815,21296.099609
66,0.136239,0.411358,21429.185547
67,0.137357,0.381459,21761.947266
68,0.219215,0.412631,22577.185547
69,0.215298,0.412721,22743.550781
70,0.298886,0.465135,23392.433594
71,0.460600,0.439490,24224.306641
72,0.526966,0.442679,24756.716797
0,0.753548,0.531917,16.701715
1,0.734882,0.455453,465.871155
2,0.703303,0.467847,682.193420
3,0.695844,0.478750,865.167114
4,0.674157,0.487797,1231.255005
5,0.642555,0.509579,1796.920532
6,0.684293,0.520975,2013.196655
7,0.698786,0.631658,2379.161377
8,0.701831,0.656134,2595.468994
9,0.683671,0.532684,2994.784668
10,0.675717,0.504564,3260.965332
11,0.665819,0.489493,3643.622559
12,0.683101,0.510486,3909.880859
13,0.678546,0.525376,4408.975098
14,0.617512,0.480575,4858.200195
15,0.608049,0.491829,5074.454590
16,0.658501,0.455116,5407.199219
17,0.652014,0.456672,5656.815430
18,0.683616,0.460243,5856.443848
19,0.680919,0.458488,6122.652832
20,0.577195,0.473618,6422.143555
21,0.608837,0.473468,6904.627930
22,0.616560,0.482519,7303.931641
23,0.610957,0.430607,7520.220703
24,0.627605,0.419084,7919.488770
25,0.577706,0.393501,8169.155762
26,0.566866,0.375779,8352.088867
27,0.534652,0.400552,8551.791016
28,0.528757,0.429863,8984.291992
29,0.525947,0.451494,9366.940430
30,0.502352,0.430945,9633.136719
31,0.479941,0.428771,9882.771484
32,0.479511,0.454542,9999.211914
33,0.506535,0.440507,10481.772461
34,0.509397,0.397698,10664.720703
35,0.489121,0.374207,10864.332031
36,0.456443,0.415340,11130.569336
37,0.453559,0.447464,11413.468750
38,0.459875,0.476525,11779.424805
39,0.433886,0.466349,11979.040039
40,0.407846,0.489468,12611.328125
41,0.398239,0.501726,12910.847656
42,0.385762,0.605506,13193.587891
43,0.365768,0.638560,13376.687500
44,0.361602,0.664557,13626.172852
45,0.355296,0.680480,13909.064453
46,0.355847,0.744744,14591.140625
47,0.323465,0.574872,14790.832031
48,0.316568,0.548055,15057.098633
49,0.333456,0.464581,15240.106445
50,0.338784,0.430175,15406.417969
51,0.341034,0.410021,15655.988281
52,0.341430,0.388356,15772.475586
53,0.366985,0.450731,16188.414062
54,0.341178,0.396412,16587.726562
55,0.296560,0.447614,17669.181641
56,0.279346,0.463040,17852.158203
57,0.337763,0.407422,18384.548828
58,0.344361,0.392024,18550.990234
59,0.260380,0.366585,18783.894531
60,0.248257,0.356393,18983.474609
61,0.253279,0.334764,19133.291016
62,0.285693,0.593644,19565.792969
63,0.297255,0.663843,19882.009766
64,0.278534,0.464866,20464.275391
65,0.314903,0.444701,20730.427734
66,0.318627,0.425013,20880.214844
67,0.251852,0.427216,21096.492188
68,0.235675,0.441034,21279.455078
69,0.233493,0.421468,21479.148438
70,0.196279,0.453140,21728.708984
71,0.198011,0.384406,22078.107422
72,0.203100,0.408323,22560.572266
73,0.231611,0.403991,22826.839844
74,0.198252,0.449661,23059.689453
75,0.171965,0.449711,23276.062500
76,0.175847,0.522619,23825.033203
77,0.173211,0.458950,24157.798828
0,0.752447,0.486821,332.786499
1,0.804269,0.483138,532.514526
2,0.819156,0.458980,732.052856
3,0.832646,0.469712,931.742737
4,0.816205,0.600435,1148.038818
5,0.793154,0.784723,1514.061035
6,0.787799,0.800716,1647.122925
7,0.794294,0.767745,1863.406372
8,0.802490,0.488421,2246.104736
9,0.801582,0.444182,2379.205322
10,0.800817,0.523758,2745.206543
11,0.806143,0.441572,3011.395264
12,0.902667,0.310290,3394.101562
13,0.962869,0.297172,3676.920654
14,0.789304,0.472218,4076.210449
15,0.796445,0.459984,4259.256348
16,0.800505,0.441412,4492.147949
17,0.983987,0.446164,4891.437500
18,0.042175,0.461461,5374.009277
19,0.109992,0.463015,6056.090332
20,0.079308,0.637572,6255.767578
21,0.064089,0.690238,6405.506836
22,0.050647,0.475515,6704.976074
23,0.203247,0.409363,7536.895996
24,0.192407,0.495117,7686.624023
25,0.195367,0.484812,8102.498047
26,0.272688,0.380073,8402.026367
27,0.278410,0.327116,8601.624023
28,0.246026,0.306156,8768.038086
29,0.186244,0.308504,9000.980469
30,0.212213,0.366056,9200.625000
31,0.215476,0.380428,9333.759766
32,0.226302,0.423742,9699.742188
33,0.329040,0.468911,10431.850586
34,0.253057,0.538587,11080.649414
35,0.275865,0.709913,11446.749023
36,0.356399,0.421041,11895.913086
37,0.283349,0.382081,12228.684570
38,0.446395,0.303138,12511.508789
39,0.428725,0.354726,12844.336914
40,0.399526,0.375771,13110.437500
41,0.503955,0.372696,13459.875000
42,0.525046,0.387993,13676.153320
43,0.508787,0.377716,14058.810547
44,0.394652,0.494204,14973.897461
45,0.341501,0.689888,15439.726562
46,0.417726,0.823674,15672.704102
47,0.438452,0.783639,15955.559570
48,0.547383,0.866778,16171.744141
49,0.540843,0.884748,16254.957031
50,0.442092,0.874607,16521.173828
51,0.270956,0.766679,17020.281250
52,0.268730,0.800751,17153.373047
53,0.769173,0.424734,18966.880859
54,0.675325,0.405408,19748.832031
55,0.644511,0.398970,19948.519531
56,0.687422,0.426018,20480.888672
57,0.542217,0.390269,20996.656250
58,0.461489,0.388419,21346.039062
59,0.257492,0.421656,21928.351562
60,0.251278,0.380530,22111.396484
61,0.255769,0.371656,22294.417969
62,0.145584,0.382414,22893.345703
63,0.157879,0.479431,23126.267578
64,0.161303,0.524439,23309.275391
65,0.163650,0.377455,23642.031250
66,0.167029,0.366281,23941.525391
67,0.170681,0.340437,24074.613281
68,0.182053,0.366796,24390.740234
69,0.057474,0.286826,24706.832031
70,0.033982,0.257811,24956.408203
0,0.708284,0.414543,698.841248
1,0.733616,0.465180,965.070129
2,0.827424,0.483402,1264.478882
3,0.864470,0.471067,1530.673706
4,0.870067,0.428710,1746.988892
5,0.549973,0.458571,2745.307373
6,0.413452,0.457749,3477.260010
7,0.382235,0.479682,3660.394531
8,0.330981,0.433274,3993.051025
9,0.365884,0.455388,4209.336914
10,0.385742,0.469323,4475.533691
11,0.403459,0.469571,4641.945801
12,0.330464,0.384020,5407.343262
13,0.325499,0.356543,5773.329590
14,0.300569,0.318915,6039.527344
15,0.248292,0.325089,6422.176758
16,0.221674,0.422009,6671.716309
17,0.188555,0.432639,6871.395020
18,0.165971,0.440171,7104.309082
19,0.199174,0.450766,7387.157715
20,0.206847,0.455914,7503.591309
21,0.093707,0.433192,7936.212891
22,0.083489,0.412303,8119.289551
23,0.098624,0.413065,8585.020508
24,0.197158,0.427256,9001.004883
25,0.474903,0.423542,10082.493164
26,0.533387,0.393647,10331.958008
27,0.704748,0.483495,11030.837891
28,0.711416,0.479080,11197.122070
29,0.849321,0.472304,12128.825195
30,0.825226,0.512213,12378.424805
31,0.883065,0.481340,12677.866211
32,0.946920,0.471000,13110.491211
33,0.952892,0.361791,13426.676758
34,0.868417,0.381820,13825.966797
35,0.930678,0.378531,14258.479492
36,0.876990,0.469427,14840.817383
37,0.802860,0.525327,15240.059570
38,0.847427,0.453832,15656.042969
39,0.859801,0.407297,15922.226562
40,0.860963,0.394062,16105.202148
41,0.749840,0.442190,16404.785156
42,0.692613,0.484687,16637.628906
43,0.676866,0.493845,16837.253906
44,0.647010,0.505014,17086.865234
45,0.645739,0.503573,17236.609375
46,0.647697,0.497100,17336.416016
47,0.607628,0.447092,17519.457031
48,0.563265,0.441126,17918.742188
49,0.565805,0.429395,18068.449219
50,0.320212,0.412904,19100.087891
51,0.157381,0.423174,19948.498047
52,0.165485,0.436654,20114.978516
53,0.072990,0.415410,20397.773438
54,0.076212,0.427456,20614.011719
55,0.014471,0.417062,20846.906250
56,0.011746,0.446222,21046.554688
57,0.982106,0.408794,21312.794922
58,0.027104,0.524499,21529.189453
59,0.024631,0.547034,21695.474609
60,0.089185,0.452480,22011.564453
61,0.249515,0.436733,22344.292969
62,0.284755,0.405983,22593.953125
63,0.286943,0.407573,22760.357422
64,0.328233,0.469066,23043.171875
65,0.368608,0.436636,23209.468750
66,0.476754,0.397175,23775.154297
67,0.468674,0.413569,23941.582031
68,0.553638,0.408990,24224.345703
0,0.683082,0.419729,515.786621
1,0.657922,0.400815,765.362976
2,0.559986,0.313329,1380.955078
3,0.489647,0.403599,1697.113159
4,0.488053,0.391208,1813.571045
5,0.467193,0.434209,1979.944092
6,0.630365,0.517571,2379.184326
7,0.660247,0.508271,2595.479980
8,0.702088,0.475913,2911.609619
9,0.705025,0.464609,3144.516113
10,0.777696,0.507626,3394.169678
11,0.772478,0.495713,3593.739502
12,0.807462,0.521878,3859.972168
13,0.873053,0.477435,4675.177734
14,0.872399,0.466094,4841.552734
15,0.937558,0.398967,5540.387207
16,0.968526,0.440513,5989.601562
17,0.996982,0.496817,6239.094238
18,0.027012,0.408872,6655.084473
19,0.052752,0.354024,6887.943848
20,0.076296,0.275250,7104.279297
21,0.091278,0.460315,7736.543945
22,0.119887,0.507813,7919.568848
23,0.079392,0.437998,8202.329102
24,0.073565,0.413072,8318.835938
25,0.184597,0.431139,9100.800781
26,0.166782,0.566930,9367.049805
27,0.218542,0.590871,9683.077148
28,0.268988,0.494074,9965.976562
29,0.291145,0.471875,10132.324219
30,0.322316,0.468715,10465.041992
31,0.344827,0.454405,10781.148438
32,0.325107,0.353073,11014.135742
33,0.280203,0.285230,11213.774414
34,0.260636,0.279123,11513.208984
35,0.162178,0.466892,11862.600586
36,0.158414,0.514333,11995.724609
37,0.169208,0.390859,12278.543945
38,0.196413,0.414744,12494.871094
39,0.098848,0.735792,12994.048828
40,0.916303,0.344152,13842.568359
41,0.901434,0.313051,14042.169922
42,0.911576,0.276287,14458.151367
43,0.857777,0.315494,14790.856445
44,0.052079,0.274802,15156.867188
45,0.063285,0.284841,15356.500000
46,0.039914,0.283680,15672.628906
47,0.826312,0.372511,16005.436523
48,0.815270,0.411115,16238.291016
49,0.791577,0.523463,16504.484375
50,0.786305,0.544039,16770.722656
51,0.693160,0.401857,17236.550781
52,0.664052,0.483549,17536.041016
53,0.644579,0.508266,17818.880859
54,0.670178,0.455421,18035.156250
55,0.555810,0.415918,18650.746094
56,0.458487,0.747981,19199.845703
57,0.461712,0.824073,19399.462891
58,0.437210,0.846811,19615.769531
59,0.404790,0.830010,19782.099609
60,0.459220,0.865572,20081.568359
61,0.625444,0.106347,21129.761719
62,0.621911,0.075842,21346.027344
63,0.719555,0.239915,21828.529297
64,0.734362,0.352436,22177.957031
65,0.759542,0.415186,22410.835938
66,0.861205,0.465771,23142.923828
67,0.916523,0.480714,23342.531250
68,0.805238,0.443835,23825.044922
0,0.776117,0.533634,232.961472
1,0.814909,0.537509,515.708313
2,0.829092,0.537064,781.966187
3,0.824105,0.597483,1031.520264
4,0.819078,0.620852,1397.558228
5,0.813061,0.671936,1813.479858
6,0.811313,0.528835,2329.207031
7,0.738158,0.466002,2612.105469
8,0.722843,0.453605,2845.005127
9,0.631761,0.512109,3144.450928
10,0.599346,0.499813,3344.150391
11,0.545456,0.482703,3826.675049
12,0.508450,0.460560,4126.123535
13,0.510395,0.465621,4275.857422
14,0.444255,0.482095,4542.038086
15,0.403072,0.490382,4858.216797
16,0.456895,0.459823,5207.554199
17,0.504784,0.484267,5573.530273
18,0.518476,0.515934,6355.506348
19,0.530872,0.538226,6521.927734
20,0.403645,0.519048,7004.452148
21,0.356499,0.494093,7403.731445
22,0.483809,0.371602,7803.025391
23,0.357626,0.502286,8435.255859
24,0.321537,0.487407,8967.675781
25,0.566948,0.521495,9683.057617
26,0.627989,0.525843,9982.546875
27,0.661927,0.543799,10182.179688
28,0.693987,0.557055,10464.985352
29,0.711500,0.487937,10797.734375
30,0.709148,0.624902,11330.159180
31,0.769849,0.673513,11696.200195
32,0.821790,0.660680,12078.840820
33,0.818510,0.589016,12378.339844
34,0.863713,0.514595,12677.801758
35,0.818502,0.472359,13143.670898
36,0.876649,0.472561,13526.415039
37,0.892431,0.481495,13842.417969
38,0.947963,0.498003,14208.450195
39,0.956322,0.418525,14574.544922
40,0.948407,0.435300,14757.500000
41,0.941859,0.411561,15073.700195
42,0.970566,0.347265,15389.812500
43,0.989602,0.490000,15805.735352
44,0.028610,0.476152,16204.955078
45,0.035403,0.481299,16820.595703
46,0.082383,0.509264,17369.642578
47,0.082138,0.518517,17469.431641
48,0.115850,0.568826,17635.906250
49,0.240769,0.746258,18301.333984
50,0.250449,0.611924,18900.316406
51,0.160884,0.470571,19316.226562
52,0.194276,0.420627,19782.041016
53,0.200008,0.418811,19915.185547
54,0.155844,0.473083,20148.132812
55,0.223125,0.390609,20347.785156
56,0.048485,0.446568,20813.701172
57,0.043005,0.417753,21013.277344
58,0.104933,0.448922,21229.548828
59,0.054959,0.528065,21495.765625
60,0.969714,0.515778,21944.939453
61,0.935700,0.492014,22127.935547
62,0.952113,0.415920,22377.503906
63,0.951368,0.341056,22943.189453
64,0.921987,0.512325,23142.833984
65,0.079283,0.406397,23342.529297
66,0.083020,0.408797,23442.310547
67,0.103109,0.459470,23675.261719
68,0.088970,0.467865,24157.726562
0,0.750274,0.488147,16.624178
1,0.791075,0.520968,382.601227
2,0.823343,0.462783,682.161621
3,0.824466,0.441123,815.191162
4,0.851122,0.437172,998.222656
5,0.876745,0.515127,1314.320923
6,0.955247,0.359131,1680.340454
7,0.956644,0.371613,1929.923218
8,0.016310,0.474416,2312.556396
9,0.074717,0.378593,3061.310791
10,0.101373,0.393982,3327.553223
11,0.158968,0.398509,3809.946289
12,0.189881,0.416830,3959.748047
13,0.202492,0.517631,4359.083984
14,0.178385,0.428213,4658.468750
15,0.195528,0.323664,5141.033203
16,0.226330,0.241937,5390.568848
17,0.234647,0.239575,5590.287598
18,0.246575,0.253089,5806.509766
19,0.252964,0.290450,6405.449219
20,0.391216,0.464221,7004.441895
21,0.448945,0.362794,7253.968262
22,0.432641,0.275058,7603.404297
23,0.519967,0.220232,7969.339844
24,0.523086,0.419310,8185.654785
25,0.394901,0.539997,8767.997070
26,0.404544,0.490345,9000.962891
27,0.408969,0.491604,9200.566406
28,0.370981,0.481984,9533.394531
29,0.337289,0.465387,9733.000000
30,0.333353,0.401950,9965.896484
31,0.338404,0.356054,10115.609375
32,0.293911,0.394046,10714.569336
33,0.238407,0.402022,10947.539062
34,0.212062,0.386174,11163.780273
35,0.181725,0.369199,11330.159180
36,0.193635,0.411853,11563.083984
37,0.172422,0.405556,11829.313477
38,0.147018,0.393060,12012.325195
39,0.123361,0.390333,12178.697266
40,0.126585,0.388151,12411.589844
41,0.134533,0.388383,12627.892578
42,0.140792,0.411062,12877.464844
43,0.112381,0.516985,13077.119141
44,0.084142,0.464927,13310.034180
45,0.042127,0.383490,13642.759766
46,0.027235,0.313575,13792.526367
47,0.005929,0.397102,14025.463867
48,0.003097,0.459579,14291.639648
49,0.009551,0.473691,14408.120117
50,0.009061,0.470492,14507.940430
51,0.941169,0.443558,14690.948242
52,0.920771,0.394253,14907.237305
53,0.880020,0.434672,15140.169922
54,0.854390,0.407907,15373.092773
55,0.834148,0.412758,15572.736328
56,0.804269,0.452720,15805.706055
57,0.802721,0.467501,16005.327148
58,0.940233,0.359463,16704.101562
59,0.962752,0.223753,17452.808594
60,0.983422,0.254877,17835.445312
61,0.981188,0.271537,18001.863281
62,0.973300,0.293067,18118.289062
63,0.961592,0.322833,18500.982422
64,0.953540,0.280129,18833.705078
65,0.949993,0.265712,19000.082031
66,0.970888,0.300761,19266.308594
67,0.969854,0.314030,19549.105469
68,0.955212,0.261126,19782.052734
69,0.913138,0.490195,20397.664062
70,0.900586,0.552636,20564.007812
71,0.807238,0.563059,21179.638672
72,0.772355,0.526662,21346.007812
73,0.816410,0.560457,21512.349609
74,0.694719,0.492172,22144.599609
75,0.674203,0.515827,22377.535156
76,0.604959,0.477474,22726.896484
77,0.533689,0.403674,23392.410156
78,0.450285,0.126093,23841.628906
79,0.392381,0.144134,24124.494141
80,0.608400,0.043246,24407.300781
0,0.737833,0.642688,299.505096
1,0.735930,0.467124,482.423981
2,0.832629,0.494178,865.204041
3,0.812321,0.531241,1414.209106
4,0.814055,0.594057,1580.578613
5,0.806013,0.688771,1863.387939
6,0.806750,0.686760,2046.405640
7,0.808986,0.555759,2229.367920
8,0.810515,0.508923,2562.149902
9,0.815125,0.499042,2845.015625
10,0.803006,0.664141,3111.223633
11,0.802001,0.708217,3310.859619
12,0.802528,0.705410,3443.926514
13,0.807173,0.627743,3810.013184
14,0.814870,0.529259,4126.131836
15,0.814555,0.488437,4392.311523
16,0.909868,0.513571,4841.548340
17,0.944087,0.502168,5157.684082
18,0.935949,0.506696,5290.748535
19,0.867817,0.488816,5590.178711
20,0.896882,0.439527,5956.282227
21,0.950937,0.411491,6139.287598
22,0.030957,0.489462,6721.519043
23,0.027853,0.398079,7187.477051
24,0.012473,0.375141,7470.278320
25,0.946723,0.372948,7669.897461
26,0.937173,0.430123,7886.233887
27,0.897299,0.454570,8218.942383
28,0.868337,0.418241,8501.758789
29,0.862861,0.391027,8767.963867
30,0.795187,0.533510,9233.808594
31,0.731583,0.485572,9716.396484
32,0.783256,0.510154,10148.884766
33,0.806782,0.554315,10298.656250
34,0.674456,0.520921,10714.590820
35,0.676766,0.508485,10897.597656
36,0.685629,0.457947,11097.218750
37,0.658094,0.499879,11363.453125
38,0.604236,0.457614,11796.041992
39,0.561354,0.464394,12095.501953
40,0.531671,0.472352,12411.631836
41,0.423875,0.477906,13193.630859
42,0.387916,0.480420,13526.404297
43,0.356706,0.483972,13775.867188
44,0.345575,0.489261,13958.884766
45,0.303108,0.447843,14125.321289
46,0.319035,0.392535,14458.022461
47,0.368819,0.379588,14657.665039
48,0.339647,0.379911,15306.583984
49,0.324914,0.319432,15606.002930
50,0.432900,0.283718,15822.354492
51,0.447315,0.250812,16071.967773
52,0.640945,0.350007,16770.742188
53,0.670776,0.394282,16953.683594
54,0.685377,0.458532,17236.548828
55,0.709134,0.480125,17386.226562
56,0.714840,0.480142,17569.253906
57,0.739008,0.399271,18101.654297
58,0.824606,0.495163,18717.250000
59,0.825692,0.446697,18900.283203
60,0.852621,0.416289,19249.736328
61,0.889020,0.408835,19549.119141
62,0.927564,0.415269,19831.990234
63,0.915294,0.415373,19998.341797
64,0.949742,0.409815,20297.802734
65,0.928889,0.495203,20630.568359
66,0.905154,0.488743,20963.318359
67,0.941513,0.417346,21179.699219
68,0.001890,0.467901,21412.623047
69,0.999489,0.448569,21695.458984
70,0.997484,0.378406,21878.447266
71,0.001756,0.364972,22810.175781
72,0.989767,0.378192,23076.298828
73,0.978799,0.380434,23425.783203
74,0.990621,0.378184,23808.353516
75,0.000766,0.336684,24507.232422
76,0.998210,0.354765,24773.380859
0,0.741435,0.418858,316.159790
1,0.685898,0.526143,715.498291
2,0.769293,0.548777,998.342163
3,0.800009,0.548164,1297.809570
4,0.860947,0.540717,1697.087036
5,0.894723,0.550025,1996.588135
6,0.810248,0.598969,2312.700195
7,0.814609,0.538448,2612.183105
8,0.874381,0.513538,3044.731445
9,0.894572,0.475586,3327.585938
10,0.937940,0.529807,3893.263428
11,0.933921,0.532304,3993.106445
12,0.909241,0.498043,4275.914551
13,0.002361,0.511998,5157.716309
14,0.027058,0.543231,5440.538086
15,0.956437,0.347372,5756.750977
16,0.062655,0.360005,6738.279785
17,0.118279,0.492914,6987.842285
18,0.112291,0.481762,7137.582520
19,0.195215,0.423178,7603.432617
20,0.191610,0.418054,7786.539062
21,0.284666,0.445578,8451.953125
22,0.259099,0.644635,8751.422852
23,0.325254,0.490788,9134.084961
24,0.335799,0.454288,9317.115234
25,0.296672,0.434765,9666.585938
26,0.289397,0.407953,10032.532227
27,0.252234,0.289583,10298.739258
28,0.172987,0.361092,10664.765625
29,0.186575,0.355497,10864.447266
30,0.220409,0.459751,11114.003906
31,0.392644,0.463674,11613.125977
32,0.417988,0.452743,11895.987305
33,0.439020,0.446698,12212.069336
34,0.461103,0.371644,12461.629883
35,0.461047,0.390097,12644.614258
36,0.485647,0.468468,12894.241211
37,0.533040,0.398030,13376.730469
38,0.541338,0.272799,13809.271484
39,0.542609,0.288227,13925.706055
40,0.551938,0.234711,14158.636719
41,0.535864,0.118057,14574.571289
42,0.523930,0.603223,15040.443359
43,0.563595,0.624468,15290.013672
44,0.606771,0.438108,15755.854492
45,0.604237,0.425861,15938.855469
46,0.583031,0.442931,16072.016602
47,0.571396,0.452869,16504.574219
48,0.557882,0.470786,17020.388672
49,0.531392,0.516166,17585.982422
50,0.527740,0.525267,17968.699219
51,0.600070,0.719821,18434.548828
52,0.645819,0.634570,18817.179688
53,0.649203,0.462913,19149.941406
54,0.647635,0.472471,19249.759766
55,0.648601,0.435401,19449.398438
56,0.593414,0.419331,20015.068359
57,0.599348,0.407967,20281.287109
58,0.577957,0.449489,20447.693359
59,0.545869,0.473217,20880.283203
60,0.510090,0.456994,21179.710938
61,0.445420,0.525887,21479.197266
62,0.385274,0.612668,21712.125000
63,0.228791,0.341779,23259.460938
64,0.343238,0.345622,23608.798828
65,0.295837,0.283219,23875.044922
66,0.070097,0.479891,24673.601562
67,0.066159,0.469848,24973.130859
0,0.715445,0.534772,366.025299
1,0.808221,0.503992,582.346375
2,0.819492,0.501805,865.185547
3,0.530879,0.437801,1796.915771
4,0.583414,0.424428,2029.811646
5,0.642534,0.472098,2262.745117
6,0.681098,0.489803,2545.641602
7,0.695364,0.492493,2662.025879
8,0.716101,0.498979,2878.333984
9,0.725550,0.510338,3028.037842
10,0.776904,0.513267,3360.837646
11,0.789948,0.515927,3577.072754
12,0.652636,0.517829,4176.063477
13,0.673382,0.511741,4359.089844
14,0.705810,0.461613,4592.014160
15,0.618102,0.475873,5074.494141
16,0.636433,0.479568,5473.848633
17,0.670778,0.496741,5823.214844
18,0.703382,0.462089,5972.986328
19,0.664927,0.502287,6222.519531
20,0.672665,0.477431,6538.571289
21,0.651324,0.463507,6721.610352
22,0.681870,0.452389,6954.569824
23,0.941079,0.447604,7686.582031
24,0.887416,0.410164,8518.485352
25,0.889600,0.410665,8651.583984
26,0.813479,0.451502,8934.390625
27,0.781781,0.489898,9150.675781
28,0.809233,0.641716,9450.205078
29,0.806067,0.501054,9666.450195
30,0.807187,0.488829,10082.378906
31,0.917690,0.478350,10481.715820
32,0.104432,0.480719,11696.242188
33,0.115457,0.475052,11812.769531
34,0.206397,0.479456,12278.574219
35,0.203324,0.462341,12711.132812
36,0.374327,0.455025,14175.333984
37,0.267588,0.335084,14857.398438
38,0.218786,0.386900,15173.564453
39,0.196676,0.375626,15339.920898
40,0.202379,0.355925,15572.804688
41,0.200017,0.480458,15888.931641
42,0.388864,0.374942,16471.226562
43,0.406437,0.372276,16704.164062
44,0.397920,0.351457,16820.705078
45,0.360019,0.461882,17419.591797
46,0.420942,0.425980,17719.115234
47,0.427041,0.396261,17935.365234
48,0.333219,0.405235,18650.804688
49,0.354815,0.377117,18833.810547
50,0.363396,0.375294,19116.636719
51,0.368677,0.372755,19199.794922
52,0.327661,0.416674,19349.556641
53,0.400390,0.413757,19599.128906
54,0.374781,0.443834,20297.875000
55,0.399087,0.479917,20547.535156
56,0.397685,0.448384,20763.732422
57,0.382604,0.406660,21013.328125
58,0.277145,0.312122,22444.109375
59,0.319465,0.308337,22909.970703
60,0.310255,0.309249,23109.642578
61,0.138418,0.424385,23425.830078
62,0.135285,0.443973,24307.562500
0,0.819343,0.523442,598.979919
1,0.819861,0.518023,798.611145
2,0.817623,0.509778,1098.092041
3,0.886636,0.489540,1331.078003
4,0.883271,0.482536,1447.452637
5,0.896513,0.469082,1580.550171
6,0.892631,0.443043,1763.591919
7,0.873555,0.423518,2329.287109
8,0.868482,0.421362,2495.612305
9,0.602666,0.463905,3460.623047
10,0.523085,0.435013,3876.564697
11,0.483858,0.428200,4076.223877
12,0.436886,0.427148,4392.365234
13,0.389439,0.448291,4591.994141
14,0.378579,0.467906,4774.969238
15,0.333241,0.472911,5041.165039
16,0.325560,0.450086,5307.358398
17,0.301690,0.435681,5523.666992
18,0.329984,0.421445,5806.535156
19,0.287125,0.414767,6189.201660
20,0.281457,0.399270,6521.942871
21,0.353372,0.412728,6738.283691
22,0.253008,0.323642,7170.817871
23,0.501085,0.274120,7902.927734
24,0.822214,0.498836,9283.783203
25,0.789658,0.626882,9899.395508
26,0.797633,0.678074,10115.699219
27,0.804956,0.666121,10248.821289
28,0.144219,0.518277,11563.102539
29,0.197369,0.551794,11729.548828
30,0.215927,0.517077,11912.530273
31,0.207456,0.534441,12395.077148
32,0.205841,0.518230,12661.273438
33,0.204091,0.506566,12877.578125
34,0.228201,0.490273,13110.421875
35,0.214608,0.467704,13326.727539
36,0.203388,0.434053,13676.174805
37,0.189780,0.410912,13975.595703
38,0.127325,0.416047,14175.240234
39,0.177991,0.380544,14358.256836
40,0.232468,0.660754,14707.648438
41,0.278680,0.717925,15123.640625
42,0.311388,0.723947,15373.117188
43,0.857735,0.930450,16437.966797
44,0.775996,0.932062,16737.447266
45,0.554809,0.966527,16987.003906
46,0.010571,0.913083,17502.787109
47,0.895961,0.929645,18168.279297
48,0.876358,0.462584,19832.031250
49,0.912831,0.470168,19981.847656
50,0.908845,0.440576,20198.150391
51,0.952395,0.405442,20381.064453
52,0.943350,0.372891,20680.517578
53,0.987629,0.363315,20846.951172
54,0.992121,0.330398,20996.701172
55,0.987230,0.317404,21113.130859
56,0.979303,0.320159,21429.208984
57,0.949683,0.334738,21878.468750
58,0.703575,0.474943,23092.984375
59,0.707735,0.566493,23409.169922
60,0.727426,0.422416,23658.732422
61,0.698553,0.401536,23875.021484
62,0.732055,0.415691,24124.531250
63,0.699043,0.459848,24357.447266
0,0.757933,0.485647,332.762024
1,0.804254,0.506464,599.007629
2,0.812729,0.541649,798.570557
3,0.818766,0.545800,1181.247681
4,0.807480,0.676389,1763.526733
5,0.803019,0.665354,2079.782227
6,0.819438,0.527132,2362.495361
7,0.891071,0.400416,2878.263428
8,0.949859,0.404566,3194.387207
9,0.944721,0.409481,3377.374756
10,0.947521,0.397808,3943.083496
11,0.989166,0.488046,4176.012695
12,0.843854,0.501586,4558.671387
13,0.608929,0.488791,5606.828125
14,0.671229,0.514049,5972.843262
15,0.704848,0.467974,6305.617188
16,0.697941,0.475007,6438.708008
17,0.577770,0.485934,7021.056641
18,0.474794,0.425334,7520.174805
19,0.476057,0.304269,7736.473145
20,0.443410,0.313258,8002.634766
21,0.345947,0.504130,8568.333008
22,0.319663,0.369832,9117.363281
23,0.215401,0.438854,9716.331055
24,0.193314,0.447739,9899.316406
25,0.170580,0.454324,10198.836914
26,0.177318,0.448854,10664.657227
27,0.172814,0.440817,11263.632812
28,0.176610,0.520099,11479.883789
29,0.172784,0.527061,11579.750977
30,0.167513,0.537674,11696.194336
31,0.173934,0.538423,11796.010742
32,0.171245,0.458434,12162.034180
33,0.299585,0.485514,12528.061523
34,0.460131,0.425728,13243.486328
35,0.515793,0.428128,13509.689453
36,0.509890,0.430792,13609.527344
37,0.621354,0.458229,14358.201172
38,0.562109,0.426465,14890.633789
39,0.541515,0.331411,15140.160156
40,0.545851,0.265558,15406.379883
41,0.584576,0.210400,15622.672852
42,0.610998,0.165467,15938.778320
43,0.605109,0.175243,16021.958984
44,0.526025,0.167589,16288.151367
45,0.493687,0.170049,16571.015625
46,0.468230,0.189505,16770.683594
47,0.441295,0.205685,17103.390625
48,0.406883,0.270633,17336.318359
49,0.408297,0.284949,17436.179688
50,0.420038,0.380453,17685.732422
51,0.408714,0.349845,18051.751953
52,0.380488,0.352286,18317.957031
53,0.300604,0.350709,18517.599609
54,0.258644,0.339429,18900.259766
55,0.306642,0.365779,19166.466797
56,0.313905,0.416070,19449.302734
57,0.187890,0.383279,19715.525391
58,0.163569,0.390716,19881.871094
59,0.204338,0.428127,20131.451172
60,0.136576,0.446528,20663.869141
61,0.059890,0.345003,20896.765625
62,0.150726,0.426498,21179.601562
63,0.149960,0.426364,21296.072266
64,0.147425,0.417686,21445.820312
65,0.150612,0.476433,21944.949219
66,0.141191,0.375935,22310.966797
67,0.139210,0.391033,22893.279297
68,0.134343,0.377049,23342.492188
69,0.211991,0.420182,23641.994141
70,0.234055,0.431103,23974.732422
71,0.216094,0.402438,24274.218750
0,0.695967,0.524563,199.678040
1,0.726643,0.437868,366.040863
2,0.796148,0.531256,1880.106689
3,0.546868,0.580284,3061.370117
4,0.343939,0.714392,4242.640137
5,0.278527,0.448888,4791.637695
6,0.260523,0.456168,5057.923828
7,0.335343,0.351383,5407.233887
8,0.342839,0.326829,5590.261230
9,0.650191,0.561091,6472.061035
10,0.645695,0.544020,6655.078613
11,0.676256,0.594486,6971.156250
12,0.754776,0.727852,7270.686523
13,0.756353,0.758439,7620.053711
14,0.744004,0.786169,7803.089844
15,0.000017,0.483906,8684.860352
16,0.050905,0.277889,8984.321289
17,0.089064,0.487375,9416.940430
18,0.060887,0.676881,9832.845703
19,0.915784,0.354657,10465.080078
20,0.953700,0.252662,10930.958008
21,0.958779,0.272396,11596.441406
22,0.958247,0.320290,11762.829102
23,0.983801,0.537199,12045.635742
24,0.957069,0.364381,12345.100586
25,0.009073,0.546077,12627.979492
26,0.007713,0.532806,12860.907227
27,0.021149,0.666629,13093.847656
28,0.150082,0.597306,13659.519531
29,0.175292,0.581923,14175.281250
30,0.194610,0.438696,14574.543945
31,0.205000,0.386222,14973.877930
32,0.267329,0.471104,15472.999023
33,0.169930,0.491162,15722.543945
34,0.451422,0.909387,16987.037109
35,0.462386,0.899913,17103.513672
36,0.490777,0.913896,17402.974609
37,0.172817,0.546644,18401.236328
38,0.037403,0.277613,18800.515625
39,0.167211,0.354364,19283.019531
40,0.171154,0.386838,19399.488281
41,0.170555,0.542713,19881.994141
42,0.165738,0.389429,20364.460938
43,0.162746,0.376892,20480.900391
44,0.129964,0.427943,20813.693359
45,0.117224,0.367159,21113.111328
46,0.686445,0.469213,23276.007812
47,0.615166,0.470114,23891.609375
48,0.640973,0.496369,24157.816406
49,0.643644,0.479064,24357.486328
50,0.658625,0.572329,24573.794922
0,0.804149,0.466630,1114.668335
1,0.897221,0.443522,1780.145020
2,0.791646,0.475054,2079.704346
3,0.789543,0.479859,2196.133057
4,0.809485,0.726819,2429.148438
5,0.807850,0.797661,2662.062012
6,0.785989,0.792322,2878.268799
7,0.792359,0.603810,3111.247559
8,0.663156,0.466763,3776.781738
9,0.669066,0.476443,3876.606689
10,0.596036,0.451289,4475.436523
11,0.600681,0.448812,4675.148926
12,0.587705,0.416485,4808.203613
13,0.536765,0.398014,5324.020508
14,0.497933,0.422022,5573.544434
15,0.440195,0.426064,5839.835449
16,0.490114,0.404450,6372.183594
17,0.619269,0.492722,7420.321289
18,0.714229,0.507160,7619.989258
19,0.702551,0.476183,8052.574707
20,0.644709,0.527333,8418.592773
21,0.615244,0.513607,8668.140625
22,0.583889,0.510995,8917.685547
23,0.546834,0.441784,9150.639648
24,0.296164,0.432450,10797.739258
25,0.274378,0.426675,11080.597656
26,0.335154,0.408331,11380.076172
27,0.167549,0.439380,12112.139648
28,0.167018,0.425085,12544.709961
29,0.190741,0.632266,12977.361328
30,0.188056,0.624500,13176.946289
31,0.187095,0.617300,13676.039062
32,0.164741,0.442407,14258.374023
33,0.086242,0.439175,14824.032227
34,0.095341,0.450761,15007.067383
35,0.004535,0.468225,15206.708984
36,0.996758,0.463807,15456.375000
37,0.003331,0.467930,15805.651367
38,0.154767,0.417319,16421.298828
39,0.289081,0.444476,16754.015625
40,0.284079,0.447720,16870.462891
41,0.285734,0.444527,17003.552734
42,0.326889,0.477219,17519.357422
43,0.419325,0.440873,18201.482422
44,0.552809,0.397041,18833.720703
45,0.683448,0.527109,19416.072266
46,0.704666,0.499041,19582.382812
47,0.706176,0.491183,19732.109375
48,0.855087,0.522765,20281.173828
49,0.894752,0.519040,20713.734375
50,0.885388,0.513779,20913.398438
51,0.946675,0.514929,21196.240234
52,0.932061,0.494211,21595.572266
53,0.028860,0.491381,21828.480469
54,0.028032,0.475742,22028.121094
55,0.028401,0.467218,22543.943359
56,0.019186,0.499670,23043.007812
57,0.012124,0.480342,23342.546875
58,0.029463,0.522391,23775.166016
59,0.945786,0.488376,24157.724609
60,0.973499,0.474274,24374.119141
61,0.113565,0.476758,24856.544922
0,0.724031,0.447143,915.021973
1,0.563954,0.417126,1680.450684
2,0.507802,0.409682,1846.767090
3,0.511685,0.420585,1946.601807
4,0.472103,0.427122,2129.595215
5,0.409954,0.435915,2362.574463
6,0.384255,0.464271,2695.264893
7,0.469993,0.437519,3144.497803
8,0.447742,0.283700,3610.315186
9,0.465822,0.229248,3810.000732
10,0.554392,0.240495,4059.584961
11,0.694188,0.492411,5324.078125
12,0.751210,0.474341,5606.958008
13,0.793301,0.501665,5823.141113
14,0.824917,0.502066,6172.524414
15,0.838452,0.513151,6438.752441
16,0.876983,0.498178,6655.044922
17,0.868035,0.498518,6738.197754
18,0.789261,0.519435,6987.775391
19,0.800259,0.509180,7087.596191
20,0.802530,0.555247,7553.461426
21,0.800395,0.485909,7853.016113
22,0.952333,0.438770,8368.666016
23,0.948653,0.396649,8568.363281
24,0.013592,0.511539,8851.194336
25,0.024225,0.500760,9034.217773
26,0.095428,0.513119,9333.694336
27,0.089931,0.500598,9483.477539
28,0.123664,0.499366,9699.725586
29,0.155932,0.441833,9899.356445
30,0.189865,0.424776,10215.458008
31,0.633814,0.409793,11796.025391
32,0.633663,0.513403,12211.973633
33,0.518731,0.459658,12478.166016
34,0.433293,0.457141,12677.819336
35,0.375032,0.468112,13093.755859
36,0.313236,0.448162,13426.543945
37,0.289008,0.460398,13642.778320
38,0.290200,0.455446,13775.891602
39,0.265982,0.344621,14092.084961
40,0.295790,0.311694,14275.038086
41,0.322806,0.311360,14458.062500
42,0.249821,0.339610,14674.365234
43,0.241794,0.384248,15056.982422
44,0.244432,0.386729,15156.803711
45,0.247723,0.384118,15240.020508
46,0.165410,0.461457,15572.822266
47,0.129979,0.489776,15805.718750
48,0.179198,0.513967,16038.602539
49,0.172568,0.449395,16437.912109
50,0.170402,0.438393,16637.572266
51,0.206024,0.449349,16903.746094
52,0.169799,0.438995,17486.171875
53,0.110458,0.479330,19316.244141
54,0.178199,0.521853,19482.615234
55,0.180186,0.534266,19582.421875
56,0.186466,0.523609,19682.259766
57,0.185846,0.514719,19865.322266
58,0.311167,0.478402,20098.167969
59,0.319455,0.458863,20281.189453
60,0.268593,0.441248,20530.748047
61,0.276336,0.440410,20713.798828
62,0.332109,0.460726,20996.607422
63,0.356727,0.655715,21329.375000
64,0.241937,0.650351,21811.955078
65,0.078219,0.619996,22510.673828
66,0.097372,0.488375,22976.546875
67,0.135214,0.458598,23226.072266
68,0.184536,0.362659,23575.439453
69,0.126604,0.401816,23808.341797
70,0.116555,0.402277,24124.507812
71,0.145235,0.436593,24490.511719
72,0.146916,0.419134,24989.666016
0,0.776124,0.512931,332.754120
1,0.702449,0.745423,1048.180542
2,0.606880,0.476931,1647.174316
3,0.581639,0.439111,1880.070557
4,0.716996,0.472481,2262.795410
5,0.709012,0.471009,2395.893555
6,0.686570,0.484911,2662.112549
7,0.067591,0.463154,3876.637695
8,0.104042,0.483821,4209.420410
9,0.103693,0.464601,4359.097168
10,0.182332,0.480948,4658.594238
11,0.095776,0.503187,5357.318848
12,0.010081,0.510549,5972.946777
13,0.006232,0.524329,6106.063965
14,0.009101,0.492930,6355.567383
15,0.005850,0.464000,6588.510254
16,0.017201,0.488121,6771.494629
17,0.019575,0.480719,7120.919434
18,0.022804,0.484567,7520.229492
19,0.012012,0.471845,7753.222168
20,0.008129,0.485567,8202.426758
21,0.021509,0.563948,8468.596680
22,0.021819,0.560750,8585.007812
23,0.039269,0.579319,8851.303711
24,0.052205,0.676145,9400.276367
25,0.018709,0.379112,10764.591797
26,0.029629,0.405893,11014.083008
27,0.245643,0.463344,11962.553711
28,0.315836,0.419709,12311.821289
29,0.306571,0.444471,12494.839844
30,0.366100,0.436015,12677.853516
31,0.164529,0.445234,13992.265625
32,0.170586,0.440298,14125.367188
33,0.211592,0.572655,14408.270508
34,0.197977,0.481125,14691.130859
35,0.864279,0.417554,15655.991211
36,0.587905,0.489652,16754.074219
37,0.563401,0.451206,16937.140625
38,0.478138,0.481732,17336.468750
39,0.492204,0.469279,17552.707031
40,0.456336,0.445325,17719.083984
41,0.526188,0.284503,18018.519531
42,0.697223,0.470819,18733.957031
43,0.705612,0.475215,18900.341797
44,0.704172,0.477560,19050.078125
45,0.795520,0.470586,19299.611328
46,0.871107,0.487188,19748.904297
47,0.812734,0.521183,19998.460938
48,0.816715,0.518545,20148.130859
49,0.938726,0.381362,20697.197266
50,0.873853,0.413453,21129.894531
51,0.890887,0.492403,21396.035156
52,0.865593,0.450611,21712.078125
53,0.752887,0.489072,22044.849609
54,0.759911,0.478540,22161.318359
55,0.770495,0.448191,22377.617188
56,0.726841,0.425152,22643.789062
57,0.744248,0.356423,22926.693359
58,0.835486,0.436741,23192.847656
59,0.181325,0.404159,24008.132812
