Idx, longitude, latitude, start timestamp
0,0.709246,0.441307,399.365814
1,0.707163,0.444334,682.105652
2,0.686212,0.423195,898.477539
3,0.616430,0.260439,1746.965698
4,0.899430,0.155517,2545.619873
5,0.974467,0.228519,3460.518311
6,0.961984,0.220011,3560.453857
7,0.993451,0.271291,3776.651611
8,0.984537,0.281543,3909.743164
9,0.980108,0.367690,4309.208496
10,0.991455,0.482545,4641.863281
11,0.944439,0.549422,4941.226074
12,0.942100,0.492603,5274.132812
13,0.024341,0.451613,5606.845703
14,0.050800,0.444310,5906.279297
15,0.052790,0.497557,6205.708496
16,0.105390,0.463433,6555.264160
17,0.110407,0.430197,6871.354492
18,0.118089,0.418132,7137.453125
19,0.122415,0.407384,7520.230469
20,0.150459,0.423447,7786.341797
21,0.132479,0.427797,8268.845703
22,0.102358,0.431697,8535.079102
23,0.074124,0.434089,8784.535156
24,0.048922,0.439704,9034.206055
25,0.016986,0.455195,9383.561523
26,0.935227,0.527385,9699.672852
27,0.937325,0.518927,9799.559570
28,0.932824,0.508048,9965.910156
29,0.934580,0.498986,10098.916992
30,0.903286,0.471007,10248.751953
31,0.904698,0.465747,10348.519531
32,0.878161,0.455992,10581.371094
33,0.823060,0.468670,10830.993164
34,0.713713,0.509700,11379.984375
35,0.598943,0.488426,11962.395508
36,0.549917,0.452200,12195.218750
37,0.539941,0.430989,12428.291992
38,0.325713,0.428226,14008.851562
39,0.334501,0.420551,14341.555664
40,0.327277,0.443386,14640.976562
41,0.359039,0.503023,15040.289062
42,0.388872,0.548544,15489.552734
43,0.584634,0.836114,17918.615234
44,0.601437,0.833318,18168.150391
45,0.684735,0.821716,18450.994141
46,0.780259,0.526690,20114.740234
47,0.774778,0.461416,20663.861328
48,0.780120,0.392618,20863.437500
49,0.770276,0.342618,21395.835938
50,0.800913,0.393626,21645.443359
51,0.806928,0.390787,21845.083984
52,0.985675,0.203738,23109.525391
53,0.985696,0.193029,23425.640625
54,0.980862,0.174327,23608.638672
55,0.978675,0.177283,23791.632812
56,0.972558,0.181021,24041.287109
0,0.720798,0.536669,299.551697
1,0.570094,0.499347,1098.160889
2,0.541858,0.338095,1563.992554
3,0.454174,0.477228,2362.676270
4,0.457089,0.483808,2478.971680
5,0.558547,0.344828,2928.254150
6,0.667461,0.506640,3843.397949
7,0.611182,0.494585,4292.446777
8,0.614341,0.482992,4425.623535
9,0.952694,0.485292,5606.977051
10,0.053415,0.513272,5989.591309
11,0.050385,0.532628,6106.049805
12,0.131294,0.531405,6555.208496
13,0.181523,0.510578,6821.445801
14,0.213856,0.509157,7004.422363
15,0.211924,0.505346,7104.307129
16,0.942933,0.491123,7753.123047
17,0.974052,0.871019,8352.120117
18,0.401092,0.956479,9017.663086
19,0.444103,0.964400,9117.413086
20,0.359898,0.973958,9250.530273
21,0.097641,0.943528,9450.175781
22,0.575819,0.957124,9782.898438
23,0.106939,0.984621,10431.731445
24,0.219623,0.974200,10864.409180
25,0.746108,0.951007,11097.216797
26,0.607850,0.944304,11546.458008
27,0.990838,0.922917,12128.837891
28,0.863158,0.926535,13010.606445
29,0.839827,0.942900,13110.409180
30,0.861381,0.972489,13260.233398
31,0.304591,0.949998,13559.701172
32,0.552466,0.934416,13892.383789
33,0.952344,0.983463,14241.821289
34,0.028565,0.974777,14508.074219
35,0.189418,0.922624,14840.789062
36,0.228967,0.902063,14957.190430
37,0.272583,0.905109,15190.190430
38,0.511187,0.899071,15389.798828
39,0.973970,0.994063,16021.986328
40,0.599614,0.923669,16554.359375
41,0.910960,0.993574,17186.580078
42,0.055881,0.942468,17436.234375
43,0.941013,0.976186,17768.955078
44,0.237485,0.486400,20963.353516
45,0.187689,0.730335,21761.894531
46,0.186762,0.731974,22028.119141
47,0.734771,0.481406,24740.101562
0,0.727107,0.611197,499.005188
1,0.606012,0.577283,1114.603394
2,0.515248,0.525101,1580.475952
3,0.451497,0.544154,1863.389282
4,0.432709,0.551987,2063.005371
5,0.432735,0.543323,2262.599121
6,0.473901,0.539218,2512.258545
7,0.569215,0.420801,3094.513916
8,0.531396,0.605483,3344.099854
9,0.469884,0.875355,4242.459961
10,0.422761,0.847709,4525.318848
11,0.372708,0.549749,6804.643066
12,0.147132,0.568672,14141.790039
13,0.976321,0.571147,16321.393555
14,0.789605,0.200397,20497.453125
15,0.794869,0.213234,20697.128906
16,0.824829,0.277812,21395.824219
17,0.622863,0.536134,24640.164062
18,0.628850,0.527089,24923.099609
0,0.770413,0.363752,149.748245
1,0.749294,0.451117,399.454926
2,0.713409,0.552935,665.537354
3,0.795394,0.546749,1114.723145
4,0.795290,0.540572,1264.500610
5,0.791504,0.522985,1830.219727
6,0.966402,0.534065,3211.085449
7,0.953913,0.535810,3311.024902
8,0.947885,0.518819,3593.766357
9,0.972474,0.495855,3843.474854
10,0.940879,0.508349,4142.882812
11,0.974801,0.419461,4475.554688
12,0.005464,0.386002,4658.616699
13,0.049626,0.545107,5007.949219
14,0.050426,0.548245,5124.485840
15,0.044945,0.541074,5557.041016
16,0.992234,0.764063,5789.968262
17,0.942103,0.501324,7952.817871
18,0.241640,0.483160,9965.987305
19,0.186853,0.692872,10697.974609
20,0.302807,0.451291,11130.585938
21,0.297307,0.406304,11380.102539
22,0.340072,0.499199,11629.753906
23,0.335944,0.496096,11729.583008
24,0.300200,0.419295,12145.499023
25,0.286432,0.398941,12345.128906
26,0.612977,0.510006,18018.515625
27,0.616619,0.320246,18318.054688
28,0.634782,0.291200,18767.250000
29,0.260804,0.492941,20747.123047
30,0.624993,0.525796,22577.359375
31,0.630405,0.505847,22993.175781
32,0.677011,0.504555,23658.720703
33,0.642385,0.400260,23908.345703
34,0.721769,0.552570,24673.728516
0,0.748553,0.471427,299.382812
1,0.794594,0.503263,598.856628
2,0.950668,0.486596,1247.677979
3,0.955187,0.496408,1347.598755
4,0.950234,0.496912,1497.335205
5,0.007670,0.489186,1713.530029
6,0.029106,0.488080,1880.028198
7,0.029389,0.496441,2029.651367
8,0.038395,0.732774,2495.558105
9,0.056105,0.849483,2695.210938
10,0.828074,0.958089,3127.780273
11,0.612748,0.967887,3393.971680
12,0.535739,0.951115,3527.036865
13,0.498569,0.949084,3710.127686
14,0.121026,0.949532,3943.087891
15,0.105949,0.924774,4259.152344
16,0.068001,0.821848,4492.031738
17,0.883352,0.955400,4774.962891
18,0.612115,0.931133,5007.727539
19,0.529743,0.939194,5956.097168
20,0.462248,0.876877,6189.210938
21,0.550144,0.497488,6771.352051
22,0.590404,0.471243,7137.513184
23,0.625192,0.476028,7387.051758
24,0.574631,0.363510,7769.653809
25,0.565892,0.319289,7935.945801
26,0.686100,0.462500,8285.482422
27,0.726004,0.500432,8734.641602
28,0.742235,0.464952,8917.787109
29,0.812290,0.485896,9366.808594
30,0.811889,0.492680,9466.805664
31,0.836642,0.495277,9716.250000
32,0.797357,0.495941,10048.914062
33,0.865688,0.506317,10398.450195
34,0.892900,0.534926,10714.526367
35,0.964217,0.485080,11912.386719
36,0.097772,0.539641,12411.530273
37,0.094438,0.555618,13093.655273
38,0.130761,0.617654,13376.510742
39,0.160296,0.644556,13526.246094
40,0.229660,0.604102,13809.126953
41,0.257600,0.613091,14042.044922
42,0.396206,0.601828,14973.747070
43,0.436140,0.621337,15539.380859
44,0.421066,0.626719,15722.491211
45,0.182525,0.707854,16404.574219
46,0.433869,0.469654,19116.417969
47,0.879060,0.744332,22627.031250
48,0.861677,0.733802,22926.531250
0,0.740735,0.521622,332.743835
1,0.792530,0.516751,532.317505
2,0.811798,0.507745,731.903198
3,0.805543,0.528357,1197.782349
4,0.797399,0.545873,1347.575073
5,0.788116,0.503589,1863.297729
6,0.792968,0.550009,2412.412598
7,0.793611,0.545534,2595.440918
8,0.785607,0.525618,3027.908203
9,0.790919,0.537326,3527.001221
10,0.778123,0.610229,3743.373535
11,0.779222,0.540240,4225.886719
12,0.775362,0.577765,4575.272949
13,0.555327,0.439423,5157.478027
14,0.538695,0.387531,5357.260742
15,0.540196,0.345099,5573.517090
16,0.604972,0.465366,5789.753906
17,0.623736,0.465025,6006.086914
18,0.505521,0.440056,6488.590820
19,0.545830,0.308668,6937.746094
20,0.632177,0.778277,8518.355469
21,0.923861,0.485273,9533.224609
22,0.982311,0.524789,9782.850586
23,0.047409,0.510116,10281.956055
24,0.059539,0.491594,10481.575195
25,0.056756,0.484027,10648.015625
26,0.050514,0.495317,10930.841797
27,0.988618,0.852657,11463.199219
28,0.040575,0.872032,11746.045898
29,0.080993,0.887995,11962.261719
30,0.108366,0.900623,12111.993164
31,0.566142,0.414822,15739.079102
32,0.512318,0.435055,16005.234375
33,0.511690,0.443380,16138.375000
34,0.506286,0.536633,16387.972656
35,0.516339,0.545504,16554.371094
36,0.492496,0.693877,16803.794922
37,0.475397,0.704966,17020.212891
38,0.403157,0.524572,17452.666016
39,0.376251,0.515882,17835.468750
40,0.397410,0.474446,18118.193359
41,0.325311,0.495739,18317.917969
42,0.328531,0.491485,18484.283203
43,0.313757,0.422362,18750.412109
44,0.286331,0.492775,19000.042969
45,0.277247,0.540127,19282.923828
46,0.212630,0.499640,19532.445312
47,0.267134,0.512824,19782.066406
48,0.194361,0.520863,20164.630859
49,0.153004,0.537047,20314.431641
50,0.153984,0.533091,20414.267578
51,0.188531,0.501317,20713.751953
52,0.113132,0.566623,20963.300781
53,0.103654,0.507469,21312.619141
54,0.177632,0.461517,21545.636719
55,0.200105,0.448210,21745.291016
56,0.234302,0.448242,21994.734375
57,0.254230,0.445255,22194.597656
58,0.257544,0.443635,22443.970703
59,0.251109,0.453287,22560.601562
60,0.259336,0.487922,22776.716797
61,0.256731,0.437199,23009.798828
62,0.305061,0.396548,23375.742188
63,0.371637,0.442678,23808.435547
64,0.413615,0.449017,24057.826172
65,0.453987,0.470964,24407.242188
0,0.726360,0.513960,332.805511
1,0.639718,0.497821,931.804504
2,0.599039,0.494923,1148.045166
3,0.561548,0.471267,1414.240234
4,0.533330,0.388831,1830.140259
5,0.553108,0.333652,2013.191406
6,0.566465,0.284142,2246.087158
7,0.557198,0.301109,2345.872559
8,0.551959,0.294969,2795.116211
9,0.539939,0.282332,3011.334961
10,0.542061,0.369896,3344.277344
11,0.314946,0.409317,4309.096191
12,0.287817,0.437709,4525.461914
13,0.282126,0.434786,4675.183594
14,0.258486,0.454386,5041.193359
15,0.271463,0.417551,5324.037109
16,0.200761,0.459526,5573.522949
17,0.421899,0.506527,6305.652344
18,0.450386,0.476044,6571.785156
19,0.502615,0.477353,6871.292480
20,0.629680,0.501447,7553.463867
21,0.694667,0.486662,7852.882812
22,0.720620,0.461741,8152.349609
23,0.781418,0.492130,8352.017578
24,0.869220,0.504730,9067.481445
25,0.964729,0.490962,9683.081055
26,0.052259,0.524566,10082.357422
27,0.037743,0.518493,10315.334961
28,0.118510,0.502672,10631.484375
29,0.997189,0.768020,11330.224609
30,0.021405,0.826466,11646.320312
31,0.061476,0.879910,11962.434570
32,0.206152,0.487650,12644.562500
33,0.194122,0.472688,12827.562500
34,0.184444,0.484208,12977.275391
35,0.219653,0.456620,13759.257812
36,0.104987,0.453367,14108.665039
37,0.112963,0.431040,14291.687500
38,0.068078,0.489604,14807.410156
39,0.217181,0.668378,15406.389648
40,0.210728,0.686176,15556.195312
41,0.137710,0.537475,16021.952148
42,0.119964,0.479876,16221.583984
43,0.019944,0.514322,16720.732422
44,0.988288,0.496998,17103.431641
45,0.949790,0.492828,17402.826172
46,0.930464,0.489806,17602.580078
47,0.894898,0.495368,18201.419922
48,0.940684,0.478306,18700.589844
49,0.946987,0.499625,18933.564453
50,0.051798,0.457926,19432.708984
51,0.019884,0.486072,19981.638672
0,0.738762,0.597495,332.950317
1,0.817337,0.574089,599.093567
2,0.167388,0.480801,1763.707886
3,0.167760,0.462186,1930.075073
4,0.165003,0.446241,2029.918945
5,0.051736,0.474775,2279.506836
6,0.537338,0.535255,3810.182861
7,0.517029,0.450810,4109.684082
8,0.348125,0.542683,4758.482910
9,0.357910,0.645230,4958.177734
10,0.282803,0.470310,5440.575195
11,0.274155,0.423465,5623.658691
12,0.372594,0.319290,5906.503418
13,0.463178,0.395332,6222.565430
14,0.615990,0.554069,6705.107910
15,0.636443,0.541314,6838.237793
16,0.664236,0.539924,7054.546387
17,0.686638,0.678715,7287.334961
18,0.710066,0.752120,7553.541016
19,0.772160,0.619462,7769.831543
20,0.825328,0.533388,8468.650391
21,0.784493,0.113519,9267.373047
22,0.815524,0.121680,9550.118164
23,0.829244,0.099174,9666.557617
24,0.709928,0.159002,9882.739258
25,0.714651,0.160553,10182.251953
26,0.707995,0.184986,10315.427734
27,0.688713,0.153075,10498.412109
28,0.787682,0.553997,10897.699219
29,0.663020,0.655866,11363.680664
30,0.628167,0.586868,11846.089844
31,0.623909,0.568361,11945.828125
32,0.593531,0.567615,12095.653320
33,0.566570,0.302740,12361.826172
34,0.539491,0.526824,12794.337891
35,0.613996,0.537685,13060.610352
36,0.622036,0.522874,13193.734375
37,0.151573,0.559069,15223.455078
38,0.194077,0.530796,15423.248047
39,0.224685,0.522709,15639.463867
40,0.243049,0.512245,15839.010742
41,0.296339,0.480899,16304.966797
42,0.108564,0.608961,16704.328125
43,0.059900,0.591028,16903.904297
44,0.037129,0.597490,17086.912109
45,0.996049,0.579946,17403.041016
46,0.991690,0.545670,17602.662109
47,0.952969,0.544349,17818.935547
48,0.941717,0.555051,18018.650391
49,0.007996,0.511959,18318.091797
50,0.989853,0.503889,18517.765625
51,0.922565,0.556614,18717.390625
52,0.870770,0.565428,18933.699219
53,0.843610,0.587592,19166.531250
54,0.824487,0.710645,19399.570312
55,0.816208,0.745694,19565.826172
56,0.793166,0.762643,19782.197266
57,0.678300,0.486650,20630.736328
58,0.730997,0.417177,20980.070312
59,0.738766,0.428441,21113.199219
60,0.674078,0.447328,21296.181641
61,0.555145,0.519304,21878.484375
62,0.327426,0.623367,22860.140625
63,0.311162,0.406709,23292.693359
64,0.421583,0.461700,23542.246094
65,0.453489,0.433853,23808.375000
0,0.754674,0.374785,499.201202
1,0.797394,0.469662,748.769592
2,0.798871,0.518903,1164.699097
3,0.795034,0.505838,1397.701660
4,0.798887,0.495234,1564.004395
5,0.839565,0.417276,1930.042725
6,0.877623,0.468632,2279.432617
7,0.966379,0.483902,2811.853516
8,0.974085,0.480814,3044.712646
9,0.027910,0.481944,3310.911377
10,0.046008,0.485661,3493.979492
11,0.088947,0.458378,3993.092285
12,0.096783,0.292381,4558.808594
13,0.097148,0.254751,4758.510742
14,0.134467,0.219384,4924.762207
15,0.169933,0.347997,5274.215332
16,0.184840,0.389732,5440.637207
17,0.242015,0.464221,5723.414551
18,0.291002,0.452419,6155.962402
19,0.319589,0.460817,6322.335449
20,0.317301,0.454212,6422.153809
21,0.344499,0.435969,6655.082031
22,0.359568,0.365753,7237.394531
23,0.344430,0.321711,7437.047852
24,0.457998,0.431645,7836.354004
25,0.489911,0.439191,8069.296875
26,0.508530,0.451022,8285.566406
27,0.560279,0.439918,8518.495117
28,0.560540,0.345791,8867.885742
29,0.557115,0.322598,8984.352539
30,0.610842,0.470787,9283.825195
31,0.636452,0.471913,9450.215820
32,0.665658,0.455867,9699.783203
33,0.711538,0.477541,10049.185547
34,0.633331,0.484025,10448.454102
35,0.609543,0.467382,10581.542969
36,0.273711,0.466375,12045.668945
37,0.240688,0.447517,12212.029297
38,0.192394,0.460710,12444.949219
39,0.005644,0.459608,13260.220703
40,0.964961,0.455831,13493.119141
41,0.939889,0.476229,13809.246094
42,0.870386,0.472688,14092.077148
43,0.838362,0.480241,14474.741211
44,0.790619,0.507918,14707.666016
45,0.779303,0.495375,14923.956055
46,0.750077,0.502990,15156.915039
47,0.744743,0.535670,15489.637695
48,0.711190,0.511441,15772.492188
49,0.700590,0.502952,16055.323242
50,0.677494,0.475253,16338.155273
51,0.657442,0.478879,16554.464844
52,0.613229,0.488857,16770.736328
53,0.605636,0.471212,17053.585938
54,0.666800,0.466504,17569.371094
55,0.677924,0.468680,17818.904297
56,0.717665,0.504737,18517.716797
57,0.795213,0.506534,18950.269531
58,0.804964,0.498125,19149.904297
59,0.798483,0.500703,19466.031250
60,0.792495,0.495616,19765.503906
61,0.781802,0.403207,20048.347656
62,0.796736,0.583427,20397.775391
63,0.796990,0.514226,20830.312500
64,0.795274,0.491044,21928.394531
65,0.832140,0.499782,22294.445312
66,0.852565,0.501393,22510.712891
67,0.848031,0.506167,22677.089844
68,0.873205,0.495273,22926.644531
69,0.897349,0.485788,23226.121094
70,0.900081,0.477298,23875.015625
71,0.947363,0.486903,24141.181641
72,0.957197,0.486777,24357.488281
73,0.952453,0.486889,24523.878906
0,0.743655,0.498947,16.663839
1,0.732684,0.508496,299.431335
2,0.768431,0.494377,615.671265
3,0.123509,0.884609,2129.731689
4,0.145910,0.478152,2678.652588
5,0.114762,0.506527,2978.081299
6,0.230220,0.498714,3327.460449
7,0.331728,0.526605,3926.471924
8,0.377491,0.530097,4225.971191
9,0.060155,0.964675,5057.796387
10,0.882514,0.982966,5207.559082
11,0.102341,0.981822,5340.690918
12,0.137961,0.956850,5490.442383
13,0.304894,0.962761,5823.213867
14,0.914661,0.972923,6122.693848
15,0.775450,0.889339,7104.265625
16,0.632714,0.513436,8352.042969
17,0.612486,0.512222,8834.477539
18,0.602034,0.513665,9034.167969
19,0.571013,0.518159,9383.639648
20,0.544407,0.607896,11263.559570
21,0.532880,0.561362,11496.551758
22,0.560251,0.623351,11746.109375
23,0.555415,0.536871,12095.458008
24,0.433990,0.521522,18401.095703
25,0.366643,0.627729,18700.626953
0,0.748536,0.424995,49.902534
1,0.741609,0.507339,349.452209
2,0.714905,0.538093,582.236816
3,0.674363,0.779265,1081.379761
4,0.652918,0.853923,1297.771362
5,0.687197,0.918694,1630.592651
6,0.758954,0.910252,1846.713867
7,0.944819,0.926768,2096.280273
8,0.973421,0.971747,2329.206299
9,0.078003,0.935377,2528.825928
10,0.060718,0.935127,2628.631348
11,0.970676,0.963104,3643.608154
12,0.694666,0.957513,3826.662842
13,0.755192,0.950166,4026.182617
14,0.001120,0.386400,5257.490723
15,0.994889,0.195039,5723.271484
16,0.966925,0.168175,5956.172363
17,0.927977,0.249454,6322.258301
18,0.909114,0.519547,6688.252930
19,0.896493,0.500565,6987.800781
20,0.838824,0.090243,7869.539551
21,0.699075,0.535126,8568.242188
22,0.671508,0.516034,8817.898438
23,0.636504,0.502230,9150.660156
24,0.604122,0.497846,9300.330078
25,0.544867,0.320412,9982.443359
26,0.623342,0.315894,10232.139648
27,0.550148,0.262906,10548.239258
28,0.672983,0.145431,10814.338867
29,0.658791,0.123423,10980.702148
30,0.562512,0.273004,11546.449219
31,0.540776,0.296756,11746.099609
32,0.468636,0.524281,12328.416992
33,0.441367,0.528024,12478.224609
34,0.388753,0.507322,12760.948242
35,0.346675,0.496541,13093.636719
36,0.334368,0.499726,13542.878906
37,0.279509,0.501312,13792.470703
38,0.293091,0.605026,14291.617188
39,0.209871,0.495106,14657.627930
40,0.203826,0.470626,15023.598633
41,0.148842,0.485233,15389.740234
42,0.167771,0.440535,15955.333984
43,0.164553,0.284966,16471.130859
44,0.083779,0.456788,16870.490234
45,0.092740,0.475427,17020.226562
46,0.081572,0.486084,17219.892578
47,0.088869,0.477894,17336.343750
48,0.038060,0.507662,17652.357422
49,0.095421,0.430789,18051.669922
50,0.196186,0.158609,18567.517578
51,0.195748,0.123197,18717.208984
52,0.500184,0.249578,19615.730469
53,0.403431,0.488703,20114.765625
54,0.358062,0.503031,20331.054688
55,0.336618,0.500010,20580.679688
56,0.332200,0.568182,20796.873047
57,0.391022,0.674247,21079.771484
58,0.389360,0.670115,21196.185547
59,0.451597,0.881733,21595.486328
60,0.502681,0.955215,21944.859375
61,0.479969,0.665170,22493.863281
62,0.504199,0.557142,22793.435547
63,0.996732,0.925462,23558.714844
64,0.910195,0.882736,24157.703125
0,0.764561,0.305011,299.518463
1,0.735302,0.377072,648.854431
2,0.788421,0.498830,898.512512
3,0.725786,0.583200,1414.242310
4,0.796123,0.538615,1830.179443
5,0.804455,0.512901,2013.194824
6,0.797683,0.511624,2379.173584
7,0.805084,0.526214,2761.870117
8,0.716216,0.524288,3127.871094
9,0.658147,0.502149,3477.285889
10,0.589441,0.500818,3760.096924
11,0.596185,0.498912,4076.198730
12,0.574226,0.491143,4342.409668
13,0.526001,0.470332,4492.244629
14,0.524409,0.429879,4758.382812
15,0.538536,0.391267,4941.380859
16,0.546335,0.336961,5257.550293
17,0.553845,0.334209,5357.318359
18,0.590653,0.471080,5740.034668
19,0.687063,0.478781,6022.843750
20,0.691898,0.490032,6205.878906
21,0.681323,0.489015,6472.048828
22,0.418915,0.472778,7287.252930
23,0.421092,0.447015,7453.681641
24,0.446691,0.485353,7570.096191
25,0.312263,0.479968,8202.447266
26,0.128626,0.492368,8867.898438
27,0.086442,0.524959,9200.627930
28,0.294372,0.390412,9799.583984
29,0.291179,0.376683,9899.355469
30,0.269790,0.485354,10448.408203
31,0.298795,0.522981,10698.078125
32,0.201649,0.620832,11030.803711
33,0.193012,0.638335,11180.438477
34,0.263845,0.670780,11380.109375
35,0.383220,0.608626,11596.406250
36,0.361026,0.608933,11895.910156
37,0.361285,0.603105,12095.545898
38,0.253085,0.489172,12711.136719
39,0.254086,0.489204,12860.861328
40,0.183845,0.450446,13027.250000
41,0.118492,0.464447,13443.170898
42,0.033139,0.480394,13892.384766
43,0.000322,0.505458,14108.704102
44,0.954720,0.525616,14541.261719
45,0.916304,0.523030,14690.989258
46,0.917999,0.527587,14807.544922
47,0.021209,0.731873,15073.664062
48,0.061742,0.779714,15223.415039
49,0.089532,0.814155,15506.256836
50,0.146707,0.813469,15739.166016
51,0.316922,0.930805,16388.064453
52,0.367840,0.940284,16654.230469
53,0.162067,0.974982,16903.808594
54,0.885846,0.613561,18051.791016
55,0.541817,0.485428,19765.468750
56,0.528835,0.477615,19965.123047
57,0.553395,0.517615,20381.089844
58,0.499276,0.495275,21029.921875
59,0.575999,0.498334,21229.597656
60,0.621224,0.539244,21479.142578
61,0.564773,0.506074,21778.593750
62,0.544290,0.482586,22011.542969
63,0.561249,0.503327,22410.859375
64,0.568706,0.545641,22593.869141
65,0.548766,0.559917,22793.511719
66,0.518784,0.524305,22993.152344
67,0.556415,0.389014,23325.919922
68,0.566195,0.348207,23492.304688
69,0.652649,0.338291,23908.208984
70,0.645103,0.240667,24290.916016
71,0.634176,0.243544,24407.353516
72,0.727862,0.233450,24773.378906
0,0.733367,0.590796,349.368195
1,0.736066,0.538851,482.481323
2,0.801131,0.523506,781.999756
3,0.954215,0.556577,1397.645752
4,0.947616,0.554818,1497.385498
5,0.936434,0.549820,1746.988159
6,0.863301,0.526014,2046.467041
7,0.810960,0.477000,2262.759277
8,0.775709,0.494410,2595.555908
9,0.859140,0.366403,3094.578857
10,0.869520,0.325669,3460.643799
11,0.695059,0.519992,4059.565430
12,0.633940,0.508950,4342.460938
13,0.593496,0.498062,4508.795898
14,0.599658,0.507457,4658.567383
15,0.604340,0.498230,4791.667969
16,0.554403,0.505434,5091.102539
17,0.515194,0.489086,5324.006836
18,0.528231,0.460310,5673.485352
19,0.550018,0.444189,5939.709961
20,0.438841,0.503326,6272.395508
21,0.421848,0.504923,6555.202637
22,0.388046,0.538413,6738.261230
23,0.350538,0.530980,7054.342773
24,0.313899,0.543904,7370.536621
25,0.256100,0.534241,7952.853027
26,0.203326,0.504680,8202.319336
27,0.152770,0.525917,8618.302734
28,0.458309,0.510833,9666.511719
29,0.593883,0.527290,10248.759766
30,0.622412,0.516169,10614.815430
31,0.627956,0.503946,10797.811523
32,0.673571,0.545463,11263.660156
33,0.639542,0.539729,11430.013672
34,0.588866,0.506855,11613.077148
35,0.567462,0.495671,11879.257812
36,0.539323,0.453694,12095.527344
37,0.551448,0.379869,12278.570312
38,0.517065,0.508724,12844.208008
39,0.430131,0.508653,13343.337891
40,0.411560,0.509677,13559.640625
41,0.436377,0.506108,14008.846680
42,0.588872,0.523405,14341.591797
43,0.591706,0.498748,14657.696289
44,0.602514,0.400617,14940.584961
45,0.634995,0.380262,15173.478516
46,0.636764,0.304579,15556.188477
47,0.635823,0.231989,15722.513672
48,0.566004,0.205421,15955.431641
49,0.570566,0.208728,16055.302734
50,0.719289,0.237456,16354.775391
51,0.692265,0.505253,17086.849609
52,0.742567,0.504745,17402.910156
53,0.801299,0.554905,17635.886719
54,0.792434,0.546286,17735.666016
55,0.948555,0.552041,18484.386719
56,0.940804,0.550640,18717.312500
57,0.965910,0.570198,18916.962891
58,0.019078,0.605251,19266.314453
59,0.028948,0.593755,19565.849609
60,0.036792,0.600869,19931.845703
61,0.047988,0.601883,20198.050781
62,0.073143,0.588446,20464.238281
63,0.045932,0.538665,20713.804688
64,0.944625,0.478122,20930.103516
65,0.945707,0.485516,21046.568359
66,0.933907,0.484616,21179.640625
67,0.895650,0.452169,21579.017578
68,0.944558,0.487801,22028.179688
69,0.858418,0.641338,22444.111328
70,0.820281,0.674583,22909.957031
71,0.835804,0.755258,23126.267578
72,0.867610,0.717984,23375.812500
73,0.815459,0.711512,23575.494141
74,0.789635,0.801111,23775.136719
75,0.806446,0.834211,23924.843750
76,0.819082,0.865563,24141.162109
77,0.588008,0.780004,24440.636719
78,0.561206,0.782725,24590.347656
79,0.537125,0.786316,24989.640625
0,0.712559,0.520862,366.174042
1,0.728786,0.596577,732.181274
2,0.686939,0.662397,1064.872314
3,0.629621,0.761188,1347.751709
4,0.551120,0.733129,1630.588867
5,0.526209,0.722000,1830.223633
6,0.494464,0.632252,1979.941162
7,0.504509,0.622495,2146.401367
8,0.502971,0.570037,2379.225098
9,0.595115,0.503404,2595.572510
10,0.582033,0.380057,3111.358887
11,0.564488,0.333773,3261.058594
12,0.567888,0.294324,3460.802490
13,0.663068,0.239027,3810.058105
14,0.931580,0.219990,4592.061035
15,0.081536,0.437480,5789.971680
16,0.111566,0.414715,5939.779297
17,0.024442,0.501741,6438.805664
18,0.027715,0.521299,7021.189453
19,0.022108,0.547083,7121.057617
20,0.710419,0.692295,11197.208984
21,0.591417,0.565130,11563.206055
22,0.510026,0.455072,12212.046875
23,0.469148,0.442321,12544.786133
24,0.581395,0.364084,12861.020508
25,0.588772,0.450645,13210.326172
26,0.453717,0.474626,13626.259766
27,0.306893,0.450568,14458.125977
28,0.289029,0.452753,14641.156250
29,0.322489,0.507037,14990.537109
30,0.681921,0.465821,15805.752930
31,0.639794,0.498589,16255.059570
32,0.598320,0.492796,16521.218750
33,0.598774,0.488298,16621.041016
34,0.574325,0.478794,16787.447266
35,0.518344,0.450882,17003.673828
36,0.559534,0.444417,17220.007812
37,0.607643,0.478060,17452.900391
38,0.611729,0.482441,17785.664062
39,0.605397,0.486128,17902.164062
40,0.665534,0.483324,18168.373047
41,0.742100,0.483746,18733.990234
42,0.826710,0.500486,19100.019531
43,0.851311,0.498641,19283.060547
44,0.893003,0.491728,19549.255859
45,0.910296,0.470673,19765.552734
46,0.881337,0.489651,20015.125000
47,0.787509,0.521124,20314.644531
48,0.808654,0.456067,21595.695312
49,0.789918,0.439336,21745.398438
50,0.783248,0.432282,22061.533203
51,0.201405,0.466868,23608.845703
52,0.135460,0.467568,24024.734375
53,0.232856,0.440255,24307.677734
54,0.256180,0.439571,24490.583984
55,0.278008,0.423787,24956.468750
0,0.732575,0.568003,415.986237
1,0.806623,0.583623,748.811523
2,0.806940,0.535529,1064.813965
3,0.886575,0.526076,1430.877808
4,0.882077,0.526318,1597.249634
5,0.889186,0.442196,1830.236816
6,0.971315,0.519608,2329.310059
7,0.994288,0.938266,3111.271973
8,0.458840,0.909827,3760.092529
9,0.541838,0.434670,5457.241699
10,0.549071,0.349208,5656.779785
11,0.551091,0.359598,5756.654297
12,0.436315,0.453222,6056.130859
13,0.298981,0.396956,6721.588379
14,0.303278,0.419458,6954.563477
15,0.266379,0.435000,7353.798828
16,0.330657,0.170836,7919.523438
17,0.117830,0.486172,9317.103516
18,0.056162,0.447565,9616.559570
19,0.041030,0.455287,10032.501953
20,0.041790,0.528746,10415.163086
21,0.044270,0.527595,10681.334961
22,0.286328,0.503688,11280.331055
23,0.830734,0.526098,13376.717773
24,0.894381,0.539513,13825.927734
25,0.945421,0.471748,14042.110352
26,0.968527,0.561939,14424.906250
27,0.041707,0.486049,14890.723633
28,0.105262,0.473094,15190.151367
29,0.198641,0.503637,15789.072266
30,0.234847,0.440600,16022.028320
31,0.143123,0.490931,16438.029297
32,0.652729,0.827773,18001.861328
33,0.566083,0.815162,18301.363281
34,0.247860,0.982682,18900.318359
35,0.289582,0.922485,19149.906250
36,0.377417,0.772808,19432.716797
37,0.287253,0.378132,20480.880859
38,0.287980,0.396069,20630.626953
39,0.153180,0.505892,21246.251953
40,0.132847,0.462345,21512.412109
41,0.159541,0.491178,21961.605469
42,0.499539,0.467477,23043.150391
43,0.589494,0.456342,23508.935547
44,0.584660,0.378399,23791.751953
45,0.647811,0.342965,24074.580078
46,0.731359,0.465028,24607.082031
47,0.731665,0.468044,24806.636719
48,0.763470,0.480142,24939.761719
0,0.743844,0.470284,249.578766
1,0.739432,0.498271,382.686310
2,0.721313,0.509969,549.063782
3,0.667077,0.496170,865.223022
4,0.650588,0.505140,998.242920
5,0.604405,0.489169,1247.810181
6,0.561249,0.304613,1979.972412
7,0.485949,0.424308,2179.581055
8,0.570618,0.321645,2462.397461
9,0.583354,0.247897,2828.431885
10,0.573091,0.267868,3360.815430
11,0.563792,0.240589,3543.804688
12,0.625554,0.234447,4242.642578
13,0.636579,0.234054,4458.914062
14,0.543013,0.162787,4708.465820
15,0.341037,0.424622,5340.709473
16,0.303691,0.437532,5523.729980
17,0.207614,0.449264,5989.549316
18,0.183619,0.453862,6172.595215
19,0.190542,0.448853,6555.254883
20,0.233949,0.440064,6987.819824
21,0.155898,0.501615,7387.126953
22,0.139970,0.482789,7553.580078
23,0.094285,0.510179,7852.972656
24,0.097238,0.511438,7986.047363
25,0.076265,0.510474,8135.826172
26,0.107537,0.450716,8651.545898
27,0.113689,0.431199,8818.009766
28,0.153956,0.469199,9050.865234
29,0.145117,0.478338,9333.728516
30,0.213767,0.450882,9599.914062
31,0.218523,0.441877,9716.352539
32,0.255758,0.440752,9932.650391
33,0.300194,0.424110,10198.915039
34,0.329953,0.480194,10398.541992
35,0.299888,0.517010,10797.811523
36,0.345950,0.491796,11097.319336
37,0.381203,0.490518,11396.744141
38,0.436587,0.485286,11729.500000
39,0.465798,0.477999,12112.263672
40,0.507264,0.467031,12378.401367
41,0.556392,0.458397,12761.040039
42,0.567285,0.387337,12977.352539
43,0.600865,0.463520,13276.831055
44,0.637895,0.501940,13559.692383
45,0.630351,0.503829,13792.609375
46,0.673562,0.499665,13958.953125
47,0.699245,0.489730,14408.213867
48,0.723453,0.527000,14774.229492
49,0.787637,0.520147,15456.322266
50,0.785720,0.525713,16271.589844
51,0.783616,0.505397,16720.804688
52,0.894482,0.504665,17120.140625
53,0.940921,0.484872,17502.753906
54,0.945782,0.498783,17652.517578
55,0.942262,0.504925,17985.277344
56,0.962228,0.495619,18201.566406
57,0.041557,0.483048,18600.855469
58,0.034960,0.484046,18817.119141
59,0.037262,0.500657,18916.972656
60,0.042626,0.449748,19366.226562
61,0.958347,0.498755,19782.123047
62,0.957222,0.503760,20198.042969
63,0.958561,0.510124,20281.250000
64,0.009825,0.762719,21296.156250
65,0.028257,0.842346,21612.273438
66,0.034223,0.878201,21795.261719
67,0.922242,0.929214,21978.345703
68,0.801216,0.967572,22344.291016
69,0.701521,0.979678,22677.048828
70,0.806124,0.963355,22826.800781
71,0.465553,0.988942,23009.783203
72,0.465683,0.976167,23109.693359
73,0.965147,0.957833,23625.435547
74,0.822698,0.962645,23908.236328
75,0.800475,0.957587,24124.560547
76,0.826158,0.950603,24290.900391
77,0.910568,0.963393,24457.326172
78,0.649619,0.975950,24773.408203
0,0.745322,0.488501,349.546204
1,0.757317,0.550770,515.919861
2,0.757618,0.554430,682.274170
3,0.760667,0.547273,865.369568
4,0.784144,0.557317,1098.264038
5,0.794157,0.558609,1514.174683
6,0.791240,0.523902,2229.548340
7,0.794347,0.539209,2445.909424
8,0.792273,0.533113,2728.699219
9,0.793483,0.544634,3044.877686
10,0.788598,0.519291,3410.928223
11,0.788547,0.498000,3577.195557
12,0.785528,0.512732,3909.944824
13,0.792178,0.517064,4309.270508
14,0.814568,0.474579,5290.916504
15,0.602020,0.506026,5939.771484
16,0.609783,0.496743,6139.465820
17,0.543559,0.497302,6372.413574
18,0.497386,0.477780,6838.172852
19,0.596846,0.504458,7270.767090
20,0.549017,0.423063,7636.891113
21,0.353724,0.492075,8385.570312
22,0.064668,0.513822,10698.153320
23,0.029210,0.528525,11796.223633
24,0.113892,0.483161,12178.864258
25,0.296264,0.441881,13227.096680
26,0.343686,0.453233,13776.059570
27,0.119404,0.496834,14358.370117
28,0.008996,0.500134,15073.776367
29,0.918220,0.494345,15739.321289
30,0.886420,0.496452,15955.560547
31,0.868060,0.492082,16238.416992
32,0.782312,0.521870,16604.498047
33,0.796897,0.533362,17220.035156
34,0.800644,0.543925,17852.267578
35,0.770551,0.389910,18185.033203
36,0.731968,0.318563,18368.046875
37,0.700674,0.283885,18551.042969
38,0.686225,0.177722,18917.076172
39,0.631976,0.195041,19133.390625
40,0.612940,0.148448,19299.736328
41,0.561121,0.348542,19915.337891
42,0.568218,0.386540,20048.457031
43,0.623771,0.529201,20580.824219
44,0.610793,0.518802,20847.044922
45,0.575640,0.503840,21096.626953
46,0.517905,0.510688,21529.193359
47,0.402811,0.504428,22261.246094
48,0.428083,0.468597,22593.974609
49,0.378299,0.535907,22959.990234
50,0.381342,0.530453,23109.734375
51,0.370943,0.511066,23242.859375
52,0.338993,0.515715,23875.066406
53,0.419234,0.512754,24257.755859
54,0.458478,0.485845,24706.955078
0,0.756999,0.515339,16.702372
1,0.723058,0.541464,415.921478
2,0.799963,0.531072,948.342285
3,0.596979,0.524169,1597.233276
4,0.579050,0.501587,1813.617188
5,0.551837,0.483890,1963.229492
6,0.549043,0.428544,2179.541504
7,0.558674,0.360630,2562.176270
8,0.611705,0.476257,2828.390381
9,0.617088,0.495347,2994.794922
10,0.569431,0.503513,3377.417725
11,0.577188,0.517592,3776.717529
12,0.615240,0.496854,3926.514648
13,0.641910,0.599896,4708.439453
14,0.657738,0.505180,5074.499512
15,0.685793,0.481097,5357.282715
16,0.742781,0.517615,6056.102539
17,0.806213,0.526083,6322.306641
18,0.802018,0.530430,6438.745117
19,0.798388,0.511344,6754.874512
20,0.853341,0.501672,7120.895508
21,0.890643,0.506262,7303.916992
22,0.908393,0.513796,7603.362305
23,0.914280,0.507917,7952.762207
24,0.957285,0.514280,8285.524414
25,0.944446,0.495227,8718.121094
26,0.906564,0.492920,9017.563477
27,0.912844,0.575147,9366.977539
28,0.951522,0.526341,9583.240234
29,0.973649,0.516934,9832.825195
30,0.988930,0.505409,10032.458984
31,0.975130,0.773242,10847.699219
32,0.986571,0.804169,11030.701172
33,0.988844,0.831038,11263.630859
34,0.995920,0.854898,11479.934570
35,0.041495,0.901906,11812.672852
36,0.071191,0.907611,12012.354492
37,0.926275,0.939146,12361.726562
38,0.866691,0.966386,13043.867188
39,0.765660,0.954806,13243.532227
40,0.657846,0.992087,13443.188477
41,0.801778,0.914892,13742.633789
42,0.811268,0.869913,13975.574219
43,0.116994,0.970141,14275.080078
44,0.035628,0.762201,14624.466797
45,0.026949,0.755418,15073.670898
46,0.026926,0.764487,15423.085938
47,0.060253,0.520646,15705.871094
48,0.063045,0.509989,15888.898438
49,0.069569,0.450633,16321.462891
50,0.135453,0.527686,16887.167969
51,0.142855,0.452138,17136.705078
52,0.139779,0.436128,17269.804688
53,0.117523,0.551736,17702.417969
54,0.112005,0.506892,17985.228516
55,0.186986,0.522073,18501.029297
56,0.162141,0.508803,18684.019531
57,0.212034,0.714232,19282.970703
58,0.256023,0.502209,19532.550781
59,0.309384,0.484877,19931.921875
60,0.317324,0.487106,20048.296875
61,0.308425,0.419632,20231.312500
62,0.307522,0.393527,20613.976562
63,0.391618,0.477524,21229.562500
64,0.411864,0.508396,21529.052734
65,0.460583,0.479078,22327.644531
66,0.482986,0.471835,22560.593750
67,0.507472,0.457623,22826.812500
68,0.534950,0.471714,23076.376953
69,0.542729,0.478575,23392.431641
70,0.562764,0.447317,23642.011719
71,0.575312,0.404050,23825.064453
72,0.581092,0.383101,23991.484375
73,0.581718,0.336957,24207.738281
74,0.570819,0.436142,24856.576172
0,0.784132,0.448871,1647.259399
1,0.603963,0.257242,3144.536621
2,0.767159,0.228767,3976.497559
3,0.808867,0.211476,4309.271484
4,0.040420,0.499201,5490.494141
5,0.946274,0.482302,5989.627930
6,0.941087,0.470384,6239.142090
7,0.733762,0.536527,7187.463867
8,0.684295,0.476912,7553.548828
9,0.828638,0.472606,7969.484863
10,0.791826,0.700925,8468.574219
11,0.797844,0.675058,8851.258789
12,0.833749,0.498639,9267.202148
13,0.836593,0.515726,9367.066406
14,0.800703,0.470748,9699.802734
15,0.834950,0.476691,10348.728516
16,0.837155,0.488002,10448.500000
17,0.834517,0.446255,11479.984375
18,0.836101,0.446860,12095.658203
19,0.844650,0.444941,12178.767578
20,0.054601,0.441697,13027.277344
21,0.050596,0.442245,13160.395508
22,0.199352,0.419798,13742.717773
23,0.238768,0.377603,13925.763672
24,0.227512,0.372738,14058.890625
25,0.550355,0.489014,16321.557617
26,0.511197,0.532289,16737.486328
27,0.317319,0.448059,17669.156250
28,0.282708,0.370598,18101.738281
29,0.239178,0.358676,18550.949219
30,0.574528,0.376223,19466.029297
31,0.690598,0.360962,19965.148438
32,0.685188,0.366095,20064.974609
33,0.695922,0.499395,20414.353516
34,0.686736,0.598028,20946.753906
35,0.677020,0.141127,21578.978516
36,0.685702,0.044430,22128.039062
37,0.856600,0.029839,22494.046875
38,0.774302,0.059108,22760.251953
39,0.705137,0.111813,23026.447266
40,0.702044,0.089408,23142.945312
41,0.085726,0.067471,23375.847656
42,0.106341,0.064809,24041.347656
43,0.205298,0.049003,24224.414062
0,0.707236,0.473178,349.324982
1,0.788517,0.587422,815.178040
2,0.885094,0.753278,1181.260986
3,0.953362,0.836742,1364.250488
4,0.633562,0.901332,2795.079102
5,0.092841,0.874917,3161.179932
6,0.382611,0.908451,4408.924805
7,0.356676,0.892370,4591.902832
8,0.340097,0.878619,4824.891602
9,0.206542,0.904454,5174.277344
10,0.265017,0.917754,5690.020020
11,0.009086,0.748101,6072.680664
12,0.935664,0.381308,6854.610352
13,0.939360,0.443946,7170.723633
14,0.169800,0.409615,8169.044922
15,0.288568,0.385324,8451.911133
16,0.311393,0.348246,8751.299805
17,0.323713,0.418795,8950.962891
18,0.306070,0.461788,9233.908203
19,0.400487,0.447918,9616.497070
20,0.420445,0.465044,9816.141602
21,0.415341,0.460231,9999.202148
22,0.454388,0.432522,10282.048828
23,0.446224,0.431600,10431.726562
24,0.451167,0.341385,10764.450195
25,0.360019,0.365620,11097.219727
26,0.326959,0.377806,11313.565430
27,0.176709,0.382264,12012.269531
28,0.182368,0.374259,12095.523438
29,0.222739,0.346019,12278.476562
30,0.116093,0.420518,12594.657227
31,0.081374,0.448743,12761.041016
32,0.997571,0.411893,13276.745117
33,0.964122,0.434462,13426.569336
34,0.917773,0.466824,13642.786133
35,0.649065,0.403082,14840.688477
36,0.656308,0.397593,14957.133789
37,0.607587,0.390217,15206.723633
38,0.625114,0.399075,15439.607422
39,0.535470,0.373121,15689.187500
40,0.529402,0.209210,16271.503906
41,0.508177,0.403798,16587.615234
42,0.592225,0.514808,16853.818359
43,0.595518,0.534371,17169.960938
44,0.614199,0.496996,17402.878906
45,0.700685,0.429764,17718.984375
46,0.680553,0.449152,17951.921875
47,0.517719,0.363286,18367.869141
48,0.496396,0.420718,18584.148438
49,0.530850,0.534529,18900.281250
50,0.562519,0.659586,19166.474609
51,0.594851,0.713370,19382.734375
52,0.597663,0.698157,19599.056641
53,0.527486,0.369901,20064.884766
54,0.480222,0.415318,20297.785156
55,0.396754,0.481573,20514.117188
56,0.385623,0.467665,20830.207031
57,0.393410,0.446331,20979.958984
58,0.425915,0.416508,21196.242188
59,0.489710,0.355972,21462.464844
60,0.533916,0.388327,21678.712891
61,0.563692,0.304671,21994.833984
62,0.572970,0.225169,22194.531250
63,0.617340,0.484294,22676.966797
64,0.622261,0.492019,23009.734375
65,0.717818,0.440055,24257.572266
66,0.700737,0.439679,24956.345703
0,0.747522,0.479298,266.172180
1,0.707256,0.533915,515.737061
2,0.604225,0.526614,865.080017
3,0.608536,0.520691,948.326111
4,0.600041,0.500322,1064.748291
5,0.539602,0.459672,1314.343262
6,0.555893,0.358617,1580.558105
7,0.563863,0.311824,1796.819092
8,0.625619,0.388972,2146.220703
9,0.630490,0.500735,2329.261475
10,0.625784,0.493309,2612.045410
11,0.627344,0.491570,2811.681885
12,0.903130,0.512663,3993.054688
13,0.775443,0.555702,4392.337891
14,0.781256,0.556760,4525.424805
15,0.781666,0.534356,4774.989258
16,0.051200,0.791847,5756.654785
17,0.107857,0.837202,6072.729004
18,0.137805,0.839909,6305.567383
19,0.140248,0.905697,6488.632812
20,0.181521,0.926614,6671.627930
21,0.212333,0.933895,6971.097168
22,0.131528,0.901540,7320.489746
23,0.072247,0.468397,7985.985840
24,0.024360,0.487518,8168.985352
25,0.934927,0.504174,8435.291992
26,0.937253,0.511829,9167.292969
27,0.206677,0.493210,10148.892578
28,0.321100,0.502855,10747.834961
29,0.196110,0.695340,11064.004883
30,0.280335,0.429173,11696.166016
31,0.327317,0.400266,11879.163086
32,0.257294,0.469203,12261.866211
33,0.205265,0.455338,12494.859375
34,0.827777,0.501049,13759.228516
35,0.796074,0.502505,14058.752930
36,0.755876,0.516404,14324.970703
37,0.701717,0.513877,14541.169922
38,0.685032,0.487173,14790.812500
39,0.653993,0.589368,15090.278320
40,0.614675,0.257089,15938.861328
41,0.623310,0.235636,16071.942383
42,0.555491,0.302776,16371.313477
43,0.544624,0.331082,16604.236328
44,0.425088,0.413015,16920.396484
45,0.419095,0.457886,17186.570312
46,0.402791,0.466347,17486.158203
47,0.684105,0.211756,18417.820312
48,0.691248,0.151796,18667.343750
49,0.767071,0.205401,19183.146484
50,0.798765,0.227067,19382.771484
51,0.812857,0.267278,19599.019531
52,0.789482,0.272463,20197.978516
53,0.778119,0.287772,20414.308594
54,0.665580,0.344724,21046.501953
55,0.561740,0.381796,21495.732422
56,0.551383,0.363498,21662.123047
57,0.547252,0.373693,22144.560547
58,0.614783,0.491971,23176.130859
59,0.713950,0.534787,23758.417969
60,0.753221,0.470978,24041.261719
61,0.784599,0.465585,24473.875000
0,0.729319,0.594648,316.069916
1,0.757550,0.688355,848.458191
2,0.761212,0.734398,1048.116943
3,0.778363,0.868872,1430.828125
4,0.827899,0.863727,1763.496582
5,0.838266,0.884925,1880.010742
6,0.109771,0.966198,2312.597412
7,0.203020,0.948958,2612.088135
8,0.056368,0.930076,2944.771973
9,0.157728,0.913966,3211.013428
10,0.182734,0.886219,3543.746826
11,0.826287,0.963042,4209.258301
12,0.272630,0.951994,5057.753418
13,0.197202,0.934143,5274.059570
14,0.155006,0.918560,5507.040527
15,0.145400,0.934099,5673.393066
16,0.712423,0.830445,5989.437988
17,0.702399,0.811072,6189.103027
18,0.690769,0.835710,6288.954102
19,0.866428,0.988525,6555.159180
20,0.380147,0.954308,7037.661621
21,0.365991,0.955698,7436.906738
22,0.621167,0.890172,8185.645020
23,0.010414,0.991984,8801.233398
24,0.963022,0.946594,9133.939453
25,0.261250,0.982034,9583.273438
26,0.983519,0.952753,10598.081055
27,0.736729,0.834955,10814.379883
28,0.690163,0.741186,11147.083984
29,0.685270,0.595611,11563.029297
30,0.648774,0.482400,11962.336914
31,0.666453,0.460402,12228.543945
32,0.604843,0.464042,12561.366211
33,0.520229,0.455867,13027.140625
34,0.551923,0.606642,13309.972656
35,0.562792,0.602983,13842.383789
36,0.570864,0.495448,14291.668945
37,0.586208,0.487686,14441.374023
38,0.577628,0.334528,14740.847656
39,0.576862,0.275746,14957.143555
40,0.569122,0.288950,15173.448242
41,0.569984,0.297070,15373.129883
42,0.600385,0.537850,16387.974609
43,0.392107,0.571410,16887.101562
44,0.397242,0.571896,16986.937500
45,0.401718,0.566095,17103.353516
46,0.319484,0.540911,17452.794922
47,0.270858,0.528492,17985.191406
48,0.410174,0.664820,19282.937500
49,0.460447,0.519250,19615.640625
50,0.482478,0.497842,20081.480469
51,0.498440,0.486552,20214.576172
52,0.484643,0.483666,20447.505859
53,0.384841,0.640833,20730.382812
54,0.173055,0.563611,21429.132812
55,0.191446,0.707008,21662.070312
56,0.111861,0.558316,21944.916016
57,0.107871,0.528811,22211.123047
58,0.041899,0.521930,23026.337891
59,0.014155,0.524335,23209.404297
60,0.024583,0.519239,23375.826172
61,0.172437,0.507429,23974.687500
62,0.173445,0.509978,24124.425781
63,0.243611,0.516679,24390.636719
0,0.783883,0.505858,16.667315
1,0.758240,0.523055,249.575241
2,0.034491,0.988791,1147.967529
3,0.720317,0.756271,3094.572266
4,0.688777,0.614385,3277.657715
5,0.695519,0.442555,3959.812012
6,0.543833,0.440338,4508.772949
7,0.554372,0.457004,4741.764160
8,0.559811,0.480717,4974.589844
9,0.522851,0.475017,5190.944336
10,0.584644,0.612095,5989.549805
11,0.548068,0.376097,6455.363281
12,0.563581,0.336800,6654.987793
13,0.827249,0.454306,7703.185059
14,0.843034,0.448695,7936.084473
15,0.918060,0.435696,8385.421875
16,0.950057,0.430708,8585.005859
17,0.950632,0.432709,8917.800781
18,0.978177,0.740134,9433.538086
19,0.964007,0.786625,9583.250977
20,0.954769,0.779045,9699.706055
21,0.064515,0.806611,10598.193359
22,0.061704,0.798690,10947.511719
23,0.017252,0.299749,11945.790039
24,0.139124,0.400304,12528.178711
25,0.132598,0.347575,12727.802734
26,0.224050,0.385799,13393.243164
27,0.244389,0.380914,13576.285156
28,0.228209,0.368941,14258.374023
29,0.205859,0.357954,14524.564453
30,0.245320,0.337381,14890.622070
31,0.243221,0.346610,15106.903320
32,0.292409,0.289108,15772.448242
33,0.268084,0.244214,15955.416992
34,0.318713,0.331547,16205.012695
35,0.313064,0.333131,16288.218750
36,0.057998,0.506221,17003.623047
37,0.928151,0.449950,17785.576172
38,0.867900,0.479374,18101.708984
39,0.864160,0.760575,18550.919922
40,0.788594,0.499187,19099.972656
41,0.788281,0.434100,19898.552734
42,0.677100,0.524830,20331.130859
43,0.674916,0.497231,20730.460938
44,0.602647,0.495100,21029.890625
45,0.545593,0.466975,21612.248047
46,0.547782,0.453066,21895.017578
47,0.534825,0.583354,22227.765625
48,0.504055,0.548720,22693.638672
49,0.479486,0.538387,22926.638672
50,0.554374,0.506894,23275.947266
51,0.529791,0.499895,23874.904297
52,0.477318,0.541691,24274.238281
53,0.549006,0.496115,24989.619141
0,0.762404,0.327407,66.624054
1,0.728680,0.574016,665.591431
2,0.608331,0.465538,1613.988281
3,0.572139,0.417562,1830.148682
4,0.546442,0.401295,2013.215576
5,0.545039,0.294471,2279.497803
6,0.545088,0.258084,2578.918701
7,0.511688,0.409144,2961.552002
8,0.515589,0.419283,3061.377930
9,0.568401,0.278618,3277.667969
10,0.570207,0.280385,3643.677002
11,0.573766,0.388815,3909.855713
12,0.572424,0.474773,4159.481445
13,0.637476,0.512474,4408.999512
14,0.636491,0.519680,4658.573242
15,0.604205,0.511802,5041.223145
16,0.625652,0.481267,5224.256836
17,0.589426,0.484588,5523.712402
18,0.684289,0.496576,5773.276367
19,0.733697,0.514946,6106.033691
20,0.741352,0.554843,6338.953125
21,0.783598,0.548267,6721.605469
22,0.841279,0.543939,7204.116699
23,0.920659,0.516554,7686.601074
24,0.957451,0.518540,8002.749512
25,0.976788,0.539751,8268.922852
26,0.979306,0.521632,8485.236328
27,0.070202,0.533977,9267.180664
28,0.336779,0.456871,10731.281250
29,0.238080,0.785605,11247.067383
30,0.231998,0.855604,12162.126953
31,0.144058,0.882495,12345.138672
32,0.127160,0.893298,12511.499023
33,0.140754,0.882298,12627.958008
34,0.066618,0.876394,12927.486328
35,0.099600,0.955578,13127.097656
36,0.253894,0.934135,14557.931641
37,0.049186,0.772995,15539.543945
38,0.029703,0.714499,15855.646484
39,0.020340,0.795373,16254.951172
40,0.029252,0.769019,16371.450195
41,0.129697,0.399583,16754.076172
42,0.129363,0.413837,17386.324219
43,0.333076,0.441967,18617.496094
44,0.260829,0.477814,18800.511719
45,0.257914,0.493861,19000.148438
46,0.255092,0.437871,19249.750000
47,0.325380,0.434207,19582.486328
48,0.261789,0.453270,20264.625000
49,0.242438,0.437475,20464.289062
50,0.247487,0.445261,20647.287109
51,0.218425,0.459557,20797.007812
52,0.161859,0.449189,21096.509766
53,0.118966,0.406673,21312.818359
54,0.115443,0.403145,21462.517578
55,0.091553,0.455367,21762.000000
56,0.035707,0.512934,22011.599609
57,0.948917,0.456847,22726.990234
58,0.944320,0.488626,22943.279297
59,0.950530,0.478344,23093.007812
60,0.930556,0.442519,23292.681641
61,0.907262,0.451738,23475.681641
62,0.876528,0.472094,23708.589844
63,0.830169,0.485811,23874.994141
64,0.795989,0.507622,24107.906250
65,0.800359,0.541951,24956.433594
0,0.759661,0.545537,416.011688
1,0.934736,0.490013,1131.397949
2,0.972621,0.497386,1331.074707
3,0.978005,0.475335,2013.225098
4,0.890845,0.405684,2628.786865
5,0.812534,0.417985,2828.444336
6,0.559731,0.457341,3327.565186
7,0.519379,0.416496,3577.204102
8,0.454431,0.407173,3843.339111
9,0.417711,0.740631,4359.143555
10,0.421047,0.753906,4475.614746
11,0.379666,0.896378,4641.916504
12,0.640381,0.422762,5407.284180
13,0.618715,0.428522,5690.141602
14,0.677908,0.429230,6555.254883
15,0.725093,0.536891,6987.832031
16,0.726458,0.557093,7104.289062
17,0.704521,0.499273,7387.155762
18,0.707793,0.442027,7686.625977
19,0.783828,0.473306,8069.276367
20,0.778688,0.475379,8352.104492
21,0.832289,0.525857,8651.607422
22,0.954054,0.307756,9799.603516
23,0.866115,0.277376,10548.264648
24,0.870019,0.256047,10664.728516
25,0.851408,0.237898,10831.117188
26,0.640135,0.408731,11496.631836
27,0.547784,0.243212,12195.407227
28,0.611751,0.200409,12444.959961
29,0.639231,0.279374,12694.545898
30,0.622212,0.502305,12977.377930
31,0.621404,0.522871,13177.034180
32,0.667657,0.701927,13426.579102
33,0.773292,0.732329,13692.781250
34,0.666509,0.418406,13975.655273
35,0.689162,0.361521,14158.634766
36,0.752778,0.408666,15057.085938
37,0.756637,0.685895,15539.571289
38,0.741604,0.562289,16471.269531
39,0.741135,0.561054,17735.705078
40,0.742605,0.551384,18484.406250
41,0.728058,0.490577,18783.888672
42,0.731879,0.476625,19233.091797
43,0.728630,0.463378,19665.693359
44,0.726699,0.462866,20281.259766
45,0.725428,0.474655,20514.183594
46,0.736383,0.483361,21013.322266
47,0.733224,0.472364,21362.716797
48,0.770571,0.453163,22094.777344
49,0.884593,0.449189,22793.556641
50,0.878817,0.463132,22926.644531
51,0.870925,0.401429,23309.308594
52,0.871366,0.356187,23525.603516
53,0.891653,0.237290,23758.544922
54,0.904842,0.218550,24057.998047
0,0.725326,0.479220,316.172668
1,0.776369,0.464813,648.859863
2,0.737034,0.595915,1048.205078
3,0.591663,0.520163,1530.713989
4,0.591495,0.502854,1613.921021
5,0.551684,0.526851,1880.077148
6,0.536558,0.432875,2096.413818
7,0.515713,0.393737,2345.874023
8,0.520707,0.512448,3127.871094
9,0.541342,0.636089,3410.743164
10,0.549716,0.796291,3627.009033
11,0.527067,0.820028,3859.920410
12,0.845785,0.954128,4359.061523
13,0.827892,0.959575,4442.242676
14,0.915380,0.923473,4758.386230
15,0.932235,0.889307,5007.910645
16,0.961624,0.888575,5140.999023
17,0.976348,0.865752,5423.864746
18,0.066723,0.876946,5889.692871
19,0.080984,0.869015,6438.746094
20,0.956168,0.869780,6887.989258
21,0.153977,0.904097,7370.447266
22,0.161096,0.946014,7736.491211
23,0.551073,0.980933,7986.040527
24,0.534546,0.928938,8185.704590
25,0.442976,0.909318,8867.813477
26,0.367558,0.966647,9333.692383
27,0.300523,0.932140,9716.385742
28,0.408775,0.917078,9999.210938
29,0.402180,0.927441,10132.281250
30,0.369315,0.930771,10331.932617
31,0.253010,0.888187,11030.707031
32,0.251960,0.884664,11246.991211
33,0.206475,0.878400,11613.041016
34,0.168105,0.893107,11779.460938
35,0.060473,0.814512,12278.543945
36,0.036935,0.789595,12511.455078
37,0.108169,0.930035,12777.660156
38,0.763140,0.993168,13077.125977
39,0.035288,0.530471,13659.458008
40,0.035757,0.407265,13942.320312
41,0.028126,0.412169,14075.396484
42,0.922305,0.410040,14424.789062
43,0.997002,0.364672,14940.553711
44,0.883453,0.442476,16354.761719
45,0.887920,0.436200,16537.746094
46,0.914328,0.421083,16853.875000
47,0.817029,0.342671,17452.839844
48,0.776452,0.375824,17752.296875
49,0.753784,0.541977,18068.419922
50,0.757428,0.530879,18151.617188
51,0.764697,0.498278,18351.248047
52,0.662373,0.477262,19066.708984
53,0.622550,0.462754,19765.462891
54,0.601826,0.476879,19998.380859
55,0.590556,0.227900,21196.271484
56,0.512793,0.263865,21811.916016
57,0.627613,0.323807,22327.636719
58,0.496077,0.453374,22494.041016
59,0.464687,0.439192,22926.640625
60,0.415856,0.455249,23525.552734
61,0.422443,0.455720,23658.646484
62,0.424955,0.438108,24973.009766
0,0.758724,0.514935,449.258789
1,0.824973,0.563950,665.520569
2,0.729583,0.568133,998.287842
3,0.635228,0.440184,1746.996216
4,0.640311,0.416109,1913.322144
5,0.631921,0.660077,2279.459229
6,0.727636,0.572771,2811.743408
7,0.731294,0.562573,2978.125488
8,0.732659,0.535508,3211.053711
9,0.673252,0.498244,3543.809814
10,0.646796,0.508282,3843.294678
11,0.694105,0.448980,4109.479004
12,0.679759,0.402238,4542.066895
13,0.667474,0.551714,4924.707520
14,0.729103,0.549075,5190.906250
15,0.695412,0.546206,5773.229004
16,0.677936,0.523190,6072.729980
17,0.700618,0.469556,6388.844238
18,0.729830,0.525883,6771.510742
19,0.600447,0.498680,7636.676270
20,0.545225,0.475580,8019.354004
21,0.525954,0.307700,8235.617188
22,0.524288,0.289411,8335.412109
23,0.506879,0.529150,9749.612305
24,0.534675,0.482114,10165.564453
25,0.461998,0.596442,10697.960938
26,0.399891,0.473532,11280.284180
27,0.382709,0.572090,11446.662109
28,0.357417,0.692089,12777.671875
29,0.214098,0.554153,13193.625000
30,0.169991,0.599586,13443.172852
31,0.115155,0.578669,13859.125000
32,0.051088,0.549589,14907.265625
33,0.038285,0.581738,15057.037109
34,0.012538,0.556741,15506.240234
35,0.013484,0.551395,15655.992188
36,0.027056,0.429412,15888.885742
37,0.527338,0.971652,17835.486328
38,0.992659,0.980667,18134.976562
39,0.061370,0.820161,18451.087891
40,0.024198,0.695362,18650.742188
41,0.025646,0.681884,18783.855469
42,0.054048,0.731961,19133.251953
43,0.109665,0.841129,19382.808594
44,0.952495,0.458279,20647.250000
45,0.903145,0.418732,20896.816406
46,0.979701,0.529751,21113.119141
47,0.975879,0.524586,21212.939453
48,0.054134,0.683642,21346.027344
49,0.069322,0.743335,21578.945312
50,0.049637,0.458276,21878.433594
51,0.096707,0.507779,22044.808594
52,0.181433,0.495861,23059.689453
53,0.153050,0.344682,23325.896484
54,0.231733,0.461705,23608.738281
55,0.261890,0.424713,23924.863281
56,0.277859,0.486669,24573.716797
57,0.252581,0.410294,24839.906250
0,0.554939,0.361310,1197.895996
1,0.632253,0.422691,1580.592285
2,0.795723,0.503282,2895.007812
3,0.795461,0.538275,3294.271484
4,0.794678,0.484838,3776.816650
5,0.965661,0.474103,4192.653320
6,0.142505,0.936774,5440.571289
7,0.623598,0.956200,5640.231934
8,0.511437,0.916835,5989.614746
9,0.467379,0.914417,6155.961914
10,0.308680,0.933803,6522.010254
11,0.954685,0.905053,7204.065918
12,0.611624,0.917963,7553.460938
13,0.591991,0.870509,7753.094727
14,0.595383,0.864253,7886.205566
15,0.109848,0.904303,8152.402344
16,0.005093,0.808497,8485.212891
17,0.092629,0.824859,8701.480469
18,0.089848,0.988922,8951.073242
19,0.497789,0.959527,9366.945312
20,0.367223,0.910882,9583.279297
21,0.358622,0.905888,9999.227539
22,0.375089,0.875842,10248.804688
23,0.759229,0.886556,10631.443359
24,0.896560,0.877896,10847.694336
25,0.058914,0.444058,12062.247070
26,0.293423,0.284291,13210.242188
27,0.292371,0.294328,13493.134766
28,0.314663,0.447838,13775.922852
29,0.372824,0.459358,14125.311523
30,0.373573,0.461069,14225.134766
31,0.359993,0.466106,14491.376953
32,0.359356,0.550169,14674.356445
33,0.157342,0.449752,15323.252930
34,0.153127,0.409496,15556.165039
35,0.115712,0.444545,15805.703125
36,0.125371,0.450472,16055.343750
37,0.048265,0.409831,16903.800781
38,0.053473,0.409605,17003.611328
39,0.925068,0.418745,17536.001953
40,0.899862,0.416560,17719.113281
41,0.808862,0.462059,18035.226562
42,0.775787,0.490523,18301.371094
43,0.709803,0.505626,18733.937500
44,0.675075,0.425319,19000.158203
45,0.636176,0.458949,19199.849609
46,0.601505,0.439128,19416.105469
47,0.576765,0.447151,19715.615234
48,0.611552,0.426793,19915.197266
49,0.566310,0.412137,20181.414062
50,0.618672,0.425056,20397.689453
51,0.620772,0.427505,20514.207031
52,0.437373,0.449899,21595.634766
53,0.525663,0.252308,21828.568359
54,0.574661,0.250337,22211.193359
55,0.544328,0.201468,22593.837891
56,0.483183,0.149455,23359.212891
57,0.608708,0.549833,23891.652344
58,0.637437,0.479300,24357.441406
59,0.725555,0.677498,24573.830078
0,0.787091,0.502215,416.035126
1,0.796949,0.499708,782.046204
2,0.804028,0.517576,1297.880127
3,0.746465,0.608485,1830.198242
4,0.659431,0.552408,2129.661621
5,0.649594,0.517093,2429.169678
6,0.596050,0.513284,2678.689453
7,0.516710,0.424522,3244.441162
8,0.555612,0.358254,3627.098389
9,0.496547,0.501478,3926.570557
10,0.467623,0.481536,4176.123047
11,0.401307,0.504972,4409.070312
12,0.377406,0.564310,4858.254395
13,0.292029,0.517865,5573.638184
14,0.298540,0.537378,5706.729980
15,0.282276,0.491473,5873.214355
16,0.204423,0.405788,6239.136230
17,0.210737,0.436586,6422.237793
18,0.259606,0.421229,6621.814941
19,0.271034,0.471748,6904.685547
20,0.268349,0.482621,7037.741699
21,0.227836,0.477808,7370.540527
22,0.177172,0.417486,8185.730957
23,0.150846,0.515111,8684.880859
24,0.164696,0.481037,8917.793945
25,0.116729,0.560457,9234.008789
26,0.111019,0.559638,9516.786133
27,0.071254,0.533430,9716.460938
28,0.027952,0.512672,10049.256836
29,0.028888,0.486526,10232.209961
30,0.959728,0.521410,10564.906250
31,0.932173,0.531656,10797.852539
32,0.933970,0.515620,11080.804688
33,0.924562,0.415018,11396.870117
34,0.861187,0.493533,11796.163086
35,0.823067,0.496987,12295.273438
36,0.779834,0.554223,12661.330078
37,0.821226,0.531998,13243.596680
38,0.933732,0.488441,13509.778320
39,0.962847,0.508178,13726.110352
40,0.012042,0.280626,14391.688477
41,0.000370,0.269199,14524.789062
42,0.101848,0.425239,14691.044922
43,0.114862,0.334055,14857.476562
44,0.125886,0.451426,15190.200195
45,0.214983,0.479535,15589.519531
46,0.254888,0.416042,15922.267578
47,0.308493,0.434623,16271.626953
48,0.331800,0.453182,16604.417969
49,0.369287,0.435513,16820.748047
50,0.370953,0.459385,16970.466797
51,0.423205,0.457457,17203.306641
52,0.440032,0.594885,17536.072266
53,0.492346,0.643387,17735.753906
54,0.532943,0.673646,18001.923828
55,0.583534,0.692909,18284.855469
56,0.651199,0.680185,18584.246094
57,0.693339,0.700000,18933.638672
58,0.733061,0.655292,19316.287109
59,0.726944,0.657720,19432.865234
60,0.785241,0.708364,19615.796875
61,0.811143,0.684961,20048.337891
62,0.860035,0.731347,20314.574219
63,0.897596,0.755116,20564.208984
64,0.909255,0.519591,21113.210938
65,0.904587,0.506104,21246.382812
66,0.865011,0.465034,21445.958984
67,0.729053,0.494848,22144.720703
68,0.658577,0.540822,22327.738281
69,0.628353,0.554461,22627.162109
70,0.617772,0.535783,22810.207031
71,0.609291,0.565641,23292.681641
72,0.621630,0.549699,23525.697266
73,0.708153,0.492832,23758.525391
74,0.724360,0.511849,24307.591797
0,0.752601,0.676783,382.653412
1,0.605087,0.486520,2828.393311
2,0.561876,0.502329,3011.349609
3,0.545351,0.479878,3194.412842
4,0.601363,0.331641,3843.266113
5,0.642438,0.327821,4009.683350
6,0.513171,0.249392,4292.455566
7,0.480039,0.280698,4492.125488
8,0.557353,0.392910,4824.863770
9,0.436225,0.530589,5789.865234
10,0.300104,0.500418,6538.533203
11,0.258368,0.559883,6854.684570
12,0.622510,0.439784,7586.715332
13,0.615006,0.406093,7819.677246
14,0.834630,0.535854,9000.939453
15,0.826144,0.524886,9117.396484
16,0.975623,0.447439,10215.482422
17,0.959753,0.441588,10498.384766
18,0.982744,0.448558,10697.952148
19,0.061882,0.459224,11396.754883
20,0.054367,0.446470,11496.582031
21,0.252344,0.477109,14275.070312
22,0.126795,0.332088,14890.660156
23,0.100042,0.317670,15057.015625
24,0.012127,0.437890,15439.632812
25,0.004477,0.537323,15672.671875
26,0.034737,0.443935,16903.816406
27,0.026822,0.827911,17519.353516
28,0.095357,0.893761,17818.906250
29,0.001833,0.899221,18251.419922
30,0.408080,0.961350,18484.371094
31,0.114313,0.909730,18800.476562
32,0.961130,0.455911,19532.531250
33,0.943412,0.469658,19682.271484
34,0.826710,0.329276,21395.898438
35,0.820941,0.321048,21562.281250
36,0.740244,0.353724,21961.642578
37,0.717496,0.296916,22294.318359
38,0.736037,0.301574,22543.912109
39,0.644153,0.337090,22993.179688
40,0.717341,0.336940,23242.730469
41,0.676098,0.210331,23575.441406
42,0.653042,0.146289,23791.798828
43,0.722343,0.519650,24074.660156
0,0.755789,0.557381,216.311722
1,0.724965,0.532384,482.540894
2,0.809140,0.512528,964.981140
3,0.808814,0.456874,1214.504639
4,0.791573,0.522038,1480.697998
5,0.793554,0.546096,1813.464722
6,0.788060,0.518140,2462.367188
7,0.873100,0.488435,3161.123779
8,0.909945,0.481291,3427.332275
9,0.967368,0.500163,3826.629639
10,0.963363,0.512394,4159.382812
11,0.997960,0.494360,4342.460449
12,0.058253,0.484823,4658.549316
13,0.054506,0.514586,4924.682129
14,0.090922,0.476660,5307.362305
15,0.144444,0.458197,5623.505859
16,0.144954,0.427639,5806.531738
17,0.130758,0.432883,6022.762207
18,0.186802,0.476515,6372.255371
19,0.228174,0.522361,6721.541992
20,0.247194,0.678807,6937.895508
21,0.226562,0.672588,7154.125977
22,0.217125,0.671924,7403.731934
23,0.837171,0.494694,8684.838867
24,0.701954,0.519407,9283.780273
25,0.650709,0.517025,9566.601562
26,0.607413,0.510776,9732.988281
27,0.609579,0.504725,9999.195312
28,0.610368,0.496099,10148.887695
29,0.539560,0.491550,10381.849609
30,0.534984,0.472298,10698.010742
31,0.560269,0.371879,10897.640625
32,0.557358,0.320792,11113.961914
33,0.552631,0.276007,11513.191406
34,0.392849,0.478443,12245.283203
35,0.286400,0.474315,12927.362305
36,0.264618,0.475272,13110.396484
37,0.294100,0.390612,13409.935547
38,0.383697,0.501446,13759.333008
39,0.374915,0.498343,13942.327148
40,0.424215,0.500078,14241.732422
41,0.612956,0.523800,15223.435547
42,0.595125,0.508788,15556.171875
43,0.622044,0.494737,15955.434570
44,0.649611,0.530591,16620.958984
45,0.614555,0.577282,16953.695312
46,0.666024,0.562115,17402.925781
47,0.684259,0.530260,17585.943359
48,0.679106,0.528966,17868.742188
49,0.731871,0.515132,18068.380859
50,0.727531,0.521808,18334.593750
51,0.723335,0.478242,18617.488281
52,0.735945,0.474398,18867.001953
53,0.697672,0.484581,19249.683594
54,0.724011,0.479979,19549.140625
55,0.805024,0.510773,19798.710938
56,0.811834,0.521390,19965.115234
57,0.795191,0.529774,20114.826172
58,0.791015,0.546815,20497.585938
59,0.770974,0.507795,20797.000000
60,0.839955,0.502443,21229.529297
61,0.879606,0.500738,21512.402344
62,0.898228,0.500082,22061.513672
63,0.905118,0.539275,22460.777344
64,0.959524,0.508545,22726.923828
65,0.947152,0.516752,23442.328125
66,0.969267,0.505589,23625.382812
67,0.983539,0.530595,23791.796875
68,0.003337,0.501297,24008.044922
69,0.026414,0.502655,24324.177734
0,0.766388,0.488919,232.902847
1,0.789568,0.478719,582.385986
2,0.801002,0.477897,715.425476
3,0.798027,0.469283,1031.545776
4,0.758032,0.856604,1347.670776
5,0.026028,0.882810,1763.630981
6,0.976877,0.854409,2129.644775
7,0.751176,0.450183,4259.211914
8,0.953565,0.465954,5224.170898
9,0.013127,0.420967,5590.203613
10,0.029624,0.418779,5706.694824
11,0.031086,0.432030,5839.826172
12,0.042123,0.373795,6289.036621
13,0.600698,0.515527,7686.551270
14,0.477925,0.396064,8318.815430
15,0.388569,0.457280,8834.539062
16,0.351905,0.460583,9017.580078
17,0.279562,0.437908,9466.836914
18,0.205462,0.455049,9916.005859
19,0.189498,0.436945,10099.027344
20,0.186897,0.698251,10348.606445
21,0.189730,0.736229,10498.330078
22,0.158782,0.466290,10714.581055
23,0.156633,0.409879,10881.014648
24,0.572791,0.448238,11629.745117
25,0.608425,0.442038,11812.676758
26,0.642073,0.413988,12112.177734
27,0.593709,0.417190,12744.448242
28,0.632954,0.432393,13559.685547
29,0.614579,0.402628,13859.115234
30,0.640051,0.395187,14042.198242
31,0.678730,0.406838,14890.629883
32,0.644862,0.405580,15057.037109
33,0.750441,0.445009,15323.247070
34,0.419270,0.381579,17186.667969
35,0.458941,0.481066,18983.529297
36,0.461691,0.464312,19083.392578
37,0.507683,0.455792,19282.976562
38,0.522319,0.424638,19549.177734
39,0.550256,0.458878,19815.410156
40,0.561443,0.428540,20048.287109
41,0.577455,0.444953,20347.853516
42,0.619540,0.407109,20613.982422
43,0.620095,0.409626,20880.261719
44,0.670095,0.400503,21229.648438
45,0.714729,0.477238,21612.228516
46,0.715425,0.464309,21712.025391
47,0.748305,0.503640,22028.224609
48,0.864787,0.445567,23092.978516
49,0.884404,0.416585,23409.068359
50,0.882256,0.404374,23492.294922
51,0.547337,0.628596,24973.046875
0,0.757020,0.471783,83.076439
1,0.746441,0.498242,365.939392
2,0.627464,0.501305,998.171143
3,0.595826,0.484100,1281.003540
4,0.598582,0.480147,1380.784302
5,0.534639,0.281375,1913.224487
6,0.505648,0.461756,2329.174072
7,0.435760,0.547969,2661.937500
8,0.431346,0.596723,2878.171875
9,0.044992,0.950943,3992.916748
10,0.228510,0.946175,4209.286621
11,0.245161,0.954429,4425.496094
12,0.920138,0.972003,4591.890625
13,0.067069,0.987074,4824.825195
14,0.858547,0.928839,5190.842285
15,0.709636,0.975228,5506.958008
16,0.825616,0.860459,5839.716309
17,0.885997,0.648380,6155.867676
18,0.897739,0.512191,6405.384277
19,0.018548,0.798553,7020.948242
20,0.041593,0.486413,7586.628906
21,0.092583,0.459372,7802.947266
22,0.130729,0.476045,8002.583496
23,0.212013,0.436486,8352.011719
24,0.236841,0.461452,8634.833984
25,0.306013,0.453915,8950.983398
26,0.218670,0.448087,9267.038086
27,0.137902,0.501855,9483.299805
28,0.102063,0.516340,9732.888672
29,0.025602,0.510690,10032.393555
30,0.992847,0.517460,10348.534180
31,0.925654,0.511726,10747.791992
32,0.881881,0.509186,11013.968750
33,0.874797,0.507280,11213.693359
34,0.862011,0.488645,11413.268555
35,0.823914,0.519065,11696.211914
36,0.821683,0.507417,11845.936523
37,0.679316,0.512481,12428.251953
38,0.652183,0.527012,12644.504883
39,0.602670,0.530280,12977.209961
40,0.601092,0.511719,13110.293945
41,0.519810,0.475023,13376.520508
42,0.526606,0.347283,13642.727539
43,0.505043,0.444832,13958.833008
44,0.458018,0.466101,14341.505859
45,0.414321,0.491405,14507.855469
46,0.338269,0.511496,14840.703125
47,0.289945,0.502051,15106.841797
48,0.260757,0.466065,15389.682617
49,0.273658,0.406733,15639.209961
50,0.278856,0.527140,15905.418945
51,0.623739,0.500717,17253.072266
52,0.703652,0.484256,17669.029297
53,0.755941,0.461765,17835.451172
54,0.755275,0.469067,17935.263672
55,0.793915,0.482463,18367.832031
56,0.795145,0.537354,18600.701172
57,0.849759,0.498421,19532.400391
58,0.898891,0.488155,19848.574219
59,0.951102,0.481366,20181.326172
60,0.947112,0.443194,20480.771484
61,0.897478,0.318554,20763.591797
62,0.901041,0.292729,21013.201172
63,0.926161,0.098773,21728.632812
64,0.894545,0.148519,22427.423828
65,0.887129,0.184213,22826.667969
66,0.891858,0.170856,23309.167969
67,0.926500,0.122717,23874.886719
68,0.897858,0.123555,24357.339844
0,0.764117,0.582496,49.905117
1,0.743776,0.538032,183.031433
2,0.769234,0.528324,715.388000
3,0.768859,0.524403,815.258484
4,0.548206,0.404364,1663.751709
5,0.549707,0.396163,1813.484863
6,0.522207,0.467711,2029.868652
7,0.479932,0.487087,2345.953857
8,0.409875,0.448943,3061.351074
9,0.604173,0.458549,3760.184570
10,0.786636,0.485141,5839.863281
11,0.047631,0.474361,6754.836914
12,0.917629,0.497704,7204.151855
13,0.926373,0.502946,7453.677734
14,0.945721,0.504460,7603.393555
15,0.428241,0.856596,9516.674805
16,0.550774,0.979638,9816.217773
17,0.467813,0.973790,9949.371094
18,0.973192,0.919146,10348.570312
19,0.952909,0.906974,10564.873047
20,0.246147,0.978105,10831.104492
21,0.790349,0.987931,11180.508789
22,0.068125,0.917738,11496.687500
23,0.966111,0.849641,11945.820312
24,0.324049,0.067807,13326.767578
25,0.525597,0.303788,15955.467773
26,0.531583,0.231567,16288.203125
27,0.526884,0.226320,16554.457031
28,0.520997,0.236670,16654.212891
29,0.534242,0.391817,17186.625000
30,0.421110,0.522326,17602.574219
31,0.489145,0.528909,17902.041016
32,0.118846,0.495051,19199.783203
33,0.048771,0.524095,19482.642578
34,0.052084,0.517927,19582.437500
35,0.011075,0.520353,19948.460938
36,0.022017,0.527614,20231.302734
37,0.126175,0.592804,20497.498047
38,0.096329,0.485355,20863.529297
39,0.020341,0.511777,21079.832031
40,0.014192,0.476548,21312.751953
41,0.016949,0.483299,21645.501953
42,0.999137,0.475680,21895.068359
43,0.959179,0.493431,22194.525391
44,0.897532,0.629255,23126.271484
45,0.776461,0.542052,23592.095703
46,0.762808,0.509268,24257.603516
47,0.669541,0.498122,24973.011719
0,0.722642,0.568340,366.024078
1,0.645314,0.513949,748.639038
2,0.594041,0.514542,1014.882568
3,0.527615,0.497399,1380.938477
4,0.688065,0.865710,2212.747070
5,0.775380,0.951530,2645.348877
6,0.570620,0.960800,2778.499268
7,0.351510,0.963250,3094.546387
8,0.321170,0.951942,3244.349609
9,0.193058,0.877311,3810.065430
10,0.696289,0.848977,4641.849609
11,0.663595,0.921262,5041.184082
12,0.681171,0.899287,5257.453125
13,0.159991,0.959532,5640.120117
14,0.029736,0.827772,5939.600586
15,0.016397,0.756697,6172.534180
16,0.055202,0.469634,7087.689941
17,0.136771,0.475230,7420.400391
18,0.933335,0.507270,8318.791016
19,0.850603,0.516595,8751.378906
20,0.772545,0.508658,9233.857422
21,0.606487,0.500118,10132.275391
22,0.543401,0.354904,10664.764648
23,0.624043,0.506108,11113.948242
24,0.620008,0.519130,11213.689453
25,0.626828,0.493009,11413.342773
26,0.621222,0.491989,11563.078125
27,0.678486,0.472998,11812.681641
28,0.374884,0.511509,12627.910156
29,0.242400,0.485090,13210.257812
30,0.194312,0.489879,13476.479492
31,0.142397,0.509617,13825.826172
32,0.090223,0.534540,14424.798828
33,0.093566,0.528121,14557.923828
34,0.096175,0.457429,14757.547852
35,0.110586,0.437538,14990.482422
36,0.234776,0.118174,15838.951172
37,0.349821,0.036593,16454.550781
38,0.354667,0.048671,16654.191406
39,0.406186,0.051150,16754.037109
40,0.438326,0.035510,16870.521484
41,0.479362,0.046886,16986.947266
42,0.612683,0.268019,17352.978516
43,0.569379,0.399750,17585.912109
44,0.561914,0.408489,17818.835938
45,0.526688,0.538356,18035.128906
46,0.423870,0.828665,18933.544922
47,0.437941,0.712734,19399.417969
48,0.412588,0.611956,19715.498047
49,0.421941,0.529085,20081.525391
50,0.403852,0.461197,20514.121094
51,0.414834,0.403248,20946.710938
52,0.628119,0.509588,22044.781250
53,0.639618,0.337967,22560.529297
54,0.638455,0.329281,22843.373047
55,0.633182,0.336776,22959.845703
56,0.708765,0.450863,23309.240234
0,0.739769,0.506246,33.251591
1,0.746885,0.519363,282.790955
2,0.799652,0.597864,715.380310
3,0.087958,0.620386,1963.223999
4,0.117419,0.689617,2096.317139
5,0.160758,0.676010,2395.767578
6,0.168022,0.703652,2711.893066
7,0.544369,0.245411,6172.531738
8,0.552326,0.261643,6288.961426
9,0.542415,0.154640,6488.648438
10,0.410110,0.486007,7636.616211
11,0.347662,0.490761,7819.645508
12,0.292233,0.445820,8302.106445
13,0.297694,0.478775,8584.969727
14,0.244008,0.438130,8901.069336
15,0.221545,0.449185,9250.468750
16,0.226362,0.452550,9366.962891
17,0.226233,0.471011,9516.668945
18,0.587418,0.698306,10548.207031
19,0.618572,0.731437,10648.046875
20,0.659449,0.633585,11180.450195
21,0.633167,0.445985,11430.027344
22,0.652138,0.458044,12078.883789
23,0.718139,0.586206,12378.324219
24,0.921142,0.782627,13060.476562
25,0.817374,0.518737,13276.758789
26,0.805457,0.474021,13459.777344
27,0.807600,0.441585,13842.430664
28,0.801103,0.541701,14873.953125
29,0.811941,0.538698,15007.106445
30,0.109945,0.524856,16920.412109
31,0.187687,0.729193,17269.791016
32,0.847025,0.554770,19565.755859
33,0.823433,0.563245,19998.353516
34,0.823793,0.621320,20264.533203
35,0.728490,0.787353,20863.513672
36,0.666840,0.517792,21845.164062
37,0.725361,0.385767,22277.701172
38,0.740509,0.385521,22394.185547
39,0.899442,0.535534,23159.513672
40,0.921680,0.482150,23458.953125
41,0.944927,0.489101,23824.978516
42,0.951408,0.560221,24274.208984
43,0.935411,0.482771,24856.560547
0,0.748841,0.565547,16.640413
1,0.753193,0.564644,183.022278
2,0.753127,0.567413,316.114288
3,0.577651,0.528025,1247.809082
4,0.548940,0.464958,1480.734497
5,0.547745,0.406451,1630.516602
6,0.579412,0.537600,2046.463623
7,0.961369,0.959844,2828.388916
8,0.100504,0.926435,3244.399414
9,0.096321,0.900123,3477.341064
10,0.180762,0.876653,3776.735596
11,0.072161,0.807045,4026.332275
12,0.094406,0.870379,4259.265625
13,0.163991,0.887496,4475.611328
14,0.224526,0.948576,4691.867188
15,0.144523,0.876446,5091.099609
16,0.053710,0.789481,5290.866211
17,0.383536,0.874694,5789.906738
18,0.337557,0.915077,6022.870605
19,0.344852,0.914262,6305.663574
20,0.109937,0.941593,6671.698242
21,0.946848,0.482978,7503.605957
22,0.938805,0.498852,7869.586914
23,0.902452,0.497754,8152.472168
24,0.785950,0.538735,8768.030273
25,0.782970,0.521556,9483.413086
26,0.792663,0.535204,10049.129883
27,0.797053,0.537550,10165.694336
28,0.795910,0.532362,10298.662109
29,0.258736,0.456584,11629.676758
30,0.310444,0.468752,11929.243164
31,0.294882,0.438201,12212.065430
32,0.338446,0.456235,12478.262695
33,0.356894,0.454796,12744.438477
34,0.947215,0.513366,13875.867188
35,0.925755,0.518591,14075.418945
36,0.303711,0.874795,15572.803711
37,0.587080,0.474463,17020.275391
38,0.552615,0.439316,17469.466797
39,0.388728,0.488382,18035.154297
40,0.361578,0.488091,18318.017578
41,0.333066,0.477433,18550.921875
42,0.294390,0.503128,18767.253906
43,0.278596,0.500786,18966.892578
44,0.278404,0.449988,19249.701172
45,0.306661,0.552872,19449.384766
46,0.279099,0.451840,19832.013672
47,0.616417,0.510353,20846.917969
48,0.636091,0.481613,21063.185547
49,0.791646,0.475196,21512.445312
50,0.781789,0.493391,21662.140625
51,0.802706,0.507491,22094.726562
52,0.824165,0.602611,22327.654297
53,0.091526,0.945503,23126.287109
54,0.084948,0.845584,23625.394531
55,0.031788,0.741248,23908.238281
0,0.777270,0.492101,266.232819
1,0.721018,0.521276,565.634827
2,0.559368,0.340536,1730.361328
3,0.348642,0.444807,2911.578857
4,0.307003,0.437268,3061.273682
5,0.229892,0.406635,3693.530029
6,0.193507,0.440071,3843.265137
7,0.193446,0.459080,4042.904785
8,0.143427,0.461944,4259.264648
9,0.111384,0.468057,4425.591309
10,0.123245,0.455178,6921.246582
11,0.137482,0.448635,7220.713379
12,0.150513,0.427085,7453.700195
13,0.031005,0.439787,7919.511719
14,0.611576,0.495302,9583.317383
15,0.607772,0.498638,9782.908203
16,0.569027,0.411901,10331.938477
17,0.560135,0.426098,10498.332031
18,0.530808,0.471381,10664.744141
19,0.572902,0.453860,10881.027344
20,0.586973,0.625897,11363.441406
21,0.609434,0.521302,12028.935547
22,0.626007,0.497485,12378.349609
23,0.587890,0.489924,12860.859375
24,0.688540,0.483281,13393.316406
25,0.683358,0.477774,13592.928711
26,0.627974,0.491010,13908.984375
27,0.619260,0.482118,14308.330078
28,0.638666,0.285555,14957.226562
29,0.668114,0.254465,15173.496094
30,0.674666,0.213079,15389.722656
31,0.277096,0.445945,16620.968750
32,0.261942,0.418768,16870.490234
33,0.224789,0.453870,17219.970703
34,0.178510,0.456977,17669.076172
35,0.145082,0.487669,17902.103516
36,0.118887,0.501220,18151.611328
37,0.230052,0.466292,18684.013672
38,0.873126,0.491657,20247.935547
39,0.913412,0.467385,20530.804688
40,0.988944,0.410984,21212.927734
41,0.134059,0.455766,22094.720703
42,0.126872,0.431936,22344.287109
43,0.117026,0.436096,22460.757812
44,0.044313,0.468544,22943.263672
0,0.715728,0.558418,382.693848
1,0.587557,0.478749,1131.428101
2,0.550496,0.389684,1563.938843
3,0.568696,0.334243,1730.343262
4,0.655023,0.328226,2179.539307
5,0.730112,0.281404,2512.291748
6,0.914039,0.489992,3327.521240
7,0.970697,0.502822,3610.395508
8,0.041841,0.533698,3993.015137
9,0.055628,0.532486,4159.409180
10,0.723450,0.937846,5656.810547
11,0.271969,0.495357,7087.659180
12,0.206994,0.474457,7437.027832
13,0.208772,0.448220,7786.485352
14,0.240588,0.443564,8069.287109
15,0.293666,0.410916,8335.503906
16,0.294742,0.388210,8568.422852
17,0.315330,0.428259,8967.701172
18,0.341517,0.497514,9300.421875
19,0.450430,0.500902,9965.928711
20,0.479836,0.486740,10148.932617
21,0.575002,0.409164,10731.306641
22,0.573160,0.348515,10930.894531
23,0.568528,0.311660,11180.507812
24,0.641263,0.342877,11413.492188
25,0.698018,0.518920,11563.136719
26,0.634704,0.511916,11912.508789
27,0.613383,0.500841,12128.835938
28,0.599396,0.489107,12561.433594
29,0.690918,0.582705,13493.093750
30,0.969951,0.658076,15090.338867
31,0.976793,0.678232,15190.128906
32,0.953090,0.525037,15656.051758
33,0.031920,0.565669,16105.182617
34,0.042672,0.555659,16504.511719
35,0.928466,0.519541,17319.761719
36,0.599194,0.504413,19931.894531
37,0.611878,0.364800,20347.820312
38,0.572052,0.333410,20530.886719
39,0.574686,0.274355,20813.671875
40,0.579499,0.252576,20980.013672
41,0.557690,0.248326,21179.652344
42,0.485657,0.277778,21412.585938
43,0.374977,0.297869,21678.833984
44,0.365729,0.320452,21895.166016
45,0.708892,0.521488,24157.818359
46,0.703898,0.490418,24357.496094
0,0.728605,0.545955,349.423187
1,0.693014,0.507148,549.094604
2,0.806850,0.514068,1131.344360
3,0.805718,0.525468,1364.256714
4,0.796778,0.521594,1530.676392
5,0.955747,0.497407,2179.566895
6,0.575951,0.488594,3776.731934
7,0.500969,0.258683,4808.257324
8,0.414273,0.470061,5207.620605
9,0.371321,0.526178,5573.568359
10,0.245094,0.423628,6239.106934
11,0.181666,0.480632,6688.344727
12,0.079891,0.523371,7337.187988
13,0.271267,0.681913,7653.290527
14,0.728930,0.910850,8568.423828
15,0.690086,0.890854,8668.176758
16,0.425280,0.893303,8917.737305
17,0.499172,0.945299,9250.516602
18,0.024113,0.401046,10764.564453
19,0.651661,0.476118,13659.463867
20,0.640257,0.477256,13775.882812
21,0.583160,0.179185,14774.176758
22,0.788711,0.480997,15805.774414
23,0.795997,0.486554,15905.583984
24,0.972598,0.156127,16787.337891
25,0.929107,0.099974,17036.876953
26,0.890446,0.480918,18018.527344
27,0.810964,0.482251,18301.367188
28,0.812314,0.490489,18617.417969
29,0.817288,0.493800,18733.919922
30,0.882470,0.590438,19000.121094
31,0.881226,0.590704,19183.156250
32,0.900367,0.620221,19382.828125
33,0.898087,0.589533,19565.851562
34,0.756758,0.502178,19948.451172
35,0.718922,0.589798,20747.054688
36,0.716581,0.492935,21162.996094
37,0.593041,0.483070,22078.042969
38,0.499245,0.415691,22261.058594
39,0.494477,0.389760,22510.662109
40,0.568028,0.454822,22710.287109
41,0.605694,0.466893,22893.298828
