Idx, longitude, latitude, start timestamp
0,0.737519,0.489093,349.512726
1,0.728041,0.721681,748.824707
2,0.716063,0.761521,1048.218140
3,0.712066,0.748508,1247.866821
4,0.660253,0.769070,1414.250488
5,0.603583,0.771713,1896.695557
6,0.578293,0.839437,2063.068115
7,0.491760,0.867027,2296.106689
8,0.473614,0.861422,2528.987305
9,0.546044,0.875425,3061.352295
10,0.568919,0.879970,3344.200928
11,0.505905,0.885844,3843.337402
12,0.437533,0.876706,4042.922119
13,0.421785,0.876876,4359.023438
14,0.427238,0.910069,4558.783691
15,0.426962,0.702600,4908.205566
16,0.537535,0.418665,5457.205078
17,0.543151,0.358281,5623.509766
18,0.537186,0.346311,5740.059082
19,0.510972,0.321115,6222.535156
20,0.566069,0.198496,6605.141113
21,0.596461,0.198040,6771.514648
22,0.671997,0.106231,6954.515137
23,0.660947,0.156368,7337.272461
24,0.643321,0.224221,7719.842773
25,0.647661,0.218385,8019.394531
26,0.644281,0.319870,8218.957031
27,0.795200,0.437836,8917.735352
28,0.887797,0.513618,9383.561523
29,0.944412,0.507916,9649.810547
30,0.943105,0.506219,9733.052734
31,0.010016,0.520851,10065.851562
32,0.007206,0.534852,10182.203125
33,0.165631,0.478860,10980.856445
34,0.201093,0.452431,11346.787109
35,0.210441,0.584955,11995.691406
36,0.216689,0.679473,12261.928711
37,0.227080,0.737793,12594.694336
38,0.229171,0.753292,12711.123047
39,0.199633,0.523966,13127.017578
40,0.196506,0.460277,13293.435547
41,0.194692,0.450267,13958.974609
42,0.140608,0.491885,14924.024414
43,0.089342,0.535549,15173.523438
44,0.064013,0.549849,15489.626953
45,0.056995,0.584864,15705.847656
46,0.059508,0.581257,15822.350586
47,0.014637,0.598808,16055.367188
48,0.985482,0.593091,16271.648438
49,0.977179,0.584457,16471.234375
50,0.929997,0.575124,16853.861328
51,0.998917,0.568056,18118.277344
52,0.996662,0.552658,18317.921875
53,0.082819,0.517996,18867.044922
54,0.081049,0.522447,19066.650391
55,0.924656,0.568468,19931.777344
56,0.518325,0.360352,21961.632812
57,0.518288,0.343690,22311.011719
58,0.315288,0.447435,22893.365234
59,0.299377,0.488969,23109.552734
60,0.298674,0.601096,23409.107422
61,0.223298,0.515933,23758.429688
62,0.187783,0.546355,23941.486328
63,0.201256,0.524507,24191.115234
0,0.770327,0.539034,49.874252
1,0.710720,0.541540,432.611053
2,0.699623,0.458547,698.728149
3,0.712628,0.350696,964.945618
4,0.627395,0.224709,1480.703857
5,0.633982,0.221935,1597.200439
6,0.699485,0.466295,1929.916260
7,0.719508,0.494951,2146.189453
8,0.855447,0.703300,2978.079102
9,0.600940,0.768487,3510.460938
10,0.540407,0.746627,3693.481201
11,0.500850,0.356579,4408.847168
12,0.557345,0.827530,6538.426270
13,0.602852,0.788328,6954.390625
14,0.612121,0.771490,7370.228516
15,0.558193,0.805454,7719.603516
16,0.677451,0.913937,8185.507324
17,0.008864,0.848078,9882.582031
18,0.027566,0.530705,11047.139648
19,0.876280,0.527670,13076.788086
20,0.856805,0.518009,13309.781250
21,0.856979,0.523116,13526.045898
22,0.860901,0.523513,13742.437500
23,0.863017,0.524709,14208.193359
24,0.868411,0.525291,14657.404297
25,0.865605,0.530600,14923.658203
26,0.878842,0.800761,15688.952148
27,0.888297,0.841078,16554.093750
28,0.899172,0.685658,17186.349609
29,0.897593,0.600351,17419.197266
30,0.897946,0.548832,17652.207031
31,0.900687,0.541363,17818.548828
32,0.870182,0.508476,18284.437500
33,0.929426,0.494048,18750.294922
34,0.996936,0.384052,19931.505859
35,0.115671,0.392355,20846.466797
36,0.164703,0.387945,21062.832031
37,0.220996,0.459558,21528.652344
38,0.219435,0.457582,21711.681641
39,0.222536,0.583962,22044.410156
40,0.224405,0.633891,22260.638672
41,0.205924,0.467865,22743.113281
42,0.204180,0.454983,22959.404297
43,0.206084,0.447777,23558.412109
44,0.204309,0.437420,24273.832031
45,0.095439,0.330659,24955.972656
0,0.882049,0.508226,199.788528
1,0.973877,0.491059,1164.670288
2,0.968401,0.500403,1247.786743
3,0.016328,0.535470,1447.412354
4,0.061253,0.494917,1746.916138
5,0.041613,0.297786,1946.543945
6,0.046451,0.248395,2129.658691
7,0.078212,0.288300,2479.058838
8,0.141536,0.465113,2728.493408
9,0.196142,0.474542,3094.514160
10,0.228525,0.463150,3244.293945
11,0.225742,0.438952,3377.382080
12,0.287023,0.473793,3793.385498
13,0.289400,0.404302,4076.257324
14,0.247407,0.319818,4458.863281
15,0.211105,0.448303,4691.735352
16,0.145327,0.530010,5041.281738
17,0.069919,0.566161,5573.566406
18,0.835056,0.836789,6605.053223
19,0.848023,0.425180,7120.802246
20,0.941015,0.441912,7403.625000
21,0.962508,0.535882,7636.503906
22,0.512824,0.295270,9732.813477
23,0.518789,0.312534,9932.526367
24,0.516007,0.325415,10348.425781
25,0.522467,0.469488,10631.292969
26,0.599998,0.604443,11080.518555
27,0.202493,0.498486,12528.064453
28,0.337114,0.320704,12844.146484
29,0.312900,0.585607,13243.334961
30,0.678240,0.746539,14108.415039
31,0.657766,0.746317,14640.878906
32,0.571867,0.625656,15872.013672
33,0.510062,0.607596,16104.998047
34,0.505542,0.453959,16371.195312
35,0.511928,0.278311,16936.800781
36,0.522479,0.087342,17286.210938
37,0.515174,0.020783,17485.841797
38,0.563384,0.022796,17618.910156
39,0.319375,0.121319,18068.183594
40,0.330103,0.097532,18168.058594
41,0.610429,0.065020,18500.787109
42,0.523989,0.404879,19415.767578
43,0.514342,0.360916,19698.636719
44,0.482877,0.669376,20297.632812
45,0.732570,0.458605,21695.072266
46,0.726810,0.447507,21977.894531
47,0.758215,0.281120,22260.855469
48,0.787341,0.409522,22660.039062
49,0.789172,0.842799,23824.621094
50,0.792779,0.609493,24140.744141
51,0.807072,0.522025,24406.972656
52,0.880283,0.541919,24772.939453
0,0.716792,0.453623,83.134346
1,0.715188,0.482358,482.353058
2,0.702391,0.454574,682.071716
3,0.704797,0.423180,981.664734
4,0.704731,0.679871,1364.162842
5,0.710933,0.688340,1563.797119
6,0.713238,0.635644,1929.780762
7,0.790643,0.402366,2295.924561
8,0.793454,0.360614,2495.538818
9,0.796160,0.329939,2711.763184
10,0.868008,0.376227,2994.691650
11,0.870596,0.280026,3443.875488
12,0.927679,0.321169,3710.052246
13,0.950647,0.355361,3909.762451
14,0.969392,0.390521,4059.574463
15,0.923562,0.453387,4392.246094
16,0.911527,0.496914,4608.481445
17,0.922864,0.543577,4808.151367
18,0.921741,0.571464,5007.751953
19,0.922856,0.582447,5107.640625
20,0.926417,0.581089,5207.523438
21,0.848307,0.552784,5456.958008
22,0.842070,0.538777,5673.343750
23,0.819539,0.492349,5856.375000
24,0.022340,0.530007,7020.997070
25,0.074818,0.539350,7203.921875
26,0.093595,0.535495,7403.603516
27,0.106232,0.520881,7603.203613
28,0.089084,0.370465,7852.804199
29,0.211817,0.511561,8435.248047
30,0.196299,0.672329,9300.319336
31,0.197269,0.708421,9466.751953
32,0.323195,0.604673,10331.835938
33,0.294058,0.380968,10781.008789
34,0.270899,0.341854,10964.023438
35,0.282054,0.337727,11180.474609
36,0.237923,0.364779,11363.376953
37,0.226094,0.520557,11646.103516
38,0.156910,0.523130,11978.897461
39,0.088883,0.521018,12311.710938
40,0.133204,0.329135,12877.359375
41,0.107350,0.268211,13043.750000
42,0.035486,0.365558,13326.625000
43,0.038329,0.363255,13426.335938
44,0.957579,0.367355,13609.538086
45,0.941166,0.351563,13809.097656
46,0.942458,0.402549,13992.099609
47,0.958620,0.532466,14291.631836
48,0.928258,0.564471,14557.709961
49,0.920098,0.525181,14707.479492
50,0.826578,0.503954,15073.574219
51,0.700086,0.681268,15838.835938
52,0.500763,0.366733,16903.683594
53,0.506121,0.360945,17070.046875
54,0.432255,0.621780,17818.613281
55,0.407425,0.701944,18035.035156
56,0.403328,0.725252,18234.615234
57,0.406656,0.780151,18467.478516
58,0.468277,0.867559,18667.322266
59,0.487529,0.886777,18783.609375
60,0.512127,0.877657,19016.640625
61,0.512859,0.365189,20314.351562
62,0.508906,0.356586,20414.244141
63,0.506351,0.367673,20780.218750
64,0.500119,0.649698,21545.449219
65,0.501736,0.612280,21828.333984
66,0.508577,0.622192,22144.447266
67,0.643317,0.736719,23309.074219
0,0.750860,0.496530,33.347542
1,0.856738,0.483319,649.014893
2,0.859087,0.486823,865.140076
3,0.768186,0.346850,1414.143188
4,0.001646,0.522611,2096.239990
5,0.029744,0.544703,2612.225586
6,0.107426,0.539338,2861.676758
7,0.112125,0.545961,3177.763184
8,0.154047,0.546484,3427.354492
9,0.222236,0.518089,3926.525635
10,0.210009,0.519462,4342.326660
11,0.282636,0.547057,4558.800781
12,0.325766,0.563421,4808.268066
13,0.340904,0.578698,5041.225098
14,0.353955,0.707569,5307.308594
15,0.368044,0.736847,5573.557617
16,0.413150,0.759838,5806.454590
17,0.447539,0.743276,6006.270508
18,0.466073,0.716635,6156.003418
19,0.477160,0.681398,6372.278809
20,0.497951,0.625002,6621.713867
21,0.492195,0.393703,8302.219727
22,0.525077,0.634131,8701.393555
23,0.520229,0.624575,8801.308594
24,0.539298,0.701113,9000.864258
25,0.559659,0.847715,9566.597656
26,0.514745,0.352489,11247.000977
27,0.513759,0.377380,11646.240234
28,0.510228,0.119261,12178.722656
29,0.509075,0.410286,12777.560547
30,0.510574,0.425050,12977.335938
31,0.506831,0.396205,13226.816406
32,0.508626,0.367294,13609.634766
33,0.509114,0.405389,13892.311523
34,0.525504,0.599836,14325.007812
35,0.526236,0.622869,14507.926758
36,0.551844,0.646053,14824.068359
37,0.575893,0.630650,15090.197266
38,0.562067,0.662441,15289.886719
39,0.535534,0.657321,15539.424805
40,0.520895,0.649876,15655.869141
41,0.511321,0.460473,16171.677734
42,0.512000,0.434381,16371.389648
43,0.496605,0.367397,16587.597656
44,0.498859,0.349131,16853.851562
45,0.865367,0.510585,18184.917969
46,0.759448,0.348655,18650.759766
47,0.729355,0.411812,18966.808594
48,0.697400,0.504129,19166.482422
49,0.722775,0.579886,19432.607422
50,0.725749,0.685568,19748.708984
51,0.707781,0.682980,20064.818359
52,0.949458,0.560698,20979.898438
53,0.000892,0.555151,21462.511719
54,0.024868,0.517553,21994.876953
55,0.067651,0.514003,22344.138672
56,0.089397,0.504956,22560.501953
57,0.228696,0.514224,23192.785156
58,0.206691,0.633939,23708.511719
59,0.214441,0.697824,23991.425781
60,0.089641,0.564016,24290.783203
61,0.063765,0.547046,24457.083984
62,0.002640,0.536953,24656.833984
63,0.996458,0.403870,24873.080078
0,0.741007,0.370286,232.987717
1,0.494091,0.416751,2578.894775
2,0.507580,0.527054,2978.172119
3,0.842477,0.368517,6588.630371
4,0.924288,0.371558,7004.506348
5,0.955952,0.414200,7437.113770
6,0.989378,0.414022,7686.698730
7,0.992268,0.441731,7969.464355
8,0.076120,0.678500,8518.539062
9,0.107862,0.697942,8817.984375
10,0.221518,0.435889,9716.392578
11,0.221085,0.379146,9882.852539
12,0.219185,0.383353,10099.067383
13,0.305350,0.436683,11529.897461
14,0.320568,0.444541,11679.649414
15,0.316331,0.400131,11979.146484
16,0.203813,0.379684,12395.146484
17,0.194698,0.380146,12594.734375
18,0.074827,0.390078,13260.294922
19,0.981381,0.411863,13959.007812
20,0.827099,0.371497,14724.332031
21,0.816931,0.355311,14940.600586
22,0.762691,0.354409,15223.542969
23,0.709564,0.364730,15423.133789
24,0.696038,0.353156,15755.856445
25,0.700448,0.463722,15938.894531
26,0.659902,0.502856,16221.775391
27,0.612853,0.516526,16504.576172
28,0.543795,0.557666,16687.601562
29,0.488447,0.388347,17136.773438
30,0.473528,0.277227,18085.121094
31,0.494757,0.271808,18368.007812
32,0.631047,0.193012,20880.353516
33,0.694501,0.281927,21113.166016
34,0.729639,0.375246,21312.859375
35,0.728534,0.344688,21812.027344
36,0.826188,0.351603,22194.677734
37,0.843603,0.352230,22460.818359
38,0.926505,0.373040,22926.728516
39,0.928042,0.371436,23142.951172
40,0.978229,0.371867,23425.888672
41,0.986552,0.360621,23875.019531
42,0.050943,0.331143,24357.507812
43,0.110005,0.375253,24790.078125
44,0.110444,0.381689,24956.472656
0,0.781886,0.495066,249.593369
1,0.733821,0.542486,482.527466
2,0.761551,0.600177,715.400879
3,0.792719,0.832007,1314.320923
4,0.632231,0.786352,1780.237305
5,0.575562,0.767264,1996.469971
6,0.516598,0.586328,2478.922119
7,0.490287,0.491248,2728.550049
8,0.486946,0.346592,3028.068604
9,0.487466,0.293877,3427.337646
10,0.495767,0.318796,3626.914551
11,0.501914,0.292512,4225.883789
12,0.499555,0.282528,4542.056641
13,0.543161,0.631863,5041.167480
14,0.551653,0.810107,5290.750488
15,0.570365,0.847029,5490.419434
16,0.654858,0.888616,5823.108887
17,0.626325,0.889708,5989.529785
18,0.582078,0.861368,6205.741211
19,0.573209,0.812352,6372.132812
20,0.580684,0.796574,6871.276855
21,0.620676,0.755558,7170.737793
22,0.604907,0.746197,7436.986328
23,0.353064,0.794789,8801.250977
24,0.287230,0.542259,9633.208984
25,0.300305,0.504701,10049.033203
26,0.185092,0.515607,10481.690430
27,0.193317,0.485181,10598.045898
28,0.199217,0.481381,11313.592773
29,0.206519,0.427155,12411.531250
30,0.231053,0.731288,13143.670898
31,0.233097,0.773619,13343.225586
32,0.238894,0.760399,13726.042969
33,0.227264,0.710890,14042.113281
34,0.222232,0.690635,14391.528320
35,0.234900,0.690660,14707.595703
36,0.228439,0.686650,14857.320312
37,0.221640,0.681295,15123.510742
38,0.249563,0.717161,15905.497070
39,0.253123,0.719720,16105.066406
40,0.112501,0.298502,17036.818359
41,0.080188,0.321863,17303.054688
42,0.049886,0.313137,17519.277344
43,0.034362,0.314663,17802.210938
44,0.969872,0.283585,18284.714844
45,0.014516,0.370465,18717.287109
46,0.008653,0.348905,19033.468750
47,0.004496,0.320238,19399.371094
48,0.020007,0.548690,19831.966797
49,0.986003,0.873144,20663.865234
50,0.156080,0.511364,21379.283203
51,0.331210,0.536472,22377.470703
52,0.297482,0.528112,22893.251953
53,0.302760,0.514789,23076.353516
54,0.718470,0.460628,23824.939453
55,0.732273,0.465577,24007.941406
56,0.725948,0.401089,24324.031250
57,0.791161,0.464465,24540.406250
0,0.804185,0.659170,166.351852
1,0.798335,0.439729,732.068115
2,0.773234,0.392312,1064.862305
3,0.772028,0.385533,1264.450439
4,0.830730,0.523689,1497.345215
5,0.830419,0.550252,1730.280640
6,0.838990,0.557433,1913.291992
7,0.856407,0.564664,2246.073486
8,0.868511,0.582498,2429.068115
9,0.929367,0.637887,2711.895020
10,0.943443,0.640172,2911.573486
11,0.940857,0.628165,3094.593262
12,0.934132,0.618044,3377.395752
13,0.689132,0.614224,6056.097656
14,0.643870,0.531328,6555.164062
15,0.592657,0.517313,6754.844238
16,0.538662,0.499248,7037.691406
17,0.487052,0.356628,7287.267090
18,0.493075,0.355456,7453.600586
19,0.495574,0.359966,7653.265625
20,0.498277,0.419983,7852.922363
21,0.504663,0.454856,8002.660156
22,0.508692,0.468971,8152.399414
23,0.499423,0.432876,8368.702148
24,0.498028,0.346491,8601.590820
25,0.463969,0.522426,9050.827148
26,0.365603,0.533144,9317.068359
27,0.308676,0.594930,9566.565430
28,0.303836,0.605616,9932.602539
29,0.313155,0.607627,10132.285156
30,0.455960,0.770566,10614.755859
31,0.497540,0.714291,10847.684570
32,0.629376,0.855285,11396.713867
33,0.664062,0.901197,12095.506836
34,0.676020,0.857690,12677.817383
35,0.675250,0.879700,12993.957031
36,0.642366,0.784843,13276.770508
37,0.593718,0.716799,13509.689453
38,0.512272,0.561810,13775.891602
39,0.496588,0.529653,13975.550781
40,0.487820,0.418028,14391.513672
41,0.493053,0.414944,14541.245117
42,0.497960,0.379488,14724.254883
43,0.504190,0.371023,14907.279297
44,0.508716,0.354971,15240.034180
45,0.503472,0.288684,15789.047852
46,0.628525,0.516496,16737.416016
47,0.631157,0.528937,16903.761719
48,0.691784,0.503327,17186.613281
49,0.719890,0.471009,17402.886719
50,0.718189,0.474144,17502.707031
51,0.721216,0.481615,17685.742188
52,0.717294,0.491851,17835.488281
53,0.735467,0.484310,18118.316406
54,0.788782,0.547786,18750.587891
55,0.826299,0.524099,19332.886719
56,0.842192,0.520649,19582.437500
57,0.888610,0.499989,20014.990234
58,0.900143,0.553362,20314.464844
59,0.900536,0.591771,20447.572266
60,0.839989,0.544378,20680.511719
61,0.759543,0.465178,21345.994141
62,0.764618,0.478148,21462.457031
63,0.766403,0.434489,21811.859375
64,0.765071,0.436899,21978.210938
65,0.773310,0.379573,22194.542969
66,0.707640,0.449499,22543.906250
67,0.703148,0.434735,22976.492188
68,0.707684,0.421736,23292.613281
69,0.708159,0.440799,23658.636719
70,0.703548,0.542086,23941.462891
71,0.723618,0.642146,24307.505859
72,0.725462,0.656263,24473.873047
0,0.722905,0.510446,432.655487
1,0.713500,0.610724,715.475647
2,0.589497,0.732133,1380.961792
3,0.561389,0.696764,1630.559448
4,0.517056,0.823375,2196.233154
5,0.560837,0.818365,2395.912598
6,0.592922,0.817009,2695.325928
7,0.607346,0.816915,2961.534424
8,0.489987,0.824773,3444.011230
9,0.441795,0.784691,3710.211914
10,0.426704,0.768599,3893.278320
11,0.512250,0.488104,4492.214844
12,0.516873,0.384421,4741.758301
13,0.513888,0.367654,4924.751953
14,0.522025,0.611929,5823.275879
15,0.524461,0.629501,5989.582031
16,0.520741,0.487430,6638.512695
17,0.525914,0.456943,6971.187500
18,0.537902,0.483913,7270.670410
19,0.544512,0.511149,7536.868164
20,0.517223,0.593336,7786.468750
21,0.536057,0.642804,7986.108398
22,0.485422,0.645989,8368.738281
23,0.446550,0.633283,8734.801758
24,0.444282,0.622123,8967.714844
25,0.459505,0.617681,9383.695312
26,0.475200,0.661821,9716.422852
27,0.443512,0.713438,9899.465820
28,0.440941,0.758072,10232.191406
29,0.451792,0.739710,10698.030273
30,0.468284,0.774593,10947.600586
31,0.480032,0.791650,11296.958984
32,0.521863,0.778905,11513.330078
33,0.559075,0.758932,11729.567383
34,0.592566,0.774893,11979.124023
35,0.572542,0.749190,12727.863281
36,0.567572,0.702885,12877.587891
37,0.556466,0.634831,13143.784180
38,0.522664,0.466009,13676.168945
39,0.533832,0.444713,14075.449219
40,0.514257,0.336534,14275.130859
41,0.000115,0.558058,16221.698242
42,0.083000,0.561128,16487.919922
43,0.093407,0.545585,16637.671875
44,0.214215,0.500184,17136.765625
45,0.212536,0.488001,17353.074219
46,0.208128,0.497425,17635.927734
47,0.291284,0.553384,18168.337891
48,0.324238,0.572848,18384.599609
49,0.348809,0.664406,18717.421875
50,0.372274,0.694950,18883.695312
51,0.395790,0.702890,19216.453125
52,0.303151,0.691189,19549.199219
53,0.297199,0.468498,20031.685547
54,0.298608,0.432928,20264.630859
55,0.248542,0.360566,20564.103516
56,0.299480,0.325132,20846.945312
57,0.390634,0.230803,21329.478516
58,0.424667,0.205585,21479.261719
59,0.439437,0.186365,21662.224609
60,0.446484,0.176739,21828.593750
61,0.454063,0.151554,22011.677734
62,0.523726,0.384896,22494.101562
63,0.507595,0.372118,22893.392578
64,0.516651,0.393589,23176.224609
65,0.515066,0.500883,23542.248047
66,0.517104,0.521741,23741.912109
67,0.521189,0.555848,24041.435547
68,0.506052,0.635432,24357.523438
69,0.595677,0.705511,24790.048828
0,0.741503,0.536774,83.188820
1,0.723163,0.681208,748.670227
2,0.725729,0.741455,1014.883301
3,0.661410,0.751774,1281.148804
4,0.614961,0.753932,1480.692383
5,0.577096,0.763029,1763.599854
6,0.556360,0.839771,2129.634521
7,0.524825,0.844645,2345.840820
8,0.478467,0.839350,3044.652344
9,0.431661,0.834711,3227.679688
10,0.412852,0.823874,3776.705322
11,0.510610,0.336555,4525.380371
12,0.510965,0.350447,4625.203613
13,0.552201,0.480697,5290.806641
14,0.560062,0.672494,5540.316895
15,0.625984,0.700824,5773.228516
16,0.737252,0.488123,6322.331055
17,0.725489,0.474165,6505.231934
18,0.717875,0.443000,6638.333984
19,0.852022,0.480573,7204.112305
20,0.915335,0.480387,7403.745605
21,0.931211,0.470062,7736.467285
22,0.976013,0.381397,8085.862793
23,0.986708,0.365599,8302.129883
24,0.015202,0.507563,8734.682617
25,0.047851,0.520005,8950.965820
26,0.079181,0.512240,9483.433594
27,0.108794,0.499369,9716.382812
28,0.132081,0.493502,10015.858398
29,0.209649,0.483958,10298.658203
30,0.219645,0.482178,10465.007812
31,0.209861,0.483974,10598.183594
32,0.207987,0.487871,11729.531250
33,0.366889,0.678547,12711.121094
34,0.384407,0.703336,12977.303711
35,0.201913,0.701888,13543.072266
36,0.190619,0.553914,14158.578125
37,0.198014,0.480473,14341.662109
38,0.207554,0.480048,15190.137695
39,0.173363,0.484528,15739.191406
40,0.203967,0.637420,16071.924805
41,0.106477,0.181625,16853.871094
42,0.069233,0.052166,17170.050781
43,0.616028,0.064387,17768.931641
44,0.003570,0.523605,19915.244141
45,0.988579,0.550889,20547.365234
46,0.003068,0.525339,21063.191406
47,0.041258,0.510742,21379.285156
48,0.083774,0.520777,21662.171875
49,0.090776,0.527852,21828.527344
50,0.115217,0.510422,22078.029297
51,0.129754,0.506165,22311.005859
52,0.142076,0.500796,22527.281250
53,0.163040,0.496029,22760.183594
54,0.214272,0.469982,22976.570312
55,0.208543,0.475765,23409.142578
56,0.166560,0.480072,23658.619141
0,0.748769,0.443360,266.243805
1,0.558319,0.902410,1563.933838
2,0.562944,0.887591,1780.166016
3,0.557505,0.876386,1896.750854
4,0.567935,0.852688,2096.335205
5,0.584962,0.821783,2329.315674
6,0.601136,0.802292,2545.474121
7,0.459065,0.814336,3061.263184
8,0.456518,0.823606,3227.689941
9,0.471445,0.824205,3593.677002
10,0.541171,0.845807,3959.774658
11,0.550337,0.841668,4176.016602
12,0.586011,0.830870,4425.535645
13,0.521827,0.356804,5240.830566
14,0.521027,0.342401,5490.346191
15,0.529769,0.345485,6189.221191
16,0.725442,0.471552,7387.034180
17,0.758824,0.710609,7703.262695
18,0.767080,0.701545,7819.609375
19,0.757197,0.690634,7936.169922
20,0.746341,0.554924,8302.083008
21,0.308410,0.382573,9217.181641
22,0.304021,0.707498,9732.920898
23,0.287470,0.765720,9899.304688
24,0.357375,0.772556,10115.656250
25,0.396439,0.143036,10914.186523
26,0.440700,0.124380,11163.749023
27,0.668088,0.069709,12511.457031
28,0.740173,0.285162,13476.411133
29,0.854963,0.371778,13925.648438
30,0.866262,0.433134,14091.972656
31,0.860094,0.437424,14208.438477
32,0.838064,0.436472,14524.547852
33,0.850158,0.333822,14857.374023
34,0.853279,0.383155,15090.296875
35,0.937683,0.558070,15339.814453
36,0.955457,0.584042,15506.167969
37,0.946798,0.588470,15789.026367
38,0.112160,0.788790,16504.427734
39,0.212118,0.463821,17303.052734
40,0.219701,0.413938,17702.369141
41,0.216900,0.470470,18035.138672
42,0.217448,0.539609,18683.953125
43,0.213880,0.530055,19149.839844
44,0.285434,0.508099,19499.199219
45,0.277829,0.530450,19698.857422
46,0.253903,0.315550,20064.929688
47,0.255179,0.302873,20164.718750
48,0.066432,0.289788,20996.660156
49,0.044942,0.265374,21212.978516
50,0.107019,0.493813,21528.984375
51,0.087956,0.596412,21795.175781
52,0.052862,0.548052,22127.939453
53,0.047000,0.552364,22294.330078
54,0.052653,0.562793,22427.451172
55,0.052111,0.516175,22660.341797
56,0.019940,0.534200,22959.857422
57,0.996854,0.588906,23525.488281
58,0.977031,0.542471,24157.767578
59,0.977544,0.524885,24340.732422
60,0.958122,0.541802,24823.322266
0,0.705426,0.735225,66.581779
1,0.700834,0.497787,549.040527
2,0.689183,0.471341,732.184021
3,0.587821,0.733896,1331.076294
4,0.548892,0.732335,1530.689941
5,0.477804,0.469882,2063.058350
6,0.483866,0.376923,2445.788818
7,0.492126,0.365010,2662.055176
8,0.496167,0.375596,3044.684082
9,0.495173,0.358491,3310.947754
10,0.508263,0.358788,3593.718750
11,0.504657,0.394130,3826.726074
12,0.510909,0.623894,4259.260742
13,0.518607,0.739708,4475.555664
14,0.522377,0.850516,4775.025879
15,0.556143,0.840244,5007.950684
16,0.564962,0.843599,5423.889160
17,0.598931,0.825057,5690.068848
18,0.437106,0.823432,5923.062500
19,0.421149,0.807563,6106.042480
20,0.526662,0.814774,6372.186523
21,0.546667,0.814763,6555.290039
22,0.598230,0.807914,6838.034668
23,0.607006,0.803261,7037.708984
24,0.502683,0.966680,7570.080566
25,0.744638,0.506971,8784.639648
26,0.725000,0.452970,8951.066406
27,0.709088,0.420825,9100.784180
28,0.959604,0.518944,9832.919922
29,0.967075,0.400589,10148.959961
30,0.980213,0.341239,10431.838867
31,0.877926,0.281001,10980.860352
32,0.907841,0.322885,11280.336914
33,0.020347,0.319865,11463.309570
34,0.048996,0.334564,11629.678711
35,0.061230,0.345973,11812.710938
36,0.082734,0.396462,12029.007812
37,0.051703,0.439946,12311.829102
38,0.047267,0.441717,12411.627930
39,0.039587,0.354325,12661.214844
40,0.008525,0.336192,12910.789062
41,0.989571,0.342499,13077.190430
42,0.979230,0.362294,13326.786133
43,0.984680,0.455720,13526.395508
44,0.999548,0.519461,13709.397461
45,0.924117,0.567850,14008.885742
46,0.945585,0.532855,14324.984375
47,0.842792,0.545605,14724.298828
48,0.848675,0.543928,14824.080078
49,0.858885,0.551374,14923.948242
50,0.955132,0.498183,15389.812500
51,0.993844,0.517269,15622.732422
52,0.013946,0.523455,15838.973633
53,0.001285,0.883014,16521.123047
54,0.053158,0.884053,16820.585938
55,0.079545,0.863549,17253.189453
56,0.215921,0.487792,18717.291016
57,0.232749,0.494263,20181.449219
58,0.209249,0.492266,20314.578125
59,0.201817,0.553639,21229.560547
60,0.193753,0.695859,21512.474609
61,0.195412,0.723213,21628.888672
62,0.135040,0.492809,22494.119141
63,0.185552,0.434706,22727.050781
64,0.327380,0.487213,23142.890625
65,0.331163,0.520210,23325.955078
66,0.300870,0.590586,23558.875000
67,0.254055,0.478601,23775.150391
68,0.195061,0.491058,23958.138672
69,0.130312,0.507380,24290.882812
70,0.081999,0.518052,24490.519531
71,0.101641,0.370354,24956.386719
0,0.775095,0.541198,432.640198
1,0.760665,0.576251,582.405884
2,0.705348,0.722458,815.339600
3,0.682855,0.754385,1031.552490
4,0.680738,0.749244,1231.169067
5,0.610604,0.746026,1397.563843
6,0.615737,0.733103,1497.363892
7,0.568391,0.665360,1680.424683
8,0.502296,0.410787,2096.369141
9,0.501026,0.331758,2279.354248
10,0.506222,0.329706,2512.259277
11,0.506697,0.292739,2811.745117
12,0.491833,0.655595,3560.428467
13,0.491353,0.654133,3660.251709
14,0.515850,0.699259,3926.511230
15,0.525148,0.614628,4259.261719
16,0.525918,0.530299,4575.365723
17,0.529125,0.424031,4791.610840
18,0.631213,0.223502,5057.850586
19,0.656774,0.152213,5473.791504
20,0.678908,0.106558,5656.830566
21,0.679593,0.074146,5839.791992
22,0.672923,0.077704,5939.700195
23,0.721696,0.515492,6488.707031
24,0.735875,0.349883,6688.393555
25,0.823589,0.401061,7253.996094
26,0.863533,0.465259,7437.048340
27,0.881197,0.547547,7686.673828
28,0.953961,0.533957,8052.575195
29,0.953986,0.581464,8418.605469
30,0.005378,0.553145,9117.416016
31,0.004953,0.567429,9250.512695
32,0.017509,0.507807,9599.899414
33,0.012059,0.319588,9882.720703
34,0.056029,0.301388,10149.007812
35,0.094640,0.313545,10398.493164
36,0.103839,0.474126,10681.400391
37,0.094141,0.533740,10980.886719
38,0.070909,0.280053,11197.148438
39,0.022321,0.298903,11496.630859
40,0.916070,0.527746,12095.663086
41,0.832063,0.545886,12428.392578
42,0.823510,0.607414,12727.771484
43,0.810227,0.804162,13210.298828
44,0.759401,0.808541,13426.537109
45,0.752992,0.754408,13692.747070
46,0.781321,0.858922,13892.401367
47,0.779731,0.850327,14158.607422
48,0.641884,0.850818,14724.303711
49,0.677321,0.872714,14957.229492
50,0.632750,0.855510,15289.998047
51,0.611549,0.895827,15439.713867
52,0.617254,0.883435,15539.545898
53,0.617451,0.856354,15772.452148
54,0.607235,0.889412,16088.601562
55,0.513884,0.361685,17219.929688
56,0.515129,0.351614,17369.648438
57,0.670960,0.693199,17935.355469
58,0.742014,0.707007,18234.855469
59,0.734862,0.700796,18434.498047
60,0.736873,0.687758,18550.951172
61,0.728369,0.547832,18800.515625
62,0.729208,0.592129,19050.052734
63,0.723611,0.411418,19249.726562
64,0.793694,0.325989,19699.015625
65,0.872657,0.369317,20181.470703
66,0.939196,0.396533,20447.625000
67,0.989596,0.324808,20830.324219
68,0.032988,0.406101,21046.615234
69,0.082964,0.472854,21362.798828
70,0.113178,0.527741,21695.457031
71,0.163663,0.495084,22044.882812
72,0.129987,0.537741,22593.962891
73,0.215640,0.508230,22893.347656
74,0.218002,0.487982,23076.343750
75,0.212407,0.489633,23675.302734
76,0.277370,0.482278,24191.082031
77,0.305443,0.501125,24507.177734
78,0.215599,0.498353,24939.765625
0,0.760836,0.536350,16.640692
1,0.712757,0.477881,432.558685
2,0.595369,0.705573,1114.686523
3,0.551987,0.675226,1314.358887
4,0.496483,0.353850,2063.059570
5,0.503230,0.352023,2162.923584
6,0.498870,0.350202,2295.998291
7,0.495510,0.336416,2578.842041
8,0.494221,0.350753,2828.406738
9,0.503219,0.335433,3743.491455
10,0.505458,0.378644,4026.316162
11,0.483359,0.628086,4458.927246
12,0.461400,0.731924,4641.914551
13,0.503192,0.781524,4858.188477
14,0.541870,0.841270,5007.900391
15,0.546336,0.822803,5407.224121
16,0.563297,0.813553,5623.600098
17,0.603323,0.799180,6006.132812
18,0.421923,0.809892,6305.651855
19,0.400320,0.798351,6738.191406
20,0.449095,0.817381,7287.246582
21,0.472140,0.821943,7586.770508
22,0.526425,0.817799,7852.979004
23,0.545415,0.814154,8052.601562
24,0.600302,0.800233,8468.609375
25,0.586742,0.794153,8784.650391
26,0.639362,0.727676,9017.598633
27,0.730161,0.716757,9267.120117
28,0.746256,0.676222,9500.053711
29,0.747163,0.640172,9699.706055
30,0.744206,0.452997,10182.194336
31,0.719912,0.561989,10531.604492
32,0.205350,0.476290,12461.543945
33,0.303244,0.452025,13193.593750
34,0.194887,0.488725,13526.336914
35,0.213151,0.678436,14408.149414
36,0.212602,0.694962,14574.557617
37,0.197359,0.706197,14873.996094
38,0.194328,0.493342,15256.752930
39,0.197086,0.466773,15406.386719
40,0.255866,0.323418,15805.702148
41,0.065572,0.290511,16338.149414
42,0.036009,0.336841,16521.185547
43,0.025506,0.339214,16720.798828
44,0.030878,0.340609,16870.541016
45,0.950951,0.345581,17120.109375
46,0.895512,0.508501,17735.658203
47,0.850936,0.504050,17968.585938
48,0.999416,0.640402,18584.257812
49,0.009125,0.748583,18867.085938
50,0.938061,0.718020,19099.921875
51,0.463783,0.646728,20264.589844
52,0.375349,0.674646,20530.789062
53,0.332321,0.685894,20913.458984
54,0.305842,0.694785,21113.097656
55,0.253366,0.660529,21512.445312
56,0.538935,0.394122,22444.181641
57,0.535620,0.375919,22677.046875
58,0.530334,0.359642,23093.007812
59,0.519192,0.354160,23325.912109
60,0.512220,0.330607,23874.958984
61,0.516210,0.309014,24107.894531
62,0.509768,0.338671,24690.291016
0,0.778283,0.519739,116.401947
1,0.716390,0.576232,515.723389
2,0.681724,0.679459,815.174133
3,0.568639,0.714775,1347.620361
4,0.540849,0.599341,1680.364746
5,0.514476,0.501455,2029.752686
6,0.494991,0.353079,2661.942383
7,0.498390,0.364445,2795.031250
8,0.507286,0.360904,3011.340576
9,0.505171,0.362094,3377.367188
10,0.528437,0.361211,3660.209473
11,0.513841,0.348955,4126.112305
12,0.492274,0.517859,4658.463379
13,0.483657,0.627615,4858.163086
14,0.471636,0.726533,5074.395508
15,0.492872,0.777963,5307.335938
16,0.480752,0.822981,5523.631836
17,0.467282,0.857617,5723.256348
18,0.502871,0.849220,6222.394043
19,0.457091,0.860119,6555.149414
20,0.393874,0.741841,6838.001465
21,0.382687,0.692867,7054.280762
22,0.339054,0.759213,7520.132324
23,0.343649,0.702761,7786.341309
24,0.603310,0.854822,8302.110352
25,0.634575,0.839462,8418.559570
26,0.729834,0.713563,9117.333984
27,0.735047,0.701941,9233.818359
28,0.848293,0.502237,9932.580078
29,0.787632,0.417894,10232.078125
30,0.807969,0.589821,10548.157227
31,0.926009,0.537328,11014.022461
32,0.921453,0.533915,11113.836914
33,0.976839,0.538992,11779.339844
34,0.005459,0.548370,12295.111328
35,0.115587,0.521799,13027.172852
36,0.115033,0.643426,13260.096680
37,0.223290,0.512319,13559.575195
38,0.215967,0.437878,13859.060547
39,0.201851,0.441375,14191.810547
40,0.198581,0.446201,14291.647461
41,0.231496,0.569358,14591.110352
42,0.243542,0.584047,14757.499023
43,0.264265,0.455218,15140.147461
44,0.162579,0.428655,15672.562500
45,0.164573,0.425212,15805.668945
46,0.333694,0.498018,17020.199219
47,0.201757,0.485936,17569.220703
48,0.056736,0.454759,18101.636719
49,0.837048,0.525658,18966.791016
50,0.839659,0.520227,19216.363281
51,0.936782,0.671567,19582.402344
52,0.929376,0.630642,19715.476562
53,0.852970,0.305145,20314.421875
54,0.983734,0.382743,20647.191406
55,0.974840,0.434270,21129.705078
56,0.921565,0.893666,21778.541016
57,0.113850,0.873550,22227.765625
58,0.612991,0.947090,22710.246094
59,0.621034,0.951295,22810.080078
60,0.652222,0.806838,23325.847656
61,0.657628,0.795704,23442.294922
62,0.809427,0.599808,24024.654297
63,0.838309,0.543887,24207.621094
64,0.888152,0.531478,24590.298828
65,0.957532,0.556512,24956.335938
0,0.738442,0.521371,266.230408
1,0.651312,0.732246,898.440735
2,0.578676,0.708304,1181.264404
3,0.560842,0.718038,1414.217163
4,0.542339,0.773769,1630.510132
5,0.501357,0.854166,1830.097900
6,0.540910,0.839373,2129.637207
7,0.440069,0.823752,2512.272705
8,0.430359,0.817600,2795.155762
9,0.449810,0.820017,3577.094238
10,0.497268,0.823385,4142.787109
11,0.538246,0.814825,4392.293945
12,0.556575,0.812635,4591.958008
13,0.573251,0.808932,4808.231445
14,0.606469,0.792259,5024.578125
15,0.540693,0.625387,5623.523926
16,0.522873,0.571399,5789.950684
17,0.519575,0.491047,6039.496582
18,0.516621,0.406165,6338.961914
19,0.514360,0.345882,6704.994629
20,0.519858,0.350339,7137.559082
21,0.524386,0.315955,7370.527344
22,0.570263,0.232245,7586.745117
23,0.606503,0.244985,7769.823730
24,0.617834,0.134282,7986.043457
25,0.605371,0.110052,8152.388184
26,0.570166,0.110414,8318.832031
27,0.622631,0.130960,8535.153320
28,0.643627,0.254323,8951.022461
29,0.669375,0.285893,9100.783203
30,0.766836,0.488551,9932.712891
31,0.713655,0.466150,10148.960938
32,0.742727,0.658385,10398.523438
33,0.660540,0.724880,10714.573242
34,0.593588,0.765674,11014.090820
35,0.910034,0.832269,11962.473633
36,0.913929,0.792812,12095.504883
37,0.953612,0.760793,12195.420898
38,0.939678,0.498280,12561.467773
39,0.933584,0.476967,12661.245117
40,0.855552,0.508700,13060.473633
41,0.979068,0.362501,13376.662109
42,0.979076,0.353176,13476.519531
43,0.019456,0.453560,13725.991211
44,0.047775,0.500855,13942.347656
45,0.104806,0.480817,14358.257812
46,0.100654,0.495518,14691.002930
47,0.176432,0.480427,15173.479492
48,0.209689,0.475583,15506.210938
49,0.205368,0.460548,15639.323242
50,0.286064,0.484206,16787.310547
51,0.423786,0.677650,17968.568359
52,0.326751,0.765839,18517.615234
53,0.296573,0.748339,18684.005859
54,0.238234,0.445910,19233.052734
55,0.189802,0.518311,19499.240234
56,0.191622,0.498185,19665.621094
57,0.196334,0.467996,20031.671875
58,0.223077,0.613294,20763.679688
59,0.215342,0.626825,20946.720703
60,0.174078,0.420978,21362.669922
61,0.078338,0.529266,21761.947266
62,0.079076,0.511933,21911.685547
63,0.108546,0.451386,22127.974609
64,0.022540,0.556186,22477.378906
65,0.984483,0.579225,22660.378906
66,0.928418,0.564400,22943.228516
67,0.926828,0.580931,23142.878906
68,0.990068,0.825869,23658.675781
69,0.923115,0.493906,24540.423828
70,0.909980,0.474004,24756.744141
71,0.910442,0.474844,24873.195312
0,0.744537,0.488261,149.733047
1,0.821207,0.482115,449.193726
2,0.846284,0.487840,615.579407
3,0.883887,0.536273,831.990173
4,0.937554,0.545138,1064.807739
5,0.967386,0.568795,1197.950806
6,0.952181,0.567120,1347.681885
7,0.967942,0.550923,1530.664429
8,0.010484,0.557123,1713.685303
9,0.004666,0.557091,1830.172852
10,0.032789,0.532930,2079.704590
11,0.074912,0.515731,2429.091064
12,0.109734,0.493465,2695.291992
13,0.209942,0.479161,3211.039795
14,0.203761,0.500450,3610.337158
15,0.195228,0.495315,3826.646729
16,0.218662,0.562270,4292.521973
17,0.219623,0.629371,4442.236816
18,0.222443,0.691473,5340.673828
19,0.221791,0.678258,5457.210938
20,0.179581,0.489493,5623.476074
21,0.185872,0.464478,5823.189941
22,0.146868,0.369224,6105.979980
23,0.042179,0.357606,6488.658691
24,0.024369,0.356582,6688.395020
25,0.975959,0.362346,6987.838379
26,0.950454,0.366999,7204.056641
27,0.964529,0.538274,7603.446289
28,0.931632,0.566361,7919.494629
29,0.916307,0.542566,8152.503418
30,0.844257,0.507011,8501.830078
31,0.764069,0.436903,8984.299805
32,0.753228,0.418816,9117.383789
33,0.701513,0.450231,9466.790039
34,0.686473,0.492461,9699.693359
35,0.685999,0.689638,10115.649414
36,0.640051,0.710972,10331.927734
37,0.587965,0.723088,10548.206055
38,0.558067,0.707062,10747.884766
39,0.521782,0.627038,10947.541016
40,0.499476,0.763544,11213.715820
41,0.500959,0.843057,11363.456055
42,0.564245,0.840838,12378.379883
43,0.572541,0.839093,12761.023438
44,0.543835,0.825242,13176.962891
45,0.558267,0.830638,13875.745117
46,0.594662,0.825342,14374.866211
47,0.599986,0.833089,14557.882812
48,0.592095,0.804100,14824.081055
49,0.521383,0.517722,15206.749023
50,0.517668,0.433663,15373.127930
51,0.513678,0.376647,15522.855469
52,0.510929,0.353645,15639.321289
53,0.510432,0.360674,15838.980469
54,0.507649,0.354215,16521.128906
55,0.515560,0.367503,17003.628906
56,0.506248,0.386266,17502.732422
57,0.500844,0.372375,17935.296875
58,0.514947,0.370327,18301.333984
59,0.508571,0.386669,18717.273438
60,0.519190,0.372025,19083.304688
61,0.503635,0.370549,19815.343750
62,0.287249,0.541014,20613.980469
63,0.303689,0.559587,20796.994141
64,0.311442,0.497325,21212.927734
65,0.322954,0.447976,21429.210938
66,0.459736,0.184388,22144.607422
67,0.457554,0.124371,22344.275391
68,0.541644,0.128756,22510.642578
69,0.590567,0.165088,22760.240234
70,0.715751,0.519789,23808.396484
71,0.711902,0.481492,24191.056641
72,0.720735,0.529530,24440.611328
0,0.742833,0.476466,99.885956
1,0.776222,0.496015,449.156189
2,0.830890,0.507006,665.502197
3,0.720763,0.578139,931.699951
4,0.702662,0.636486,1197.869263
5,0.642219,0.777410,1414.185913
6,0.610054,0.705764,1979.886108
7,0.577273,0.699712,2212.781738
8,0.533637,0.629015,2495.615967
9,0.499282,0.559625,2761.844482
10,0.493663,0.425804,3044.698975
11,0.490541,0.377557,3211.020020
12,0.494791,0.357998,3427.312500
13,0.512358,0.318397,3843.324219
14,0.571533,0.135772,4225.970215
15,0.541946,0.133402,4475.463867
16,0.649921,0.180654,4824.884766
17,0.683798,0.229768,5041.220215
18,0.733984,0.285313,5290.704102
19,0.732230,0.367797,5756.553711
20,0.783454,0.340660,6039.427246
21,0.830468,0.380138,6305.604492
22,0.863310,0.426245,6605.165527
23,0.920574,0.458816,6788.134766
24,0.952309,0.509064,7104.241211
25,0.001871,0.500010,7669.949219
26,0.014613,0.386741,7886.291992
27,0.044310,0.355802,8102.499023
28,0.218271,0.462055,8951.077148
29,0.215737,0.496199,9533.341797
30,0.214451,0.537170,9733.056641
31,0.215730,0.568653,9932.609375
32,0.184610,0.502495,10082.375977
33,0.109393,0.488292,10298.682617
34,0.085092,0.449493,10564.873047
35,0.126677,0.507432,10880.957031
36,0.193926,0.536943,11147.248047
37,0.214060,0.466411,11496.550781
38,0.211792,0.469255,11712.901367
39,0.118682,0.398030,11912.532227
40,0.058110,0.354866,12095.521484
41,0.027846,0.343896,12361.702148
42,0.966174,0.359258,12561.355469
43,0.947777,0.351293,12777.728516
44,0.931707,0.505954,13443.141602
45,0.820746,0.480019,13958.933594
46,0.697017,0.432606,14641.099609
47,0.676857,0.748968,15106.944336
48,0.697346,0.863005,15456.335938
49,0.513079,0.891479,15955.457031
50,0.545547,0.828506,16204.977539
51,0.569100,0.816420,16920.447266
52,0.569214,0.823466,17436.152344
53,0.563380,0.831710,17602.539062
54,0.567475,0.822542,17718.998047
55,0.585555,0.817720,18051.746094
56,0.604917,0.793546,18367.908203
57,0.598687,0.794559,19482.582031
58,0.608566,0.784892,19765.486328
59,0.544794,0.814739,20181.421875
60,0.559417,0.812368,20963.353516
61,0.567351,0.809355,21312.753906
62,0.574175,0.805313,21678.767578
63,0.439485,0.820903,21944.958984
64,0.434317,0.808173,22261.126953
65,0.497896,0.585564,22826.781250
66,0.516992,0.384864,23242.789062
67,0.517831,0.347620,23409.097656
68,0.503434,0.344195,23625.353516
69,0.299319,0.478096,24374.058594
70,0.259652,0.509052,24573.732422
0,0.806859,0.502355,415.968475
1,0.776080,0.615729,698.824402
2,0.710056,0.703728,965.036255
3,0.810077,0.951686,1380.989746
4,0.780937,0.943898,1514.068481
5,0.546670,0.771097,1996.621948
6,0.538658,0.815178,2212.843750
7,0.577670,0.848828,2595.521240
8,0.538895,0.868912,2911.613037
9,0.513045,0.631720,3327.592529
10,0.492159,0.601422,3693.570068
11,0.485507,0.526324,4026.343506
12,0.482923,0.447431,4259.276855
13,0.490588,0.396260,4425.661621
14,0.501828,0.475608,4858.224121
15,0.495391,0.622453,5157.704590
16,0.499641,0.686395,5523.753906
17,0.453181,0.724538,5806.563477
18,0.489497,0.116868,6838.104980
19,0.498838,0.098654,7004.493652
20,0.412027,0.420891,7486.949219
21,0.323971,0.417562,7819.723145
22,0.300062,0.440208,8069.281250
23,0.299075,0.323503,8318.866211
24,0.233819,0.337687,8701.507812
25,0.239252,0.339546,8834.595703
26,0.247458,0.490663,9100.795898
27,0.194929,0.485305,9500.112305
28,0.200826,0.484971,9649.860352
29,0.199989,0.483997,9816.227539
30,0.195005,0.589704,10598.190430
31,0.190206,0.668104,10881.025391
32,0.285884,0.695497,11163.875000
33,0.207887,0.630843,11546.517578
34,0.425130,0.110889,12927.479492
35,0.887013,0.045764,13509.759766
36,0.486786,0.133294,13892.460938
37,0.367521,0.179605,14424.833984
38,0.389404,0.176278,14691.028320
39,0.533060,0.380168,14940.604492
40,0.531202,0.434195,15140.249023
41,0.524456,0.433339,15506.282227
42,0.532721,0.528700,15672.644531
43,0.515642,0.581804,15888.960938
44,0.507276,0.586264,16155.146484
45,0.509870,0.605806,16487.910156
46,0.533255,0.581490,17053.574219
47,0.554337,0.661667,17303.128906
48,0.502063,0.441129,18018.550781
49,0.505509,0.393458,18201.564453
50,0.505620,0.355758,18384.583984
51,0.511785,0.346586,18667.439453
52,0.513856,0.407617,19815.437500
53,0.523237,0.438391,20131.546875
54,0.638717,0.514020,20913.501953
55,0.666786,0.485547,21163.066406
56,0.717785,0.467941,21961.646484
57,0.769134,0.470815,22510.707031
58,0.782088,0.494278,22876.763672
59,0.815149,0.446421,23192.859375
60,0.855718,0.443383,23459.048828
61,0.815846,0.449803,23825.068359
62,0.808815,0.449036,24057.988281
0,0.767263,0.392864,499.137756
1,0.712050,0.462064,665.584167
2,0.701772,0.425423,965.045959
3,0.737632,0.728319,1264.559448
4,0.736031,0.624510,1830.162476
5,0.703129,0.439050,2395.842041
6,0.697491,0.394643,2628.860840
7,0.797883,0.387070,2911.712158
8,0.903786,0.479401,3377.503906
9,0.950308,0.544580,3610.415771
10,0.958597,0.580538,3810.060547
11,0.006183,0.565643,4159.458496
12,0.004193,0.325299,4408.990234
13,0.024874,0.288835,4625.265625
14,0.047173,0.232364,4841.696777
15,0.002999,0.546404,5556.985840
16,0.916739,0.477727,5972.942871
17,0.017111,0.495873,6189.217285
18,0.108392,0.444795,6887.998047
19,0.119978,0.444397,7120.920898
20,0.226038,0.469756,7703.230957
21,0.216799,0.730552,8318.920898
22,0.213317,0.743059,8535.141602
23,0.220706,0.743538,8934.458008
24,0.210771,0.397620,9433.530273
25,0.215125,0.481294,10165.643555
26,0.211220,0.498717,10431.844727
27,0.197767,0.558502,10698.108398
28,0.329654,0.345828,11213.806641
29,0.356755,0.307694,11496.621094
30,0.451308,0.720347,12627.969727
31,0.478070,0.660974,12977.438477
32,0.470195,0.654632,13143.782227
33,0.477825,0.650452,13226.945312
34,0.471542,0.638330,13376.685547
35,0.474911,0.950374,14025.551758
36,0.546224,0.942488,14308.425781
37,0.517993,0.962144,14474.739258
38,0.582723,0.959907,14973.887695
39,0.426039,0.845388,15339.959961
40,0.403725,0.806421,15506.297852
41,0.678743,0.624082,17536.054688
42,0.505232,0.291153,18567.593750
43,0.519808,0.304374,18783.869141
44,0.569538,0.864070,19865.322266
45,0.582532,0.846697,20214.738281
46,0.617471,0.837773,20614.005859
47,0.490329,0.868287,20913.492188
48,0.431647,0.812953,21212.960938
49,0.464723,0.825149,21795.273438
50,0.381015,0.920472,22094.796875
51,0.586313,0.887464,22543.978516
52,0.574710,0.865790,22793.541016
53,0.593056,0.846805,23009.826172
54,0.576835,0.884809,23525.593750
55,0.599352,0.886295,23924.880859
56,0.655940,0.871845,24374.091797
57,0.547644,0.460831,24973.046875
0,0.702485,0.564431,33.192650
1,0.702378,0.430548,499.053070
2,0.761045,0.411195,781.909851
3,0.811261,0.396427,1147.934692
4,0.867762,0.478605,1447.380127
5,0.973261,0.534110,2029.785889
6,0.045591,0.271502,2795.052734
7,0.091386,0.456144,3194.382568
8,0.221179,0.452077,4159.285645
9,0.343127,0.559609,4658.474609
10,0.403368,0.721026,4891.432129
11,0.466942,0.942206,7204.006836
12,0.584959,0.905246,7453.541016
13,0.646100,0.863421,7686.519043
14,0.482253,0.854978,8019.274414
15,0.143594,0.929768,8568.301758
16,0.268411,0.782649,9034.136719
17,0.292528,0.410239,9633.093750
18,0.284515,0.348297,9799.469727
19,0.331839,0.165538,11047.303711
20,0.323258,0.174681,11147.096680
21,0.239706,0.337487,11396.725586
22,0.201547,0.572832,11862.543945
23,0.263476,0.426872,12411.591797
24,0.193220,0.431809,12694.396484
25,0.168396,0.486524,13210.150391
26,0.166224,0.482015,13376.547852
27,0.076912,0.507610,13642.760742
28,0.081873,0.472520,13825.802734
29,0.010774,0.289579,14108.625000
30,0.107396,0.451549,14657.659180
31,0.021021,0.568993,15007.051758
32,0.970249,0.552579,15289.859375
33,0.978658,0.510585,15838.930664
34,0.922293,0.505096,16088.491211
35,0.839890,0.479731,16421.230469
36,0.837949,0.465508,16554.388672
37,0.863195,0.519384,16887.128906
38,0.739544,0.258470,17536.027344
39,0.710701,0.415881,17752.218750
40,0.739233,0.699333,18118.234375
41,0.665353,0.807242,18401.074219
42,0.592636,0.834393,18700.554688
43,0.581346,0.904628,19166.470703
44,0.808310,0.855155,19399.337891
45,0.733575,0.365488,19898.462891
46,0.764598,0.353652,20514.132812
47,0.881903,0.245693,21129.697266
48,0.888118,0.235529,21628.835938
49,0.998418,0.493377,22294.265625
50,0.027915,0.522362,22593.824219
51,0.045721,0.519359,22776.800781
52,0.594699,0.750853,24490.441406
53,0.646018,0.762520,24706.757812
0,0.784879,0.664553,366.018951
1,0.731669,0.587042,748.772278
2,0.740200,0.412050,1048.199829
3,0.791256,0.402547,1364.305420
4,0.827333,0.435939,1830.215454
5,0.817517,0.435290,2013.189453
6,0.767979,0.481462,2395.906494
7,0.760416,0.296114,2645.384766
8,0.740019,0.272916,3011.420166
9,0.724853,0.268827,3177.846924
10,0.737005,0.269603,3327.505859
11,0.732231,0.351701,4026.367432
12,0.523750,0.349252,4974.750000
13,0.519059,0.355930,5074.470703
14,0.532067,0.355890,5257.579102
15,0.535698,0.377442,5373.979004
16,0.444826,0.661218,6156.008789
17,0.482945,0.571859,6538.588379
18,0.523173,0.439606,6921.256348
19,0.513009,0.468259,7137.602051
20,0.354343,0.302145,7437.037598
21,0.366564,0.289947,7620.018555
22,0.262826,0.503836,8218.966797
23,0.202007,0.497447,8901.138672
24,0.201694,0.498651,9317.073242
25,0.191612,0.581429,9683.150391
26,0.216744,0.502822,10332.039062
27,0.090050,0.611509,10698.021484
28,0.085946,0.597490,11030.777344
29,0.015084,0.638024,11945.819336
30,0.989658,0.634203,12212.025391
31,0.991537,0.606347,12461.545898
32,0.984514,0.588378,12777.694336
33,0.980814,0.505955,13010.592773
34,0.025185,0.509818,13226.898438
35,0.121903,0.827958,13759.351562
36,0.691635,0.884198,14824.127930
37,0.859793,0.848376,15223.426758
38,0.918999,0.826104,15522.895508
39,0.527389,0.774492,16255.032227
40,0.554080,0.786365,16537.785156
41,0.605774,0.776963,17170.021484
42,0.598022,0.747840,17536.115234
43,0.594874,0.738204,17635.871094
44,0.536671,0.931947,20064.916016
45,0.544150,0.913070,20630.597656
46,0.516646,0.588469,21578.943359
47,0.511606,0.601796,21662.191406
48,0.552960,0.361749,22743.589844
49,0.713871,0.536380,23974.880859
50,0.739489,0.503836,24623.677734
0,0.732429,0.710889,316.082642
1,0.715600,0.705078,598.937378
2,0.709433,0.615009,815.247009
3,0.841901,0.543264,1264.468018
4,0.985182,0.478193,2179.595947
5,0.027319,0.494995,2512.267578
6,0.022277,0.516447,2678.647949
7,0.116941,0.474851,3061.277832
8,0.117635,0.484111,3327.544189
9,0.224008,0.498958,3959.721191
10,0.213064,0.478896,4242.649414
11,0.209491,0.491040,4458.895508
12,0.216972,0.491983,4591.954590
13,0.316312,0.476031,5224.196777
14,0.322405,0.532724,5390.552246
15,0.093151,0.372010,6471.988281
16,0.092291,0.374953,6588.443359
17,0.025173,0.480493,7570.071777
18,0.986342,0.486679,7919.455078
19,0.906309,0.534800,8684.802734
20,0.900271,0.514088,8867.817383
21,0.927168,0.542229,9633.141602
22,0.750625,0.590029,9949.260742
23,0.777294,0.577225,10298.641602
24,0.741456,0.745414,10681.317383
25,0.685552,0.749471,11097.231445
26,0.744637,0.818144,11446.641602
27,0.748947,0.794500,11579.733398
28,0.563738,0.777565,11912.484375
29,0.542680,0.788531,12228.595703
30,0.550217,0.844046,12627.907227
31,0.558457,0.839234,13110.428711
32,0.525370,0.849969,13343.316406
33,0.533494,0.833702,13459.779297
34,0.406114,0.802102,13676.063477
35,0.484751,0.424981,14258.397461
36,0.478286,0.427558,14557.858398
37,0.543882,0.579384,15073.611328
38,0.539550,0.583523,15190.097656
39,0.539073,0.671962,15406.386719
40,0.528033,0.823419,15855.607422
41,0.523328,0.827979,15972.081055
42,0.517126,0.841813,16238.271484
43,0.466721,0.821544,16454.537109
44,0.437247,0.820399,16637.578125
45,0.557658,0.780855,17020.220703
46,0.597750,0.827604,17369.625000
47,0.582675,0.814507,17569.304688
48,0.597041,0.795776,17735.654297
49,0.595301,0.778586,17985.236328
50,0.505947,0.643987,19066.675781
51,0.454059,0.610471,19332.859375
52,0.497791,0.321077,20031.623047
53,0.443828,0.120546,21046.527344
54,0.205324,0.531011,22377.556641
55,0.196928,0.524935,22510.640625
56,0.190454,0.530043,22726.906250
57,0.191711,0.512467,22893.283203
58,0.325465,0.471617,23159.507812
59,0.322011,0.480035,23292.625000
60,0.275620,0.540245,23608.728516
61,0.333383,0.515044,23808.363281
62,0.371301,0.599121,24124.490234
63,0.424443,0.736825,24789.974609
64,0.428737,0.732516,24889.804688
65,0.438657,0.732565,24989.634766
0,0.683632,0.432870,33.333557
1,0.752612,0.438806,415.964630
2,0.793494,0.340014,648.829773
3,0.758350,0.741983,1131.355591
4,0.765004,0.807448,1347.646484
5,0.727501,0.863907,1763.606079
6,0.648035,0.861604,2146.237305
7,0.573556,0.797389,2728.537598
8,0.535148,0.754534,2878.364990
9,0.463388,0.380671,3527.160889
10,0.470402,0.364318,3643.661133
11,0.477590,0.342727,3793.446045
12,0.476894,0.329847,4076.197021
13,0.475263,0.369309,4325.826660
14,0.516624,0.717441,4658.595215
15,0.545900,0.808013,4858.253906
16,0.649168,0.911124,5906.356934
17,0.647566,0.889049,6222.426758
18,0.663635,0.864596,6621.741699
19,0.641503,0.879627,7137.607422
20,0.634617,0.885438,7403.729492
21,0.649687,0.879643,7536.830566
22,0.614856,0.825358,8152.476074
23,0.424601,0.134945,9350.321289
24,0.724431,0.499777,9965.959961
25,0.715355,0.481154,10265.458984
26,0.701976,0.546452,10531.610352
27,0.713746,0.594239,10764.523438
28,0.702383,0.733187,11030.753906
29,0.843979,0.470836,11629.641602
30,0.864032,0.424077,11846.027344
31,0.881046,0.424203,12178.788086
32,0.835950,0.403284,12528.118164
33,0.825262,0.409628,12677.873047
34,0.845273,0.401123,13010.619141
35,0.852037,0.399262,13393.256836
36,0.937595,0.473063,13692.766602
37,0.966338,0.536737,13992.298828
38,0.013728,0.534194,14358.275391
39,0.029677,0.508190,14591.186523
40,0.104118,0.506611,15007.146484
41,0.061635,0.295864,15256.672852
42,0.045419,0.252564,15406.418945
43,0.169835,0.518267,15905.519531
44,0.216381,0.522295,16155.087891
45,0.212119,0.509853,16404.623047
46,0.209470,0.505988,16604.318359
47,0.217112,0.689425,17236.511719
48,0.188747,0.769572,17502.710938
49,0.317096,0.587249,18101.654297
50,0.313252,0.543411,18733.904297
51,0.309425,0.454057,18933.585938
52,0.201468,0.419330,19249.669922
53,0.151399,0.482829,20414.314453
54,0.159056,0.434525,20713.812500
55,0.204007,0.416581,20963.427734
56,0.206339,0.424651,21395.914062
57,0.177896,0.768473,22127.976562
58,0.208572,0.436742,22710.339844
59,0.207210,0.419135,22876.652344
0,0.765761,0.614968,149.774689
1,0.764252,0.595441,316.161255
2,0.669208,0.706161,865.229919
3,0.609835,0.730637,1131.363525
4,0.572183,0.716848,1514.046509
5,0.549906,0.791960,1730.311768
6,0.570937,0.820041,1946.653320
7,0.564843,0.829075,2162.906738
8,0.616856,0.786215,2612.104492
9,0.513181,0.571990,2894.955322
10,0.500081,0.381741,3460.669434
11,0.039430,0.510594,5207.580566
12,0.000785,0.544374,5490.504883
13,0.998533,0.538051,5623.525879
14,0.512267,0.487631,6971.246582
15,0.264208,0.541098,7803.062988
16,0.194190,0.483476,8202.347656
17,0.199546,0.485421,8451.953125
18,0.514724,0.378904,9782.956055
19,0.513770,0.391793,9965.935547
20,0.504068,0.612324,10564.906250
21,0.510075,0.632074,10681.379883
22,0.514129,0.659211,10947.540039
23,0.515812,0.710358,11180.502930
24,0.519957,0.750090,11396.754883
25,0.528823,0.859541,11679.682617
26,0.528713,0.867499,11845.995117
27,0.520746,0.853344,11979.122070
28,0.537460,0.875484,12328.480469
29,0.554099,0.827709,12594.687500
30,0.537360,0.823574,12811.005859
31,0.433386,0.813046,13193.645508
32,0.452661,0.817713,13892.490234
33,0.498256,0.819820,14374.887695
34,0.535718,0.823028,15140.250977
35,0.547411,0.821715,15672.665039
36,0.552812,0.822574,16022.089844
37,0.564210,0.817470,16371.437500
38,0.586343,0.813403,16870.568359
39,0.596903,0.807079,17303.115234
40,0.598833,0.744605,18201.552734
41,0.586985,0.696401,18451.105469
42,0.570994,0.627661,18900.365234
43,0.504428,0.499354,19649.025391
44,0.509394,0.456745,20048.355469
45,0.507054,0.386045,20281.226562
46,0.503412,0.372230,20680.566406
47,0.510526,0.394341,21129.789062
48,0.522564,0.408443,21578.966797
49,0.511091,0.415023,21695.457031
50,0.516892,0.427847,22078.154297
51,0.495376,0.419574,22410.923828
52,0.509465,0.373325,22610.550781
53,0.496973,0.381912,23708.599609
54,0.501378,0.389377,24174.435547
0,0.761785,0.527858,33.265869
1,0.871469,0.510502,465.895386
2,0.985982,0.408814,1380.912109
3,0.010463,0.526555,1563.942383
4,0.011833,0.522608,1697.125244
5,0.056036,0.374450,1963.204590
6,0.045663,0.354001,2246.000732
7,0.098028,0.534953,2628.763184
8,0.215265,0.510672,3294.237305
9,0.214453,0.498727,3444.034668
10,0.209247,0.573392,4109.425293
11,0.215849,0.705733,4675.102539
12,0.314439,0.686737,5157.653320
13,0.383796,0.713844,5507.041504
14,0.433733,0.718809,5789.911621
15,0.457543,0.671164,6122.656738
16,0.208174,0.486797,7070.968262
17,0.273687,0.513212,7669.957031
18,0.284993,0.351145,7936.181152
19,0.531757,0.402975,9050.848633
20,0.521722,0.407923,9150.624023
21,0.523072,0.394146,9300.351562
22,0.535300,0.503700,9566.555664
23,0.533564,0.581856,9899.311523
24,0.530498,0.590201,10049.147461
25,0.507387,0.172027,10847.639648
26,0.447116,0.177958,11280.321289
27,0.205731,0.525090,12428.272461
28,0.062671,0.433837,13310.094727
29,0.026841,0.501231,13543.007812
30,0.028370,0.512795,13676.101562
31,0.056374,0.340259,13875.708984
32,0.000969,0.325464,14324.910156
33,0.935157,0.467650,14641.118164
34,0.932802,0.474553,14757.497070
35,0.921470,0.559608,15023.707031
36,0.835594,0.439680,15373.181641
37,0.838366,0.428407,16038.559570
38,0.843437,0.426480,16138.437500
39,0.956809,0.573752,16704.123047
40,0.991203,0.547756,17070.156250
41,0.096095,0.538830,17602.626953
42,0.119756,0.493620,17885.361328
43,0.224013,0.515682,18484.349609
44,0.264745,0.393049,19149.855469
45,0.268644,0.404132,19532.484375
46,0.333104,0.582889,19682.265625
47,0.313610,0.513445,19831.968750
48,0.298832,0.590399,20331.080078
49,0.216605,0.502304,20763.703125
50,0.192081,0.477159,20913.390625
51,0.198519,0.487225,21129.742188
52,0.968778,0.324776,22377.513672
53,0.830381,0.474867,23043.003906
54,0.918109,0.952307,24473.843750
55,0.162794,0.889770,24973.023438
0,0.727162,0.509001,282.897949
1,0.779572,0.532285,549.062317
2,0.725348,0.621969,782.008667
3,0.706235,0.670607,981.604431
4,0.659064,0.698108,1231.223511
5,0.547499,0.770194,1746.944336
6,0.502805,0.793597,1913.370483
7,0.508143,0.791398,2129.661621
8,0.551217,0.786913,2312.623291
9,0.531467,0.819253,2612.086914
10,0.589774,0.782729,2911.610596
11,0.595080,0.774181,3094.620605
12,0.428505,0.817652,3560.441162
13,0.475467,0.797688,3810.046631
14,0.498428,0.365796,4525.454102
15,0.503879,0.362034,4675.225586
16,0.658963,0.300448,5390.602539
17,0.744018,0.439087,5873.107422
18,0.736519,0.447824,5989.585449
19,0.919571,0.516876,6854.679199
20,0.958401,0.533812,7104.288086
21,0.990888,0.539774,7303.969727
22,0.001634,0.551988,7470.336914
23,0.016183,0.648647,7686.588379
24,0.036788,0.615341,8152.414551
25,0.069353,0.568421,8385.382812
26,0.092883,0.725818,8801.292969
27,0.112766,0.769206,9367.009766
28,0.223926,0.506118,10148.973633
29,0.273244,0.512557,11363.503906
30,0.222505,0.514775,11779.440430
31,0.320564,0.594694,12145.458984
32,0.218353,0.541544,12578.041016
33,0.200472,0.474615,12727.829102
34,0.052537,0.980339,14158.595703
35,0.674688,0.916081,14674.455078
36,0.645754,0.902417,15073.708984
37,0.658540,0.862560,15256.736328
38,0.739284,0.832577,15473.058594
39,0.683902,0.796293,15855.669922
40,0.700245,0.651090,16271.607422
41,0.714744,0.619892,16604.322266
42,0.716928,0.534123,16870.572266
43,0.761557,0.531637,17236.599609
44,0.782103,0.526548,17486.164062
45,0.845351,0.499586,17719.072266
46,0.865850,0.489851,17951.960938
47,0.864777,0.485162,18085.103516
48,0.858612,0.454004,18251.460938
49,0.923978,0.470604,18501.105469
50,0.940446,0.466027,18733.937500
51,0.984523,0.391616,18933.597656
52,0.993935,0.370603,19116.613281
53,0.022087,0.498837,19465.996094
54,0.022189,0.510789,19565.812500
55,0.114246,0.524120,20098.259766
56,0.165568,0.507636,20364.435547
57,0.198597,0.507963,20564.099609
58,0.215660,0.495111,20730.546875
59,0.241184,0.499260,21163.019531
60,0.270170,0.492353,21379.332031
61,0.260163,0.418008,21861.828125
62,0.253734,0.400984,22011.541016
63,0.261669,0.362708,22177.917969
64,0.107201,0.109108,23192.818359
65,0.045797,0.140719,23442.369141
66,0.984524,0.116054,23625.380859
67,0.024100,0.311873,23891.597656
68,0.002847,0.374704,24124.523438
69,0.948585,0.372475,24357.435547
70,0.941283,0.370598,24557.095703
0,0.726939,0.367843,166.392532
1,0.745155,0.473876,415.958588
2,0.734900,0.579687,615.657593
3,0.713410,0.796905,1048.175659
4,0.631686,0.817893,1264.438110
5,0.596623,0.843211,1497.447388
6,0.562104,0.881020,1780.287842
7,0.623255,0.924850,1996.493652
8,0.490165,0.930475,2362.531738
9,0.459912,0.926587,2645.389893
10,0.454683,0.931970,2928.219727
11,0.486761,0.259977,3776.699219
12,0.483136,0.242444,4109.482422
13,0.497094,0.238182,4492.138672
14,0.405178,0.138254,4858.203125
15,0.325182,0.241891,5107.742676
16,0.186683,0.512266,6039.430664
17,0.388410,0.845638,6804.750488
18,0.411125,0.901823,7071.006348
19,0.656063,0.944748,7969.478027
20,0.704235,0.912576,8169.080078
21,0.780522,0.898999,8468.533203
22,0.828317,0.893878,8834.625977
23,0.834153,0.790850,9150.730469
24,0.910522,0.486385,9716.373047
25,0.956387,0.481022,10065.716797
26,0.951753,0.465782,10182.207031
27,0.013985,0.493182,10365.298828
28,0.033265,0.491361,10747.889648
29,0.189673,0.476294,11346.823242
30,0.230430,0.456433,11696.276367
31,0.254595,0.292099,12095.556641
32,0.182797,0.206981,12544.735352
33,0.158792,0.151029,12927.477539
34,0.101205,0.131187,13127.053711
35,0.028659,0.284745,13925.732422
36,0.999554,0.264388,14308.333984
37,0.983952,0.245414,14507.997070
38,0.893698,0.499996,15439.694336
39,0.847477,0.389201,15772.410156
40,0.828918,0.328451,16022.041016
41,0.890352,0.190698,16338.150391
42,0.887411,0.195893,16471.179688
43,0.879580,0.199103,16604.320312
44,0.880830,0.201344,16770.701172
45,0.855508,0.653300,17169.996094
46,0.865310,0.733131,17469.486328
47,0.859381,0.777787,17785.578125
48,0.862409,0.464221,18101.701172
49,0.819902,0.371566,18517.630859
50,0.733976,0.188868,19332.873047
51,0.736635,0.193955,19515.910156
52,0.810381,0.156872,19798.712891
53,0.785605,0.146577,20081.593750
54,0.892543,0.116882,20430.968750
55,0.223225,0.483087,22161.283203
56,0.224245,0.508854,22311.050781
57,0.227541,0.388619,23076.349609
58,0.275654,0.361553,23359.150391
59,0.266092,0.533425,23791.730469
60,0.274075,0.492218,24124.566406
61,0.267377,0.375042,24557.103516
62,0.326429,0.482549,24873.216797
0,0.655586,0.560729,33.218510
1,0.739654,0.586531,299.464386
2,0.766943,0.589999,582.261963
3,0.691300,0.826003,965.010925
4,0.677472,0.837150,1397.607910
5,0.614751,0.869937,1597.196289
6,0.589630,0.827851,1830.069946
7,0.529967,0.658295,2345.916260
8,0.491899,0.379578,2911.541260
9,0.484052,0.306898,3261.021729
10,0.496522,0.324937,4126.172852
11,0.512037,0.496945,4492.218262
12,0.523744,0.684468,4725.044434
13,0.526598,0.694504,4808.220215
14,0.494822,0.825436,4991.244629
15,0.487671,0.864297,5240.825684
16,0.464381,0.853564,5357.316895
17,0.439984,0.848005,5557.012207
18,0.460601,0.842580,5723.309570
19,0.474287,0.858363,5889.645996
20,0.503511,0.861582,6155.870117
21,0.530006,0.864666,6472.005371
22,0.565934,0.852490,6754.859863
23,0.566761,0.851745,7187.437012
24,0.491660,0.896424,7620.014648
25,0.479195,0.897905,7819.642578
26,0.389341,0.774621,8518.506836
27,0.483343,0.644451,8834.561523
28,0.438029,0.462999,9050.785156
29,0.305121,0.514426,9683.029297
30,0.290535,0.540065,9816.119141
31,0.254887,0.545687,10182.139648
32,0.198036,0.473699,10598.130859
33,0.200316,0.437905,10847.707031
34,0.202963,0.427745,11130.564453
35,0.201041,0.444969,11380.203125
36,0.250958,0.264512,11862.547852
37,0.563880,0.105745,12594.655273
38,0.319270,0.177341,13143.705078
39,0.401384,0.098485,13443.146484
40,0.710699,0.452714,14458.018555
41,0.711119,0.453756,14957.194336
42,0.720044,0.760526,15356.515625
43,0.759276,0.769178,15689.230469
44,0.716346,0.848026,16288.149414
45,0.712650,0.857782,16404.593750
46,0.705204,0.866653,16537.724609
47,0.723934,0.741597,16820.607422
48,0.621510,0.784398,17269.777344
49,0.628380,0.765158,17619.171875
50,0.674634,0.721422,17802.164062
51,0.633222,0.700183,18085.013672
52,0.848493,0.498454,18750.511719
53,0.906383,0.599748,19416.060547
54,0.900405,0.661934,19682.210938
55,0.929448,0.661070,19865.279297
56,0.004828,0.542090,20364.339844
57,0.064852,0.342374,20930.115234
58,0.114609,0.356062,21096.410156
59,0.094088,0.609558,21712.023438
60,0.212285,0.742428,22826.751953
61,0.230132,0.757410,22943.228516
62,0.188189,0.757947,23625.353516
63,0.314907,0.694802,23991.345703
64,0.186140,0.761355,24224.349609
65,0.194538,0.642975,24623.640625
66,0.199488,0.508112,24856.498047
67,0.199753,0.508026,24956.324219
0,0.705023,0.363722,49.859734
1,0.732505,0.350423,199.574387
2,0.477047,0.291703,1563.865479
3,0.487394,0.292266,1696.969238
4,0.607869,0.874285,2229.353271
5,0.608294,0.860462,2412.360840
6,0.627526,0.846953,2994.686768
7,0.437975,0.864792,3676.856445
8,0.490497,0.855235,3859.853760
9,0.512272,0.827152,4142.674316
10,0.195609,0.589987,5140.945801
11,0.195483,0.536636,5407.160156
12,0.195259,0.518836,5507.003418
13,0.244034,0.701442,5856.354492
14,0.257766,0.739228,6072.668457
15,0.252072,0.734729,6272.279785
16,0.090184,0.529938,6821.337402
17,0.019882,0.344719,7037.650879
18,0.222349,0.467985,7553.410156
19,0.222451,0.464651,7736.411621
20,0.234347,0.690606,7969.336426
21,0.214069,0.767646,8601.566406
22,0.194338,0.465871,10714.535156
23,0.509618,0.247498,11612.987305
24,0.517778,0.251483,11879.154297
25,0.126951,0.495292,14374.807617
26,0.075830,0.519684,14574.451172
27,0.398087,0.887761,16770.621094
28,0.509318,0.889221,17053.470703
29,0.535186,0.835913,17336.308594
30,0.503371,0.851436,17635.849609
31,0.516842,0.851270,17785.519531
32,0.609985,0.867292,18534.205078
33,0.603761,0.864394,18700.580078
34,0.611303,0.856841,18916.871094
35,0.619020,0.853758,19249.621094
36,0.638318,0.840418,19948.390625
37,0.634741,0.826724,20380.974609
38,0.641689,0.829141,20680.457031
39,0.635448,0.851464,20830.183594
40,0.552175,0.888511,21063.125000
41,0.575918,0.886617,21312.675781
42,0.485701,0.242508,21978.177734
43,0.359629,0.921223,24307.462891
0,0.756385,0.511950,399.294281
1,0.801167,0.528741,665.491211
2,0.713163,0.693564,898.400879
3,0.672417,0.748528,1114.701416
4,0.679105,0.734986,1264.446533
5,0.778709,0.795704,1613.850586
6,0.804994,0.850891,1996.480957
7,0.815331,0.851273,2246.086182
8,0.055521,0.872289,2878.327148
9,0.258774,0.950109,3127.858398
10,0.535202,0.915020,3760.099854
11,0.554431,0.915006,3926.459717
12,0.099500,0.581540,4874.800781
13,0.059391,0.494313,5107.718750
14,0.046954,0.470809,5324.044922
15,0.041572,0.468977,5440.484375
16,0.975302,0.509910,5773.262695
17,0.970028,0.535117,6022.779785
18,0.915926,0.553287,6222.472168
19,0.856568,0.527360,6521.951172
20,0.860053,0.519128,6671.649414
21,0.902282,0.402511,6954.530273
22,0.834149,0.519116,7170.803711
23,0.813721,0.524185,7453.619141
24,0.864598,0.478147,7902.833496
25,0.982182,0.333888,8352.078125
26,0.203078,0.471806,9433.536133
27,0.217386,0.476990,9649.785156
28,0.205829,0.604718,10049.081055
29,0.332884,0.753295,11047.373047
30,0.358327,0.783826,11197.108398
31,0.189917,0.700290,11579.779297
32,0.188471,0.692096,11679.585938
33,0.205077,0.499434,12261.882812
34,0.278951,0.450330,12644.591797
35,0.273713,0.648248,13293.442383
36,0.257269,0.454645,13576.261719
37,0.245263,0.382030,13825.823242
38,0.197755,0.342379,14092.021484
39,0.138819,0.356451,14291.705078
40,0.079940,0.491495,14491.339844
41,0.084122,0.494970,14591.140625
42,0.035602,0.479988,15007.120117
43,0.697182,0.489914,17003.583984
44,0.707195,0.366465,17186.609375
45,0.602436,0.352063,17502.724609
46,0.550557,0.361882,17768.933594
47,0.515069,0.171771,18251.416016
48,0.479918,0.372116,18534.253906
49,0.495911,0.430897,18717.275391
50,0.492923,0.632971,19266.337891
51,0.470113,0.707316,19615.748047
52,0.510029,0.879611,20048.265625
53,0.510921,0.861603,20247.966797
54,0.481891,0.955346,20613.984375
55,0.502932,0.960989,20747.058594
56,0.500978,0.862759,20963.339844
57,0.521634,0.822203,21163.011719
58,0.508597,0.824452,21695.470703
59,0.509318,0.842202,22078.070312
60,0.511867,0.837684,22194.515625
61,0.591347,0.834967,22677.011719
62,0.511780,0.842777,23259.365234
63,0.524827,0.831756,23442.392578
64,0.561504,0.822250,23575.460938
65,0.675279,0.718196,24191.025391
66,0.734913,0.654288,24440.609375
67,0.729650,0.647356,24573.724609
68,0.743779,0.546039,24823.292969
0,0.760098,0.306999,49.876774
1,0.748290,0.361488,266.224213
2,0.713859,0.410158,582.269714
3,0.856219,0.428143,898.419861
4,0.022600,0.314941,1896.677612
5,0.045337,0.276700,2029.718384
6,0.220637,0.497394,2711.921143
7,0.213812,0.468612,2878.308105
8,0.218276,0.474632,3044.621582
9,0.211757,0.445143,3327.518066
10,0.204024,0.605122,3593.655029
11,0.262319,0.564576,3876.496826
12,0.326044,0.540680,4042.885498
13,0.310252,0.591156,4375.630859
14,0.418245,0.808068,5024.545410
15,0.488622,0.668714,5623.463379
16,0.517543,0.679240,5839.755859
17,0.369250,0.904559,6072.670898
18,0.351332,0.909150,6255.688965
19,0.457949,0.848607,6688.285156
20,0.405531,0.853461,6888.005371
21,0.498969,0.263995,7919.511719
22,0.495717,0.270275,8368.681641
23,0.511884,0.262605,8817.885742
24,0.323984,0.310957,10731.224609
25,0.705039,0.376244,11612.992188
26,0.774470,0.326745,12062.219727
27,0.827057,0.395008,12378.312500
28,0.847495,0.435019,12594.642578
29,0.864007,0.450454,12927.381836
30,0.849548,0.414583,13243.506836
31,0.692548,0.381104,14058.743164
32,0.007420,0.436756,15289.972656
33,0.046329,0.294297,15622.676758
34,0.087403,0.259304,15789.056641
35,0.088545,0.241456,15872.205078
36,0.137206,0.260523,16371.339844
37,0.213730,0.496035,16887.130859
38,0.214054,0.483836,17020.248047
39,0.553089,0.372338,18018.468750
40,0.554418,0.353279,18301.306641
41,0.727921,0.382256,18950.191406
42,0.861718,0.477898,19698.847656
43,0.857677,0.473105,19831.996094
44,0.858696,0.459674,20031.611328
45,0.882180,0.446037,20447.591797
46,0.557328,0.803542,21911.656250
0,0.757935,0.524955,249.585526
1,0.699932,0.489311,499.136627
2,0.559518,0.792822,964.958313
3,0.540403,0.731834,1181.325195
4,0.553221,0.722961,1297.700684
5,0.503521,0.611495,1530.704468
6,0.486060,0.419792,2146.333252
7,0.485995,0.407447,2246.088623
8,0.983340,0.545586,3211.029297
9,0.973410,0.522300,3394.139404
10,0.991372,0.389746,3743.445557
11,0.981501,0.545061,4192.682129
12,0.938168,0.563473,4425.611816
13,0.825125,0.807017,5390.564453
14,0.830490,0.796338,5590.235352
15,0.840547,0.784844,5756.659668
16,0.973383,0.808522,5939.613770
17,0.062350,0.570600,6139.259766
18,0.041368,0.430134,6887.937988
19,0.103965,0.523095,7919.523438
20,0.237384,0.497061,8634.902344
21,0.228292,0.510352,8901.101562
22,0.225096,0.509715,9034.195312
23,0.214324,0.500395,9217.198242
24,0.207154,0.631230,9882.716797
25,0.206914,0.568881,10481.667969
26,0.201444,0.535403,10747.883789
27,0.306194,0.547968,11113.900391
28,0.198128,0.491611,11513.208984
29,0.195851,0.482517,11662.945312
30,0.198366,0.482555,11796.037109
31,0.114339,0.529609,12727.784180
32,0.029682,0.531292,14092.032227
33,0.014201,0.551472,14890.648438
34,0.021689,0.560770,15805.719727
35,0.045108,0.541213,19615.691406
36,0.104266,0.614392,21978.265625
37,0.050290,0.554814,22344.292969
38,0.024720,0.551389,23325.875000
39,0.037552,0.563621,23858.287109
40,0.038660,0.555496,24773.386719
0,0.781947,0.606857,133.178040
1,0.764347,0.581893,299.513275
2,0.714045,0.704826,798.633362
3,0.714935,0.712669,898.518799
4,0.640178,0.746387,1147.970459
5,0.580601,0.753958,1380.898315
6,0.524724,0.735447,1630.499023
7,0.476716,0.668509,1963.200806
8,0.578607,0.817292,2479.095703
9,0.567622,0.841926,2745.228760
10,0.484361,0.896778,3011.494873
11,0.524138,0.910082,3310.847656
12,0.518050,0.811427,3726.797119
13,0.491103,0.744012,3993.010010
14,0.500139,0.532416,4408.935059
15,0.512007,0.421048,4591.954102
16,0.506272,0.354170,4808.287109
17,0.507500,0.344730,5739.975586
18,0.433331,0.623720,6239.194824
19,0.434571,0.663202,6438.840332
20,0.370409,0.699144,6688.334961
21,0.391993,0.734116,6887.943359
22,0.354549,0.769913,7104.318848
23,0.346574,0.791505,7287.297852
24,0.363168,0.782648,7570.090332
25,0.546517,0.844864,8069.214844
26,0.529406,0.852191,8202.320312
27,0.569667,0.751562,8718.117188
28,0.616043,0.788160,9100.770508
29,0.619919,0.865752,9317.093750
30,0.465465,0.805125,10398.531250
31,0.171966,0.497511,11646.276367
32,0.185151,0.497653,11762.770508
33,0.260329,0.503242,12927.378906
34,0.287776,0.439184,13276.900391
35,0.279131,0.463452,13493.119141
36,0.304642,0.519757,13775.892578
37,0.292545,0.550417,13992.241211
38,0.270803,0.576142,14141.975586
39,0.233571,0.489227,14591.154297
40,0.192877,0.502547,14840.809570
41,0.177187,0.513433,15090.335938
42,0.185484,0.503979,15256.651367
43,0.100928,0.540942,15606.092773
44,0.223501,0.648359,16138.481445
45,0.197782,0.513107,16620.982422
46,0.197105,0.498666,16720.792969
47,0.245218,0.384384,16987.041016
48,0.242936,0.402467,17153.361328
49,0.528788,0.396122,17985.330078
50,0.529976,0.379162,18201.492188
51,0.518591,0.395270,18617.466797
52,0.182860,0.511105,19282.947266
53,0.189258,0.486776,19449.396484
54,0.017031,0.629204,19965.146484
55,0.938274,0.590114,20564.078125
56,0.906836,0.618939,20763.691406
57,0.914225,0.476112,21346.011719
58,0.958047,0.339017,21678.798828
59,0.982658,0.312666,21911.683594
60,0.051473,0.270626,22161.285156
61,0.133806,0.246006,22577.205078
62,0.268765,0.394255,23292.708984
63,0.329211,0.487216,23858.326172
64,0.314335,0.546239,24074.583984
65,0.229661,0.553397,24307.523438
0,0.738084,0.514627,16.530247
1,0.749246,0.511128,266.136169
2,0.096214,0.385969,1879.984497
3,0.137653,0.457683,2062.963623
4,0.208065,0.509928,2429.063232
5,0.192894,0.564013,3194.303955
6,0.454287,0.688217,4575.240234
7,0.526071,0.380011,5140.940430
8,0.456810,0.817262,6022.700195
9,0.504040,0.822098,6288.886719
10,0.538277,0.829631,6688.274902
11,0.584322,0.838071,6954.448242
12,0.603897,0.838408,7253.878418
13,0.440227,0.779936,7553.336426
14,0.424486,0.790897,7769.652832
15,0.411996,0.783578,8135.682617
16,0.525032,0.822944,8684.679688
17,0.543736,0.824755,8867.778320
18,0.556521,0.827350,9150.535156
19,0.566266,0.831603,9383.458008
20,0.357987,0.906982,9882.670898
21,0.135139,0.959863,10381.789062
22,0.525457,0.440927,11196.978516
23,0.522737,0.404060,11363.378906
24,0.514076,0.385936,11529.715820
25,0.421280,0.192477,11912.382812
26,0.430539,0.155521,12045.491211
27,0.468913,0.135329,12228.535156
28,0.534568,0.109806,12528.007812
29,0.562526,0.108110,12694.364258
30,0.228078,0.587161,14258.276367
31,0.209734,0.662750,14491.251953
32,0.208128,0.723799,14724.133789
33,0.061634,0.706799,15040.315430
34,0.078199,0.510190,15506.162109
35,0.211294,0.489545,16171.659180
36,0.001635,0.537752,16870.390625
37,0.984276,0.532475,17119.988281
38,0.939842,0.510920,17369.546875
39,0.903481,0.503338,17619.103516
40,0.908990,0.506356,18001.804688
41,0.911877,0.520792,18151.500000
42,0.812314,0.476140,18401.085938
43,0.823178,0.476835,18717.185547
44,0.838498,0.475643,18850.310547
45,0.781326,0.359919,19399.386719
46,0.714060,0.430770,19732.046875
47,0.763011,0.348166,19931.751953
48,0.727876,0.323132,20131.470703
49,0.721608,0.310082,20331.037109
50,0.711772,0.351925,20630.490234
51,0.679422,0.283469,20963.287109
52,0.756962,0.316138,21395.867188
53,0.775175,0.312252,21628.763672
54,0.735836,0.317923,21861.658203
55,0.980864,0.358492,22560.542969
56,0.013845,0.355280,22876.572266
57,0.997414,0.567523,23425.699219
58,0.101236,0.514996,24074.517578
59,0.145829,0.529724,24357.337891
60,0.209026,0.498743,24956.238281
0,0.786568,0.491013,366.128326
1,0.614133,0.921649,1597.198730
2,0.561352,0.936161,2013.248657
3,0.674970,0.928706,2179.550537
4,0.489329,0.938799,2595.479004
5,0.502449,0.935472,2761.864502
6,0.636364,0.855313,3377.418945
7,0.679578,0.811882,4259.308105
8,0.681909,0.827799,4425.631836
9,0.502829,0.243053,5174.309082
10,0.502304,0.216435,5307.449707
11,0.594860,0.025714,6239.149414
12,0.466710,0.712818,7004.437500
13,0.545836,0.653143,7220.756348
14,0.526892,0.411543,7470.278809
15,0.525691,0.411438,7620.011719
16,0.514236,0.235319,7952.776855
17,0.279830,0.422283,8485.227539
18,0.301603,0.531708,8684.824219
19,0.167513,0.477752,9117.413086
20,0.174588,0.445154,9400.255859
21,0.207908,0.695711,9816.192383
22,0.233465,0.768297,10049.113281
23,0.234108,0.785978,10248.752930
24,0.081012,0.826962,10531.586914
25,0.059696,0.541757,10831.095703
26,0.088913,0.415626,11047.364258
27,0.158369,0.139759,11662.948242
28,0.235785,0.448307,12261.913086
29,0.233225,0.440331,12361.725586
30,0.222846,0.424480,12544.751953
31,0.091447,0.561449,12894.144531
32,0.922651,0.508879,13659.464844
33,0.871730,0.460149,14541.263672
34,0.871924,0.373606,14774.207031
35,0.989260,0.408209,15206.758789
36,0.671049,0.682249,17852.146484
37,0.762663,0.661180,18334.656250
38,0.718235,0.365804,18650.744141
39,0.716809,0.325428,18916.943359
40,0.729852,0.177051,19599.099609
41,0.681100,0.158610,19748.832031
42,0.479914,0.293398,20630.634766
43,0.569185,0.605852,23325.941406
44,0.367308,0.713827,24057.990234
45,0.532621,0.374574,24973.042969
