Idx, longitude, latitude, start timestamp
0,0.756416,0.510092,249.650436
1,0.785306,0.264496,898.497070
2,0.796463,0.268592,1447.491333
3,0.823304,0.133782,2162.962891
4,0.061129,0.495049,2861.714355
5,0.057743,0.472095,3011.554199
6,0.515456,0.485792,4708.472656
7,0.399339,0.450329,5706.664062
8,0.552380,0.650676,6305.651367
9,0.488017,0.687024,6621.777832
10,0.435334,0.637074,6838.103027
11,0.399177,0.436848,7470.273926
12,0.591940,0.464526,8102.625488
13,0.702895,0.468418,9350.424805
14,0.729071,0.457985,9516.741211
15,0.703961,0.458406,9866.104492
16,0.707295,0.456038,10148.965820
17,0.696062,0.463364,10564.845703
18,0.205710,0.393737,11829.343750
19,0.302234,0.520615,12661.200195
20,0.330594,0.533989,13093.793945
21,0.273052,0.504703,13376.680664
22,0.274083,0.503077,13592.932617
23,0.237985,0.501522,13825.780273
24,0.216055,0.478367,14325.029297
25,0.205128,0.383323,14923.874023
26,0.201652,0.736647,15805.786133
27,0.198422,0.719141,16138.529297
28,0.227339,0.759359,16787.388672
29,0.195753,0.725738,17319.755859
30,0.206328,0.413835,18268.058594
31,0.199354,0.456707,18600.878906
32,0.095553,0.493496,20048.287109
33,0.962916,0.505645,21828.498047
34,0.784952,0.269780,23292.654297
35,0.794555,0.264927,23525.470703
36,0.932626,0.156034,24540.468750
37,0.929987,0.118141,24823.242188
0,0.738877,0.585698,33.394184
1,0.731414,0.532827,316.158478
2,0.706844,0.496255,499.143036
3,0.787619,0.328150,732.154419
4,0.820868,0.215732,1264.591187
5,0.814440,0.291847,1464.119385
6,0.797762,0.270736,1730.367676
7,0.858515,0.261920,2046.554932
8,0.919395,0.227324,2329.405762
9,0.557858,0.317216,3310.898682
10,0.518767,0.498963,3610.444824
11,0.473263,0.519261,3859.943359
12,0.425924,0.565202,4059.580078
13,0.386101,0.543064,4492.143066
14,0.333195,0.511335,4808.284180
15,0.296732,0.420348,5007.865723
16,0.298171,0.324890,5307.338867
17,0.265814,0.510372,5623.506348
18,0.263926,0.495678,5723.372070
19,0.227834,0.480397,5889.770020
20,0.204652,0.471347,6172.486328
21,0.179018,0.430266,6422.087891
22,0.173713,0.439379,6571.828125
23,0.315791,0.505023,6904.629883
24,0.322067,0.320020,7220.666504
25,0.328277,0.298520,7470.139160
26,0.329912,0.578464,7786.282715
27,0.262470,0.512595,8152.413086
28,0.293429,0.490493,8401.929688
29,0.416839,0.506732,8634.891602
30,0.462985,0.497117,8934.247070
31,0.524506,0.505011,9333.582031
32,0.560096,0.497630,9732.874023
33,0.606272,0.502209,9965.874023
34,0.516698,0.743082,10714.466797
35,0.550573,0.783743,10914.158203
36,0.540480,0.671032,11529.872070
37,0.474163,0.813031,11829.127930
38,0.501375,0.927393,12095.439453
39,0.561932,0.628915,12661.004883
40,0.721668,0.501996,13542.899414
41,0.740259,0.507932,13825.711914
42,0.729523,0.425119,14308.101562
43,0.782388,0.385522,14590.982422
44,0.816354,0.247133,14824.037109
45,0.808532,0.242118,15123.446289
46,0.888254,0.027287,16071.789062
47,0.685728,0.037997,16254.791016
48,0.087603,0.542163,17951.804688
49,0.102870,0.479964,18434.261719
50,0.171797,0.445512,18816.845703
51,0.237968,0.435066,19332.716797
52,0.212543,0.397909,19781.810547
53,0.243447,0.747604,20131.304688
54,0.119579,0.897133,21096.216797
55,0.064519,0.925845,21245.919922
56,0.022919,0.853880,21578.695312
57,0.984938,0.492814,22061.076172
58,0.996132,0.502336,22360.603516
59,0.953293,0.438040,22859.695312
60,0.849101,0.515645,23209.279297
61,0.804602,0.557776,23392.187500
62,0.628429,0.527900,24556.732422
0,0.775748,0.506464,316.125061
1,0.820679,0.458424,598.989868
2,0.792337,0.276941,1014.897034
3,0.774473,0.280047,1214.652710
4,0.959132,0.502576,2795.083740
5,0.950500,0.509513,2978.201660
6,0.044502,0.445742,3194.483643
7,0.989774,0.110344,4209.289551
8,0.570308,0.504154,5540.362793
9,0.522251,0.668337,5789.936035
10,0.559289,0.720442,6072.810059
11,0.464441,0.770448,6305.664062
12,0.540308,0.839830,6638.373535
13,0.518117,0.713369,7104.235840
14,0.488333,0.663674,7303.858398
15,0.508921,0.470815,8019.343262
16,0.554806,0.459286,8235.614258
17,0.107223,0.502972,10664.694336
18,0.081307,0.484165,11197.076172
19,0.078006,0.492127,11330.233398
20,0.007833,0.467204,11979.106445
21,0.199373,0.719793,12927.500000
22,0.224508,0.721695,13310.016602
23,0.311959,0.375668,14424.758789
24,0.316908,0.487379,14807.489258
25,0.316586,0.365146,15156.905273
26,0.313471,0.342382,15339.943359
27,0.185879,0.474738,15972.091797
28,0.194764,0.427558,16205.006836
29,0.290913,0.516884,16487.876953
30,0.333321,0.513803,16937.130859
31,0.303684,0.496992,17186.613281
32,0.311569,0.382885,17519.330078
33,0.325875,0.435473,18001.791016
34,0.328590,0.425612,18550.947266
35,0.320854,0.358025,18833.689453
36,0.345346,0.463753,19399.449219
37,0.350249,0.505574,19599.013672
38,0.380335,0.514513,19865.291016
39,0.373918,0.507544,20031.748047
40,0.358119,0.490061,20314.515625
41,0.298464,0.406289,20530.740234
42,0.309802,0.407191,20663.869141
43,0.297245,0.438769,20846.892578
44,0.300935,0.407071,21495.763672
45,0.245927,0.511082,21944.974609
46,0.208915,0.506299,22161.261719
47,0.223024,0.480962,23059.720703
48,0.226039,0.479268,23176.068359
49,0.222346,0.490077,23409.144531
50,0.199348,0.468702,23891.613281
51,0.199974,0.477668,24124.466797
52,0.202248,0.475537,24374.048828
53,0.208232,0.473813,24507.048828
54,0.210934,0.481425,24673.546875
0,0.762727,0.501875,399.347137
1,0.774328,0.463611,682.195129
2,0.786036,0.542065,881.874451
3,0.811366,0.368811,1197.958374
4,0.823304,0.327064,1430.914429
5,0.797157,0.311974,1913.417114
6,0.816855,0.263070,2379.218994
7,0.799614,0.290896,2695.337646
8,0.811022,0.303688,4142.841797
9,0.814989,0.312471,4342.489746
10,0.718476,0.506440,5224.255371
11,0.697385,0.483363,5440.549805
12,0.652590,0.493711,5706.734863
13,0.628149,0.489308,5956.306152
14,0.632577,0.490872,6089.395508
15,0.575938,0.491153,6438.796387
16,0.571914,0.614366,6954.589844
17,0.576134,0.675106,7187.509766
18,0.592908,0.751782,7453.713867
19,0.617507,0.757916,7603.444824
20,0.590731,0.721796,8052.650879
21,0.541898,0.689148,8285.563477
22,0.527210,0.683253,8485.241211
23,0.525050,0.685112,9067.530273
24,0.560101,0.710225,9250.542969
25,0.632161,0.823556,9500.150391
26,0.652375,0.841847,9666.494141
27,0.710936,0.787561,10115.691406
28,0.718082,0.657431,10415.174805
29,0.725707,0.643039,10648.122070
30,0.803783,0.582853,10947.581055
31,0.834808,0.541078,11346.881836
32,0.872128,0.517466,11629.720703
33,0.886544,0.511737,11862.645508
34,0.886626,0.610414,12178.772461
35,0.882673,0.633033,12378.443359
36,0.861401,0.626605,12744.462891
37,0.859315,0.632925,12860.898438
38,0.855247,0.498480,13160.384766
39,0.870927,0.465162,13326.753906
40,0.911565,0.472220,13692.790039
41,0.936747,0.503866,13959.015625
42,0.930803,0.511551,14241.822266
43,0.901163,0.484904,14641.121094
44,0.979719,0.490142,14890.687500
45,0.032083,0.459939,15323.307617
46,0.051195,0.472185,15572.857422
47,0.063878,0.483376,15789.135742
48,0.038229,0.473166,16238.344727
49,0.088401,0.381435,16487.921875
50,0.091394,0.379982,16587.730469
51,0.093745,0.511281,16887.232422
52,0.116695,0.554811,17219.955078
53,0.177996,0.537144,17552.710938
54,0.177475,0.542248,17669.193359
55,0.210167,0.516790,17835.535156
56,0.212314,0.486338,18318.027344
57,0.218989,0.435440,18550.960938
58,0.233149,0.519150,19033.466797
59,0.198897,0.513025,19299.671875
60,0.147534,0.509801,19532.605469
61,0.185580,0.584434,19782.142578
62,0.254009,0.533531,20081.675781
63,0.276057,0.520168,20314.566406
64,0.283001,0.518567,20697.201172
65,0.322142,0.521692,20830.351562
66,0.338714,0.440830,21628.943359
67,0.327133,0.451300,22161.326172
68,0.312477,0.513779,22444.152344
69,0.307399,0.542881,22610.539062
70,0.314119,0.544801,23059.781250
71,0.350291,0.544337,23292.707031
72,0.322070,0.534358,23675.328125
73,0.309880,0.534520,23841.726562
74,0.259717,0.514576,24041.375000
75,0.273557,0.516538,24440.693359
76,0.287887,0.522634,24756.792969
0,0.776181,0.533217,449.187408
1,0.717151,0.515654,682.204102
2,0.697117,0.486343,898.376526
3,0.620117,0.501617,1430.798706
4,0.582372,0.474746,1647.144287
5,0.560190,0.461217,1913.278198
6,0.515419,0.703250,2245.978516
7,0.512346,0.729663,2412.398438
8,0.511535,0.711074,2778.513672
9,0.415653,0.416700,3294.203613
10,0.409938,0.412767,3410.806641
11,0.427048,0.395897,3543.766602
12,0.549205,0.686121,4192.606934
13,0.553266,0.655305,4325.698242
14,0.533406,0.957484,4991.187500
15,0.196319,0.951641,5157.597168
16,0.243369,0.758034,5789.842285
17,0.314405,0.352638,6455.347168
18,0.319234,0.290897,6671.766602
19,0.321424,0.466085,7237.306152
20,0.311602,0.444129,7436.923828
21,0.340406,0.356504,7803.107422
22,0.355821,0.331167,7969.427246
23,0.363567,0.322345,8252.231445
24,0.322433,0.538731,8817.903320
25,0.294733,0.541490,9050.776367
26,0.275888,0.499726,9416.896484
27,0.257990,0.451695,9766.222656
28,0.191440,0.394991,10032.495117
29,0.152553,0.456732,10647.987305
30,0.077972,0.418126,11213.749023
31,0.693886,0.536696,16936.976562
32,0.731867,0.525297,17169.888672
33,0.842962,0.291984,17985.224609
34,0.831881,0.269556,18384.433594
35,0.817863,0.506814,18866.917969
36,0.788828,0.161334,19948.455078
37,0.900732,0.300623,20597.306641
38,0.762534,0.553593,21362.548828
39,0.716792,0.566811,21612.144531
40,0.691021,0.535514,22061.417969
41,0.707867,0.390055,23774.955078
42,0.674880,0.465915,24024.626953
43,0.675234,0.352034,24257.501953
44,0.691567,0.537936,24989.603516
0,0.713634,0.471779,415.943298
1,0.727916,0.520405,582.282349
2,0.733705,0.520140,682.221802
3,0.703719,0.515856,948.312866
4,0.679813,0.503081,1098.058960
5,0.610952,0.498614,1464.030518
6,0.584427,0.493280,1713.616455
7,0.515794,0.509204,2296.096191
8,0.445875,0.501452,2745.212158
9,0.403611,0.560790,3227.585693
10,0.313346,0.515771,3793.343506
11,0.300918,0.491029,4026.339111
12,0.303660,0.437915,4309.103027
13,0.307441,0.392801,4525.327637
14,0.308044,0.397749,4858.113770
15,0.204401,0.450539,5323.980469
16,0.204411,0.461447,5423.797852
17,0.176583,0.468085,5606.792480
18,0.130611,0.450692,6222.526855
19,0.155997,0.496866,6638.330566
20,0.220051,0.482804,6937.768555
21,0.308924,0.428527,7420.392090
22,0.308461,0.479044,7736.380371
23,0.316500,0.526290,8218.869141
24,0.303385,0.517550,8335.362305
25,0.309672,0.397141,9283.744141
26,0.302284,0.462195,9916.006836
27,0.390729,0.221674,10581.544922
28,0.383616,0.199859,10847.645508
29,0.390801,0.161716,11063.991211
30,0.279964,0.518165,11912.446289
31,0.282304,0.525964,12028.924805
32,0.163697,0.540418,12245.294922
33,0.317206,0.528170,13060.476562
34,0.310496,0.518354,13160.339844
35,0.301970,0.512164,13260.021484
36,0.317425,0.413732,13576.195312
37,0.335346,0.540502,14175.141602
38,0.329926,0.539201,14308.254883
39,0.291448,0.524882,14674.327148
40,0.712663,0.518636,16205.012695
41,0.738395,0.494771,16504.396484
42,0.794027,0.417509,16903.773438
43,0.881516,0.320033,17685.783203
44,0.887650,0.256168,17951.833984
45,0.915965,0.204459,18218.105469
46,0.924207,0.154655,18717.181641
47,0.924922,0.166775,18866.968750
0,0.754185,0.506652,16.680403
1,0.740254,0.513452,366.185760
2,0.749776,0.505495,565.840149
3,0.723096,0.492085,798.639954
4,0.697224,0.475971,1031.636963
5,0.795985,0.351642,1580.671387
6,0.813063,0.311453,1746.995728
7,0.809831,0.304669,1863.543701
8,0.800084,0.299983,2063.238770
9,0.808223,0.304170,2229.562256
10,0.925980,0.347865,2778.561768
11,0.933308,0.355378,2894.978516
12,0.996812,0.158709,3643.758545
13,0.059183,0.530138,4575.510254
14,0.058723,0.516195,4725.110840
15,0.107229,0.498736,5041.186523
16,0.053585,0.497912,5623.614746
17,0.098427,0.326055,5989.638184
18,0.955225,0.524700,6372.305664
19,0.946313,0.517565,6571.910156
20,0.945523,0.515185,6671.705566
21,0.942291,0.505361,6871.451172
22,0.754934,0.587404,7653.312988
23,0.698142,0.515018,8019.444824
24,0.698588,0.493432,8202.452148
25,0.703921,0.492470,8352.203125
26,0.699703,0.485002,8468.628906
27,0.623224,0.489761,8834.680664
28,0.750512,0.516964,9549.987305
29,0.647349,0.517583,9816.254883
30,0.567295,0.490074,10215.532227
31,0.548875,0.487278,10431.854492
32,0.505609,0.480030,10714.617188
33,0.540230,0.687939,11296.993164
34,0.573386,0.691228,11546.637695
35,0.569581,0.848153,12128.877930
36,0.609197,0.907886,12311.823242
37,0.520589,0.900033,12544.817383
38,0.712377,0.928678,12794.413086
39,0.910043,0.878193,14108.705078
40,0.528732,0.702005,15206.801758
41,0.531343,0.689617,15306.642578
42,0.498484,0.680637,15572.747070
43,0.500012,0.695074,15772.498047
44,0.378640,0.710936,16138.507812
45,0.353079,0.728628,16354.776367
46,0.324242,0.774998,16554.443359
47,0.289048,0.826771,16770.765625
48,0.290757,0.866438,17086.937500
49,0.313918,0.868685,17386.400391
50,0.205658,0.794790,17635.921875
51,0.195082,0.766384,17785.583984
52,0.191558,0.754605,17951.994141
53,0.236430,0.496170,18451.138672
54,0.300799,0.443318,18667.470703
55,0.308544,0.376783,18867.109375
56,0.312775,0.367490,19149.863281
57,0.267032,0.501911,19565.851562
58,0.200009,0.507644,19782.156250
59,0.185118,0.471194,19965.210938
60,0.301551,0.516172,20397.720703
61,0.305045,0.520598,20497.599609
62,0.319392,0.505402,20614.085938
63,0.307259,0.350488,21079.796875
64,0.380333,0.069149,22044.792969
65,0.328647,0.054796,22327.667969
66,0.279524,0.176469,22660.371094
67,0.458700,0.879320,23824.990234
68,0.844028,0.833754,24989.750000
0,0.764759,0.523652,299.416962
1,0.754044,0.495680,515.701355
2,0.784225,0.452850,765.264465
3,0.815802,0.392299,1131.355957
4,0.825288,0.357557,1330.990723
5,0.818381,0.302990,1563.911865
6,0.791677,0.258131,1946.602417
7,0.783223,0.258777,2445.713379
8,0.787437,0.273419,2628.680420
9,0.793756,0.282064,2795.087402
10,0.685214,0.504732,3394.111084
11,0.683068,0.506012,3577.034180
12,0.608362,0.514874,3843.254395
13,0.617944,0.704124,4359.072266
14,0.588753,0.758801,4575.333984
15,0.574608,0.754682,4841.513672
16,0.536494,0.714213,5091.154297
17,0.541254,0.691221,5573.583496
18,0.656048,0.873145,6139.257324
19,0.640656,0.728870,6372.181152
20,0.604449,0.622135,6621.751465
21,0.578377,0.608070,6771.505371
22,0.562807,0.505000,7021.078125
23,0.823733,0.323276,7969.359863
24,0.786955,0.258004,8152.400391
25,0.783744,0.255966,8352.054688
26,0.015476,0.191953,9017.553711
27,0.064837,0.516274,10065.678711
28,0.109451,0.518974,10248.740234
29,0.100514,0.522659,10598.174805
30,0.146912,0.618883,11330.147461
31,0.193108,0.558464,11496.556641
32,0.173096,0.531108,11779.399414
33,0.215585,0.514062,12045.554688
34,0.218582,0.567839,12411.697266
35,0.100445,0.842243,13260.149414
36,0.096340,0.867709,14058.721680
37,0.045024,0.911512,14225.126953
38,0.949957,0.848268,14690.970703
39,0.202609,0.978267,15173.526367
40,0.011646,0.550787,15888.864258
41,0.006137,0.502832,16071.858398
42,0.998409,0.497076,16238.270508
43,0.029934,0.515715,16537.740234
44,0.050816,0.500705,16986.962891
45,0.517104,0.680193,18218.099609
46,0.539955,0.695619,18384.541016
47,0.453453,0.711245,18750.498047
48,0.429716,0.679302,18900.289062
49,0.429508,0.631132,19133.250000
50,0.483539,0.497278,19449.318359
51,0.522061,0.712440,19865.232422
52,0.256202,0.570766,20530.796875
53,0.258078,0.554369,20647.205078
54,0.287481,0.441869,20880.130859
55,0.283855,0.366681,21079.824219
56,0.297434,0.514161,21545.673828
57,0.264683,0.523591,21811.894531
58,0.183293,0.513710,22028.201172
59,0.187294,0.500764,22177.847656
60,0.316319,0.420315,22610.472656
61,0.309278,0.353935,22893.257812
62,0.308283,0.503575,23342.494141
63,0.297549,0.511582,23492.242188
64,0.289444,0.363539,23725.138672
65,0.302338,0.362797,24290.876953
66,0.393411,0.498219,24623.607422
0,0.685393,0.613262,66.662560
1,0.722825,0.535931,349.423187
2,0.669294,0.586961,1114.822876
3,0.654149,0.546292,1347.690063
4,0.599772,0.652822,1597.288940
5,0.550984,0.691865,1930.052368
6,0.600162,0.711248,2262.749756
7,0.534405,0.605299,2994.764893
8,0.449721,0.677096,3194.394775
9,0.750837,0.472596,4375.750000
10,0.839103,0.527070,5007.928223
11,0.892092,0.590886,5174.277832
12,0.918052,0.623013,5357.282227
13,0.967423,0.502990,5972.907227
14,0.023561,0.465281,6322.309082
15,0.066509,0.452248,6522.035156
16,0.945197,0.477225,6987.765625
17,0.216399,0.467278,9233.835938
18,0.299574,0.525583,9450.251953
19,0.200171,0.427982,10348.654297
20,0.153826,0.462077,10681.380859
21,0.188308,0.687749,11147.259766
22,0.176594,0.706163,11296.903320
23,0.427826,0.658656,12295.194336
24,0.438105,0.662197,12544.759766
25,0.535662,0.551843,12960.732422
26,0.516117,0.695370,13310.117188
27,0.527907,0.663407,13692.757812
28,0.706577,0.532532,14341.647461
29,0.714291,0.504900,14757.532227
30,0.765203,0.547507,15140.215820
31,0.835056,0.595597,15622.792969
32,0.825117,0.369458,16271.592773
33,0.837702,0.340364,16504.519531
34,0.843786,0.350882,18085.068359
35,0.855419,0.365874,18684.039062
36,0.858368,0.366785,19116.693359
37,0.859695,0.370266,20098.197266
38,0.859716,0.366699,20497.548828
39,0.853317,0.353965,20597.369141
40,0.851804,0.352624,20846.902344
41,0.909245,0.604946,21296.177734
42,0.873166,0.532074,21512.380859
43,0.748843,0.389186,22294.398438
44,0.741782,0.390934,22693.716797
45,0.742240,0.401494,23575.460938
46,0.823976,0.719018,23874.931641
0,0.749636,0.504391,349.389465
1,0.740780,0.480990,599.024170
2,0.704787,0.488452,981.696838
3,0.624317,0.478128,1314.335693
4,0.521282,0.685162,2013.146851
5,0.528475,0.649738,2345.952148
6,0.510709,0.482025,2628.745605
7,0.520287,0.479857,2795.121582
8,0.002012,0.481746,4259.197266
9,0.073995,0.515446,4475.536621
10,0.120861,0.509723,4891.392578
11,0.233395,0.484309,5407.169922
12,0.323828,0.467916,6122.651855
13,0.330714,0.390717,6338.921875
14,0.328180,0.375910,6838.036133
15,0.338119,0.492567,7187.450195
16,0.400010,0.493638,7570.108887
17,0.457035,0.493229,8069.181152
18,0.375220,0.497329,8634.911133
19,0.274073,0.498263,9200.629883
20,0.229114,0.490599,9483.449219
21,0.184606,0.450707,9732.992188
22,0.187555,0.450841,9882.684570
23,0.190178,0.415855,10099.009766
24,0.332871,0.412274,10348.564453
25,0.333878,0.377553,10598.102539
26,0.321578,0.496100,11163.872070
27,0.563285,0.489522,12145.427734
28,0.544931,0.700356,12478.153320
29,0.555036,0.712656,12661.166992
30,0.495219,0.917250,12993.913086
31,0.338881,0.934883,13193.595703
32,0.329955,0.841736,13642.788086
33,0.266792,0.791191,13875.814453
34,0.205975,0.696464,14191.812500
35,0.194399,0.674804,14341.642578
36,0.185372,0.668742,14657.687500
37,0.330937,0.483598,15223.382812
38,0.326618,0.473797,15406.361328
39,0.342723,0.416095,15606.057617
40,0.343562,0.480501,16238.275391
41,0.339035,0.476955,16454.638672
42,0.309531,0.442470,16853.925781
43,0.334093,0.418772,17585.880859
44,0.339601,0.390847,17718.992188
45,0.293420,0.449635,18085.037109
46,0.198783,0.442120,18384.525391
47,0.181349,0.460255,18783.798828
48,0.158865,0.477989,19066.740234
49,0.079928,0.485755,19732.134766
50,0.086642,0.493769,20048.277344
51,0.045545,0.473628,20198.029297
52,0.309958,0.526682,20880.132812
53,0.307755,0.518188,20979.990234
54,0.341303,0.442307,21179.595703
55,0.346883,0.418632,21712.021484
56,0.342936,0.399884,21911.687500
57,0.352455,0.455860,22161.238281
58,0.384333,0.518115,22627.068359
59,0.324384,0.482579,23093.015625
60,0.322053,0.403915,23575.462891
61,0.331275,0.438805,24157.740234
0,0.738299,0.370205,116.412369
1,0.804470,0.310941,499.094757
2,0.775214,0.539400,1131.312988
3,0.921367,0.363623,1929.880615
4,0.062211,0.519891,3127.782715
5,0.944982,0.502199,3627.005127
6,0.955882,0.550583,3843.219482
7,0.687421,0.490696,4625.203613
8,0.528749,0.481240,5124.353516
9,0.534570,0.481347,5274.041016
10,0.518742,0.478994,5390.539551
11,0.496220,0.474130,5889.676758
12,0.471133,0.470420,6122.579102
13,0.443940,0.474117,6338.840332
14,0.427880,0.472826,6555.232910
15,0.404551,0.488576,6921.195312
16,0.359533,0.491709,7403.646973
17,0.538953,0.679148,7786.309570
18,0.539080,0.673625,8019.228516
19,0.519911,0.749138,8335.380859
20,0.525000,0.793289,8518.360352
21,0.474145,0.693902,8984.213867
22,0.478653,0.646158,9250.407227
23,0.452697,0.746240,9616.444336
24,0.495539,0.620688,10248.666992
25,0.629573,0.506561,11230.321289
26,0.648615,0.491996,11413.309570
27,0.601204,0.491924,11779.352539
28,0.661390,0.517431,12311.791992
29,0.690453,0.510374,12561.323242
30,0.655490,0.503688,12777.603516
31,0.662843,0.506050,13110.356445
32,0.708417,0.496432,13276.721680
33,0.810061,0.317544,13875.667969
34,0.805035,0.304097,14058.691406
35,0.809275,0.300730,14175.147461
36,0.770718,0.396290,14491.275391
37,0.744045,0.441239,14724.173828
38,0.723380,0.467124,14957.145508
39,0.709853,0.463570,15173.421875
40,0.737464,0.496551,15439.662109
41,0.996043,0.269696,16254.875000
42,0.952547,0.527822,16903.712891
43,0.065329,0.528904,17519.312500
44,0.056864,0.520231,17652.400391
45,0.164993,0.527325,18151.546875
46,0.206783,0.477630,18384.466797
47,0.207185,0.441535,18617.384766
48,0.199222,0.480925,19083.261719
49,0.227872,0.503575,19299.541016
50,0.154353,0.523472,19698.857422
51,0.165358,0.534811,20148.054688
52,0.213431,0.676982,20380.978516
53,0.217067,0.704153,20497.439453
54,0.060921,0.798100,21412.523438
55,0.001483,0.801869,21595.521484
56,0.978294,0.818157,21845.103516
57,0.950737,0.798203,22127.966797
58,0.874546,0.771144,22294.314453
59,0.873769,0.680882,22726.888672
60,0.855307,0.624204,22959.851562
61,0.871060,0.619166,23076.253906
62,0.491456,0.721216,24207.619141
0,0.791650,0.488128,515.741577
1,0.796250,0.482682,632.258118
2,0.787726,0.477401,931.740479
3,0.830926,0.560083,1264.494873
4,0.876417,0.607943,1563.983398
5,0.888290,0.621883,2029.837036
6,0.778078,0.546280,2262.691406
7,0.749161,0.494175,2528.953125
8,0.768718,0.477239,3111.212891
9,0.743066,0.489566,3327.524414
10,0.736208,0.498414,3610.332520
11,0.748198,0.503333,3810.033936
12,0.714841,0.489027,4292.500000
13,0.767873,0.494269,4542.132324
14,0.755597,0.494353,5074.492676
15,0.760350,0.488591,6621.869629
16,0.834273,0.354267,6888.000488
17,0.836196,0.291274,7104.260254
18,0.832766,0.252336,7320.583984
19,0.788408,0.273009,7503.541016
20,0.988349,0.208639,8734.822266
21,0.013721,0.244205,8951.059570
22,0.953628,0.371794,9766.260742
23,0.955689,0.380145,9866.120117
24,0.934848,0.497275,10049.137695
25,0.952246,0.513625,10265.382812
26,0.969603,0.520958,10531.597656
27,0.066957,0.502596,10764.619141
28,0.108077,0.488345,11063.976562
29,0.112027,0.482773,11147.270508
30,0.102004,0.393921,11396.774414
31,0.097756,0.278951,11662.959961
32,0.170296,0.492175,12162.104492
33,0.243690,0.491066,12411.628906
34,0.239441,0.490371,12528.156250
35,0.281797,0.472096,12727.779297
36,0.304019,0.451976,12927.500977
37,0.188653,0.458811,13376.661133
38,0.681343,0.703977,14491.342773
39,0.525754,0.675149,15190.121094
40,0.514915,0.773187,15506.266602
41,0.560426,0.652816,15705.874023
42,0.704572,0.460969,16670.896484
43,0.301532,0.383114,18051.826172
44,0.301591,0.359605,18367.925781
45,0.287626,0.517866,18700.695312
46,0.263020,0.503718,18983.490234
47,0.258673,0.490736,19282.962891
48,0.305354,0.377547,19832.027344
49,0.685038,0.465609,20963.396484
50,0.687606,0.465980,21146.386719
51,0.709297,0.465103,21346.019531
52,0.647542,0.487583,21795.236328
53,0.717993,0.480645,22311.052734
54,0.722577,0.472909,22427.560547
55,0.518172,0.677872,23159.646484
56,0.531141,0.654780,23275.994141
57,0.562599,0.675282,23908.265625
58,0.536404,0.648705,24224.333984
59,0.422879,0.662880,24656.992188
0,0.730887,0.537879,16.628637
1,0.796975,0.514543,549.056641
2,0.948956,0.330626,1447.479492
3,0.981063,0.150719,1696.994995
4,0.950877,0.086226,1863.403198
5,0.900679,0.088570,2079.700195
6,0.889763,0.089065,2295.978271
7,0.997350,0.131465,2645.340332
8,0.118235,0.326368,3044.720703
9,0.106612,0.468599,3427.314697
10,0.098237,0.567851,4309.217285
11,0.087534,0.531538,4691.779785
12,0.184241,0.524712,5340.746094
13,0.209820,0.486991,5573.582031
14,0.201237,0.409388,5956.341797
15,0.187704,0.681006,6172.499023
16,0.010963,0.839200,6954.545898
17,0.923655,0.829919,7120.858398
18,0.910982,0.883687,7370.364746
19,0.676614,0.530875,8734.710938
20,0.707590,0.436783,9300.360352
21,0.533930,0.782805,9932.562500
22,0.543435,0.728559,10265.364258
23,0.528639,0.913784,10548.169922
24,0.439262,0.899709,10814.459961
25,0.458528,0.872933,10964.167969
26,0.407269,0.848736,11130.577148
27,0.825483,0.964224,11513.152344
28,0.629971,0.758777,12012.280273
29,0.631912,0.719427,12295.140625
30,0.858008,0.705123,13260.144531
31,0.866445,0.724697,13376.640625
32,0.857001,0.729967,13493.023438
33,0.485456,0.473821,15173.532227
34,0.439175,0.395241,15356.551758
35,0.443689,0.389517,15639.208008
36,0.337698,0.715445,16121.728516
37,0.319341,0.768986,16354.748047
38,0.320028,0.460980,19565.763672
39,0.305213,0.338446,19931.738281
40,0.283447,0.319759,20497.390625
41,0.292778,0.510610,20913.363281
42,0.309146,0.614676,21395.892578
43,0.278777,0.603996,21994.845703
44,0.298375,0.615442,22510.599609
45,0.305390,0.620154,22843.367188
46,0.346213,0.608041,23192.699219
47,0.343813,0.614278,23408.990234
48,0.319162,0.571879,24041.191406
49,0.314849,0.561470,24274.207031
50,0.308916,0.529080,24540.324219
51,0.284898,0.568904,24923.101562
0,0.762010,0.510940,332.721619
1,0.731465,0.489306,615.561096
2,0.697262,0.473463,1131.279541
3,0.707922,0.484882,1380.963135
4,0.635262,0.481673,1580.552734
5,0.538186,0.522007,2279.265381
6,0.527574,0.497561,2445.757568
7,0.521449,0.633769,2628.776123
8,0.526314,0.660282,2745.170166
9,0.534463,0.667913,2978.098633
10,0.531371,0.491638,3144.447021
11,0.536028,0.482814,3377.381348
12,0.531038,0.608421,3577.044922
13,0.532544,0.640097,3710.168457
14,0.536035,0.653591,3893.133789
15,0.507028,0.478097,4192.621582
16,0.547932,0.651579,4658.457520
17,0.561787,0.819752,5323.982422
18,0.576732,0.834974,5523.675293
19,0.539643,0.669537,5856.355957
20,0.537100,0.632374,5972.825195
21,0.664187,0.908155,6338.887695
22,0.548591,0.628866,6538.504395
23,0.549755,0.643191,6871.240234
24,0.455704,0.604142,7187.425293
25,0.407123,0.625939,7803.005371
26,0.410287,0.625390,7902.867188
27,0.365637,0.640519,8235.554688
28,0.328097,0.665256,8435.205078
29,0.391066,0.569938,8934.324219
30,0.375664,0.491877,9200.532227
31,0.361625,0.469099,9317.003906
32,0.316064,0.394299,9732.954102
33,0.301483,0.345702,9982.547852
34,0.311586,0.485079,10331.875000
35,0.294629,0.349886,10747.873047
36,0.217501,0.491098,11313.547852
37,0.186709,0.463394,11463.361328
38,0.412194,0.487522,12195.350586
39,0.484500,0.579448,12478.120117
40,0.470678,0.487362,12711.059570
41,0.748924,0.500300,14042.078125
42,0.780567,0.491598,14274.984375
43,0.887024,0.405319,15073.640625
44,0.858833,0.237500,15739.110352
45,0.985674,0.155957,16421.308594
46,0.020157,0.223602,16687.544922
47,0.985778,0.481101,17386.208984
48,0.054646,0.492198,17669.087891
49,0.159451,0.495943,18600.853516
50,0.162229,0.603738,18850.367188
51,0.092990,0.504145,19116.564453
52,0.087776,0.497965,19266.259766
53,0.092887,0.487321,19399.353516
54,0.033979,0.493582,19582.419922
55,0.012536,0.480910,20198.019531
56,0.944918,0.510520,20364.378906
57,0.940802,0.493549,20680.466797
58,0.934570,0.493277,20830.179688
59,0.952745,0.495639,21013.210938
60,0.962616,0.489690,21279.408203
61,0.959183,0.484386,21845.138672
62,0.947880,0.478124,22078.023438
63,0.948513,0.478148,22194.498047
64,0.951986,0.484652,22344.203125
65,0.954650,0.493144,23459.039062
66,0.958890,0.489670,23675.224609
67,0.960909,0.486614,23908.214844
68,0.962248,0.481062,24074.599609
69,0.058814,0.483793,24740.029297
0,0.757082,0.515185,299.521637
1,0.752864,0.665293,615.563293
2,0.750694,0.702064,781.947205
3,0.932150,0.492808,1464.202271
4,0.000542,0.523119,1896.678467
5,0.027107,0.534141,2046.449097
6,0.015222,0.544920,2246.135742
7,0.990497,0.541656,2462.376709
8,0.052135,0.503447,2695.307617
9,0.035194,0.531816,2911.646484
10,0.968998,0.526659,3194.434082
11,0.949585,0.495296,3410.754395
12,0.046111,0.473702,3826.652344
13,0.049687,0.475366,3926.484619
14,0.915378,0.396903,4408.936035
15,0.860700,0.163898,5473.752930
16,0.871373,0.160216,5823.141602
17,0.805724,0.309799,6189.264648
18,0.834579,0.365922,6388.873047
19,0.764107,0.377037,6638.489258
20,0.759164,0.305592,6921.254395
21,0.757946,0.313235,7253.963867
22,0.771173,0.300973,7387.068848
23,0.761660,0.303495,7603.396484
24,0.763075,0.542985,7902.846191
25,0.705898,0.539074,8169.048340
26,0.685261,0.516710,8368.695312
27,0.684860,0.504803,8684.876953
28,0.624182,0.518749,8917.793945
29,0.640373,0.515126,9267.153320
30,0.709275,0.484115,9666.467773
31,0.728414,0.478729,10182.190430
32,0.722778,0.474620,10415.140625
33,0.698401,0.468086,10614.794922
34,0.548059,0.518149,11063.994141
35,0.514433,0.648748,11280.330078
36,0.519399,0.672905,11446.675781
37,0.555175,0.699040,11662.954102
38,0.499096,0.743239,11995.697266
39,0.471183,0.783188,12178.818359
40,0.427857,0.766329,12378.379883
41,0.577607,0.848832,12744.455078
42,0.607293,0.863420,12894.140625
43,0.620093,0.693666,13476.426758
44,0.549189,0.681284,13709.356445
45,0.527920,0.667289,13842.511719
46,0.561186,0.483580,14358.224609
47,0.638510,0.466883,14724.247070
48,0.653947,0.478678,15090.335938
49,0.635108,0.467229,15472.962891
50,0.521676,0.483719,15955.429688
51,0.501139,0.477196,16138.500000
52,0.438032,0.490524,16338.166016
53,0.387852,0.525268,16720.791016
54,0.329665,0.537190,17186.666016
55,0.303943,0.518520,17486.158203
56,0.284172,0.465548,17652.478516
57,0.276741,0.430347,17818.900391
58,0.273549,0.415854,18051.791016
59,0.303017,0.362832,18434.431641
60,0.292486,0.480924,18750.582031
61,0.285733,0.521171,18983.480469
62,0.311839,0.513514,19233.167969
63,0.358824,0.484271,19449.367188
64,0.240839,0.504645,19748.904297
65,0.190408,0.521398,19931.869141
66,0.137910,0.546957,20214.763672
67,0.145024,0.529465,20480.869141
68,0.189643,0.483585,20647.244141
69,0.204856,0.467605,20930.171875
70,0.229336,0.475600,21146.402344
71,0.256438,0.475507,21362.710938
72,0.268788,0.471612,21562.417969
73,0.288755,0.470104,21895.136719
74,0.279462,0.442006,22211.214844
75,0.272146,0.429443,22460.746094
76,0.238537,0.497306,22693.667969
77,0.258866,0.400966,23126.246094
78,0.302243,0.359227,23392.478516
79,0.300419,0.246746,23708.617188
80,0.367825,0.208934,24207.693359
81,0.456851,0.511682,24706.818359
0,0.805346,0.458648,266.206177
1,0.564960,0.685878,1746.967529
2,0.536521,0.631575,2162.863525
3,0.464865,0.620985,2429.056885
4,0.577326,0.707056,2761.799072
5,0.462055,0.870610,3127.850586
6,0.420017,0.882005,3344.206543
7,0.407213,0.975217,4209.310059
8,0.471411,0.851311,4641.859375
9,0.477293,0.830263,4824.926758
10,0.021373,0.538727,7303.972656
11,0.054042,0.540125,7470.232910
12,0.030445,0.549536,7769.767090
13,0.023155,0.655035,7986.026855
14,0.066763,0.490862,8368.714844
15,0.101829,0.464303,8618.246094
16,0.205483,0.434581,9017.547852
17,0.195569,0.461373,9250.538086
18,0.184101,0.499829,9450.150391
19,0.178381,0.531312,9666.467773
20,0.236629,0.676752,10032.426758
21,0.243382,0.670834,10248.752930
22,0.260991,0.650793,11363.437500
23,0.898472,0.115436,13260.188477
24,0.875712,0.112432,13476.426758
25,0.817957,0.306407,14042.142578
26,0.813494,0.286827,14275.042969
27,0.789196,0.160225,14624.412109
28,0.814803,0.152657,14824.141602
29,0.857414,0.159717,15040.357422
30,0.957620,0.525625,16304.863281
31,0.936274,0.533325,16487.851562
32,0.953490,0.463411,16787.322266
33,0.959422,0.445656,16887.121094
34,0.059934,0.466669,17585.935547
35,0.050114,0.454646,17702.378906
36,0.950329,0.441904,18168.236328
37,0.955132,0.439599,18600.824219
38,0.066819,0.445411,18833.722656
39,0.071003,0.435617,18983.458984
40,0.191668,0.482354,19432.683594
41,0.219546,0.465072,19715.523438
42,0.213207,0.414310,19865.296875
43,0.160202,0.494597,20231.308594
44,0.164056,0.495042,20647.236328
45,0.258381,0.498717,20996.601562
46,0.322685,0.340158,21479.126953
47,0.304325,0.252979,21911.683594
48,0.326987,0.389641,22177.880859
49,0.323598,0.458510,22410.804688
50,0.323421,0.477900,22543.917969
51,0.350188,0.487201,22876.685547
52,0.321650,0.272065,23242.708984
53,0.317923,0.262198,23359.160156
54,0.309235,0.303003,23758.476562
55,0.307996,0.298902,24956.347656
0,0.735545,0.588450,33.276276
1,0.735212,0.558224,299.448242
2,0.771713,0.477091,682.146179
3,0.772151,0.388736,1064.801270
4,0.788206,0.326872,1264.461304
5,0.775804,0.288846,1713.653687
6,0.764957,0.274468,1913.320435
7,0.776721,0.282601,2329.259521
8,0.901884,0.348882,2811.704102
9,0.832251,0.541270,3161.130127
10,0.764242,0.618498,3360.791504
11,0.768015,0.610800,3460.634277
12,0.800756,0.588023,3693.559082
13,0.809069,0.683691,4076.205811
14,0.745082,0.718394,4309.127930
15,0.664398,0.517058,4774.988770
16,0.671737,0.504294,4941.369141
17,0.703416,0.464033,5240.803223
18,0.574877,0.514110,5889.672852
19,0.521928,0.544841,6056.115234
20,0.556675,0.699224,6322.329102
21,0.609669,0.821051,6704.911133
22,0.608947,0.856132,6888.005859
23,0.699813,0.879484,7120.855469
24,0.249491,0.962639,7536.792969
25,0.794783,0.853079,7769.715820
26,0.046003,0.924748,8584.953125
27,0.091663,0.937252,8734.718750
28,0.353383,0.877692,9200.582031
29,0.369339,0.872927,9433.539062
30,0.444826,0.783548,9899.375977
31,0.512718,0.714509,10265.349609
32,0.511805,0.706319,10548.236328
33,0.474285,0.729319,10781.121094
34,0.437013,0.818324,11047.387695
35,0.008595,0.512251,12960.690430
36,0.051837,0.485700,13409.865234
37,0.036024,0.619558,13792.617188
38,0.093290,0.505135,14058.783203
39,0.163797,0.486996,14607.768555
40,0.207327,0.463422,14790.786133
41,0.204958,0.474801,15090.246094
42,0.204883,0.442957,15339.817383
43,0.239546,0.512974,15522.937500
44,0.316160,0.465630,15772.399414
45,0.327122,0.456001,16038.675781
46,0.314743,0.377963,16388.013672
47,0.336029,0.512213,16803.951172
48,0.349121,0.493222,17186.605469
49,0.299195,0.518863,17519.371094
50,0.293745,0.421229,18051.755859
51,0.297014,0.365704,18351.294922
52,0.295530,0.379967,18783.816406
53,0.307756,0.397067,18950.210938
54,0.340702,0.513488,19183.103516
55,0.296046,0.550299,19698.945312
56,0.374302,0.618957,20264.542969
57,0.375490,0.631271,20364.406250
58,0.385424,0.659525,20497.507812
59,0.359729,0.501461,20880.181641
60,0.371524,0.440846,21146.423828
61,0.252600,0.529626,21578.978516
62,0.299646,0.373632,21978.310547
63,0.295337,0.339427,22211.146484
64,0.275525,0.347736,22660.443359
65,0.312472,0.447481,22843.441406
66,0.180062,0.535207,23142.851562
67,0.182469,0.520099,23275.937500
68,0.183067,0.508255,23359.171875
69,0.155632,0.566274,23525.535156
70,0.154645,0.523762,23841.634766
71,0.077645,0.478149,24191.054688
72,0.078761,0.542088,24607.041016
0,0.629969,0.842396,1098.070557
1,0.535773,0.660808,1730.304932
2,0.673011,0.609807,2462.416504
3,0.687029,0.602211,2662.063721
4,0.673704,0.614253,3061.300049
5,0.955832,0.432669,4425.624023
6,0.908058,0.293774,4725.087891
7,0.841967,0.035401,5507.100098
8,0.836462,0.023525,5623.527344
9,0.779258,0.220735,6372.202148
10,0.792695,0.230489,6821.420410
11,0.696847,0.480423,7387.103516
12,0.618357,0.440794,7753.109863
13,0.436129,0.481293,8601.663086
14,0.034668,0.370606,10331.947266
15,0.100087,0.415162,10681.341797
16,0.171432,0.386970,10980.802734
17,0.220158,0.404835,11396.787109
18,0.225538,0.385650,11513.257812
19,0.308231,0.405521,11845.955078
20,0.311973,0.292793,12045.644531
21,0.298812,0.231806,12278.535156
22,0.298137,0.284707,12711.118164
23,0.325369,0.472038,13210.255859
24,0.359240,0.437870,13393.271484
25,0.363586,0.403369,13642.812500
26,0.291082,0.362239,13842.488281
27,0.288099,0.349455,14025.518555
28,0.294498,0.313754,14241.770508
29,0.268886,0.250368,14541.258789
30,0.280839,0.265438,14657.700195
31,0.366667,0.357360,15206.771484
32,0.395764,0.401314,15406.403320
33,0.410771,0.408273,15589.415039
34,0.372888,0.479187,15988.716797
35,0.332504,0.515832,16238.290039
36,0.298530,0.536537,16521.125000
37,0.158229,0.538903,17336.365234
38,0.153323,0.530086,17752.333984
39,0.072424,0.525300,18118.318359
40,0.026658,0.451592,18384.576172
41,0.013898,0.414932,18767.205078
42,0.149200,0.255362,19515.894531
43,0.475859,0.353847,20597.349609
44,0.549654,0.583672,21312.750000
45,0.568523,0.592433,21545.683594
46,0.606085,0.854706,22161.279297
47,0.686047,0.796952,22444.099609
48,0.276244,0.278838,24057.947266
49,0.287662,0.284295,24141.142578
50,0.294517,0.296562,24390.693359
51,0.390096,0.440613,24673.539062
0,0.708230,0.452878,449.209412
1,0.714034,0.483680,898.436951
2,0.690230,0.458413,1131.380371
3,0.653638,0.468869,1364.273071
4,0.642260,0.482027,1547.322144
5,0.606019,0.466848,1880.130127
6,0.515590,0.744905,2595.491455
7,0.557063,0.787260,2861.736816
8,0.539261,0.717663,3244.365234
9,0.523868,0.419718,3810.040771
10,0.809812,0.267590,4941.402344
11,0.798407,0.264881,5041.285156
12,0.777047,0.208997,5207.650879
13,0.793801,0.215950,5690.088867
14,0.033873,0.457459,6721.596191
15,0.069916,0.474133,7004.413086
16,0.105932,0.466131,7254.090820
17,0.200878,0.425301,7919.537109
18,0.213144,0.424105,8085.874512
19,0.216285,0.367838,8435.302734
20,0.177489,0.326887,8634.953125
21,0.147959,0.384100,8884.496094
22,0.127366,0.388499,9084.165039
23,0.085699,0.388672,9300.434570
24,0.057248,0.403873,9533.360352
25,0.783580,0.294083,10747.881836
26,0.735970,0.272135,10964.173828
27,0.723965,0.202607,11296.935547
28,0.716297,0.439209,11546.486328
29,0.703667,0.514222,11696.275391
30,0.693496,0.522410,11879.248047
31,0.711947,0.466822,12112.182617
32,0.729700,0.446422,12494.839844
33,0.719710,0.431014,12661.214844
34,0.682639,0.429577,13043.866211
35,0.654296,0.449315,13210.259766
36,0.599759,0.473012,13426.545898
37,0.599827,0.464978,13642.827148
38,0.654643,0.453068,13925.687500
39,0.643063,0.427982,14324.975586
40,0.586103,0.454040,14757.539062
41,0.546918,0.474192,15007.109375
42,0.527299,0.473604,15240.034180
43,0.515542,0.458885,15472.966797
44,0.495279,0.448488,15722.525391
45,0.440557,0.441005,16338.140625
46,0.435625,0.426047,16604.330078
47,0.419529,0.443318,16903.824219
48,0.408755,0.500580,17153.369141
49,0.390027,0.464117,17386.304688
50,0.370955,0.440047,17669.142578
51,0.319811,0.423030,17885.410156
52,0.308142,0.333615,18101.728516
53,0.293043,0.275907,18251.457031
54,0.310825,0.270280,18517.675781
55,0.293958,0.362336,18833.783203
56,0.292128,0.312034,19050.060547
57,0.294001,0.274276,19282.968750
58,0.314649,0.274213,19798.730469
59,0.320185,0.453038,20164.769531
60,0.296137,0.509771,20364.457031
61,0.296655,0.517172,20480.890625
62,0.280162,0.533271,20697.191406
63,0.301973,0.332975,21246.222656
64,0.301106,0.276152,21445.863281
65,0.244318,0.468371,21745.335938
66,0.219960,0.461863,22011.564453
67,0.190159,0.417675,22244.460938
68,0.185823,0.365907,22394.208984
69,0.188255,0.346236,22593.900391
70,0.143792,0.444147,22943.240234
71,0.139041,0.459239,23176.171875
72,0.156927,0.439807,23492.289062
73,0.166480,0.429102,23891.578125
74,0.205449,0.372884,24057.980469
75,0.209261,0.352587,24440.634766
76,0.225989,0.471079,24740.126953
0,0.763088,0.380448,499.180054
1,0.856850,0.293591,1081.414551
2,0.832815,0.238825,1364.315308
3,0.796113,0.211392,1697.052979
4,0.761475,0.210488,1863.441528
5,0.753360,0.215080,2063.047119
6,0.764737,0.189839,2695.260742
7,0.803517,0.305903,3177.739014
8,0.847532,0.609170,3543.826172
9,0.845738,0.588583,3743.483398
10,0.873972,0.572979,3926.436523
11,0.871365,0.567743,4026.353516
12,0.920718,0.652423,4858.250488
13,0.870791,0.605043,5141.006836
14,0.889787,0.621902,5340.647949
15,0.763308,0.616451,6155.928711
16,0.735191,0.538844,6388.806641
17,0.718826,0.492548,6788.100586
18,0.716961,0.469458,6954.525391
19,0.715977,0.447528,7403.692871
20,0.683330,0.471700,7620.010742
21,0.668526,0.438757,7952.812500
22,0.668960,0.433620,8119.187012
23,0.632193,0.477655,8302.170898
24,0.621507,0.466359,8884.494141
25,0.590642,0.444981,9433.528320
26,0.540745,0.456434,9916.093750
27,0.488127,0.468144,10431.761719
28,0.445184,0.464128,10764.532227
29,0.448543,0.451596,11030.733398
30,0.408650,0.461177,11413.400391
31,0.390049,0.490230,11646.336914
32,0.358111,0.476849,11895.838867
33,0.319496,0.502143,12178.674805
34,0.295017,0.465188,12428.278320
35,0.282275,0.366025,12661.203125
36,0.275301,0.315058,12844.280273
37,0.259614,0.313800,13176.951172
38,0.248646,0.312785,13343.379883
39,0.234527,0.301471,14042.094727
40,0.248444,0.273469,14957.183594
41,0.155142,0.415467,15489.650391
42,0.144760,0.481208,15772.434570
43,0.157174,0.465960,15972.084961
44,0.106615,0.468441,16254.887695
45,0.143665,0.389950,16770.726562
46,0.163099,0.408771,17120.068359
47,0.205070,0.435979,17353.019531
48,0.305366,0.466789,18500.998047
49,0.315700,0.450790,18800.498047
50,0.312602,0.319700,19149.849609
51,0.339847,0.236022,19532.621094
52,0.383280,0.204616,19881.886719
53,0.394159,0.126819,20131.550781
54,0.413171,0.075826,20497.562500
55,0.355142,0.044760,20713.792969
56,0.344956,0.071010,20896.814453
57,0.399595,0.146095,22061.427734
58,0.415640,0.199592,22477.363281
59,0.443761,0.371028,22876.757812
60,0.441845,0.530250,23292.605469
61,0.485313,0.503209,24973.062500
0,0.744390,0.454385,382.776459
1,0.780762,0.321019,648.890686
2,0.808850,0.258419,1214.620728
3,0.842117,0.236518,1514.027466
4,0.873456,0.243130,1730.351074
5,0.858312,0.244012,1929.961304
6,0.858458,0.254530,2162.927002
7,0.718237,0.450210,3078.029297
8,0.755313,0.551336,3510.596924
9,0.726700,0.492376,3976.501465
10,0.700581,0.407518,4325.791992
11,0.740627,0.488620,4625.266113
12,0.713838,0.420850,6322.330566
13,0.711698,0.417678,6488.782227
14,0.702752,0.419246,6738.233398
15,0.704524,0.442559,7054.361328
16,0.698613,0.455124,7220.722656
17,0.641930,0.457672,7453.719727
18,0.620051,0.425763,7886.222168
19,0.643463,0.427322,8119.179199
20,0.649168,0.419563,8335.487305
21,0.577550,0.439091,8718.128906
22,0.544744,0.434604,9117.431641
23,0.577411,0.505032,9433.564453
24,0.586261,0.522312,9849.500000
25,0.516144,0.745337,10248.800781
26,0.503349,0.455382,11696.345703
27,0.541899,0.423455,11895.961914
28,0.537390,0.451654,12611.319336
29,0.549321,0.451902,12877.522461
30,0.611455,0.463419,13143.744141
31,0.597163,0.441414,13809.332031
32,0.661995,0.437364,14042.253906
33,0.662810,0.433492,14208.537109
34,0.677741,0.494748,14358.305664
35,0.672595,0.478486,14674.417969
36,0.618563,0.450774,15107.063477
37,0.601506,0.441652,15556.206055
38,0.572153,0.430761,15972.122070
39,0.532923,0.427630,16338.192383
40,0.463368,0.407863,17020.267578
41,0.444138,0.397595,17353.009766
42,0.440276,0.426831,17835.621094
43,0.446532,0.401651,18151.630859
44,0.384606,0.428808,18451.113281
45,0.445162,0.428046,18950.285156
46,0.498183,0.438267,19233.072266
47,0.530335,0.429761,19649.058594
48,0.536549,0.435070,20181.511719
49,0.561211,0.780310,20614.060547
50,0.422241,0.429523,21146.455078
51,0.398884,0.450683,21595.697266
52,0.334324,0.432768,21811.931641
53,0.322089,0.343482,22078.093750
54,0.334279,0.344707,22543.939453
55,0.295673,0.564313,23209.570312
56,0.297421,0.555437,23309.316406
57,0.274281,0.519766,23508.976562
58,0.309230,0.541234,23708.695312
59,0.312864,0.552469,24057.966797
60,0.258727,0.399443,24540.501953
61,0.210130,0.406280,24806.660156
62,0.201157,0.365692,24989.777344
0,0.729408,0.416921,33.337826
1,0.750161,0.463152,382.680206
2,0.717356,0.484485,582.305908
3,0.681621,0.485801,782.001099
4,0.608067,0.487230,1281.083618
5,0.582701,0.492090,1547.392212
6,0.819698,0.401496,2379.163086
7,0.813319,0.395721,2495.684326
8,0.810977,0.303944,2878.326416
9,0.806793,0.289359,2978.105957
10,0.793874,0.274902,3161.149414
11,0.806598,0.276087,3344.159912
12,0.917624,0.398973,3693.559570
13,0.963843,0.536820,4608.610840
14,0.694474,0.491653,6222.476562
15,0.698687,0.492285,6355.547363
16,0.695829,0.482914,6521.921875
17,0.624181,0.486333,7387.125488
18,0.621298,0.498261,7769.773926
19,0.582696,0.500210,8019.315918
20,0.507503,0.499708,8451.911133
21,0.492019,0.511233,8618.253906
22,0.418604,0.500026,8967.647461
23,0.356971,0.494933,9466.798828
24,0.297377,0.477032,9749.614258
25,0.284384,0.421342,9949.264648
26,0.281897,0.516359,10265.405273
27,0.299668,0.529318,10631.421875
28,0.258157,0.519435,11080.631836
29,0.293204,0.393073,11363.471680
30,0.297551,0.394209,11463.318359
31,0.285599,0.453612,12295.195312
32,0.284408,0.465814,12444.931641
33,0.193433,0.500065,12711.143555
34,0.174931,0.466456,12944.043945
35,0.140780,0.503706,13177.000977
36,0.208866,0.512276,13609.558594
37,0.229416,0.500903,13942.311523
38,0.262158,0.494895,14208.508789
39,0.322002,0.367647,14591.165039
40,0.303942,0.363000,14923.912109
41,0.285282,0.447318,15373.125000
42,0.289905,0.507321,15556.151367
43,0.189642,0.472424,15922.184570
44,0.178139,0.457786,16088.558594
45,0.181373,0.442211,16454.607422
46,0.312536,0.384615,16787.337891
47,0.317434,0.472528,17169.976562
48,0.302185,0.517049,17336.373047
49,0.367661,0.494611,17752.326172
50,0.395305,0.486694,18018.503906
51,0.412390,0.494313,18434.435547
52,0.444269,0.480509,18650.740234
53,0.383037,0.659435,19183.140625
54,0.470202,0.697074,19515.890625
55,0.348989,0.667518,19782.080078
56,0.327668,0.658557,19948.525391
57,0.328056,0.658661,20114.861328
58,0.310335,0.665062,20231.322266
59,0.354565,0.662787,20613.970703
60,0.348168,0.677203,20830.261719
61,0.361214,0.686663,21129.740234
62,0.198816,0.688259,21512.402344
63,0.187759,0.700001,21662.134766
64,0.221029,0.714324,22394.189453
65,0.123727,0.656561,23475.638672
66,0.122884,0.662910,23558.816406
67,0.108089,0.561883,23825.031250
68,0.438184,0.655389,24656.921875
69,0.433530,0.704220,24973.031250
0,0.834601,0.514260,449.190887
1,0.858662,0.371118,815.274109
2,0.856611,0.352266,948.374329
3,0.877262,0.332235,1081.471558
4,0.932162,0.332825,1414.169678
5,0.985198,0.214708,1647.095215
6,0.018461,0.215614,1913.286255
7,0.020878,0.251642,2212.816162
8,0.028063,0.335257,2562.242920
9,0.062604,0.512536,3028.064941
10,0.058381,0.513148,3161.151611
11,0.093414,0.476442,3477.240723
12,0.932619,0.509222,4359.050293
13,0.929875,0.586425,4941.342773
14,0.032481,0.891859,5440.568848
15,0.281233,0.920236,5656.817383
16,0.394384,0.922361,5939.634766
17,0.694019,0.497864,7620.017578
18,0.630564,0.471672,7886.278320
19,0.648508,0.480790,8135.820312
20,0.743712,0.495323,8568.351562
21,0.729778,0.483958,8818.003906
22,0.703531,0.468390,9084.206055
23,0.787119,0.574167,9366.936523
24,0.791955,0.559714,9483.478516
25,0.501609,0.468511,10415.229492
26,0.380172,0.479645,10997.416992
27,0.313986,0.452843,11230.419922
28,0.302379,0.373944,11446.626953
29,0.296030,0.350720,11629.704102
30,0.289893,0.336758,11879.246094
31,0.315412,0.357108,12212.011719
32,0.325190,0.365329,12627.995117
33,0.319660,0.364508,13027.255859
34,0.324966,0.372571,13409.899414
35,0.318263,0.363275,14141.923828
36,0.327662,0.369684,14341.581055
37,0.317388,0.390876,14807.462891
38,0.298087,0.493920,15156.842773
39,0.204099,0.378259,15805.678711
40,0.181815,0.428984,16171.711914
41,0.167072,0.425673,16404.662109
42,0.292113,0.909585,17436.212891
43,0.405540,0.881207,17669.201172
44,0.575308,0.655432,18201.623047
45,0.529761,0.624442,19199.777344
46,0.445889,0.605095,19682.316406
47,0.024521,0.516062,21096.546875
48,0.036855,0.558917,21495.755859
49,0.037245,0.791834,22044.890625
50,0.230818,0.722874,22577.246094
51,0.532498,0.662167,24174.492188
52,0.450311,0.630488,24607.000000
0,0.746677,0.679802,16.684809
1,0.749363,0.623263,282.892273
2,0.808787,0.649892,599.011047
3,0.703955,0.824829,998.302612
4,0.991575,0.677497,2096.404785
5,0.003888,0.587805,2379.250732
6,0.020971,0.593701,2562.242920
7,0.005524,0.578599,2745.238525
8,0.953493,0.527379,2944.854004
9,0.957556,0.514190,3028.069336
10,0.044588,0.517984,3377.482178
11,0.068864,0.508816,3593.817871
12,0.067988,0.507175,3693.586182
13,0.021118,0.498017,3993.102783
14,0.097935,0.564766,4209.441406
15,0.090890,0.572845,4359.052734
16,0.086685,0.554845,4558.763184
17,0.074815,0.589570,4841.594727
18,0.168753,0.671674,5124.404785
19,0.222451,0.595610,5457.141113
20,0.189593,0.709859,6189.309082
21,0.222220,0.722443,6605.175781
22,0.338279,0.652402,7137.580078
23,0.361773,0.662470,7337.194824
24,0.381437,0.654646,7536.895996
25,0.444502,0.899998,8152.507324
26,0.464526,0.776691,8701.609375
27,0.553173,0.723450,9267.144531
28,0.578132,0.698178,9450.213867
29,0.564843,0.676296,9749.704102
30,0.397801,0.849630,10498.367188
31,0.497315,0.712918,10831.133789
32,0.552907,0.697150,11014.102539
33,0.551440,0.699902,11097.282227
34,0.494581,0.611193,11596.474609
35,0.423183,0.467013,12228.694336
36,0.291044,0.361021,12844.281250
37,0.301077,0.380433,13143.793945
38,0.311799,0.485198,13376.683594
39,0.336337,0.507219,13576.343750
40,0.262724,0.517207,14008.987305
41,0.313073,0.397754,14325.059570
42,0.290962,0.369287,14541.371094
43,0.209960,0.495574,14990.489258
44,0.180979,0.510318,15256.747070
45,0.190813,0.437199,15539.590820
46,0.190334,0.435889,15705.895508
47,0.261002,0.439127,15972.106445
48,0.328125,0.385357,16188.440430
49,0.309767,0.370396,16454.593750
50,0.312468,0.520359,16853.896484
51,0.260671,0.516948,17319.765625
52,0.158395,0.513652,17918.720703
53,0.138475,0.516128,18101.722656
54,0.198131,0.444900,18817.148438
55,0.072786,0.529093,19449.382812
56,0.029262,0.543095,20064.980469
57,0.037702,0.530674,20198.062500
58,0.044539,0.515358,20314.537109
59,0.084181,0.510484,20564.103516
60,0.081097,0.501111,20846.972656
61,0.950162,0.519702,21462.507812
62,0.945043,0.509965,21628.880859
63,0.940763,0.517214,22843.439453
64,0.848915,0.507405,23558.849609
65,0.756732,0.572882,24124.533203
66,0.751949,0.527262,24390.732422
67,0.804288,0.440188,24656.933594
0,0.748375,0.504657,16.656725
1,0.750708,0.506922,549.048767
2,0.884936,0.628039,1264.459717
3,0.741291,0.496693,1447.478027
4,0.700972,0.492587,1730.310791
5,0.706992,0.512814,2212.810059
6,0.652821,0.503889,2562.191650
7,0.676834,0.479215,3044.673584
8,0.678456,0.479085,3327.528076
9,0.594071,0.559661,3859.971924
10,0.600065,0.555962,4076.227051
11,0.606205,0.544510,4442.233887
12,0.535623,0.570099,4741.728516
13,0.502181,0.572600,5174.293457
14,0.508462,0.368880,5690.076172
15,0.535004,0.221637,6006.146484
16,0.538477,0.233015,6205.805664
17,0.560232,0.649795,6438.751465
18,0.565004,0.668273,6688.341797
19,0.562080,0.695556,6904.606445
20,0.598036,0.642186,7403.765137
21,0.792840,0.442931,7786.405273
22,0.874737,0.398675,8385.386719
23,0.948137,0.457465,8817.910156
24,0.968124,0.481486,9050.868164
25,0.034270,0.484457,9633.146484
26,0.058710,0.462016,10082.394531
27,0.019904,0.338411,10598.137695
28,0.008148,0.277397,10864.369141
29,0.882461,0.224969,11130.530273
30,0.807843,0.367915,11662.936523
31,0.767698,0.240243,11995.686523
32,0.746577,0.159475,12295.197266
33,0.712299,0.502462,13659.454102
34,0.337977,0.561852,14923.898438
35,0.342053,0.548171,15040.416992
36,0.373728,0.515565,15256.678711
37,0.294100,0.530856,16188.396484
38,0.274127,0.494452,16837.248047
39,0.199124,0.511564,17103.476562
40,0.206709,0.489966,17635.865234
41,0.209571,0.493129,17735.703125
42,0.181119,0.454630,18151.625000
43,0.140123,0.540529,18567.572266
44,0.125261,0.466417,19183.146484
45,0.059337,0.520130,19515.925781
46,0.063420,0.512089,19648.984375
47,0.068750,0.505199,19981.783203
48,0.031720,0.503091,20264.609375
49,0.089140,0.501118,20564.041016
50,0.160929,0.473632,20880.164062
51,0.204283,0.475442,21262.855469
52,0.285002,0.503092,21678.802734
53,0.324075,0.473331,21978.251953
54,0.336084,0.360077,22194.580078
55,0.337099,0.312534,22494.017578
56,0.330604,0.302295,22627.121094
57,0.399928,0.480445,22843.421875
58,0.455643,0.490675,23209.439453
59,0.450443,0.496335,23375.816406
60,0.471381,0.485797,23608.742188
61,0.511134,0.470567,23991.382812
62,0.545581,0.438341,24357.433594
63,0.576290,0.385968,24540.441406
0,0.951539,0.526446,549.007324
1,0.659039,0.183466,1846.730103
2,0.324858,0.434680,3360.769531
3,0.302813,0.326114,3510.494141
4,0.300133,0.287151,3793.333740
5,0.310619,0.486769,4325.697754
6,0.303070,0.475654,4542.092773
7,0.266463,0.473617,4758.349121
8,0.203767,0.392514,5257.443359
9,0.203146,0.340996,5523.647461
10,0.159588,0.450239,5756.545410
11,0.240059,0.473465,6155.894531
12,0.566821,0.712210,7553.380859
13,0.589141,0.912087,8169.037598
14,0.545173,0.573826,8884.475586
15,0.294345,0.288046,10248.730469
16,0.239652,0.527151,10614.757812
17,0.197812,0.408209,10997.415039
18,0.756500,0.432359,12411.622070
19,0.795206,0.344492,12644.533203
20,0.828093,0.258862,12877.421875
21,0.869759,0.247237,13193.545898
22,0.789505,0.203976,13409.875000
23,0.939346,0.076525,13875.767578
24,0.009729,0.174450,14275.011719
25,0.060670,0.206268,14641.082031
26,0.009023,0.178135,14990.399414
27,0.988172,0.143493,15206.682617
28,0.127668,0.227996,16338.050781
29,0.064390,0.526251,16870.517578
30,0.098982,0.481232,17319.759766
31,0.961393,0.498464,18035.123047
32,0.957827,0.485085,18667.369141
33,0.950745,0.488958,18966.773438
34,0.910346,0.422583,19382.777344
35,0.166075,0.453736,20880.136719
36,0.157521,0.479882,21079.847656
37,0.086915,0.520310,22078.011719
38,0.099528,0.504134,22527.281250
39,0.198885,0.376474,22843.365234
40,0.137323,0.414123,23242.662109
41,0.140218,0.404303,23492.291016
42,0.187320,0.389580,23691.896484
43,0.265423,0.433093,23941.476562
44,0.259450,0.446882,24190.972656
45,0.253499,0.453507,24324.171875
0,0.764416,0.526158,266.269592
1,0.807043,0.309163,532.441284
2,0.901974,0.235672,1064.853882
3,0.806705,0.230906,1314.440186
4,0.771212,0.239645,1447.473511
5,0.782842,0.282451,1663.817383
6,0.040124,0.104941,2462.386230
7,0.088041,0.235942,2795.260986
8,0.978693,0.042840,3061.343506
9,0.956716,0.421621,3493.936035
10,0.044359,0.642271,4142.853516
11,0.045772,0.621753,4292.548828
12,0.943577,0.557993,4658.552734
13,0.949242,0.574518,4858.210449
14,0.717686,0.523684,5873.086426
15,0.614330,0.508008,6289.138184
16,0.553248,0.723190,7037.724609
17,0.626148,0.833461,7952.780762
18,0.577547,0.864837,8185.762695
19,0.441046,0.663550,8934.439453
20,0.398316,0.441369,9550.020508
21,0.326736,0.401832,9782.942383
22,0.321427,0.292205,10015.868164
23,0.324826,0.295573,10215.563477
24,0.316559,0.289310,10514.970703
25,0.279504,0.506644,10897.673828
26,0.201526,0.479902,11180.481445
27,0.191493,0.459666,11380.108398
28,0.236359,0.521016,11779.422852
29,0.166431,0.523586,12078.958008
30,0.295312,0.563892,12544.791992
31,0.338803,0.395905,12810.956055
32,0.269541,0.544406,13093.818359
33,0.283696,0.545369,13459.832031
34,0.341243,0.339377,13992.233398
35,0.659298,0.556306,15522.984375
36,0.805146,0.466578,16171.791992
37,0.809530,0.206285,16770.728516
38,0.930234,0.280939,17086.808594
39,0.035796,0.145175,17369.746094
40,0.033692,0.093932,17552.656250
41,0.062131,0.056622,17719.107422
42,0.313260,0.338035,20164.816406
43,0.318675,0.344657,20281.287109
44,0.324592,0.325655,20431.001953
45,0.276480,0.519955,21046.558594
46,0.198263,0.409873,21595.679688
47,0.283235,0.534086,21978.298828
48,0.269525,0.522981,22427.517578
49,0.231884,0.515610,22693.736328
50,0.153901,0.487830,23359.248047
51,0.171007,0.497231,23575.472656
52,0.348247,0.393865,24041.345703
53,0.316837,0.353701,24307.572266
54,0.331958,0.342056,24973.080078
0,0.749550,0.548081,49.950787
1,0.752414,0.483353,332.683838
2,0.727706,0.511445,499.111725
3,0.727751,0.504373,665.442871
4,0.857458,0.304011,1147.932739
5,0.781646,0.257757,1414.189697
6,0.906354,0.111834,2096.357666
7,0.028322,0.485420,2994.746094
8,0.966622,0.475822,3177.703125
9,0.943441,0.477898,3593.705566
10,0.598721,0.498877,4641.837402
11,0.565712,0.500221,4858.160645
12,0.531316,0.705481,5207.595703
13,0.557253,0.847413,5873.107910
14,0.579272,0.888860,6505.227539
15,0.794812,0.906329,7320.472656
16,0.729605,0.838668,7786.328125
17,0.816061,0.885629,8119.075195
18,0.219082,0.700870,8718.073242
19,0.188278,0.711892,9133.983398
20,0.259598,0.455330,9599.857422
21,0.315435,0.419240,9832.852539
22,0.323513,0.354152,10015.864258
23,0.333807,0.343773,10315.347656
24,0.331392,0.350150,10448.385742
25,0.336427,0.468813,10814.479492
26,0.335685,0.477430,10914.292969
27,0.358433,0.476184,11080.607422
28,0.312815,0.496082,11463.336914
29,0.196241,0.469410,12045.611328
30,0.159542,0.515262,12245.194336
31,0.146636,0.491777,12561.362305
32,0.275651,0.499045,12910.768555
33,0.272664,0.497608,13010.624023
34,0.308399,0.502883,13310.103516
35,0.322926,0.372902,13509.704102
36,0.321626,0.344288,13692.666016
37,0.331074,0.230421,13992.176758
38,0.250124,0.491883,14408.167969
39,0.278075,0.486852,14657.689453
40,0.220648,0.490162,14923.869141
41,0.182221,0.460973,15323.228516
42,0.179623,0.461240,15423.078125
43,0.071685,0.523475,15872.261719
44,0.028988,0.515113,16105.123047
45,0.081064,0.495532,16421.251953
46,0.078895,0.498970,16787.259766
47,0.067976,0.502426,17186.562500
48,0.065086,0.536888,17718.958984
49,0.060345,0.521201,17985.175781
50,0.166352,0.489432,18367.896484
51,0.168509,0.479764,18534.253906
52,0.467927,0.447304,19965.064453
53,0.465609,0.445188,20164.722656
54,0.564718,0.480594,20464.279297
55,0.573077,0.616608,20846.830078
56,0.963111,0.888185,22128.015625
57,0.023086,0.928305,22477.365234
58,0.177648,0.933466,22926.615234
59,0.794663,0.551855,24041.250000
60,0.823429,0.576644,24473.830078
