Idx, longitude, latitude, start timestamp
0,0.755586,0.601322,282.860443
1,0.750932,0.186495,1014.983521
2,0.771550,0.158959,1264.476196
3,0.450551,0.065333,1530.735474
4,0.353785,0.032221,1730.376953
5,0.688621,0.054693,2911.627930
6,0.707237,0.314639,4874.820312
7,0.726580,0.345164,5024.576172
8,0.870166,0.522784,5640.143066
9,0.912583,0.503160,5839.777832
10,0.956422,0.370977,6205.918945
11,0.974431,0.172172,6472.036621
12,0.916329,0.057865,6954.523438
13,0.798204,0.247718,7636.610840
14,0.802704,0.213242,7786.373535
15,0.886107,0.528188,8302.132812
16,0.901164,0.494613,8501.892578
17,0.898598,0.491585,8917.708984
18,0.942266,0.492707,9383.582031
19,0.183710,0.419663,10847.750977
20,0.256778,0.492926,11130.582031
21,0.297746,0.320340,11380.113281
22,0.284909,0.232294,11613.086914
23,0.284235,0.188383,11796.101562
24,0.323482,0.223420,12228.708008
25,0.340345,0.249231,12444.937500
26,0.320480,0.460826,12877.529297
27,0.330757,0.561895,13093.817383
28,0.338807,0.489228,13326.821289
29,0.310950,0.393615,13676.180664
30,0.327699,0.381188,13859.197266
31,0.324837,0.348660,14208.506836
32,0.273258,0.314904,14408.230469
33,0.093995,0.514843,14907.275391
34,0.096888,0.502573,15023.736328
35,0.046869,0.417576,15290.030273
36,0.992611,0.287872,15805.780273
37,0.883139,0.372796,16321.518555
38,0.668719,0.393781,17502.679688
39,0.650225,0.407871,17785.566406
40,0.644627,0.435852,18035.220703
41,0.590562,0.388265,18417.853516
42,0.588586,0.415720,18650.654297
43,0.594399,0.401437,18800.464844
44,0.527818,0.671660,19765.451172
45,0.530491,0.636921,19865.261719
46,0.540589,0.416827,20148.191406
47,0.618613,0.328312,20364.437500
48,0.641960,0.296353,20547.443359
49,0.905658,0.085631,21412.548828
50,0.016067,0.024093,21762.023438
51,0.632047,0.146072,22261.193359
52,0.762711,0.075242,22893.392578
53,0.668624,0.127147,23409.072266
54,0.728916,0.339389,23791.746094
0,0.749041,0.641394,332.735779
1,0.753544,0.546250,632.170776
2,0.758337,0.396566,881.931030
3,0.748931,0.338239,1098.040161
4,0.797212,0.173371,1830.161133
5,0.698455,0.400875,2528.902588
6,0.635992,0.268471,3959.787598
7,0.320280,0.021432,5007.901367
8,0.259802,0.018255,5190.850586
9,0.493906,0.546426,6688.330078
10,0.464017,0.561521,6971.094727
11,0.396443,0.503840,7936.138672
12,0.367690,0.498049,8185.744141
13,0.368591,0.488564,8402.006836
14,0.373239,0.484683,8651.589844
15,0.374366,0.295507,9134.089844
16,0.315659,0.257229,9916.082031
17,0.319594,0.275223,10099.096680
18,0.310223,0.441987,11097.310547
19,0.298794,0.400567,11330.201172
20,0.299569,0.553195,11812.640625
21,0.313210,0.354983,12295.160156
22,0.322159,0.252156,12578.054688
23,0.314590,0.230244,13027.310547
24,0.293823,0.290420,13360.037109
25,0.244466,0.369366,13809.244141
26,0.237656,0.374904,14058.730469
27,0.180555,0.552100,14541.224609
28,0.188357,0.536879,14740.879883
29,0.220982,0.494338,15056.995117
30,0.279023,0.450551,15506.258789
31,0.393448,0.522126,15988.724609
32,0.139110,0.588494,20430.910156
33,0.146008,0.574769,20647.298828
34,0.140416,0.530704,20846.894531
35,0.140848,0.523533,21046.542969
36,0.239955,0.577157,22261.138672
37,0.238481,0.579795,22394.306641
38,0.291664,0.600776,22810.119141
39,0.295053,0.582959,23026.398438
40,0.350085,0.549101,23808.396484
0,0.603820,0.068961,1181.431396
1,0.420654,0.016610,1364.356079
2,0.227181,0.029246,1464.091187
3,0.787133,0.226477,2329.397217
4,0.781320,0.259197,2562.159180
5,0.758608,0.253629,2728.591553
6,0.843934,0.512110,3394.036865
7,0.868077,0.246408,3660.360596
8,0.013057,0.068366,4142.808594
9,0.002643,0.057950,4375.589355
10,0.020140,0.282445,4741.758789
11,0.046790,0.415985,4991.238770
12,0.171713,0.512337,5557.006348
13,0.253432,0.360964,6056.075684
14,0.259525,0.230829,6322.245605
15,0.318778,0.183762,6588.444824
16,0.335874,0.162241,7070.895508
17,0.375050,0.167941,7253.909180
18,0.396476,0.279883,7603.274414
19,0.347653,0.206265,7803.049805
20,0.259136,0.198302,8052.525879
21,0.349953,0.619351,8717.969727
22,0.231624,0.889799,9167.259766
23,0.172795,0.960625,9450.121094
24,0.187591,0.996420,9666.291992
25,0.070305,0.987631,9949.192383
26,0.123523,0.774819,10415.076172
27,0.078004,0.653215,10647.910156
28,0.018546,0.608470,10914.214844
29,0.023497,0.608081,11063.899414
30,0.988590,0.579477,11213.626953
31,0.926778,0.666433,11562.987305
32,0.493955,0.441516,13825.738281
33,0.517816,0.481942,14058.583008
34,0.557605,0.974307,14740.707031
35,0.862723,0.874830,16520.847656
36,0.867862,0.563481,19033.126953
37,0.869010,0.550717,19265.998047
38,0.827559,0.243676,21112.740234
39,0.912372,0.073133,22493.689453
0,0.763244,0.561702,399.146942
1,0.737159,0.455761,632.162415
2,0.692281,0.414735,964.858948
3,0.680452,0.384322,1247.852173
4,0.733400,0.225483,1830.023315
5,0.711811,0.210917,1996.400635
6,0.679914,0.392830,2312.465576
7,0.651415,0.431989,2778.360596
8,0.579207,0.556664,3111.101562
9,0.548740,0.564375,3710.068848
10,0.510378,0.553246,3876.554199
11,0.465068,0.576235,4125.968262
12,0.461696,0.570555,4309.083496
13,0.395248,0.731579,4724.978516
14,0.289930,0.533338,5240.664551
15,0.281271,0.508148,5373.812500
16,0.343677,0.353419,5872.972168
17,0.375989,0.340235,6405.305176
18,0.920537,0.459791,7603.315918
19,0.948139,0.458689,7869.560547
20,0.025678,0.496286,8119.039551
21,0.122039,0.508022,8618.169922
22,0.123908,0.602615,8884.437500
23,0.002560,0.929894,9599.806641
24,0.951986,0.943531,9749.536133
25,0.708198,0.981551,9949.194336
26,0.656308,0.969871,10215.481445
27,0.739639,0.242983,12627.787109
28,0.820341,0.308159,12860.733398
29,0.912511,0.409899,13110.371094
30,0.931508,0.455553,13276.738281
31,0.929264,0.457667,13359.897461
32,0.880523,0.523230,13526.208008
33,0.870171,0.529889,13858.935547
34,0.830064,0.576350,14208.540039
35,0.792662,0.553203,14507.918945
36,0.780482,0.518376,14724.203125
37,0.707971,0.499647,15056.942383
38,0.682857,0.513623,15339.808594
39,0.732947,0.925045,17735.533203
40,0.605069,0.912325,18085.091797
41,0.539403,0.889137,18284.656250
42,0.474429,0.898503,18634.023438
43,0.432152,0.883351,18883.484375
44,0.779068,0.770674,19565.781250
45,0.836618,0.432989,20530.650391
46,0.883101,0.447876,20846.884766
47,0.893066,0.465931,21013.275391
48,0.892191,0.523805,21296.000000
49,0.954731,0.482121,21595.539062
50,0.013395,0.509386,21911.568359
51,0.056515,0.559047,22144.564453
52,0.100546,0.512924,22577.060547
53,0.120966,0.531669,22793.429688
54,0.112074,0.522985,23076.302734
55,0.083688,0.533229,23309.236328
56,0.036802,0.543946,24906.425781
0,0.739223,0.358937,366.014832
1,0.881985,0.418963,848.496460
2,0.887453,0.411879,1014.900940
3,0.579682,0.356557,1896.647217
4,0.559450,0.334194,2079.778564
5,0.658477,0.371275,2894.987061
6,0.596674,0.543307,3394.126221
7,0.571008,0.564743,3660.226318
8,0.593240,0.558044,4026.315674
9,0.458789,0.384021,4924.697266
10,0.451014,0.277613,5407.233887
11,0.481037,0.446114,6172.545898
12,0.492384,0.622231,6422.092773
13,0.511637,0.653801,6671.740723
14,0.479317,0.650486,6921.205078
15,0.479585,0.510006,7453.639160
16,0.787973,0.240444,9683.030273
17,0.944145,0.465603,12611.363281
18,0.665614,0.565026,13243.480469
19,0.115477,0.572786,17103.396484
20,0.105331,0.645835,18351.296875
21,0.127314,0.723144,18567.531250
22,0.601440,0.897172,20614.011719
23,0.576116,0.289148,22577.199219
24,0.607023,0.249716,22810.064453
25,0.612215,0.072551,23958.169922
0,0.751297,0.540100,349.428040
1,0.775311,0.499193,565.600464
2,0.751714,0.385870,765.426697
3,0.685695,0.387760,1014.882385
4,0.523918,0.489876,2079.704102
5,0.453786,0.524290,2445.741211
6,0.325027,0.498290,3227.677246
7,0.302137,0.465306,3510.462402
8,0.286240,0.351108,3976.426270
9,0.358876,0.325391,4342.492188
10,0.384971,0.365403,4708.466309
11,0.372133,0.504760,5174.272461
12,0.411196,0.571130,5373.927734
13,0.505445,0.674976,5806.582520
14,0.646780,0.539505,6422.260254
15,0.693136,0.513468,6605.178223
16,0.902407,0.504517,7536.955566
17,0.961461,0.478039,7919.480957
18,0.025868,0.333798,8302.203125
19,0.942674,0.169451,8834.640625
20,0.949004,0.128885,9117.378906
21,0.120617,0.508852,9832.867188
22,0.972179,0.492844,11197.099609
23,0.606264,0.348631,14175.152344
24,0.663415,0.089396,15123.481445
25,0.639243,0.075114,15406.399414
26,0.615627,0.077436,15605.958008
27,0.695336,0.674119,17386.232422
28,0.726693,0.736658,18367.787109
29,0.741572,0.217529,19798.691406
0,0.775692,0.493972,382.784821
1,0.696583,0.400947,648.899963
2,0.576017,0.434341,1331.109741
3,0.779592,0.216446,2096.388916
4,0.913108,0.524685,3144.643799
5,0.924180,0.504368,3277.718018
6,0.027278,0.500334,3826.736328
7,0.089009,0.474667,4159.479492
8,0.084956,0.407358,4425.677734
9,0.143306,0.490109,4775.078613
10,0.138477,0.499184,4874.783691
11,0.989016,0.136688,5590.277344
12,0.969624,0.085218,5740.067871
13,0.997067,0.093412,6056.185059
14,0.099809,0.440802,6255.802734
15,0.242301,0.813933,7536.881348
16,0.322082,0.849521,7819.748047
17,0.882862,0.964348,8851.274414
18,0.857376,0.884708,9050.891602
19,0.341123,0.330286,10365.309570
20,0.330570,0.296771,10531.564453
21,0.289756,0.521934,10897.711914
22,0.299319,0.509582,11114.043945
23,0.306288,0.492577,11213.863281
24,0.344333,0.371363,11446.726562
25,0.358791,0.521199,11762.820312
26,0.396138,0.551387,11962.461914
27,0.333506,0.571543,12261.939453
28,0.643861,0.539884,13360.049805
29,0.678637,0.529172,13709.437500
30,0.643688,0.380865,14042.156250
31,0.694471,0.383345,14374.947266
32,0.714199,0.421036,14624.541016
33,0.778130,0.658882,15206.797852
34,0.772611,0.654762,15356.560547
35,0.714608,0.211093,16155.151367
36,0.682458,0.375237,16571.121094
37,0.662348,0.411370,16870.457031
38,0.656467,0.443147,17253.253906
39,0.718419,0.404875,17552.753906
40,0.489316,0.089036,18351.388672
41,0.490375,0.089549,18550.912109
42,0.517249,0.103449,18933.589844
43,0.573452,0.422550,19183.152344
44,0.607639,0.516922,19465.898438
45,0.601325,0.476027,19698.960938
46,0.533410,0.451680,20247.970703
47,0.839111,0.469990,21212.871094
48,0.887930,0.480067,21562.277344
49,0.877473,0.484588,21662.111328
50,0.755275,0.262723,22177.888672
51,0.750221,0.251413,22394.285156
52,0.700440,0.234973,22627.134766
53,0.429565,0.515501,23608.753906
54,0.436087,0.512592,23725.289062
55,0.380537,0.522990,23891.583984
56,0.376551,0.468415,24224.337891
57,0.301142,0.451267,24507.277344
58,0.305577,0.452749,24673.611328
0,0.788843,0.152967,915.222778
1,0.014207,0.154885,1830.142212
2,0.021854,0.137002,1963.324707
3,0.921246,0.498783,3144.498535
4,0.916333,0.436165,3327.555420
5,0.574337,0.536948,4425.608398
6,0.482624,0.564554,4841.561523
7,0.287934,0.596522,5623.638672
8,0.231382,0.620251,5906.264648
9,0.167860,0.513081,6239.009766
10,0.352433,0.312318,6655.033203
11,0.383693,0.391583,6921.265625
12,0.399804,0.348462,7137.580078
13,0.401671,0.311076,7320.541504
14,0.397366,0.611289,7736.509766
15,0.404803,0.665555,8019.288086
16,0.379039,0.660706,8268.919922
17,0.371538,0.544097,8435.228516
18,0.380098,0.594432,8768.029297
19,0.357513,0.664752,8951.010742
20,0.531315,0.512331,9583.304688
21,0.547434,0.526421,9816.187500
22,0.589719,0.518329,9999.204102
23,0.639391,0.294346,10797.875000
24,0.945952,0.056659,11829.286133
25,0.948202,0.054465,12178.689453
26,0.641326,0.646792,13626.128906
27,0.789213,0.150135,14275.044922
28,0.839373,0.549870,14857.368164
29,0.846148,0.544848,14990.546875
30,0.869350,0.535487,15156.942383
31,0.671400,0.406197,15522.889648
32,0.727705,0.351378,15888.919922
33,0.682566,0.363054,16304.884766
34,0.720558,0.374688,16704.179688
35,0.715391,0.383000,17003.597656
36,0.713652,0.420918,17353.023438
37,0.729593,0.443962,17702.355469
38,0.701666,0.471152,18351.166016
39,0.677132,0.432472,18550.833984
40,0.482747,0.545920,19116.580078
41,0.462660,0.554571,19282.943359
42,0.366718,0.448177,19815.281250
43,0.363970,0.645984,20231.310547
44,0.353435,0.648910,20397.701172
45,0.184520,0.567430,20830.361328
46,0.170099,0.616082,21029.894531
47,0.136454,0.624587,21246.169922
48,0.107669,0.525206,21595.519531
49,0.113199,0.535091,21712.050781
50,0.105104,0.587685,22011.574219
51,0.049149,0.544889,22493.970703
52,0.102437,0.524330,22726.919922
53,0.116875,0.509501,22909.839844
54,0.119030,0.543942,23009.703125
55,0.126199,0.474419,23276.056641
56,0.140855,0.585844,23525.496094
57,0.013523,0.508705,23808.373047
58,0.086146,0.409040,24157.699219
59,0.114163,0.423048,24357.421875
60,0.137940,0.467729,24623.662109
0,0.751645,0.491464,432.661255
1,0.753945,0.467459,549.062256
2,0.649481,0.436597,782.052917
3,0.548412,0.473173,1564.055298
4,0.544384,0.504075,1763.676880
5,0.447018,0.481421,2479.036133
6,0.407616,0.418217,2761.869629
7,0.454466,0.140952,3743.498779
8,0.467620,0.109729,3860.050049
9,0.598400,0.083304,4176.099121
10,0.568174,0.046744,4425.674805
11,0.506082,0.045998,4641.941406
12,0.500605,0.049888,4741.762207
13,0.600973,0.377565,5440.587891
14,0.647930,0.387012,6255.833984
15,0.607512,0.435692,6588.541016
16,0.721247,0.242043,7204.131348
17,0.754395,0.224691,7403.861328
18,0.693585,0.336779,7753.142578
19,0.637231,0.147049,8052.639648
20,0.577705,0.067433,8285.615234
21,0.790079,0.261228,9000.987305
22,0.800235,0.298166,9167.351562
23,0.822810,0.421888,9516.734375
24,0.868438,0.460710,9749.715820
25,0.893550,0.474836,9932.759766
26,0.888039,0.482806,10099.114258
27,0.865357,0.484873,10515.017578
28,0.809596,0.425097,10964.250977
29,0.054249,0.469189,11679.625977
30,0.103115,0.477226,11945.877930
31,0.130136,0.475267,12095.567383
32,0.176616,0.466485,12511.509766
33,0.206233,0.470173,12810.993164
34,0.242123,0.503470,12994.063477
35,0.328555,0.473448,13493.248047
36,0.324918,0.398886,13659.562500
37,0.324802,0.370100,13892.438477
38,0.310187,0.343084,14141.969727
39,0.342785,0.456528,14458.172852
40,0.370476,0.494491,14740.947266
41,0.367276,0.493347,14957.227539
42,0.376343,0.488740,15140.331055
43,0.379021,0.424222,15473.003906
44,0.343339,0.313370,15988.805664
45,0.377814,0.306232,16437.972656
46,0.401539,0.311043,16687.615234
47,0.373106,0.330082,17120.228516
48,0.353579,0.338534,17336.474609
49,0.365148,0.493939,17669.166016
50,0.334391,0.545930,18301.427734
51,0.120232,0.672018,19083.392578
52,0.083568,0.619554,19282.992188
53,0.049105,0.598926,19482.779297
54,0.024175,0.573321,19665.783203
55,0.267985,0.792865,20614.001953
56,0.273353,0.802054,20780.408203
57,0.292400,0.803612,20996.685547
58,0.276305,0.812948,21545.712891
59,0.698990,0.237910,23642.039062
60,0.683953,0.234684,23891.685547
61,0.717817,0.164032,24307.603516
62,0.727960,0.146037,24440.693359
0,0.770486,0.424391,16.846243
1,0.789244,0.547212,432.687836
2,0.843317,0.383775,1064.920044
3,0.851078,0.382085,1247.889648
4,0.853205,0.337191,1397.637451
5,0.918409,0.382183,1780.255127
6,0.962052,0.385812,2013.315918
7,0.811869,0.387319,2312.766113
8,0.839510,0.385453,2545.688721
9,0.276019,0.441737,4009.744629
10,0.314614,0.351129,4242.747559
11,0.409272,0.347383,4891.610352
12,0.356803,0.279361,5224.332520
13,0.343173,0.194019,5440.594727
14,0.245251,0.655954,5989.619141
15,0.310603,0.922161,6372.295410
16,0.434438,0.947191,6671.830566
17,0.542863,0.959907,6821.619629
18,0.624671,0.946900,6971.353027
19,0.460597,0.444653,9649.931641
20,0.627579,0.379756,10215.602539
21,0.633644,0.211132,10431.838867
22,0.697593,0.306030,10914.409180
23,0.695076,0.298070,11213.886719
24,0.874187,0.180968,12644.685547
25,0.809721,0.161315,16255.007812
26,0.710890,0.218837,16687.480469
27,0.755838,0.225416,17070.283203
28,0.592041,0.270746,17552.708984
29,0.556402,0.299245,17818.841797
30,0.495623,0.317659,18068.542969
31,0.424643,0.616682,18783.818359
32,0.404675,0.663551,19066.726562
33,0.214541,0.926263,21396.064453
34,0.228909,0.888038,21595.712891
35,0.551893,0.808613,22111.433594
36,0.220455,0.899217,22593.890625
37,0.873465,0.834023,23292.654297
38,0.967906,0.748474,24507.248047
39,0.225117,0.936274,24806.708984
0,0.701170,0.605698,332.752899
1,0.525992,0.680030,948.346191
2,0.473506,0.531533,1364.309204
3,0.514547,0.309583,1996.589111
4,0.618221,0.191602,2512.294678
5,0.602787,0.131765,2795.214844
6,0.589577,0.098630,2928.197510
7,0.779387,0.217996,3244.329102
8,0.752695,0.260637,3527.220947
9,0.600708,0.480711,4109.508789
10,0.606422,0.527790,4409.028809
11,0.597319,0.516641,4725.120117
12,0.638658,0.157503,5457.128418
13,0.625061,0.130654,5706.732422
14,0.623498,0.109244,5873.134277
15,0.617018,0.099637,6056.097656
16,0.315805,0.504905,6987.901855
17,0.279823,0.538549,7254.068359
18,0.300389,0.425006,7653.370117
19,0.327905,0.393820,7919.517578
20,0.351402,0.408278,8218.935547
21,0.365403,0.412513,8452.032227
22,0.421608,0.484307,8751.319336
23,0.381193,0.542742,9050.844727
24,0.222314,0.586785,9583.300781
25,0.202130,0.596986,9899.435547
26,0.181739,0.504732,10431.760742
27,0.163920,0.496150,10664.663086
28,0.122576,0.514375,11014.025391
29,0.296556,0.363476,11945.790039
30,0.651084,0.303680,12677.854492
31,0.617115,0.141483,13126.987305
32,0.626088,0.109177,13310.166016
33,0.581629,0.505387,13792.613281
34,0.597939,0.509880,13942.291016
35,0.596753,0.534097,14474.750977
36,0.541168,0.539622,14790.840820
37,0.549492,0.539674,14990.470703
38,0.772376,0.577647,15522.803711
39,0.737057,0.542093,15705.910156
40,0.760937,0.287290,16138.413086
41,0.745076,0.265486,16254.989258
42,0.678709,0.167904,17070.187500
43,0.366389,0.540897,18684.031250
44,0.378469,0.460459,18850.400391
45,0.412230,0.405009,19116.570312
46,0.473634,0.346691,19682.228516
0,0.771308,0.399474,33.255379
1,0.775334,0.442896,449.193024
2,0.781624,0.683596,848.461975
3,0.788031,0.742577,1031.484131
4,0.807331,0.797668,1264.390503
5,0.805698,0.842788,1730.260132
6,0.828687,0.871051,2013.100098
7,0.997264,0.903667,2745.164551
8,0.287292,0.898714,3260.934814
9,0.888971,0.821039,3776.673340
10,0.874942,0.701338,4009.611816
11,0.867052,0.676311,4209.257324
12,0.991359,0.696925,4492.098633
13,0.044232,0.700731,4708.375488
14,0.049000,0.699498,4858.121094
15,0.061243,0.691672,5074.441895
16,0.102486,0.684006,5323.985352
17,0.109821,0.514853,5706.626953
18,0.105963,0.471473,5922.950684
19,0.203733,0.547831,6355.526855
20,0.189359,0.446753,6671.654785
21,0.187518,0.438045,6788.136719
22,0.229724,0.484127,7037.655273
23,0.254019,0.446891,7270.554688
24,0.281320,0.404782,7619.949219
25,0.308681,0.393776,7902.787109
26,0.324681,0.403806,8119.130371
27,0.333166,0.357898,8435.208984
28,0.315427,0.553889,8751.316406
29,0.277594,0.681127,9167.256836
30,0.368033,0.521595,9566.596680
31,0.379223,0.576981,10315.244141
32,0.367834,0.620058,10531.551758
33,0.391360,0.410781,10897.564453
34,0.388834,0.345338,11097.204102
35,0.310394,0.261979,11529.812500
36,0.221224,0.394410,12078.855469
37,0.114415,0.477640,12478.125000
38,0.986634,0.273074,12860.797852
39,0.930537,0.215914,13027.211914
40,0.846173,0.115395,13376.577148
41,0.842634,0.132400,13559.593750
42,0.840749,0.098294,13892.322266
43,0.722202,0.269084,14491.269531
44,0.727064,0.273196,14674.331055
45,0.560081,0.192401,15123.501953
46,0.535929,0.149946,15323.183594
47,0.459057,0.064381,15572.753906
48,0.276219,0.034103,15822.285156
49,0.604335,0.466878,16204.993164
50,0.598170,0.486937,16887.166016
51,0.602061,0.482948,16986.935547
52,0.607908,0.498727,17103.386719
53,0.620504,0.554009,17386.238281
54,0.670473,0.571109,17719.013672
55,0.696164,0.555841,17918.634766
56,0.750502,0.570228,18234.742188
57,0.762774,0.591612,18434.378906
58,0.810921,0.498448,18850.324219
59,0.804983,0.478085,19049.992188
60,0.875704,0.849313,19948.406250
61,0.874606,0.802621,20131.421875
62,0.873419,0.663064,20381.001953
63,0.846073,0.526038,20613.935547
64,0.672587,0.195850,21479.107422
65,0.614634,0.293389,21728.626953
66,0.472397,0.380733,22627.119141
67,0.471247,0.481138,23059.646484
68,0.469386,0.474540,23159.468750
69,0.217710,0.405068,24989.601562
0,0.737004,0.537249,399.329529
1,0.704660,0.440068,931.702515
2,0.528328,0.525898,1780.208374
3,0.465420,0.522458,2329.318604
4,0.543796,0.497130,2695.369873
5,0.565687,0.563803,3044.803467
6,0.562333,0.548001,3161.200684
7,0.601012,0.378053,3543.866699
8,0.586422,0.324106,3743.509521
9,0.670315,0.405030,4026.312256
10,0.732183,0.262857,5190.993652
11,0.783170,0.290830,5423.934570
12,0.918384,0.260010,5673.401367
13,0.972624,0.222377,5873.063477
14,0.991467,0.185508,6039.465820
15,0.990439,0.158910,6322.380371
16,0.989694,0.155867,6638.426758
17,0.220921,0.450043,7570.115234
18,0.205282,0.548851,7769.825684
19,0.275268,0.603018,7986.042969
20,0.366199,0.583425,8618.252930
21,0.308117,0.431831,8984.279297
22,0.276246,0.392213,9233.882812
23,0.272934,0.370388,9366.991211
24,0.299495,0.320423,9566.615234
25,0.303299,0.317916,9683.147461
26,0.297642,0.300230,9782.970703
27,0.026675,0.386453,10980.791992
28,0.943546,0.481920,11330.219727
29,0.931996,0.501723,11529.967773
30,0.882339,0.546950,11862.591797
31,0.884740,0.541670,12095.648438
32,0.699163,0.464514,13160.346680
33,0.644703,0.376367,13975.637695
34,0.601082,0.387079,14125.340820
35,0.590560,0.367339,14308.367188
36,0.543383,0.397449,14674.348633
37,0.332352,0.367663,15789.176758
38,0.334938,0.523191,15988.761719
39,0.372810,0.556471,16221.668945
40,0.564011,0.515822,16970.347656
41,0.684334,0.454009,17852.181641
42,0.752199,0.445669,18118.373047
43,0.692328,0.427523,18351.294922
44,0.685100,0.445672,18667.410156
45,0.796272,0.523603,19698.947266
46,0.810618,0.524321,20048.289062
47,0.823136,0.548398,20713.792969
48,0.804617,0.519607,20930.191406
49,0.785771,0.532200,21129.755859
50,0.797969,0.499581,21296.205078
51,0.801939,0.435013,21462.494141
52,0.839229,0.420009,21761.958984
53,0.971520,0.431204,22510.671875
54,0.963383,0.495525,22677.115234
55,0.968012,0.496379,22810.179688
56,0.942543,0.495299,23159.599609
57,0.043166,0.399302,23508.929688
58,0.082061,0.458978,23775.146484
59,0.094720,0.518284,24041.386719
0,0.740838,0.535253,232.934631
1,0.780681,0.495387,416.008057
2,0.837523,0.490984,781.962219
3,0.879893,0.505616,948.319153
4,0.901434,0.501164,1131.353027
5,0.888617,0.474131,1464.099121
6,0.826620,0.461854,1713.645508
7,0.821727,0.472917,1896.644531
8,0.782919,0.280976,2362.507324
9,0.791970,0.254477,2528.878662
10,0.824694,0.297271,3127.827393
11,0.646330,0.404230,4009.646973
12,0.600393,0.568998,4292.467773
13,0.621311,0.631829,4492.107910
14,0.574236,0.459255,4808.233398
15,0.584127,0.827795,5556.959473
16,0.747188,0.786176,6422.106934
17,0.744000,0.759781,6521.908691
18,0.762511,0.394511,6987.766602
19,0.782243,0.322984,7536.804688
20,0.701015,0.090796,8601.624023
21,0.667267,0.074324,8751.352539
22,0.660648,0.105052,9599.851562
23,0.588855,0.500827,10115.650391
24,0.317210,0.537497,11197.069336
25,0.263555,0.567030,11513.184570
26,0.218133,0.625323,11862.581055
27,0.233334,0.741961,12145.412109
28,0.372200,0.860859,13077.103516
29,0.413814,0.847191,13409.910156
30,0.406306,0.862272,13559.611328
31,0.291733,0.418890,14507.956055
32,0.307512,0.285217,15123.545898
33,0.347075,0.337758,15423.052734
34,0.628161,0.791273,16338.095703
35,0.758850,0.670965,16837.208984
36,0.767306,0.541556,17203.236328
37,0.807518,0.490379,17369.609375
38,0.857789,0.468399,17702.373047
39,0.000086,0.303318,18584.169922
40,0.036616,0.190163,19000.105469
41,0.048146,0.137552,19199.771484
42,0.052036,0.165630,19432.681641
43,0.138375,0.636793,20081.546875
44,0.129690,0.605774,20281.208984
45,0.121669,0.575128,20663.869141
46,0.065441,0.503970,20896.789062
47,0.098992,0.504428,21113.080078
48,0.969537,0.493175,21628.833984
49,0.893679,0.554633,22277.708984
50,0.863634,0.536052,22494.007812
51,0.850612,0.499226,22860.035156
52,0.870954,0.510691,23059.685547
53,0.806599,0.480660,23359.164062
54,0.816882,0.472797,23675.269531
55,0.749882,0.413921,24374.044922
56,0.737783,0.326152,24606.990234
57,0.749873,0.314398,24972.990234
0,0.747406,0.516053,99.898705
1,0.748000,0.419225,299.444641
2,0.676733,0.408952,698.775757
3,0.654640,0.415146,948.335938
4,0.647425,0.423575,1247.782837
5,0.640566,0.443836,1513.993530
6,0.694037,0.463615,1846.734985
7,0.716670,0.466469,1996.469849
8,0.708197,0.432831,2229.412109
9,0.679654,0.411113,2478.987305
10,0.627174,0.401368,3028.073730
11,0.568274,0.423559,3277.590576
12,0.607371,0.384510,3560.432617
13,0.627929,0.304221,3776.783691
14,0.598484,0.069603,4325.779297
15,0.769644,0.213241,4891.432129
16,0.566563,0.157016,5174.295410
17,0.594075,0.266816,5540.317383
18,0.591040,0.386249,5873.071777
19,0.685033,0.465217,6605.122559
20,0.788983,0.312524,7087.583008
21,0.786938,0.235650,7237.361328
22,0.759693,0.168205,7536.849121
23,0.988201,0.215144,8069.296875
24,0.013794,0.292417,8302.104492
25,0.111515,0.510414,8884.535156
26,0.152893,0.539970,9050.819336
27,0.099186,0.564207,9283.745117
28,0.864968,0.528155,10132.302734
29,0.869938,0.516755,10282.010742
30,0.803755,0.527555,10448.387695
31,0.831870,0.471917,10781.134766
32,0.783194,0.534829,11014.065430
33,0.351130,0.483523,12644.522461
34,0.331834,0.429991,12877.573242
35,0.321605,0.402169,13077.109375
36,0.291578,0.407732,13326.688477
37,0.280394,0.373841,13559.628906
38,0.285587,0.313313,13725.983398
39,0.311348,0.527586,14025.500977
40,0.368329,0.552922,14225.110352
41,0.418064,0.417339,14707.624023
42,0.664898,0.415647,15972.051758
43,0.710660,0.413918,16454.615234
44,0.672538,0.427561,16903.812500
45,0.645722,0.418434,17170.007812
46,0.689915,0.429001,17452.839844
47,0.856261,0.527197,17968.560547
48,0.831823,0.505492,18168.201172
49,0.877469,0.518978,18500.964844
50,0.900878,0.516166,18767.167969
51,0.893012,0.494524,18983.437500
52,0.945187,0.472572,19183.214844
53,0.947985,0.446073,19449.308594
54,0.865626,0.351511,19698.902344
55,0.794922,0.357261,19948.435547
56,0.765178,0.352908,20181.359375
57,0.760200,0.519338,20431.011719
58,0.456197,0.498350,21545.642578
59,0.458803,0.504267,21645.472656
60,0.401385,0.495923,21861.759766
61,0.406371,0.503331,22011.488281
62,0.371262,0.503306,22294.345703
63,0.343591,0.495020,22660.404297
64,0.307189,0.499428,22926.570312
65,0.333701,0.413814,23226.031250
66,0.346192,0.342769,23558.832031
67,0.342008,0.321546,23791.748047
68,0.369440,0.331187,24141.128906
69,0.412763,0.191247,24357.412109
70,0.461813,0.267417,24623.605469
0,0.752314,0.464279,49.871696
1,0.789667,0.477260,432.540009
2,0.753543,0.640033,632.196228
3,0.710301,0.476897,1081.423706
4,0.774887,0.160266,1680.411011
5,0.789172,0.164493,1796.834106
6,0.871549,0.467725,3161.119385
7,0.921211,0.240298,3693.523682
8,0.764130,0.104293,4176.102539
9,0.753943,0.099422,4309.116699
10,0.067923,0.318192,4957.986328
11,0.037505,0.469618,5240.881836
12,0.949538,0.421336,5590.295898
13,0.950550,0.825225,9117.346680
14,0.947613,0.901845,9516.782227
15,0.471581,0.937611,11047.321289
16,0.481740,0.865537,11396.721680
17,0.225172,0.733095,12577.987305
18,0.298578,0.773886,13226.854492
19,0.371368,0.897713,13626.174805
20,0.368840,0.875923,13792.526367
21,0.213814,0.918861,14042.122070
22,0.832487,0.162505,15339.816406
23,0.816288,0.159698,15439.664062
24,0.366362,0.914144,17203.250000
25,0.247548,0.832230,17436.177734
26,0.246847,0.844094,17552.617188
27,0.234735,0.857514,17635.800781
28,0.265088,0.859096,17752.273438
29,0.494859,0.360533,18417.775391
30,0.488787,0.292824,18584.181641
31,0.605476,0.405535,19199.746094
32,0.895289,0.059093,19865.242188
33,0.922703,0.050708,20064.900391
34,0.917436,0.046467,20264.562500
35,0.358225,0.404582,21046.521484
36,0.309717,0.334913,21246.169922
37,0.319221,0.244648,21545.679688
38,0.272300,0.491995,21895.039062
39,0.284682,0.790853,22660.359375
40,0.942914,0.429900,24274.208984
41,0.900920,0.537241,24557.052734
42,0.903739,0.543683,24789.976562
43,0.938757,0.615111,24972.982422
0,0.766989,0.558193,415.906219
1,0.799924,0.487885,582.315369
2,0.750853,0.455453,998.278503
3,0.788918,0.398302,1231.148926
4,0.791523,0.368473,1380.938965
5,0.845079,0.473602,1697.021606
6,0.872614,0.539160,2129.603271
7,0.902708,0.528866,2345.930908
8,0.909368,0.492789,2994.727783
9,0.881871,0.509567,3460.653320
10,0.882547,0.522378,3643.633057
11,0.884076,0.510742,3743.506104
12,0.883337,0.319553,4092.870361
13,0.879343,0.289286,4309.229492
14,0.835250,0.253120,4641.843262
15,0.952992,0.259121,4858.154297
16,0.955285,0.218289,5041.241211
17,0.969418,0.165512,5240.853027
18,0.983971,0.124597,5407.241211
19,0.747906,0.251969,6172.587402
20,0.745553,0.240738,6305.692383
21,0.667752,0.383318,6904.556641
22,0.650914,0.412951,7087.648438
23,0.582194,0.492228,7736.441895
24,0.578805,0.537251,7936.101074
25,0.582732,0.533422,8052.645996
26,0.618592,0.621860,8252.310547
27,0.554455,0.652449,8435.276367
28,0.526900,0.657589,8634.914062
29,0.498217,0.518069,9000.992188
30,0.522240,0.442814,9167.383789
31,0.541376,0.383105,9333.715820
32,0.538481,0.395163,9450.165039
33,0.569713,0.388591,9766.236328
34,0.594796,0.399870,10165.567383
35,0.601897,0.380991,10465.068359
36,0.597769,0.385347,10747.909180
37,0.600691,0.381551,11014.101562
38,0.600637,0.332393,11413.411133
39,0.586315,0.466516,11696.210938
40,0.579620,0.511082,11895.868164
41,0.538818,0.506454,12078.902344
42,0.496741,0.482169,12278.619141
43,0.462887,0.459647,12444.883789
44,0.469889,0.457410,12544.797852
45,0.463593,0.425325,12677.937500
46,0.426791,0.415728,12927.407227
47,0.357024,0.447521,13326.760742
48,0.345222,0.393741,13559.631836
49,0.301693,0.508844,13809.225586
50,0.322144,0.539880,14075.366211
51,0.373661,0.556708,14308.357422
52,0.335337,0.554675,14541.258789
53,0.305004,0.542411,14940.666992
54,0.307953,0.494319,15106.947266
55,0.307771,0.463615,15289.964844
56,0.297006,0.421694,15473.033203
57,0.294209,0.354909,15655.987305
58,0.285628,0.288643,15822.335938
59,0.276974,0.258579,16038.664062
60,0.161700,0.543196,16803.966797
61,0.094749,0.499752,17386.343750
62,0.115725,0.456452,17852.175781
63,0.119367,0.481742,18168.255859
64,0.138972,0.501937,18550.884766
65,0.142546,0.488356,18684.003906
66,0.330438,0.508513,19349.498047
67,0.362243,0.559091,19532.544922
68,0.341734,0.579869,19698.923828
69,0.292489,0.785022,20281.226562
70,0.252552,0.800182,20647.269531
71,0.249313,0.809627,20763.679688
72,0.258177,0.777388,21578.968750
73,0.335268,0.299164,22161.287109
74,0.357132,0.243925,22310.990234
75,0.333355,0.293562,22577.203125
76,0.368352,0.320001,22727.023438
77,0.383729,0.258223,22976.478516
78,0.460465,0.304219,23292.662109
79,0.484316,0.320140,23458.988281
80,0.467001,0.343868,23691.957031
81,0.469367,0.459903,23891.642578
82,0.467208,0.512624,24074.611328
83,0.519348,0.567905,24523.773438
0,0.732968,0.623038,266.127197
1,0.738370,0.532671,432.605530
2,0.689817,0.398486,665.487976
3,0.663007,0.398229,898.397034
4,0.610705,0.388802,1181.247437
5,0.579157,0.403588,1414.128906
6,0.521797,0.511253,1846.802124
7,0.570499,0.530788,2046.388184
8,0.588894,0.480171,2262.684082
9,0.784388,0.432136,3028.080811
10,0.799285,0.373556,3244.256104
11,0.803472,0.309422,3676.869629
12,0.826344,0.280493,3809.987305
13,0.775533,0.235514,4209.301758
14,0.804817,0.277687,4458.864746
15,0.819125,0.395506,4675.168457
16,0.879467,0.580272,5157.622070
17,0.918756,0.561949,5340.646973
18,0.050327,0.487695,5939.612305
19,0.063360,0.516963,6405.480957
20,0.060797,0.545403,6638.337891
21,0.997035,0.542071,6887.943359
22,0.976226,0.314608,7553.444336
23,0.044259,0.433016,8102.468750
24,0.304176,0.551786,9500.013672
25,0.315660,0.473148,9666.377930
26,0.310838,0.435564,9999.112305
27,0.364568,0.479230,10365.179688
28,0.347047,0.540750,10598.116211
29,0.379005,0.567089,10847.660156
30,0.376757,0.519002,11230.324219
31,0.358377,0.507472,11446.590820
32,0.293747,0.542182,11895.878906
33,0.260308,0.541371,12195.309570
34,0.243362,0.584293,12478.109375
35,0.193866,0.584864,12777.649414
36,0.124888,0.557005,13310.042969
37,0.130751,0.549588,13443.142578
38,0.119445,0.519474,13692.658203
39,0.108514,0.495705,13992.259766
40,0.088408,0.504015,14208.536133
41,0.060230,0.481810,14441.462891
42,0.066744,0.454042,14790.745117
43,0.090937,0.477446,15206.759766
44,0.081140,0.496600,15522.800781
45,0.080986,0.509001,15922.137695
46,0.047313,0.395463,16254.879883
47,0.033274,0.348565,16504.421875
48,0.858001,0.515284,17735.673828
49,0.866716,0.497474,17885.394531
50,0.875334,0.491015,18201.568359
51,0.781023,0.528457,18667.351562
52,0.642219,0.459803,19332.820312
53,0.595175,0.454998,19565.789062
54,0.591503,0.432246,19831.980469
55,0.579555,0.453647,20064.970703
56,0.590889,0.495085,20264.507812
57,0.678853,0.403833,20497.464844
58,0.674972,0.405960,20597.328125
59,0.604963,0.574773,21113.062500
60,0.578011,0.560832,21345.986328
61,0.569312,0.531251,21595.613281
62,0.580036,0.488996,21878.361328
63,0.632647,0.591650,22360.875000
64,0.613704,0.625937,22560.580078
65,0.634505,0.651244,22826.732422
66,0.614614,0.611374,23076.277344
67,0.620008,0.622183,23525.544922
68,0.600151,0.597637,23775.154297
69,0.537385,0.513817,24041.238281
70,0.578966,0.429621,24357.347656
71,0.590317,0.406782,24557.058594
0,0.730614,0.455320,366.070007
1,0.695158,0.427854,532.392334
2,0.750249,0.354944,965.046204
3,0.776815,0.313134,1164.733765
4,0.759004,0.294972,1364.278442
5,0.794054,0.266913,1563.940796
6,0.739631,0.269936,1929.981812
7,0.742821,0.244269,2212.806641
8,0.810159,0.251652,2479.117920
9,0.856212,0.261972,2628.797852
10,0.909589,0.252629,2795.147217
11,0.917107,0.195523,2994.826172
12,0.946732,0.116505,3244.310059
13,0.932796,0.153683,3460.616943
14,0.951783,0.237438,3627.056885
15,0.949557,0.291218,3843.318115
16,0.898194,0.504715,4275.959473
17,0.892657,0.499084,4442.292969
18,0.891306,0.522462,4641.937012
19,0.828329,0.523247,5007.964355
20,0.634254,0.441327,5690.156738
21,0.567646,0.493505,5972.990723
22,0.654518,0.423630,6189.247559
23,0.647562,0.420082,6372.270508
24,0.651293,0.402166,6688.330078
25,0.596257,0.229603,7087.667480
26,0.564927,0.153680,7254.064941
27,0.546524,0.113882,7420.350586
28,0.378106,0.390651,8518.521484
29,0.337052,0.446748,8684.823242
30,0.317838,0.484032,8917.763672
31,0.362822,0.524827,9150.697266
32,0.305806,0.505516,9466.773438
33,0.295603,0.506173,9616.553711
34,0.313025,0.461248,9782.902344
35,0.310972,0.382614,9932.720703
36,0.301358,0.364391,10065.769531
37,0.363316,0.327058,10332.038086
38,0.362145,0.462606,10681.333984
39,0.321307,0.509166,10964.155273
40,0.428272,0.524961,11213.744141
41,0.472362,0.535283,11396.788086
42,0.533379,0.523511,11895.906250
43,0.445250,0.625755,12195.377930
44,0.400997,0.696164,12528.088867
45,0.385752,0.638135,12761.066406
46,0.345724,0.555573,12927.455078
47,0.339078,0.522526,13110.409180
48,0.341096,0.503946,13226.934570
49,0.345022,0.500043,13459.813477
50,0.254288,0.573340,13742.683594
51,0.240269,0.707099,14125.297852
52,0.323284,0.817484,14474.797852
53,0.366798,0.823473,14790.797852
54,0.406559,0.829882,15007.097656
55,0.445332,0.846471,15206.788086
56,0.432100,0.818592,15472.976562
57,0.425005,0.802443,15739.144531
58,0.403752,0.764064,15972.081055
59,0.370392,0.722010,16271.574219
60,0.342787,0.561153,16587.755859
61,0.308301,0.542296,16803.964844
62,0.276031,0.525791,16987.070312
63,0.219193,0.548036,17186.742188
64,0.161774,0.580110,17419.570312
65,0.142933,0.600680,17602.630859
66,0.132143,0.609054,17852.146484
67,0.127399,0.626856,18018.498047
68,0.128273,0.644231,18268.111328
69,0.195031,0.601150,18484.351562
70,0.084562,0.513195,18983.527344
71,0.072370,0.552715,19316.218750
72,0.007020,0.541581,19649.031250
73,0.995888,0.491092,19832.025391
74,0.041918,0.369823,20148.113281
75,0.047964,0.350557,20314.500000
76,0.113852,0.491108,20580.718750
77,0.149926,0.503345,20896.837891
78,0.174549,0.490940,21146.396484
79,0.133053,0.479501,21445.847656
80,0.122996,0.474608,21662.169922
81,0.213841,0.456607,22144.744141
82,0.243441,0.428877,22444.117188
83,0.258208,0.451894,22810.138672
84,0.265516,0.454738,22976.490234
85,0.262361,0.402205,23176.203125
86,0.237728,0.372190,23375.906250
87,0.232180,0.358041,23592.117188
88,0.256034,0.370328,24024.791016
89,0.260566,0.399593,24274.289062
0,0.762123,0.602538,1763.615234
1,0.685106,0.393714,2013.186279
2,0.803019,0.386870,2612.160645
3,0.800349,0.432163,3477.293945
4,0.798784,0.448645,3876.589600
5,0.803832,0.438054,4192.774414
6,0.803964,0.402077,4908.179688
7,0.924770,0.448570,5373.974121
8,0.923828,0.442807,5523.725098
9,0.917001,0.412408,5673.457031
10,0.993625,0.470990,6106.001465
11,0.991834,0.468587,6255.766113
12,0.974176,0.453267,6538.646973
13,0.887199,0.534245,6937.879883
14,0.890230,0.537494,7969.475586
15,0.885886,0.551258,10681.397461
16,0.654561,0.420221,11662.979492
17,0.568719,0.440412,11979.125000
18,0.521167,0.436157,12395.072266
19,0.360053,0.407451,13310.130859
20,0.492505,0.342641,13958.985352
21,0.529227,0.357906,14408.195312
22,0.635948,0.407239,15456.326172
23,0.929409,0.488873,16338.219727
24,0.925290,0.483709,16471.291016
25,0.256174,0.461669,18301.394531
26,0.248707,0.266256,18767.273438
27,0.962228,0.503669,19765.505859
28,0.884207,0.564352,20347.802734
29,0.862241,0.642773,20580.771484
30,0.871856,0.661177,20697.187500
31,0.949401,0.813026,21579.017578
32,0.909000,0.860259,21861.843750
33,0.825614,0.893536,22177.978516
34,0.961702,0.811080,22593.955078
35,0.956153,0.739354,22893.361328
36,0.957340,0.763623,23342.634766
37,0.895515,0.804809,23658.722656
38,0.837306,0.822757,24157.779297
39,0.974751,0.715109,24623.691406
40,0.969014,0.695988,24806.736328
0,0.703587,0.424135,415.841370
1,0.698961,0.286923,865.078857
2,0.642694,0.283156,2295.927490
3,0.697191,0.294631,2811.712402
4,0.680884,0.283015,3177.703613
5,0.679110,0.296612,3277.619385
6,0.710522,0.293944,3427.301758
7,0.827310,0.361106,3693.534668
8,0.841885,0.422335,3992.975830
9,0.913462,0.463268,4425.527344
10,0.907816,0.455133,4608.563965
11,0.902693,0.462034,4808.151855
12,0.887326,0.517305,4957.996094
13,0.957244,0.427717,5357.264160
14,0.957303,0.410103,5606.808105
15,0.034339,0.459032,5922.894531
16,0.030930,0.468467,6072.685547
17,0.055874,0.303216,6571.785156
18,0.065359,0.276622,6804.664062
19,0.059485,0.271343,6937.777832
20,0.153067,0.472772,7387.043945
21,0.139544,0.470253,7836.281250
22,0.130606,0.474861,8085.828613
23,0.122418,0.470734,8451.899414
24,0.227371,0.446722,8701.354492
25,0.221524,0.454985,9050.833984
26,0.325403,0.455354,9433.505859
27,0.289428,0.508763,10015.783203
28,0.263262,0.816315,10481.626953
29,0.263067,0.862200,10714.496094
30,0.265303,0.817083,10914.193359
31,0.259391,0.827419,11180.425781
32,0.172648,0.737216,11363.374023
33,0.138487,0.676785,11662.887695
34,0.096393,0.626738,12028.921875
35,0.012461,0.542426,12461.452148
36,0.999423,0.457068,12677.766602
37,0.945365,0.343263,13260.170898
38,0.882743,0.382906,13509.623047
39,0.859576,0.403238,13792.543945
40,0.924576,0.390785,14075.328125
41,0.799647,0.464373,14408.071289
42,0.669328,0.369445,14990.382812
43,0.667189,0.405027,15106.837891
44,0.676067,0.382243,15273.237305
45,0.707671,0.351816,15589.337891
46,0.535978,0.487580,17619.125000
47,0.472712,0.599653,18018.441406
48,0.477098,0.564494,18251.359375
49,0.478551,0.546460,18367.802734
50,0.393403,0.563979,18550.822266
51,0.397789,0.548135,18683.908203
52,0.335489,0.537087,19232.957031
53,0.341211,0.526115,19449.255859
54,0.307676,0.608350,19831.914062
55,0.308285,0.602906,19965.027344
56,0.276666,0.348278,20314.419922
57,0.301664,0.208225,20514.054688
58,0.248558,0.200951,20863.480469
59,0.272162,0.419330,21395.841797
60,0.278716,0.551007,21662.033203
61,0.279683,0.533236,22061.373047
62,0.233323,0.529360,22444.054688
63,0.197757,0.541722,22593.744141
64,0.191630,0.511088,22776.787109
65,0.124892,0.539267,23259.259766
66,0.122719,0.519848,23691.837891
67,0.124103,0.511394,23791.667969
68,0.116152,0.524293,24124.417969
69,0.066716,0.491665,24373.974609
70,0.058332,0.427571,24789.908203
71,0.059248,0.414747,24972.933594
0,0.867640,0.599095,16.656664
1,0.744998,0.553244,349.415405
2,0.795937,0.444804,715.481873
3,0.707494,0.319339,1247.909180
4,0.808241,0.256903,1597.185791
5,0.853765,0.431521,1963.250244
6,0.879070,0.537705,2212.785645
7,0.873731,0.644855,2495.665527
8,0.917326,0.709809,2978.167969
9,0.947096,0.759916,3510.528809
10,0.006242,0.587689,3909.925049
11,0.024326,0.436825,4176.056152
12,0.101007,0.415082,4824.906738
13,0.093311,0.417823,5041.156250
14,0.107620,0.445859,5290.776855
15,0.123925,0.561410,5839.792480
16,0.129645,0.670395,6089.371582
17,0.137928,0.459980,6588.457520
18,0.079058,0.395527,6854.664062
19,0.066066,0.386529,7337.214844
20,0.142678,0.475546,7769.763672
21,0.191552,0.540648,8085.893066
22,0.186680,0.541138,8235.669922
23,0.261223,0.545808,8601.607422
24,0.314625,0.450685,8867.814453
25,0.318575,0.327319,9134.038086
26,0.306038,0.223144,9466.786133
27,0.371105,0.238272,9782.933594
28,0.389024,0.552046,10398.533203
29,0.382851,0.700782,11130.582031
30,0.384968,0.693217,11346.812500
31,0.396542,0.745439,11579.732422
32,0.408131,0.832545,11945.857422
33,0.379517,0.849135,12095.503906
34,0.404401,0.913611,12544.750977
35,0.508627,0.939939,12993.993164
36,0.558217,0.957149,13210.241211
37,0.251511,0.750693,13626.212891
38,0.309849,0.315657,14757.596680
39,0.427760,0.400392,15190.140625
40,0.470394,0.488802,15456.367188
41,0.560503,0.490648,16005.377930
42,0.556236,0.491636,16155.137695
43,0.630040,0.459313,16587.648438
44,0.617152,0.494300,16770.705078
45,0.667649,0.384450,17186.615234
46,0.569039,0.518887,17585.921875
47,0.574492,0.522571,17685.781250
48,0.495142,0.550284,17985.324219
49,0.504931,0.553465,18134.943359
50,0.502943,0.564050,18417.865234
51,0.415193,0.561607,19399.431641
52,0.397550,0.465986,19582.525391
53,0.399421,0.506050,20065.021484
54,0.461915,0.467519,20447.615234
55,0.667793,0.431051,21212.947266
56,0.679008,0.367052,21529.046875
57,0.713008,0.352124,21828.511719
58,0.774125,0.496098,22261.160156
59,0.812471,0.519952,22560.595703
60,0.811936,0.525591,22660.435547
61,0.874825,0.518983,23059.777344
62,0.791278,0.518688,23575.453125
63,0.797497,0.506332,24357.417969
64,0.852217,0.521482,24723.439453
0,0.741699,0.484150,166.367188
1,0.702870,0.430593,399.317352
2,0.670703,0.397159,582.375793
3,0.658457,0.387214,998.353027
4,0.649081,0.389177,1281.204590
5,0.675377,0.377917,1697.065674
6,0.683254,0.394423,2113.036865
7,0.673461,0.373759,2528.910156
8,0.699077,0.347874,2811.815186
9,0.819794,0.266750,3211.127686
10,0.753887,0.245112,3527.169434
11,0.713992,0.239221,3676.899414
12,0.714314,0.211573,3893.232910
13,0.793532,0.239637,4209.345215
14,0.797112,0.253362,4442.244141
15,0.942502,0.081085,5091.103027
16,0.975573,0.144856,5457.149414
17,0.923826,0.127882,5756.633789
18,0.877877,0.173150,6056.127930
19,0.924912,0.171559,6521.936035
20,0.978885,0.390968,7087.658691
21,0.959008,0.481894,7237.396973
22,0.936656,0.518137,7503.584961
23,0.932358,0.508724,7620.009766
24,0.891838,0.533385,7836.332520
25,0.650432,0.425500,9483.459961
26,0.512814,0.442697,9965.906250
27,0.464747,0.438538,10165.569336
28,0.474655,0.433378,10298.672852
29,0.438441,0.409813,10598.135742
30,0.378591,0.349572,10964.166016
31,0.384951,0.339320,11047.379883
32,0.822307,0.904813,12095.619141
33,0.033514,0.322144,12994.056641
34,0.046862,0.339864,13243.541016
35,0.088277,0.421858,13493.075195
36,0.109297,0.443332,13809.226562
37,0.126236,0.393337,14158.622070
38,0.213111,0.361889,14391.542969
39,0.247031,0.310834,14607.827148
40,0.286195,0.277459,14874.022461
41,0.308692,0.281380,15007.105469
42,0.344805,0.288586,15489.600586
43,0.351965,0.315534,16055.275391
44,0.334950,0.343393,16254.953125
45,0.327703,0.348722,16687.496094
46,0.332144,0.351694,17086.835938
47,0.350883,0.324516,17369.642578
48,0.365570,0.308754,17635.853516
49,0.407556,0.293699,17902.056641
50,0.443800,0.410744,18351.273438
51,0.434198,0.453636,18600.833984
52,0.396880,0.493402,18867.035156
53,0.376842,0.505169,19216.453125
54,0.339132,0.503573,19632.376953
55,0.332939,0.533656,19965.117188
56,0.313405,0.504779,20331.150391
57,0.345268,0.418858,20580.707031
58,0.346120,0.409826,20796.986328
59,0.329294,0.415846,21096.507812
60,0.309873,0.404859,21445.861328
61,0.295012,0.424491,21645.509766
62,0.289928,0.452018,22194.552734
63,0.290287,0.444473,22311.000000
64,0.295651,0.483883,22460.751953
65,0.279746,0.530230,22660.408203
66,0.255391,0.533329,23026.451172
67,0.264044,0.410333,23642.019531
68,0.275984,0.367882,24423.978516
69,0.319006,0.306207,24656.947266
0,0.760163,0.619123,83.246597
1,0.705227,0.419221,582.362000
2,0.667209,0.389760,881.773682
3,0.647621,0.394063,1048.164062
4,0.698173,0.392692,1397.687988
5,0.733778,0.400022,1746.924194
6,0.796540,0.348611,1963.216187
7,0.821993,0.284726,2262.740479
8,0.049075,0.406199,3061.357422
9,0.137417,0.428688,3493.871094
10,0.133884,0.433938,3593.764648
11,0.081343,0.422161,3809.973145
12,0.040264,0.390312,4092.875244
13,0.179025,0.415900,4442.253418
14,0.182502,0.436837,4575.363281
15,0.225043,0.396417,4891.496582
16,0.256917,0.396072,5140.987793
17,0.290076,0.397547,5390.603027
18,0.315792,0.396891,5673.406250
19,0.666928,0.414294,7154.183594
20,0.666573,0.405355,7337.157227
21,0.610283,0.416064,7503.547852
22,0.553835,0.450226,7703.189453
23,0.556916,0.445716,7803.070801
24,0.499815,0.449237,8035.981934
25,0.463413,0.414871,8252.293945
26,0.499007,0.406260,8634.931641
27,0.509677,0.658988,9067.572266
28,0.531627,0.907685,9766.236328
29,0.593775,0.801110,10348.651367
30,0.624996,0.721711,10731.253906
31,0.655176,0.649057,10947.587891
32,0.661065,0.593246,11313.583984
33,0.689980,0.527019,11496.583008
34,0.752980,0.492744,12095.617188
35,0.738567,0.564806,12345.122070
36,0.858814,0.530237,12727.791016
37,0.880667,0.511379,12944.034180
38,0.860840,0.529262,13493.161133
39,0.821722,0.488688,13759.310547
40,0.555971,0.435331,14691.065430
41,0.476701,0.394567,15240.053711
42,0.449481,0.359728,15472.978516
43,0.382766,0.376816,15706.001953
44,0.387143,0.377014,15805.725586
45,0.336805,0.465584,16105.205078
46,0.327580,0.495560,16321.466797
47,0.304841,0.435630,16704.154297
48,0.291793,0.348394,16920.449219
49,0.224297,0.344812,17369.640625
50,0.211960,0.399773,17586.025391
51,0.238533,0.449977,17885.398438
52,0.289857,0.479374,18118.396484
53,0.324961,0.418939,18434.523438
54,0.314360,0.339264,18667.451172
55,0.370306,0.333966,19133.292969
56,0.437795,0.371954,19881.945312
57,0.469890,0.393919,20064.980469
58,0.347979,0.520984,20680.583984
59,0.352385,0.497945,21096.484375
60,0.391342,0.378754,21628.906250
61,0.445360,0.340914,21828.525391
62,0.483556,0.348292,22061.501953
63,0.540083,0.417514,22394.238281
64,0.568312,0.411984,22543.916016
65,0.608973,0.395269,22776.853516
66,0.579438,0.394315,23259.376953
67,0.675051,0.406507,23808.492188
68,0.620621,0.388783,24224.416016
69,0.643265,0.353397,24507.175781
70,0.691186,0.304311,24723.562500
71,0.607187,0.223124,24939.728516
0,0.739041,0.472292,366.089355
1,0.686718,0.417447,532.450378
2,0.806744,0.492150,831.883484
3,0.850978,0.483161,1181.282471
4,0.918196,0.500136,1497.438232
5,0.963372,0.491160,1830.093140
6,0.972363,0.363261,2212.808594
7,0.973010,0.302879,2395.788330
8,0.845655,0.295812,2678.618896
9,0.666125,0.405703,3377.404053
10,0.520785,0.467252,3926.467773
11,0.445853,0.472358,4192.703125
12,0.380040,0.500650,4525.469238
13,0.353371,0.485551,4691.813965
14,0.311351,0.492934,4958.000488
15,0.280117,0.518583,5290.774414
16,0.291333,0.410855,5540.325684
17,0.349821,0.395345,5756.615723
18,0.254781,0.399675,6006.243164
19,0.181671,0.504662,6205.917969
20,0.189115,0.511924,6338.891602
21,0.524883,0.429780,7470.255859
22,0.922951,0.525947,8784.652344
23,0.951478,0.524567,9034.246094
24,0.945473,0.518250,9183.950195
25,0.004895,0.577745,9616.482422
26,0.008679,0.556112,9816.135742
27,0.056991,0.411827,10631.379883
28,0.100609,0.520677,11180.470703
29,0.872554,0.497732,11962.395508
30,0.879564,0.497490,12162.052734
31,0.869190,0.505824,12428.236328
32,0.815453,0.474907,12744.411133
33,0.776241,0.512279,12993.924805
34,0.695675,0.407538,13359.976562
35,0.666315,0.401751,13676.122070
36,0.677546,0.410835,13909.024414
37,0.682939,0.410039,14125.281250
38,0.650103,0.421937,14291.714844
39,0.727220,0.444944,14524.602539
40,0.633093,0.530838,14973.857422
41,0.593484,0.493065,15206.809570
42,0.609632,0.634420,15423.105469
43,0.823902,0.495043,16271.585938
44,0.821722,0.483078,16354.764648
45,0.835902,0.463781,16587.693359
46,0.893997,0.526977,17153.375000
47,0.832106,0.223569,18900.324219
48,0.800283,0.227975,19133.265625
49,0.884311,0.599111,20015.029297
50,0.085752,0.703628,20547.443359
51,0.089828,0.607380,20813.597656
52,0.029964,0.493184,21229.531250
53,0.966352,0.454589,21412.585938
54,0.960284,0.452424,21512.406250
55,0.923472,0.457896,21712.078125
56,0.876151,0.498968,22161.292969
57,0.875464,0.492239,22444.091797
58,0.879768,0.505638,22710.310547
59,0.879607,0.523975,22793.494141
60,0.888898,0.508642,23026.421875
61,0.879294,0.522983,23791.769531
62,0.893199,0.514821,24191.023438
0,0.699664,0.434604,382.655212
1,0.821992,0.514998,698.747620
2,0.865715,0.515591,998.200378
3,0.889400,0.476668,1563.867065
4,0.742306,0.277999,2329.260010
5,0.776220,0.279671,2695.219727
6,0.743413,0.236978,3194.380859
7,0.686254,0.268557,3477.245117
8,0.672055,0.385022,3726.744141
9,0.587078,0.478955,4076.254395
10,0.591279,0.469326,4209.293457
11,0.578981,0.440481,4358.989258
12,0.592248,0.403597,4591.984375
13,0.585262,0.292675,4874.791504
14,0.545121,0.150692,5190.855469
15,0.545649,0.121307,5407.179688
16,0.553635,0.102290,5573.574219
17,0.594591,0.168454,6305.635254
18,0.620035,0.371919,6621.751465
19,0.605474,0.487057,6971.146973
20,0.665456,0.402068,7420.329590
21,0.654173,0.412552,7736.425293
22,0.627954,0.424209,7919.457031
23,0.599427,0.435595,8235.659180
24,0.441131,0.470659,8901.090820
25,0.399744,0.453185,9067.419922
26,0.401836,0.437775,9333.654297
27,0.357175,0.470078,9500.012695
28,0.359091,0.453093,9716.375977
29,0.380823,0.524866,9949.217773
30,0.323000,0.492689,11213.690430
31,0.296840,0.458026,11463.314453
32,0.270346,0.413924,11979.040039
33,0.259265,0.504762,12561.319336
34,0.227545,0.549832,13110.362305
35,0.235005,0.533217,13326.667969
36,0.269889,0.337919,14175.154297
37,0.336425,0.326598,15622.668945
38,0.380651,0.348917,17303.070312
39,0.375183,0.357623,17802.169922
40,0.432475,0.378739,18900.259766
41,0.539633,0.438641,20697.212891
42,0.613130,0.426372,21695.396484
0,0.758861,0.578292,232.953644
1,0.783944,0.566648,382.633087
2,0.799905,0.538641,615.593506
3,0.803682,0.552964,765.362122
4,0.835722,0.557534,931.714355
5,0.882114,0.517519,1231.187378
6,0.895221,0.488122,1580.635620
7,0.897996,0.491018,1730.276978
8,0.939314,0.492634,1979.915405
9,0.965186,0.463690,2229.442383
10,0.008668,0.498833,2545.552734
11,0.052984,0.507025,2828.430908
12,0.084138,0.508067,3227.702637
13,0.121271,0.498559,3444.008057
14,0.132031,0.582211,3660.249023
15,0.155576,0.521722,3893.178223
16,0.236124,0.487499,4442.206543
17,0.285765,0.469459,4841.571777
18,0.382926,0.495990,5473.784668
19,0.387162,0.482068,5557.037598
20,0.393731,0.488707,5690.076172
21,0.419731,0.437326,5873.145996
22,0.369862,0.324163,6388.862305
23,0.438609,0.373514,6954.562500
24,0.485871,0.440885,7287.332031
25,0.515830,0.467439,7803.035645
26,0.547663,0.477188,8119.123047
27,0.585570,0.474276,8568.340820
28,0.611376,0.429231,8884.502930
29,0.592049,0.443541,9300.464844
30,0.521167,0.563029,9466.820312
31,0.486590,0.627657,10049.159180
32,0.416741,0.802789,10797.772461
33,0.376198,0.851210,10980.844727
34,0.463354,0.899747,11296.959961
35,0.508939,0.889453,11496.551758
36,0.001457,0.624359,13127.060547
37,0.925705,0.614204,13526.448242
38,0.946395,0.579552,13842.491211
39,0.913653,0.528982,14158.584961
40,0.005608,0.267365,15223.423828
41,0.977016,0.155453,15689.292969
42,0.989653,0.123435,15955.456055
43,0.806568,0.240861,16371.391602
44,0.779124,0.263135,16521.134766
45,0.797686,0.246265,16670.839844
46,0.745225,0.230188,16953.755859
47,0.717884,0.240265,17203.306641
48,0.729744,0.218164,17502.808594
49,0.731465,0.238119,17635.880859
50,0.750155,0.318129,17818.832031
51,0.744476,0.272038,17968.630859
52,0.770725,0.322513,18800.503906
53,0.733825,0.277309,19116.615234
54,0.710585,0.279702,19465.951172
55,0.645049,0.389685,20031.740234
56,0.667756,0.402026,20364.439453
57,0.619489,0.385008,20564.099609
58,0.631561,0.432952,21096.484375
59,0.600652,0.470705,21229.580078
60,0.605769,0.487515,21362.662109
61,0.558352,0.504890,21895.041016
62,0.593806,0.438390,22227.849609
63,0.616025,0.439680,22544.000000
64,0.658214,0.476452,23342.521484
65,0.664201,0.488188,23475.664062
66,0.613483,0.456003,23858.341797
67,0.597983,0.397034,24324.140625
0,0.775745,0.400987,449.200623
1,0.725098,0.272746,1181.174927
2,0.700904,0.379360,3027.923828
3,0.674023,0.349086,3327.484619
4,0.860456,0.417923,4059.528076
5,0.900386,0.493562,4242.509277
6,0.900617,0.506793,4392.202637
7,0.898559,0.537310,4675.066895
8,0.953261,0.415185,5723.205566
9,0.855808,0.257144,5972.807129
10,0.969092,0.320306,6954.383301
11,0.141755,0.506133,7753.026855
12,0.190443,0.539125,8102.412598
13,0.200263,0.545803,8302.113281
14,0.355346,0.530496,8884.389648
15,0.403641,0.511457,9133.919922
16,0.330086,0.240513,10281.923828
17,0.284545,0.167948,10564.801758
18,0.391113,0.244265,10831.057617
19,0.427891,0.310162,11163.736328
20,0.404127,0.485151,11463.261719
21,0.404130,0.472236,11612.973633
22,0.075257,0.492418,12910.683594
23,0.078437,0.483410,13027.116211
24,0.076328,0.468502,13210.166016
25,0.002066,0.386241,13492.998047
26,0.001229,0.332685,13709.291992
27,0.008002,0.314375,13842.357422
28,0.875642,0.517347,14441.306641
29,0.891355,0.480420,14757.501953
30,0.819832,0.444858,15123.541992
31,0.913792,0.202666,15788.966797
32,0.129848,0.454546,17968.519531
33,0.154892,0.424133,18168.164062
34,0.186067,0.420603,18367.837891
35,0.407100,0.431883,19565.712891
36,0.413134,0.424596,19715.517578
37,0.441316,0.433186,19981.625000
38,0.354321,0.212373,21345.919922
39,0.364476,0.202275,21528.949219
40,0.349524,0.197679,21711.939453
41,0.395078,0.354624,22077.960938
42,0.381030,0.345633,22310.964844
43,0.401219,0.334552,22510.619141
44,0.309365,0.510311,22826.683594
45,0.303709,0.517079,22959.767578
46,0.332353,0.487046,23126.150391
47,0.325066,0.468102,23575.333984
48,0.258371,0.283597,24057.880859
0,0.795397,0.500397,116.459190
1,0.775662,0.459990,349.458618
2,0.710861,0.322596,648.835388
3,0.678279,0.285294,865.139465
4,0.642271,0.293169,1014.881958
5,0.700341,0.299005,1364.258423
6,0.650109,0.313476,1846.725586
7,0.575535,0.347723,2046.395630
8,0.273961,0.022354,3260.922119
9,0.557295,0.491630,4026.366211
10,0.490056,0.523844,4275.819824
11,0.491220,0.498958,4625.226562
12,0.456260,0.485264,4808.268066
13,0.423551,0.543013,5107.726074
14,0.571556,0.397047,5556.941406
15,0.609140,0.388375,5739.923828
16,0.610241,0.390406,5823.181641
17,0.605426,0.370788,5956.282227
18,0.696653,0.348341,6205.777832
19,0.881711,0.473925,7187.413086
20,0.890814,0.516955,7403.712402
21,0.970566,0.249544,7852.918945
22,0.972693,0.794221,8501.770508
23,0.958395,0.890672,8751.339844
24,0.896919,0.942140,8917.705078
25,0.061600,0.531567,9533.301758
26,0.095197,0.474856,9732.977539
27,0.118025,0.455152,9932.626953
28,0.168046,0.484320,10215.448242
29,0.200172,0.449380,10514.936523
30,0.237299,0.469743,10947.497070
31,0.299491,0.394092,11380.098633
32,0.315913,0.251497,11762.751953
33,0.365460,0.306959,12112.163086
34,0.342041,0.466273,12494.799805
35,0.322176,0.529022,12694.441406
36,0.368863,0.545150,12993.919922
37,0.430619,0.448438,13326.682617
38,0.411195,0.369512,13542.975586
39,0.465387,0.457694,13792.526367
40,0.470531,0.237611,14358.215820
41,0.495215,0.202519,14757.495117
42,0.458392,0.250149,15373.133789
43,0.464757,0.243421,15689.235352
44,0.451161,0.382146,15938.797852
45,0.447644,0.473003,16204.985352
46,0.440190,0.553087,16604.281250
47,0.465977,0.533095,16953.673828
48,0.530870,0.480881,17303.066406
49,0.550477,0.456356,17519.337891
50,0.557708,0.395901,17885.367188
51,0.559297,0.342906,18068.396484
52,0.265327,0.228692,18550.867188
53,0.263319,0.199413,18667.369141
54,0.279698,0.204175,19116.546875
55,0.290642,0.204747,19233.015625
56,0.358563,0.297957,19432.666016
57,0.228472,0.331405,19782.068359
58,0.180477,0.356260,20064.898438
59,0.222832,0.320677,20331.123047
60,0.246724,0.253811,20497.476562
61,0.106670,0.431293,21146.345703
62,0.051753,0.453262,21329.359375
63,0.024968,0.334618,21678.734375
64,0.978354,0.485010,22144.589844
65,0.967315,0.487020,22360.892578
66,0.989384,0.545837,22693.638672
67,0.917079,0.508554,23292.593750
68,0.941547,0.697643,23775.087891
69,0.922505,0.783660,23974.732422
70,0.901111,0.855113,24191.021484
71,0.920989,0.909601,24407.310547
72,0.917649,0.951826,24573.673828
73,0.902063,0.957716,24673.513672
0,0.756955,0.572355,49.997463
1,0.788757,0.509651,482.517303
2,0.787489,0.466420,765.353882
3,0.690438,0.360484,1314.466187
4,0.813640,0.285844,1697.038086
5,0.832255,0.567680,2528.988037
6,0.832963,0.508247,2712.039551
7,0.824897,0.497989,2845.087646
8,0.900748,0.545200,3111.301270
9,0.869039,0.572305,3427.464600
10,0.858257,0.583649,3760.120117
11,0.877746,0.581779,4059.662109
12,0.954947,0.511124,4325.872559
13,0.973037,0.338593,4658.593750
14,0.985132,0.189938,4891.473633
15,0.999406,0.112916,5157.669434
16,0.045289,0.085394,5556.971191
17,0.014741,0.097619,6022.843750
18,0.902711,0.141157,6305.649902
19,0.843328,0.199955,6455.451660
20,0.789753,0.201488,6638.426758
21,0.723730,0.207237,7104.268066
22,0.704184,0.198401,7470.397461
23,0.803078,0.223431,7919.560059
24,0.689349,0.432384,8318.800781
25,0.665621,0.455342,8751.458984
26,0.706238,0.468751,9017.713867
27,0.655336,0.404849,9300.458008
28,0.636711,0.398013,9450.188477
29,0.582099,0.466658,9716.405273
30,0.645549,0.613573,10165.622070
31,0.631783,0.695239,10431.803711
32,0.697960,0.677767,10764.591797
33,0.693912,0.608712,11163.849609
34,0.665910,0.428803,11413.435547
35,0.665123,0.409310,11513.235352
36,0.615308,0.392700,11696.272461
37,0.562946,0.370303,12045.687500
38,0.532734,0.432246,12378.387695
39,0.537205,0.470447,12544.772461
40,0.550983,0.381513,12827.617188
41,0.456927,0.399470,13143.751953
42,0.446805,0.285431,13426.581055
43,0.457881,0.216719,13809.223633
44,0.622651,0.183519,14241.832031
45,0.747939,0.091297,14624.461914
46,0.343045,0.372103,16155.122070
47,0.352027,0.618588,16654.246094
48,0.335664,0.889314,17436.208984
49,0.395919,0.893432,17635.875000
50,0.324208,0.907848,17885.445312
51,0.246741,0.947666,18151.667969
52,0.249083,0.937127,18251.460938
53,0.157009,0.876947,18501.044922
54,0.225271,0.359558,19133.255859
55,0.275413,0.490623,19366.187500
56,0.292703,0.197447,19948.494141
57,0.299443,0.193607,20114.873047
58,0.346171,0.230274,20447.632812
59,0.192556,0.407989,21163.056641
60,0.220758,0.397409,21512.429688
61,0.017506,0.459691,21978.298828
62,0.995978,0.330537,22194.589844
63,0.010203,0.586617,22543.949219
64,0.007332,0.565054,22693.693359
65,0.113288,0.542595,22926.615234
66,0.102311,0.802513,23841.685547
67,0.147684,0.793145,24191.095703
68,0.170806,0.654368,24557.115234
69,0.167998,0.628443,24773.408203
70,0.175458,0.558910,24973.041016
0,0.776031,0.495982,183.022797
1,0.667178,0.394479,881.858032
2,0.782781,0.221758,1414.211670
3,0.840471,0.268379,1796.959717
4,0.960375,0.116516,2878.393066
5,0.967261,0.341233,3161.132080
6,0.112665,0.470846,3676.911133
7,0.903717,0.467109,4242.675781
8,0.866354,0.504240,4542.080078
9,0.943322,0.470664,4974.729492
10,0.935723,0.593180,5390.675293
11,0.989529,0.478651,5789.947266
12,0.321747,0.359689,6921.289551
13,0.378505,0.391602,7137.567871
14,0.396730,0.470070,7337.281250
15,0.395231,0.469134,7586.776855
16,0.450417,0.367911,7836.302246
17,0.491555,0.311357,8202.349609
18,0.552782,0.464711,8518.503906
19,0.614337,0.474634,8768.023438
20,0.611180,0.485810,8867.880859
21,0.621665,0.425065,9050.918945
22,0.631084,0.354269,9300.414062
23,0.695059,0.441366,9882.779297
24,0.712346,0.438044,10065.797852
25,0.687055,0.381956,10564.934570
26,0.765945,0.263855,11080.653320
27,0.596399,0.172623,11929.164062
28,0.220968,0.730261,13742.648438
29,0.146405,0.829908,14025.583008
30,0.377895,0.424413,16138.513672
31,0.713795,0.401484,17269.835938
32,0.756308,0.276879,17735.779297
33,0.702002,0.385944,18268.115234
34,0.721670,0.385627,18517.679688
35,0.811296,0.492188,19249.701172
36,0.852014,0.529325,19465.976562
37,0.833508,0.502207,19832.031250
38,0.577664,0.433937,20464.250000
39,0.589698,0.457946,20896.876953
40,0.583462,0.366760,21129.787109
41,0.354416,0.331671,22044.841797
42,0.333786,0.292825,22227.832031
43,0.342959,0.281416,22394.199219
44,0.283342,0.815871,23442.427734
0,0.802689,0.463208,382.692657
1,0.808771,0.210725,1197.893677
2,0.948479,0.192987,1697.066284
3,0.974239,0.219059,2229.476318
4,0.977773,0.175393,2478.981934
5,0.242892,0.446366,3693.524658
6,0.286959,0.308714,4076.251221
7,0.305036,0.470325,4425.583496
8,0.910322,0.476509,5407.197266
9,0.882838,0.474312,5606.909180
10,0.581640,0.467573,6904.609375
11,0.490966,0.451087,7387.059570
12,0.455963,0.498666,7620.048828
13,0.373984,0.451021,8169.117676
14,0.340980,0.520590,8585.026367
15,0.313491,0.465922,8751.353516
16,0.288379,0.397879,9017.557617
17,0.280361,0.622600,9350.320312
18,0.414268,0.876154,9965.908203
19,0.934762,0.425901,12511.447266
20,0.101804,0.442039,13093.782227
21,0.131278,0.425989,13343.358398
22,0.162297,0.416118,13626.203125
23,0.165013,0.421103,13759.281250
24,0.192753,0.419710,13992.188477
25,0.226993,0.447193,14291.677734
26,0.266600,0.470296,14691.003906
27,0.290635,0.429473,14923.900391
28,0.300051,0.368891,15289.923828
29,0.273014,0.276938,15772.417969
30,0.081756,0.506621,16920.416016
31,0.050917,0.434003,17120.066406
32,0.019987,0.391214,17369.650391
33,0.914197,0.240075,17968.583984
34,0.909761,0.188070,18334.636719
35,0.862391,0.170242,18617.468750
36,0.953722,0.120885,18783.828125
37,0.014172,0.085839,18983.494141
38,0.038442,0.035536,19183.140625
39,0.910895,0.045162,19532.529297
40,0.979952,0.051076,19648.982422
41,0.073321,0.156589,20381.042969
42,0.224692,0.271792,20780.363281
43,0.220435,0.390752,21279.515625
44,0.218836,0.464824,21462.533203
45,0.075284,0.448959,22144.607422
46,0.938695,0.481094,23159.546875
47,0.888260,0.497788,23642.015625
48,0.866163,0.472737,23808.378906
49,0.792871,0.468722,24324.150391
50,0.748357,0.461719,24590.332031
0,0.743390,0.160777,232.941910
1,0.705170,0.374995,515.764709
2,0.705430,0.369693,765.380920
3,0.802098,0.320193,1031.561646
4,0.808587,0.511321,1464.116943
5,0.699755,0.402080,1796.857544
6,0.670603,0.354024,2096.435303
7,0.622706,0.329672,2412.516846
8,0.580081,0.322632,2645.376709
9,0.533183,0.363431,2928.269775
10,0.470403,0.319234,3144.585938
11,0.430112,0.402822,3577.095703
12,0.394362,0.357770,3893.250488
13,0.370697,0.318984,4159.465820
14,0.348643,0.275213,4409.067871
15,0.300266,0.249828,4658.544922
16,0.281724,0.244679,4858.190430
17,0.277233,0.235868,5057.844727
18,0.255837,0.419056,5290.751953
19,0.257268,0.422474,5473.856934
20,0.255267,0.599789,5656.823242
21,0.212867,0.508651,5972.944824
22,0.205617,0.403423,6172.641113
23,0.327249,0.210517,6771.539062
24,0.364952,0.266163,7204.102539
25,0.398355,0.250177,7437.102539
26,0.466981,0.224275,7736.526367
27,0.499812,0.228023,7902.873535
28,0.784909,0.200954,9034.322266
29,0.782786,0.194344,9134.135742
30,0.770396,0.225017,9333.762695
31,0.762568,0.211510,9433.520508
32,0.821616,0.278794,9666.468750
33,0.043573,0.132029,10431.794922
34,0.074658,0.535746,11779.472656
35,0.117432,0.551077,12012.448242
36,0.148468,0.548844,12261.973633
37,0.122663,0.595897,12844.213867
38,0.217274,0.450138,13193.622070
39,0.057717,0.411067,13742.672852
40,0.070983,0.416174,14092.099609
41,0.018938,0.069219,14724.307617
42,0.935064,0.032442,15273.323242
43,0.850054,0.144328,15639.392578
44,0.786731,0.190250,15872.294922
45,0.793328,0.179091,15988.790039
46,0.756923,0.246749,16188.457031
47,0.718550,0.187553,16454.671875
48,0.726567,0.154293,16737.457031
49,0.758251,0.170302,16970.375000
50,0.818662,0.247018,17469.564453
51,0.583418,0.120559,17852.197266
52,0.519387,0.110375,18018.505859
53,0.456121,0.252649,18800.601562
54,0.444681,0.234979,19149.878906
55,0.388245,0.309821,19349.568359
56,0.342084,0.243981,19582.503906
57,0.277820,0.120594,19981.800781
58,0.278618,0.128659,20248.009766
59,0.329026,0.129986,20680.630859
60,0.352530,0.133469,20797.009766
61,0.309061,0.134173,20946.753906
62,0.334585,0.160391,21079.894531
63,0.243307,0.293258,21279.503906
64,0.198443,0.571215,21878.531250
65,0.459745,0.968146,22993.199219
66,0.399109,0.784062,23309.294922
67,0.406299,0.313228,23924.861328
68,0.393537,0.203413,24357.509766
69,0.486838,0.211838,24690.197266
70,0.481854,0.189803,24956.431641
0,0.764017,0.184315,2146.237061
1,0.588257,0.229070,2628.830566
2,0.006852,0.050525,3643.663818
3,0.616500,0.531240,4758.394531
4,0.752669,0.347144,5440.498535
5,0.741091,0.343121,5556.943359
6,0.861133,0.474067,5889.705078
7,0.856536,0.480702,6022.785156
8,0.857727,0.441292,6239.206055
9,0.921153,0.462272,6605.169922
10,0.909068,0.474697,6921.308105
11,0.913864,0.104370,7719.848633
12,0.819764,0.071600,8069.273926
13,0.758078,0.070892,8202.343750
14,0.999499,0.196583,8535.092773
15,0.899132,0.260060,8801.363281
16,0.779167,0.308808,9117.375977
17,0.787205,0.268391,9350.373047
18,0.757062,0.223714,9583.225586
19,0.740872,0.194086,9749.658203
20,0.789988,0.254671,10015.872070
21,0.777710,0.267359,10282.118164
22,0.733003,0.319321,10631.444336
23,0.749166,0.118532,11097.288086
24,0.724471,0.164354,11546.512695
25,0.709046,0.193011,11895.929688
26,0.587794,0.273236,12528.129883
27,0.581864,0.252299,12694.471680
28,0.489801,0.319141,13243.596680
29,0.481181,0.317950,13542.987305
30,0.462227,0.324778,13775.987305
31,0.455989,0.342354,13992.243164
32,0.396329,0.287943,14275.039062
33,0.365624,0.285713,14491.440430
34,0.375887,0.281733,14607.783203
35,0.358138,0.258580,14807.466797
36,0.353096,0.263416,14940.628906
37,0.330790,0.247514,15173.495117
38,0.334284,0.266724,15256.702148
39,0.298137,0.331309,15656.037109
40,0.271998,0.517440,16371.387695
41,0.212566,0.524102,16803.968750
42,0.256244,0.876107,17486.115234
43,0.311998,0.886006,17669.125000
44,0.310654,0.825467,17985.246094
45,0.296832,0.801657,18068.394531
46,0.155975,0.471438,18983.484375
47,0.145977,0.458449,19233.033203
48,0.189963,0.452616,19981.720703
49,0.265712,0.384194,20464.232422
50,0.305823,0.174193,21412.560547
51,0.302415,0.187174,21745.353516
52,0.309589,0.189638,21828.525391
53,0.348489,0.451698,22044.808594
54,0.292773,0.265875,22377.539062
55,0.376936,0.364086,23026.427734
56,0.352928,0.433464,23409.083984
57,0.351066,0.465875,23625.402344
0,0.792362,0.533434,16.687296
1,0.750387,0.548309,183.035431
2,0.747387,0.362571,632.225403
3,0.731958,0.274804,831.878113
4,0.738958,0.224529,1031.539795
5,0.732506,0.206789,1264.497559
6,0.844984,0.260667,1530.699829
7,0.913937,0.281216,1730.337769
8,0.920724,0.322118,1963.252808
9,0.917948,0.485068,2212.799072
10,0.896257,0.531339,2429.128662
11,0.886421,0.537774,2612.125000
12,0.948340,0.537488,2911.566650
13,0.169462,0.501862,3893.225098
14,0.146392,0.592253,4259.247559
15,0.129212,0.674610,4458.932129
16,0.089213,0.709966,4774.982422
17,0.008588,0.698913,4974.676270
18,0.866691,0.811060,5640.137207
19,0.873597,0.843262,5856.455078
20,0.820086,0.908303,6621.762695
21,0.884348,0.907084,6821.421875
22,0.017066,0.901621,7021.074219
23,0.352459,0.645874,9183.977539
24,0.354132,0.591505,9350.356445
25,0.352778,0.542117,9633.180664
26,0.374515,0.504980,9999.191406
27,0.348947,0.477476,10315.323242
28,0.300673,0.493046,10531.618164
29,0.272720,0.464066,10731.251953
30,0.221033,0.440121,10997.498047
31,0.202972,0.402224,11197.119141
32,0.307607,0.337881,11945.837891
33,0.294319,0.315312,12128.808594
34,0.297887,0.263534,12478.214844
35,0.225193,0.308862,13393.269531
36,0.227516,0.333534,13842.498047
37,0.208228,0.417175,14507.988281
38,0.231495,0.305307,15106.963867
39,0.210499,0.290026,15290.011719
40,0.068091,0.383692,15872.265625
41,0.068203,0.421411,16038.674805
42,0.074822,0.443123,16238.330078
43,0.065831,0.462284,16437.966797
44,0.070246,0.465803,16704.212891
45,0.058326,0.441675,16937.087891
46,0.037151,0.395100,17219.906250
47,0.027948,0.354802,17469.476562
48,0.984445,0.335160,17802.224609
49,0.938202,0.325099,18051.826172
50,0.939334,0.256931,18617.490234
51,0.935234,0.227864,18817.138672
52,0.951841,0.191220,19099.972656
53,0.974035,0.159590,19432.720703
54,0.982361,0.149932,19715.574219
55,0.978329,0.131836,20048.326172
56,0.744275,0.194316,20580.722656
57,0.754720,0.199035,20913.470703
58,0.730157,0.220339,21163.033203
59,0.746029,0.599610,22044.828125
60,0.712873,0.287846,22726.982422
61,0.694563,0.251114,23009.810547
62,0.745638,0.344279,23475.699219
63,0.802667,0.443334,23708.591797
64,0.834408,0.496614,23991.419922
65,0.900725,0.528194,24540.472656
0,0.830407,0.744278,33.247448
1,0.823166,0.545262,366.028198
2,0.899756,0.489456,831.823242
3,0.116266,0.486542,1813.436279
4,0.145984,0.647607,1996.489502
5,0.310313,0.887564,2495.578125
6,0.271268,0.463926,3294.234619
7,0.301057,0.441277,3493.859375
8,0.329190,0.324138,3710.154785
9,0.344173,0.293998,3943.054199
10,0.285844,0.202210,4159.376465
11,0.294332,0.209976,4259.245117
12,0.295871,0.233983,4442.250488
13,0.367144,0.232436,4741.752441
14,0.396458,0.417259,5057.781250
15,0.479605,0.492767,5540.320801
16,0.398968,0.288079,5773.181641
17,0.378802,0.286638,5956.292480
18,0.019136,0.294216,7669.895996
19,0.992893,0.246140,7869.580566
20,0.923743,0.474578,8119.090820
21,0.944120,0.494725,8335.422852
22,0.885074,0.540094,8618.244141
23,0.884184,0.509400,8834.540039
24,0.818120,0.466389,9067.481445
25,0.882907,0.546318,9383.625977
26,0.770831,0.510348,9699.727539
27,0.695381,0.367684,9999.160156
28,0.664820,0.351579,10415.102539
29,0.637804,0.356364,10731.221680
30,0.584658,0.482260,10964.169922
31,0.586653,0.458794,11246.990234
32,0.596438,0.438681,11396.773438
33,0.610629,0.426880,11646.304688
34,0.620198,0.441950,11945.753906
35,0.688950,0.115283,12378.367188
36,0.915213,0.105159,13210.216797
37,0.824059,0.224844,14091.975586
38,0.732932,0.199854,14341.583008
39,0.756102,0.134687,14591.106445
40,0.769890,0.138980,14690.932617
41,0.059431,0.068011,15040.330078
42,0.150854,0.016007,15323.226562
43,0.086478,0.036083,15522.852539
44,0.968408,0.096748,15888.899414
45,0.921385,0.519992,16837.183594
46,0.871788,0.501076,17120.041016
47,0.826862,0.487807,17369.599609
48,0.909320,0.473851,17901.990234
49,0.908268,0.470198,18018.521484
50,0.108025,0.505269,18800.458984
51,0.124439,0.484957,19016.734375
52,0.151362,0.465097,19332.865234
53,0.170703,0.488373,19732.111328
54,0.151583,0.562871,20048.265625
55,0.347699,0.514625,20979.927734
56,0.316746,0.508714,21329.324219
57,0.320863,0.274796,21662.162109
58,0.316972,0.196736,22078.011719
59,0.425612,0.322543,22610.419922
60,0.489262,0.397753,22893.296875
61,0.517750,0.430110,23126.242188
62,0.551367,0.374899,23409.066406
63,0.590156,0.376976,23641.964844
64,0.364309,0.557365,24507.148438
