Idx, longitude, latitude, start timestamp
0,0.769487,0.502045,49.893044
1,0.792549,0.494252,349.430237
2,0.784779,0.470260,698.693481
3,0.755682,0.378898,1014.858521
4,0.726841,0.348802,1231.188110
5,0.043002,0.497735,2595.413818
6,0.037568,0.491493,2728.577637
7,0.057396,0.451226,2911.638672
8,0.998105,0.473786,3427.318359
9,0.998426,0.455792,3760.057861
10,0.959727,0.457908,3993.050537
11,0.946642,0.488445,4225.960938
12,0.953454,0.347275,4508.900879
13,0.973907,0.346556,4725.052734
14,0.897282,0.409825,5024.569336
15,0.111313,0.527013,5756.655762
16,0.162138,0.482667,6022.766113
17,0.182819,0.466454,6172.500977
18,0.191000,0.461800,6355.488281
19,0.242455,0.426137,6671.675781
20,0.240362,0.374143,7137.487305
21,0.228018,0.361489,7287.281250
22,0.070128,0.533274,8085.872070
23,0.077518,0.521139,8401.983398
24,0.081162,0.508620,8485.164062
25,0.354362,0.459687,9117.430664
26,0.376235,0.437968,9383.574219
27,0.414178,0.361129,9616.461914
28,0.422527,0.272022,9849.464844
29,0.426807,0.219389,10132.329102
30,0.430446,0.252418,10448.450195
31,0.455324,0.539558,10864.322266
32,0.457790,0.468359,11296.984375
33,0.520019,0.452831,11613.110352
34,0.582042,0.495271,12078.969727
35,0.624046,0.422593,12328.472656
36,0.629758,0.416266,12444.992188
37,0.526967,0.475550,12694.541016
38,0.536891,0.396290,13093.770508
39,0.630305,0.404459,13742.643555
40,0.404663,0.273192,14940.541016
41,0.302210,0.357259,16903.738281
42,0.306032,0.353063,17136.765625
43,0.352290,0.482389,17635.832031
44,0.052642,0.516041,18883.716797
45,0.036788,0.503300,19183.066406
46,0.994525,0.555744,19915.296875
47,0.988707,0.471773,20397.712891
48,0.852740,0.488752,21346.074219
49,0.820704,0.493040,21595.550781
50,0.794863,0.483149,23059.679688
51,0.789122,0.476698,23342.566406
52,0.747822,0.386721,23558.783203
53,0.850377,0.504242,24041.248047
54,0.828724,0.503614,24290.888672
0,0.779528,0.505439,366.039825
1,0.767101,0.746348,914.995300
2,0.854736,0.426062,1364.211548
3,0.063881,0.531524,2628.661133
4,0.232772,0.418382,6022.699707
5,0.327747,0.374222,6771.342285
6,0.988141,0.537113,9033.952148
7,0.619637,0.374349,13226.603516
8,0.615291,0.438645,13509.485352
9,0.617181,0.424147,13692.474609
10,0.617697,0.433111,13908.695312
11,0.810791,0.921996,17385.998047
12,0.485585,0.269685,19648.671875
13,0.289743,0.349516,21245.904297
14,0.272628,0.339045,21512.023438
15,0.404541,0.210318,22610.085938
16,0.558726,0.562072,24007.660156
17,0.702478,0.203909,24939.236328
0,0.820574,0.483237,83.285011
1,0.762734,0.391325,615.560669
2,0.843515,0.482982,848.486389
3,0.862354,0.485315,1098.080322
4,0.899657,0.488260,1447.510620
5,0.911449,0.452115,1580.545532
6,0.964247,0.436107,1896.645752
7,0.975572,0.415717,2063.070557
8,0.009215,0.473498,2412.401367
9,0.040988,0.468778,2628.667480
10,0.044120,0.472829,2728.546631
11,0.043011,0.444154,2861.677979
12,0.069232,0.487242,3094.563477
13,0.079075,0.501477,3310.731934
14,0.115107,0.503229,3543.722168
15,0.133792,0.488852,3876.533447
16,0.175538,0.452522,4092.769531
17,0.188237,0.448528,4275.785645
18,0.149489,0.391902,4558.635254
19,0.113602,0.348230,4724.936523
20,0.807183,0.506571,5823.097168
21,0.792236,0.488039,6072.601562
22,0.798873,0.479250,6255.705078
23,0.190054,0.480906,7270.482910
24,0.309739,0.434698,7886.031738
25,0.305010,0.406605,8135.616699
26,0.407309,0.336217,9100.612305
27,0.626487,0.392938,10647.875977
28,0.625901,0.356906,10930.663086
29,0.675201,0.458274,11346.655273
30,0.551155,0.557732,11612.850586
31,0.434598,0.347140,13060.347656
32,0.436993,0.498328,13842.202148
33,0.266861,0.245240,15256.403320
34,0.223380,0.222615,15472.628906
35,0.008296,0.341842,18234.541016
36,0.013569,0.304098,18417.564453
37,0.015581,0.291736,18650.427734
38,0.023519,0.294455,18883.388672
39,0.955497,0.413428,19166.113281
40,0.943516,0.437245,19349.109375
41,0.781496,0.495789,20946.365234
42,0.755153,0.520135,21195.955078
43,0.704600,0.459970,21761.546875
44,0.766868,0.364813,22343.902344
45,0.889512,0.540213,23508.511719
0,0.768496,0.382682,99.668442
1,0.742227,0.448052,366.071289
2,0.825585,0.471509,698.699097
3,0.864269,0.455049,964.984558
4,0.859898,0.459026,1048.032349
5,0.888608,0.452272,1214.493530
6,0.959789,0.539970,1830.030640
7,0.995924,0.557612,2196.012451
8,0.063475,0.419126,3094.551758
9,0.335934,0.434898,5856.380371
10,0.816763,0.494155,10232.041992
11,0.807511,0.486217,10448.357422
12,0.463766,0.477693,11729.441406
13,0.349658,0.439734,12627.923828
14,0.877437,0.447481,15988.653320
15,0.548823,0.893838,17702.355469
16,0.569280,0.889581,17985.205078
17,0.491884,0.896357,18384.470703
18,0.817774,0.347571,21645.404297
19,0.035476,0.421393,24457.228516
0,0.747413,0.503964,66.447212
1,0.775162,0.513488,415.843903
2,0.769360,0.669183,715.317749
3,0.773545,0.682179,815.267395
4,0.803129,0.563235,1164.559204
5,0.778568,0.673736,1513.977783
6,0.781123,0.713472,1696.974854
7,0.769409,0.762569,1896.655640
8,0.769279,0.807722,2096.331055
9,0.759733,0.852843,2295.973389
10,0.744558,0.879265,2445.642578
11,0.781573,0.894388,2628.671387
12,0.761685,0.908774,2911.545898
13,0.805814,0.921359,3144.409912
14,0.811475,0.929406,3427.321533
15,0.783297,0.467751,4109.417969
16,0.828276,0.449043,4408.867676
17,0.834371,0.439347,4658.442871
18,0.819911,0.528549,4924.648926
19,0.854843,0.563301,5174.314941
20,0.891891,0.539582,5357.277832
21,0.880632,0.589563,5773.229004
22,0.924326,0.575519,5956.228027
23,0.041013,0.513085,6438.717773
24,0.076094,0.530393,6721.533691
25,0.071838,0.533855,6854.692871
26,0.090188,0.546830,7020.958984
27,0.080521,0.530494,7220.651367
28,0.011536,0.505049,7553.398926
29,0.945337,0.472058,7769.733887
30,0.839987,0.461681,8085.821289
31,0.769426,0.499526,8402.056641
32,0.734759,0.526620,8851.060547
33,0.673042,0.557115,9599.856445
34,0.626480,0.556625,9782.869141
35,0.555857,0.484198,10265.353516
36,0.562995,0.470335,10448.371094
37,0.537460,0.607074,10864.349609
38,0.499868,0.579109,11113.820312
39,0.677039,0.549260,11796.035156
40,0.687003,0.507712,11995.701172
41,0.743551,0.483309,12261.779297
42,0.529712,0.427026,12944.011719
43,0.494056,0.449443,13143.672852
44,0.482926,0.415757,13426.547852
45,0.473541,0.384984,13859.015625
46,0.458508,0.375928,14092.098633
47,0.486706,0.500710,14674.232422
48,0.681438,0.480840,15423.040039
49,0.751593,0.477506,15622.643555
50,0.813710,0.492337,15905.487305
51,0.822713,0.580557,16537.773438
52,0.817781,0.587924,16637.525391
53,0.819156,0.611031,16754.083984
54,0.820491,0.507444,17103.378906
55,0.811564,0.496118,17203.232422
56,0.780066,0.456812,17885.320312
57,0.808561,0.491218,18234.740234
58,0.809560,0.492797,18367.875000
59,0.835438,0.488598,18617.419922
60,0.907687,0.457412,18966.843750
61,0.921673,0.453825,19232.935547
62,0.868191,0.472591,19815.302734
63,0.002121,0.493636,20464.240234
64,0.051133,0.505131,20713.826172
65,0.142652,0.509787,21329.300781
66,0.172359,0.487692,21545.701172
67,0.199056,0.460114,21745.324219
68,0.211484,0.462469,21995.017578
69,0.183646,0.470013,22327.720703
70,0.237484,0.461097,22510.707031
71,0.183116,0.418886,22776.744141
72,0.175586,0.454303,22976.503906
73,0.172221,0.462265,23126.292969
74,0.093313,0.435144,23392.361328
75,0.132460,0.305704,23758.400391
76,0.157757,0.273701,23974.810547
77,0.190440,0.208518,24240.906250
78,0.156756,0.195434,24673.482422
0,0.780954,0.512937,132.979095
1,0.861129,0.477162,798.472290
2,0.044058,0.497943,1796.890747
3,0.039407,0.487546,1946.580200
4,0.094429,0.489155,2129.542480
5,0.049723,0.457277,2462.329102
6,0.128520,0.445889,2761.834229
7,0.167483,0.446464,3077.956787
8,0.134298,0.368472,3393.945312
9,0.105099,0.384809,3643.609131
10,0.012326,0.463942,4309.054199
11,0.897489,0.413548,4808.109863
12,0.844717,0.431875,5091.012207
13,0.658466,0.303663,5956.192383
14,0.631053,0.216332,6222.370117
15,0.646216,0.206185,6305.525879
16,0.434793,0.359129,7020.977539
17,0.391576,0.379483,7387.007812
18,0.391653,0.359277,7569.970703
19,0.401063,0.279533,7836.284668
20,0.401540,0.252068,8035.796387
21,0.366235,0.457498,8435.207031
22,0.344289,0.466805,8651.451172
23,0.455862,0.464717,9150.599609
24,0.446422,0.411111,9466.728516
25,0.448144,0.392531,9666.369141
26,0.503374,0.371159,9865.914062
27,0.487400,0.362397,10065.680664
28,0.548607,0.442137,10232.036133
29,0.619195,0.428301,10797.688477
30,0.668248,0.436302,11146.991211
31,0.659868,0.379638,11329.999023
32,0.815098,0.455113,12111.994141
33,0.826041,0.498677,12511.417969
34,0.886309,0.479884,12760.921875
35,0.899589,0.436710,13077.039062
36,0.043745,0.480544,13709.255859
37,0.024574,0.477239,13942.266602
38,0.032817,0.498955,14191.714844
39,0.026663,0.389522,14507.865234
40,0.023133,0.343730,14724.101562
41,0.023831,0.348002,14957.052734
42,0.117489,0.454628,15556.041992
43,0.109734,0.443035,15705.699219
44,0.138999,0.480326,16005.166016
45,0.172097,0.467160,16154.906250
46,0.230753,0.432709,16787.187500
47,0.196297,0.432222,17469.298828
48,0.196660,0.400448,17652.251953
49,0.215582,0.388024,17968.398438
50,0.286827,0.397433,18434.242188
51,0.277108,0.382399,19133.171875
52,0.276694,0.374543,19399.261719
53,0.209197,0.384383,19632.216797
54,0.207731,0.382845,19948.380859
0,0.775305,0.499404,299.538788
1,0.655171,0.157896,1297.728394
2,0.596502,0.444638,1980.019775
3,0.676272,0.451921,2329.243652
4,0.729477,0.465858,2545.629883
5,0.037339,0.491439,3926.570801
6,0.230933,0.417389,5074.593750
7,0.223609,0.425272,5224.310059
8,0.185152,0.235115,5640.208008
9,0.156910,0.181423,5789.894531
10,0.256443,0.136502,6039.606445
11,0.316833,0.140189,6205.929199
12,0.329527,0.417977,6688.452637
13,0.317136,0.424996,7021.204590
14,0.327585,0.468872,8002.819336
15,0.318344,0.467825,8218.976562
16,0.321621,0.453889,8451.929688
17,0.342567,0.409967,8634.986328
18,0.326049,0.362994,8917.786133
19,0.151597,0.463353,9616.646484
20,0.031138,0.473762,10348.682617
21,0.036118,0.472594,10431.880859
22,0.003103,0.473912,10598.208984
23,0.956060,0.457671,10980.854492
24,0.054485,0.478762,11247.052734
25,0.078983,0.471089,11480.016602
26,0.041651,0.455651,11845.913086
27,0.015612,0.472165,12062.356445
28,0.936770,0.509571,12378.404297
29,0.885459,0.486248,12627.987305
30,0.868810,0.459758,12844.272461
31,0.882459,0.414278,13193.654297
32,0.908379,0.376522,13376.684570
33,0.816408,0.523210,13909.070312
34,0.757393,0.517236,14125.293945
35,0.738664,0.467737,14408.143555
36,0.717786,0.449699,14607.771484
37,0.884710,0.522661,15439.759766
38,0.793489,0.511328,15689.276367
39,0.739819,0.280339,16271.587891
40,0.703258,0.227407,16521.181641
41,0.441907,0.342538,17436.316406
42,0.370646,0.431561,18101.789062
43,0.362605,0.332606,18351.291016
44,0.368555,0.336715,18500.964844
45,0.354073,0.485986,18916.955078
46,0.371515,0.263932,19615.705078
47,0.350236,0.486731,20364.378906
48,0.363498,0.463579,20713.802734
49,0.380948,0.361410,21096.546875
50,0.375563,0.282146,21412.525391
51,0.369621,0.258708,21778.636719
52,0.390579,0.218149,22028.171875
53,0.391827,0.222665,22161.285156
54,0.435432,0.289975,22610.505859
55,0.341929,0.419426,22793.474609
56,0.287144,0.408554,23059.734375
57,0.291940,0.393244,23259.328125
58,0.343059,0.491885,23758.449219
59,0.362547,0.519921,23924.816406
60,0.352475,0.456384,24241.064453
61,0.342975,0.460824,24507.214844
62,0.460485,0.596711,24873.179688
0,0.759005,0.512480,299.518219
1,0.795579,0.495862,465.964355
2,0.828055,0.500242,715.357117
3,0.837854,0.470921,865.088928
4,0.876561,0.469940,1098.092651
5,0.882770,0.468415,1281.157227
6,0.823356,0.484350,1497.395630
7,0.894921,0.497173,1963.227295
8,0.925449,0.471339,2146.197266
9,0.929639,0.445753,2379.144287
10,0.960570,0.437656,2578.875488
11,0.967633,0.444034,2795.155518
12,0.991240,0.504114,2978.079102
13,0.029990,0.521875,3211.060791
14,0.055766,0.518856,3493.835449
15,0.069572,0.515933,3809.923828
16,0.090345,0.516808,4059.550293
17,0.086243,0.513209,4209.371582
18,0.059941,0.499238,4342.485840
19,0.129551,0.488791,4558.675781
20,0.169412,0.471056,4741.672363
21,0.170886,0.470163,4957.964844
22,0.125135,0.489450,5224.162598
23,0.227015,0.436503,5656.796387
24,0.228491,0.358442,5839.770508
25,0.226694,0.386273,6006.179688
26,0.213171,0.394181,6189.203125
27,0.230845,0.384491,6505.244141
28,0.226102,0.219980,6721.533691
29,0.157315,0.221915,6971.159180
30,0.089179,0.406775,7254.041016
31,0.041560,0.458800,7620.010742
32,0.045404,0.457921,7753.224609
33,0.012982,0.462364,7969.343750
34,0.998361,0.493233,8218.927734
35,0.002759,0.488507,8352.020508
36,0.961098,0.451535,8634.945312
37,0.935079,0.423917,8834.550781
38,0.887644,0.417772,9067.443359
39,0.865548,0.440830,9350.221680
40,0.793981,0.455930,9599.813477
41,0.782162,0.438049,9965.844727
42,0.753719,0.395950,10132.174805
43,0.759951,0.292092,10398.426758
44,0.728177,0.258137,10548.174805
45,0.638191,0.295663,11080.534180
46,0.629163,0.157920,11296.835938
47,0.512177,0.421166,11612.908203
48,0.518869,0.484778,11812.640625
49,0.492257,0.379561,12162.093750
50,0.445009,0.359516,12361.682617
51,0.410209,0.455790,12561.345703
52,0.401121,0.479551,12777.640625
53,0.354654,0.417256,13010.495117
54,0.331351,0.422782,13260.217773
55,0.315231,0.459957,13393.198242
56,0.309786,0.472682,13642.767578
57,0.313254,0.486864,13992.156250
58,0.298804,0.480110,14224.997070
59,0.476299,0.541313,14774.177734
60,0.494114,0.537057,14923.902344
61,0.524117,0.519078,15140.126953
62,0.626104,0.497465,15689.257812
63,0.617157,0.419538,15888.882812
64,0.670020,0.445595,16288.121094
65,0.673867,0.445103,16537.691406
66,0.641703,0.477254,16720.683594
67,0.672749,0.504202,17003.593750
68,0.730679,0.528458,17253.054688
69,0.754804,0.516768,17535.970703
70,0.807891,0.515726,17785.585938
71,0.827191,0.508280,17952.011719
72,0.825433,0.478553,18584.023438
73,0.837450,0.450284,18783.783203
74,0.889200,0.486915,19100.000000
75,0.846691,0.491547,19399.292969
76,0.836147,0.482424,19615.683594
77,0.865190,0.529887,19865.166016
78,0.939757,0.533651,20314.427734
79,0.956641,0.518532,20497.429688
80,0.004410,0.523278,20796.865234
81,0.020518,0.518176,21063.109375
82,0.043899,0.519222,21329.248047
83,0.052148,0.516218,21661.992188
84,0.078005,0.524453,21994.798828
85,0.112585,0.528536,22360.835938
86,0.027024,0.515990,22826.761719
87,0.024279,0.438926,22993.105469
88,0.957156,0.433670,23458.996094
89,0.946328,0.403408,23708.490234
90,0.900587,0.380287,23908.048828
91,0.863870,0.412753,24157.728516
92,0.836037,0.428049,24490.488281
93,0.814811,0.431168,24773.341797
0,0.731736,0.485716,432.643005
1,0.721761,0.412988,665.625427
2,0.678776,0.431148,915.177368
3,0.572366,0.449045,1630.606445
4,0.598218,0.437545,1863.494141
5,0.595178,0.389935,2029.908936
6,0.609440,0.382830,2296.132812
7,0.636870,0.371875,2645.455566
8,0.503078,0.503862,3078.067383
9,0.507455,0.527582,3344.270264
10,0.443357,0.471490,3810.183105
11,0.444469,0.425599,4009.782959
12,0.492252,0.367617,4226.060547
13,0.495206,0.321248,4608.686035
14,0.460292,0.320931,4825.015625
15,0.537728,0.318926,5257.539551
16,0.505781,0.331629,5606.973633
17,0.495864,0.340312,5773.315430
18,0.619503,0.319006,5972.986328
19,0.618562,0.323425,6072.834961
20,0.627624,0.326244,6189.302246
21,0.599639,0.330031,6455.494141
22,0.807902,0.340193,7087.715820
23,0.788195,0.306707,7370.523926
24,0.907256,0.433805,7703.329590
25,0.909228,0.425314,7919.550781
26,0.855928,0.471106,8219.098633
27,0.964635,0.466950,8535.256836
28,0.012168,0.480645,8818.046875
29,0.040627,0.411232,9100.840820
30,0.031239,0.382993,9417.053711
31,0.049996,0.429093,9882.818359
32,0.032851,0.455534,10099.199219
33,0.111629,0.389858,10631.519531
34,0.105890,0.388862,10897.689453
35,0.135534,0.382508,11047.436523
36,0.135238,0.386740,11130.652344
37,0.172915,0.412657,11330.333984
38,0.177551,0.417455,11513.266602
39,0.109683,0.348874,11796.226562
40,0.052569,0.394092,12295.289062
41,0.039907,0.409405,12511.609375
42,0.004240,0.415696,12694.566406
43,0.038952,0.437589,13060.572266
44,0.022409,0.428518,13559.717773
45,0.965585,0.430782,13842.584961
46,0.946633,0.429793,14008.922852
47,0.842758,0.500917,14225.258789
48,0.851415,0.467529,14557.974609
49,0.694338,0.422162,15572.852539
50,0.484079,0.472410,16421.373047
51,0.409307,0.476331,16621.027344
52,0.338037,0.438359,16970.476562
53,0.338358,0.399135,17236.677734
54,0.434863,0.338119,17519.476562
55,0.501849,0.326779,17785.683594
56,0.505108,0.359960,17952.097656
57,0.449961,0.384855,18434.509766
58,0.460951,0.365499,18667.517578
59,0.511603,0.340930,19133.302734
60,0.284585,0.313399,19499.312500
61,0.259368,0.282938,19748.931641
62,0.235306,0.394327,20081.699219
63,0.243997,0.399355,20181.472656
64,0.239085,0.371635,20364.531250
65,0.251847,0.369080,20664.000000
66,0.273391,0.361260,20830.378906
67,0.265384,0.358531,21229.742188
68,0.272900,0.358457,21562.404297
69,0.309582,0.453994,22477.554688
70,0.308073,0.468998,22577.279297
71,0.356465,0.436010,22893.433594
72,0.375930,0.415335,23076.490234
73,0.407825,0.386960,23292.707031
74,0.405942,0.418575,23675.367188
75,0.452182,0.442963,23958.212891
76,0.449952,0.445659,24041.445312
77,0.452083,0.490067,24257.783203
78,0.428762,0.541142,24607.052734
0,0.786908,0.481121,532.562439
1,0.818439,0.406840,748.811218
2,0.796604,0.354188,998.320923
3,0.775694,0.337139,1214.679443
4,0.724678,0.414903,1613.918701
5,0.724128,0.418742,1713.775146
6,0.730075,0.406360,2013.231567
7,0.699548,0.402031,2512.357910
8,0.707524,0.395524,2828.543945
9,0.714784,0.350325,2944.945557
10,0.764263,0.220212,3144.536621
11,0.870200,0.486207,3943.197266
12,0.604178,0.337464,4691.868652
13,0.582907,0.337506,4924.871094
14,0.593704,0.411416,5174.303711
15,0.667282,0.398299,5490.485840
16,0.443010,0.470073,6388.958008
17,0.402461,0.430510,6588.585449
18,0.386094,0.375785,6871.470215
19,0.368841,0.307642,7170.996094
20,0.365842,0.301837,7353.885742
21,0.365043,0.278240,7570.178711
22,0.368163,0.265915,7703.253418
23,0.264536,0.382387,8285.500000
24,0.261895,0.371408,8418.670898
25,0.286804,0.367989,8784.801758
26,0.294541,0.378579,9084.196289
27,0.144025,0.507776,9616.607422
28,0.096045,0.526394,9932.755859
29,0.066669,0.517021,10182.257812
30,0.881906,0.429526,11463.349609
31,0.057413,0.254744,12261.936523
32,0.130869,0.318376,12594.734375
33,0.152975,0.343481,12761.114258
34,0.287060,0.437749,14374.921875
35,0.324333,0.321719,15472.990234
36,0.397430,0.412568,16371.368164
37,0.423800,0.432108,16537.761719
38,0.423997,0.429702,16803.980469
39,0.418030,0.247532,16970.427734
40,0.320653,0.406429,17269.859375
41,0.264801,0.404905,17569.255859
42,0.276387,0.390156,17852.226562
43,0.284482,0.366335,18035.207031
44,0.285305,0.380982,18201.628906
45,0.295503,0.393467,18318.009766
46,0.298331,0.425625,18833.802734
47,0.931174,0.389088,19715.541016
48,0.994311,0.333459,19898.587891
49,0.047705,0.521683,20181.404297
50,0.157224,0.580811,20813.679688
51,0.115746,0.513660,21246.183594
52,0.171589,0.637409,21728.652344
53,0.166910,0.637439,21845.154297
54,0.179006,0.614182,22011.533203
55,0.182850,0.615043,22227.863281
56,0.182519,0.564663,22360.861328
57,0.172446,0.531912,22826.806641
58,0.128131,0.392620,22976.500000
59,0.141583,0.338861,23226.162109
60,0.197733,0.514488,24008.148438
61,0.195874,0.507598,24124.552734
62,0.226310,0.588150,24374.113281
63,0.201390,0.537789,24656.976562
64,0.221068,0.383379,24923.072266
0,0.770954,0.554812,415.835327
1,0.877436,0.496300,865.044922
2,0.886114,0.449062,1081.356201
3,0.023576,0.465272,1896.714111
4,0.043016,0.496525,2046.346802
5,0.996551,0.531749,2495.512207
6,0.846745,0.537936,3227.623291
7,0.750951,0.515144,3477.215576
8,0.719050,0.275755,4059.523438
9,0.689915,0.444318,4575.228027
10,0.646681,0.476594,4908.053223
11,0.591283,0.459659,5157.584473
12,0.598517,0.454002,5307.280273
13,0.569061,0.459026,5540.325684
14,0.590984,0.454644,5756.493164
15,0.500048,0.524616,6089.251465
16,0.467098,0.496586,6338.849609
17,0.421948,0.496069,6555.130859
18,0.417179,0.446812,6788.153320
19,0.388425,0.404829,7104.176758
20,0.388689,0.349995,7370.298340
21,0.328324,0.487057,7852.786621
22,0.316580,0.506326,8235.597656
23,0.288432,0.465381,8535.058594
24,0.275006,0.444803,8701.414062
25,0.262736,0.422125,8867.768555
26,0.414192,0.347638,9533.298828
27,0.398944,0.324457,9799.449219
28,0.455937,0.397188,10065.664062
29,0.546842,0.508406,10614.709961
30,0.010334,0.490994,12145.343750
31,0.034443,0.509468,12411.460938
32,0.083445,0.502611,12661.139648
33,0.070952,0.491515,13010.522461
34,0.131246,0.435479,13359.830078
35,0.159712,0.456927,13509.565430
36,0.167938,0.462187,13975.495117
37,0.171772,0.465411,14225.049805
38,0.217177,0.442950,14474.569336
39,0.109576,0.357154,14940.464844
40,0.122451,0.316146,15206.714844
41,0.142696,0.252733,15472.853516
42,0.035650,0.510220,16121.744141
43,0.049706,0.505499,16537.693359
44,0.010195,0.519272,16837.128906
45,0.854301,0.542199,18517.468750
46,0.722265,0.656656,19499.082031
0,0.826756,0.490039,499.117981
1,0.742038,0.372517,948.305298
2,0.709727,0.433793,1131.342163
3,0.700894,0.435119,1314.382690
4,0.885416,0.461225,2628.659180
5,0.059595,0.475984,3194.397217
6,0.133883,0.439263,3859.950928
7,0.118870,0.400021,4109.559082
8,0.059399,0.490789,5573.650391
9,0.055111,0.479590,5823.102539
10,0.069687,0.508063,6022.765625
11,0.012426,0.482587,6555.240234
12,0.956382,0.489010,7037.731445
13,0.948503,0.483439,8085.819824
14,0.942027,0.477630,8285.421875
15,0.373131,0.270219,11246.924805
16,0.352087,0.472273,14058.696289
17,0.376868,0.241432,14724.234375
18,0.478317,0.418189,16138.435547
19,0.427894,0.387052,16870.457031
20,0.427601,0.412081,17103.437500
21,0.427522,0.426667,17219.888672
22,0.424637,0.411631,17436.195312
23,0.440118,0.442572,18151.535156
24,0.509810,0.547983,18384.529297
25,0.511222,0.532098,18584.160156
26,0.454286,0.533534,18833.650391
27,0.515386,0.527843,20048.238281
28,0.665817,0.643419,22327.603516
29,0.457408,0.492739,24257.511719
30,0.435948,0.452783,24690.123047
31,0.492724,0.456636,24989.537109
0,0.771756,0.538137,33.325397
1,0.779489,0.525387,366.016998
2,0.734086,0.459609,615.575134
3,0.729883,0.414371,781.999817
4,0.721776,0.398949,964.980835
5,0.726939,0.405602,1264.461792
6,0.662302,0.387765,1713.689331
7,0.654509,0.377124,1896.686157
8,0.666558,0.442160,2379.191162
9,0.669902,0.452065,2528.966553
10,0.714624,0.467506,2811.801270
11,0.627289,0.401756,3244.349854
12,0.614260,0.357235,3410.720947
13,0.628326,0.362566,3693.623291
14,0.636604,0.380306,3943.130859
15,0.612813,0.423181,4209.434570
16,0.611120,0.541798,4525.423340
17,0.560200,0.593754,4725.056641
18,0.517054,0.519666,4924.748535
19,0.486002,0.529171,5157.657227
20,0.468877,0.454548,5440.501953
21,0.451156,0.395141,5656.790039
22,0.436134,0.401245,5873.040039
23,0.430853,0.350859,6072.736816
24,0.404355,0.299391,6338.992676
25,0.403982,0.233677,6488.728027
26,0.406997,0.201928,6738.202148
27,0.710519,0.183358,7503.571777
28,0.807378,0.334087,8069.236816
29,0.774949,0.296927,8268.947266
30,0.844202,0.411995,8634.932617
31,0.858394,0.446102,8801.401367
32,0.897529,0.415259,9050.877930
33,0.903360,0.391782,9267.212891
34,0.925760,0.367834,9516.752930
35,0.949744,0.440185,9766.241211
36,0.978788,0.474335,9982.579102
37,0.995523,0.439137,10265.365234
38,0.010021,0.427232,10498.305664
39,0.021425,0.493592,10831.138672
40,0.045943,0.507898,11097.302734
41,0.066883,0.474806,11296.955078
42,0.076079,0.446647,11563.182617
43,0.104547,0.431169,11812.746094
44,0.136359,0.487482,12128.789062
45,0.163528,0.455482,12378.347656
46,0.182748,0.450077,12594.654297
47,0.189890,0.444698,12777.662109
48,0.132999,0.380779,12977.351562
49,0.119940,0.332268,13226.912109
50,0.183568,0.296581,13626.216797
51,0.228483,0.439434,13809.212891
52,0.234058,0.395572,13958.964844
53,0.229894,0.388365,14158.583984
54,0.234045,0.385453,14341.583008
55,0.308588,0.423602,14774.190430
56,0.360944,0.463633,14990.481445
57,0.369667,0.454250,15240.037109
58,0.374074,0.401216,15506.241211
59,0.392260,0.318332,15722.523438
60,0.407113,0.239786,15888.931641
61,0.396609,0.201330,16105.232422
62,0.419546,0.244344,16437.949219
63,0.451505,0.307473,16687.494141
64,0.446719,0.238379,16953.697266
65,0.413788,0.277112,17169.988281
66,0.418899,0.230630,17402.912109
67,0.200013,0.120401,18201.509766
68,0.195091,0.091587,18367.884766
69,0.161481,0.191711,18617.447266
70,0.174460,0.194035,18966.849609
71,0.125723,0.334066,19266.351562
72,0.118224,0.378185,19482.599609
73,0.112428,0.404931,19765.443359
74,0.103769,0.442889,20015.031250
75,0.086988,0.494169,20297.839844
76,0.066679,0.531029,20580.681641
77,0.061062,0.545899,20863.525391
78,0.038675,0.503374,21129.750000
79,0.027655,0.254253,21578.943359
80,0.031139,0.234231,21795.240234
81,0.039181,0.235087,21911.703125
82,0.945781,0.410024,22377.585938
83,0.955746,0.412021,22510.685547
84,0.981976,0.519660,22810.158203
85,0.989188,0.555140,23009.826172
86,0.015490,0.557325,23375.808594
87,0.972261,0.522032,23708.580078
88,0.896403,0.490032,23941.511719
89,0.883998,0.470235,24224.363281
90,0.865196,0.492821,24523.830078
91,0.838147,0.448204,24989.636719
0,0.747727,0.262274,216.322449
1,0.734563,0.301251,648.917664
2,0.708951,0.306433,798.632019
3,0.711046,0.310005,1031.541992
4,0.696515,0.328960,1197.895142
5,0.643602,0.405255,1514.042969
6,0.796965,0.364075,2978.175293
7,0.829035,0.421460,3211.110352
8,0.889553,0.341690,3677.000732
9,0.891930,0.324649,3859.940186
10,0.934603,0.359969,4259.220703
11,0.999047,0.348084,4575.316406
12,0.053977,0.367132,4791.684570
13,0.079830,0.357646,5024.565430
14,0.111994,0.324062,5224.200684
15,0.122567,0.315610,5457.142578
16,0.185993,0.355579,5806.496094
17,0.195213,0.360408,6006.180664
18,0.189624,0.354886,6388.844238
19,0.178078,0.332406,6605.136719
20,0.137960,0.381102,6887.984375
21,0.125380,0.377174,7120.888184
22,0.154921,0.336631,7353.827637
23,0.046542,0.356258,8002.668457
24,0.028250,0.369097,8169.081055
25,0.015852,0.333251,8435.333984
26,0.974991,0.359976,8718.133789
27,0.191586,0.306185,9533.420898
28,0.224968,0.317303,9683.051758
29,0.229383,0.320313,9816.146484
30,0.226554,0.316770,10015.835938
31,0.295369,0.324124,10581.484375
32,0.346659,0.427514,11263.635742
33,0.340130,0.393107,11579.834961
34,0.360654,0.356452,11796.059570
35,0.377140,0.352522,12178.698242
36,0.415397,0.267388,12894.150391
37,0.404616,0.169191,13526.365234
38,0.575960,0.168717,13959.000977
39,0.487265,0.389804,15057.004883
40,0.511199,0.411937,15306.559570
41,0.527003,0.411196,15489.603516
42,0.503803,0.403164,15839.002930
43,0.522109,0.404945,16171.710938
44,0.315454,0.383368,16937.076172
45,0.824480,0.368051,18783.861328
46,0.799013,0.358610,18983.572266
47,0.747254,0.374352,19282.972656
48,0.706801,0.374166,19432.679688
49,0.688726,0.307250,19698.937500
50,0.647218,0.375737,19898.654297
51,0.607007,0.386378,20081.546875
52,0.518405,0.419577,20514.128906
53,0.500783,0.359715,20796.982422
54,0.866900,0.139454,22677.046875
55,0.863772,0.158187,22860.048828
56,0.835376,0.438807,23043.050781
57,0.837011,0.493787,23192.810547
58,0.770514,0.398979,23675.343750
59,0.772818,0.389076,23841.662109
60,0.816546,0.375560,24041.300781
61,0.853347,0.359971,24340.792969
62,0.872302,0.336408,24590.326172
63,0.891368,0.348004,24939.730469
0,0.705957,0.544661,33.252697
1,0.768573,0.561036,399.355560
2,0.817079,0.531511,665.546570
3,0.874655,0.524352,998.318237
4,0.872266,0.521683,1114.677002
5,0.862943,0.513649,1314.419434
6,0.342686,0.461880,2861.711182
7,0.370520,0.321459,3443.947510
8,0.403020,0.242735,3859.939941
9,0.394930,0.251429,4092.810059
10,0.390090,0.240118,4508.756836
11,0.304882,0.170195,5257.499512
12,0.302680,0.149348,5540.276855
13,0.741527,0.213674,6804.882324
14,0.808370,0.252188,7054.419434
15,0.977250,0.460846,7886.205566
16,0.083447,0.485254,8485.127930
17,0.142385,0.450327,8867.926758
18,0.184121,0.458780,9117.386719
19,0.190906,0.463366,9500.056641
20,0.150832,0.343903,9866.061523
21,0.219002,0.210856,10348.604492
22,0.237379,0.184911,10514.978516
23,0.251094,0.185527,10781.119141
24,0.235234,0.165357,11080.630859
25,0.236130,0.155959,11313.580078
26,0.246979,0.160863,11712.886719
27,0.192777,0.182493,11995.710938
28,0.152506,0.227475,12311.850586
29,0.243097,0.232557,12594.660156
30,0.243405,0.238319,12994.023438
31,0.132675,0.362812,13443.185547
32,0.070974,0.449548,13925.666992
33,0.808322,0.507166,15057.041016
34,0.762386,0.496479,15273.304688
35,0.695221,0.458301,15672.629883
36,0.658745,0.478642,15972.112305
37,0.540381,0.514225,16887.148438
38,0.617081,0.498047,17303.082031
39,0.855779,0.518651,18284.765625
40,0.918894,0.491917,18600.812500
41,0.955179,0.419400,19083.324219
42,0.980762,0.490125,20214.691406
43,0.070130,0.494793,20730.416016
44,0.097779,0.479382,21146.373047
45,0.068324,0.465272,21362.625000
46,0.143312,0.467536,21895.074219
47,0.024407,0.485538,22776.853516
48,0.945874,0.504723,23508.875000
49,0.854118,0.490972,23958.087891
50,0.875373,0.506218,24107.925781
0,0.726175,0.435917,432.550354
1,0.708558,0.420569,582.362061
2,0.702892,0.420669,682.209961
3,0.639711,0.435840,898.394653
4,0.606945,0.423884,1131.335938
5,0.591727,0.430326,1264.411255
6,0.596911,0.388845,1780.252808
7,0.646493,0.393220,2096.368164
8,0.526398,0.467033,2412.409424
9,0.530865,0.463506,2495.592773
10,0.510143,0.482427,2628.811768
11,0.436344,0.440153,3044.649170
12,0.429487,0.433518,3310.871338
13,0.433828,0.393166,3626.966309
14,0.422476,0.361187,3810.031006
15,0.334422,0.412811,4176.089355
16,0.344311,0.401178,4342.417969
17,0.275338,0.372265,4741.747559
18,0.285512,0.339376,5024.570312
19,0.436186,0.366690,5390.554688
20,0.437278,0.290761,5623.522461
21,0.487627,0.355193,5906.342285
22,0.518908,0.370032,6172.506348
23,0.677095,0.252535,6721.603027
24,0.718064,0.264725,6971.231445
25,0.779358,0.337284,7254.008789
26,0.831314,0.460313,7520.162598
27,0.843363,0.475968,7703.280762
28,0.822428,0.496422,8052.580078
29,0.989315,0.478818,8601.611328
30,0.017943,0.483542,8901.168945
31,0.060879,0.486031,9084.151367
32,0.085523,0.485413,9283.759766
33,0.081870,0.483476,9433.596680
34,0.111618,0.481558,9583.335938
35,0.125432,0.479787,10198.810547
36,0.085078,0.498278,10415.115234
37,0.989584,0.505752,11030.791992
38,0.969626,0.498269,11213.746094
39,0.202264,0.441710,11762.786133
40,0.210696,0.405585,12128.837891
41,0.222421,0.405928,12428.274414
42,0.163321,0.448784,13060.597656
43,0.140902,0.451031,13293.411133
44,0.103217,0.470819,13609.595703
45,0.079595,0.501756,13909.032227
46,0.032011,0.490030,14125.301758
47,0.862260,0.453596,15140.227539
48,0.744048,0.492720,15672.581055
49,0.718804,0.441923,15855.707031
50,0.708948,0.428454,16021.999023
51,0.654339,0.427134,16371.367188
52,0.701798,0.446456,16654.189453
53,0.719139,0.461947,16937.097656
54,0.769677,0.512295,17519.357422
55,0.818618,0.516522,17818.908203
56,0.887319,0.488821,18301.328125
57,0.895530,0.442947,18484.324219
58,0.922201,0.486011,18783.853516
59,0.930007,0.533275,19199.773438
60,0.926790,0.605070,19465.970703
61,0.930038,0.665422,19732.156250
62,0.936921,0.726553,20015.048828
63,0.953530,0.868062,20414.302734
64,0.919564,0.959456,20730.484375
65,0.965639,0.986825,20996.654297
66,0.388848,0.990272,21196.294922
67,0.536334,0.967860,21462.468750
68,0.810246,0.971000,22028.162109
69,0.619286,0.926090,22427.451172
70,0.589454,0.890255,22726.960938
71,0.746555,0.884740,23808.378906
72,0.830606,0.804462,24074.580078
73,0.829071,0.802658,24240.945312
0,0.740721,0.576884,33.332294
1,0.767823,0.535321,416.067352
2,0.780180,0.472818,732.141724
3,0.759168,0.398212,931.795715
4,0.767954,0.322304,1164.759766
5,0.772035,0.334238,1547.290405
6,0.727323,0.467796,1896.784546
7,0.708604,0.459371,2096.298096
8,0.714534,0.455785,2362.589111
9,0.612903,0.442036,2795.152588
10,0.602695,0.426051,2978.192139
11,0.592858,0.421775,3194.385498
12,0.598675,0.449533,3394.019043
13,0.595696,0.448089,3643.688965
14,0.519931,0.480020,4042.991455
15,0.550102,0.586803,4575.408691
16,0.560788,0.576180,4758.366699
17,0.884272,0.536936,5606.903320
18,0.931331,0.481839,6155.965820
19,0.045542,0.505130,6671.788086
20,0.040659,0.423663,6904.612793
21,0.037215,0.307507,7170.855957
22,0.045331,0.281848,7320.562988
23,0.239613,0.441822,8601.690430
24,0.250495,0.432606,8801.333008
25,0.219440,0.410387,8951.043945
26,0.354445,0.471128,9832.792969
27,0.358696,0.428467,9982.534180
28,0.379429,0.377683,10148.893555
29,0.385627,0.222059,10930.916016
30,0.375486,0.216932,11313.513672
31,0.473513,0.361775,13359.962891
32,0.337069,0.465241,13975.598633
33,0.312766,0.579167,14474.685547
34,0.256900,0.433477,14973.795898
35,0.252794,0.398227,15206.708008
36,0.275028,0.392611,15339.807617
37,0.282369,0.391445,15655.975586
38,0.276556,0.387453,15872.305664
39,0.293250,0.300878,16437.958984
40,0.389736,0.283396,17269.792969
41,0.456738,0.373309,17635.777344
42,0.322314,0.501448,18550.904297
43,0.319542,0.541197,18767.150391
44,0.641503,0.451894,20730.351562
45,0.617198,0.420517,20896.931641
46,0.610030,0.436714,21079.826172
47,0.869945,0.498446,22244.478516
48,0.936396,0.509821,22826.675781
49,0.932993,0.514110,22943.156250
50,0.959298,0.483287,23109.548828
51,0.956834,0.486997,23209.476562
52,0.824442,0.495245,24074.570312
53,0.830466,0.490019,24224.259766
0,0.753656,0.697206,415.920868
1,0.733952,0.537609,632.260986
2,0.728485,0.479738,831.916321
3,0.720498,0.418782,1031.458984
4,0.697136,0.398002,1264.366943
5,0.750497,0.323324,1447.427124
6,0.752815,0.310245,1680.364136
7,0.639561,0.508485,2412.450684
8,0.652475,0.523284,2678.573486
9,0.625844,0.509588,2944.814941
10,0.616485,0.496441,3377.410156
11,0.589099,0.462081,3627.048340
12,0.587288,0.469285,3876.485596
13,0.597403,0.462234,4092.798340
14,0.605907,0.456998,4275.789551
15,0.588918,0.427035,4475.459961
16,0.605897,0.406099,4725.030762
17,0.656892,0.390087,5041.143555
18,0.583444,0.381673,5423.787109
19,0.571944,0.357059,5590.155762
20,0.414658,0.553259,6072.734863
21,0.375932,0.499903,6388.751953
22,0.370581,0.310694,6954.543945
23,0.319359,0.505079,7486.830078
24,0.324865,0.488479,7719.774414
25,0.314653,0.534681,7952.678711
26,0.316276,0.539618,8202.286133
27,0.314223,0.517021,8385.327148
28,0.313045,0.528478,8951.000000
29,0.270139,0.492534,9283.722656
30,0.268326,0.437684,9483.424805
31,0.261610,0.348547,9699.719727
32,0.261007,0.410340,9982.518555
33,0.267829,0.402139,10098.942383
34,0.277085,0.388665,10298.698242
35,0.347912,0.459645,10964.168945
36,0.359387,0.426023,11147.155273
37,0.386673,0.507883,11430.014648
38,0.346821,0.524201,11646.294922
39,0.321150,0.513747,11879.306641
40,0.549750,0.511963,12561.366211
41,0.515857,0.519672,12794.303711
42,0.580136,0.590475,12993.930664
43,0.080959,0.546168,14774.142578
44,0.104438,0.559423,14990.510742
45,0.123882,0.582202,15306.542969
46,0.164302,0.555798,15556.059570
47,0.173050,0.506199,15772.427734
48,0.181456,0.493508,15938.777344
49,0.179735,0.461944,16188.339844
50,0.169610,0.458360,16304.828125
51,0.069157,0.393639,16620.882812
52,0.099042,0.411155,16820.587891
53,0.022727,0.521195,17236.460938
54,0.992618,0.499729,17502.656250
55,0.003603,0.488337,17802.142578
56,0.061417,0.522081,17985.177734
57,0.871768,0.480607,18800.416016
58,0.907090,0.467286,19166.513672
59,0.819798,0.538444,19416.093750
60,0.858446,0.569221,19865.214844
61,0.894273,0.622785,20031.667969
62,0.869969,0.538640,20297.853516
63,0.850407,0.509260,20530.703125
64,0.822502,0.465043,20946.722656
65,0.798077,0.510870,21312.779297
66,0.830995,0.509035,21678.791016
67,0.828410,0.491268,21895.033203
68,0.752858,0.527197,22161.238281
69,0.753843,0.536574,22277.662109
70,0.760435,0.524500,22394.228516
71,0.762352,0.523100,22510.685547
72,0.801219,0.502102,22710.355469
73,0.848022,0.695163,23126.277344
74,0.861396,0.728504,23259.402344
75,0.842775,0.555799,23658.638672
76,0.830509,0.507177,23808.398438
77,0.883037,0.528679,24174.375000
78,0.870423,0.534734,24573.685547
0,0.766207,0.512309,33.260529
1,0.779823,0.433803,349.486938
2,0.757216,0.375676,599.061523
3,0.707650,0.342649,765.371521
4,0.675441,0.360973,948.417114
5,0.631712,0.363756,1098.085693
6,0.624992,0.370057,1264.472900
7,0.575188,0.373319,1497.430054
8,0.585927,0.357090,1780.195068
9,0.601955,0.349027,2229.502930
10,0.595521,0.301020,2479.053955
11,0.604081,0.300167,2994.781738
12,0.612516,0.295301,3211.088379
13,0.590221,0.312364,3510.638916
14,0.597830,0.229569,4309.216797
15,0.797443,0.189491,5407.239258
16,0.803347,0.332406,5856.503906
17,0.782805,0.271472,6172.623535
18,0.789954,0.264757,6422.084473
19,0.800051,0.294483,6688.333984
20,0.799228,0.323738,6921.238281
21,0.785295,0.309726,7187.458008
22,0.771785,0.183945,7553.481445
23,0.808649,0.442760,8052.653809
24,0.829941,0.496795,8235.602539
25,0.810014,0.444508,8884.518555
26,0.848529,0.428246,9134.068359
27,0.898264,0.416838,9317.101562
28,0.929996,0.351873,9566.640625
29,0.929718,0.343339,9666.461914
30,0.958261,0.326916,9882.748047
31,0.967066,0.320033,10082.413086
32,0.944766,0.285179,10348.561523
33,0.908270,0.274851,10498.313477
34,0.936381,0.282041,10697.983398
35,0.965099,0.320366,10914.243164
36,0.966722,0.275133,11563.115234
37,0.021969,0.481845,12045.652344
38,0.041721,0.481085,12411.637695
39,0.036357,0.433021,12594.663086
40,0.027929,0.415467,12810.997070
41,0.038042,0.413545,13043.870117
42,0.058633,0.417985,13376.690430
43,0.073264,0.427145,13676.120117
44,0.103864,0.388330,13859.148438
45,0.202439,0.414652,14524.670898
46,0.243930,0.381818,14774.173828
47,0.235203,0.369403,14907.274414
48,0.255744,0.355722,15156.821289
49,0.292726,0.336660,15356.497070
50,0.283655,0.311076,15572.832031
51,0.272774,0.301370,15739.150391
52,0.284209,0.301241,15955.442383
53,0.151476,0.449208,17486.160156
54,0.066182,0.470933,18001.869141
55,0.044309,0.417602,18434.458984
56,0.009696,0.414164,18850.392578
57,0.994999,0.422972,19066.681641
58,0.964279,0.398779,19299.648438
59,0.017063,0.395096,19515.875000
60,0.823325,0.446475,19981.734375
61,0.807022,0.430915,20231.412109
62,0.754464,0.459721,20480.861328
63,0.705322,0.660688,20846.902344
64,0.390218,0.317982,21928.345703
65,0.368788,0.293574,22061.470703
66,0.333827,0.459803,22327.632812
67,0.324466,0.488837,22560.593750
68,0.313107,0.505647,22726.980469
69,0.337206,0.422073,22909.972656
70,0.385598,0.280305,23109.693359
71,0.404817,0.216421,23309.335938
72,0.325128,0.209764,23725.183594
73,0.255648,0.399388,24074.591797
74,0.251461,0.346433,24274.253906
75,0.272493,0.334550,24523.863281
0,0.748977,0.502218,49.977772
1,0.772873,0.486189,332.808472
2,0.824468,0.474293,965.016418
3,0.818453,0.488144,1098.123657
4,0.799070,0.409927,1530.712402
5,0.787296,0.356416,1730.330444
6,0.898293,0.405822,2179.546387
7,0.889736,0.414576,2379.264160
8,0.734748,0.234071,3144.537598
9,0.660782,0.214452,3360.809814
10,0.628948,0.199699,3560.455322
11,0.541638,0.376596,4042.956055
12,0.606902,0.422112,4325.784180
13,0.616892,0.392948,4558.739258
14,0.607062,0.439590,5074.483887
15,0.657738,0.530573,5307.402832
16,0.635397,0.491786,5523.713379
17,0.475767,0.334066,6155.920898
18,0.504831,0.320377,6388.852051
19,0.382177,0.391788,7170.819336
20,0.387284,0.269326,7353.833496
21,0.388283,0.220982,7570.136230
22,0.349328,0.489229,7886.240234
23,0.337424,0.531448,8169.065918
24,0.343972,0.528874,8535.109375
25,0.355952,0.476299,8817.925781
26,0.360747,0.522820,9134.052734
27,0.415210,0.619064,9450.193359
28,0.471085,0.675742,9782.941406
29,0.844181,0.652023,10947.532227
30,0.861310,0.468363,11197.116211
31,0.857403,0.449217,11413.443359
32,0.889592,0.451425,11629.678711
33,0.930425,0.405589,11929.156250
34,0.997172,0.444034,12212.016602
35,0.980306,0.475764,12395.044922
36,0.962774,0.442156,12877.525391
37,0.049131,0.475966,13110.431641
38,0.039174,0.513880,13376.645508
39,0.072256,0.484129,13692.765625
40,0.118233,0.424668,13975.597656
41,0.166303,0.460603,14374.945312
42,0.106930,0.372146,14691.001953
43,0.167237,0.247463,15073.671875
44,0.195762,0.202231,15289.963867
45,0.276101,0.185706,15522.883789
46,0.257662,0.138224,15739.180664
47,0.292912,0.153887,16005.383789
48,0.298223,0.353324,16238.327148
49,0.287518,0.459586,16437.941406
50,0.273940,0.433831,16654.246094
51,0.171159,0.481402,17086.816406
52,0.299722,0.402731,17419.576172
53,0.280648,0.394741,17735.695312
54,0.293824,0.391371,17985.263672
55,0.354394,0.428123,18317.998047
56,0.332708,0.480187,18617.486328
57,0.225088,0.430419,18900.333984
58,0.212485,0.397166,19050.044922
59,0.243964,0.549266,19515.900391
60,0.148378,0.487047,19815.380859
61,0.152521,0.449115,20031.677734
62,0.070720,0.514908,20430.974609
63,0.056200,0.476505,20946.744141
64,0.020508,0.472225,21861.839844
65,0.951161,0.458698,22677.048828
66,0.918426,0.492606,23242.736328
67,0.837155,0.517464,23741.869141
68,0.813835,0.512108,24207.716797
0,0.729725,0.463767,432.540161
1,0.708066,0.439640,615.623840
2,0.811317,0.474577,931.679016
3,0.858046,0.479440,1530.735840
4,0.857205,0.442792,1796.864136
5,0.883307,0.423391,2063.048828
6,0.889397,0.409937,2379.210205
7,0.755023,0.373926,2728.534424
8,0.761764,0.311804,3144.528076
9,0.753199,0.263666,3410.723633
10,0.858984,0.323095,3809.984131
11,0.901727,0.432548,4076.231689
12,0.897215,0.438734,4209.276367
13,0.939056,0.463855,4525.457520
14,0.939630,0.471194,4608.599121
15,0.882116,0.465835,4891.464355
16,0.879083,0.456422,5024.572754
17,0.830299,0.493723,5523.770020
18,0.978141,0.493347,6089.333008
19,0.039669,0.476398,6438.817871
20,0.091475,0.482085,6704.938477
21,0.145313,0.474051,7021.043945
22,0.175517,0.437591,7337.160156
23,0.172853,0.436358,7436.984863
24,0.184152,0.445629,7586.742676
25,0.176467,0.444041,7986.029785
26,0.228600,0.435984,8185.691895
27,0.062490,0.483151,9134.022461
28,0.054758,0.447729,9317.037109
29,0.109379,0.403815,9733.014648
30,0.081125,0.483381,10115.639648
31,0.734174,0.486296,11247.029297
32,0.731292,0.482140,11396.746094
33,0.691899,0.457251,11596.391602
34,0.697971,0.446765,11712.846680
35,0.675281,0.448036,12012.337891
36,0.598838,0.428346,12528.090820
37,0.604431,0.391288,13077.133789
38,0.609144,0.388117,13193.598633
39,0.675680,0.405401,13443.166992
40,0.617968,0.391624,13742.646484
41,0.417223,0.446254,14857.348633
42,0.382845,0.393456,15106.906250
43,0.382027,0.319027,15406.404297
44,0.349617,0.459678,15822.337891
45,0.265670,0.450282,16254.955078
46,0.257003,0.425708,16521.138672
47,0.284985,0.403903,16887.136719
48,0.276318,0.420409,17153.349609
49,0.285300,0.403050,17436.171875
50,0.252961,0.421860,17785.605469
51,0.252174,0.423604,18018.501953
52,0.262229,0.421065,18168.277344
53,0.260994,0.447470,18600.822266
54,0.426144,0.347297,18983.484375
55,0.394554,0.304627,19183.144531
56,0.393063,0.255796,19416.068359
57,0.496199,0.340118,19831.994141
58,0.498860,0.399948,20247.929688
59,0.478539,0.439151,20580.687500
60,0.513677,0.499461,20946.732422
61,0.481295,0.537792,21296.115234
62,0.585841,0.564042,21695.400391
63,0.639997,0.465325,22510.662109
64,0.719367,0.448921,22743.591797
65,0.710497,0.445683,22976.505859
66,0.726367,0.418085,23392.457031
67,0.719504,0.428370,23625.359375
68,0.745713,0.470808,24207.677734
69,0.779686,0.487390,24706.822266
0,0.725329,0.619111,16.696968
1,0.746162,0.592330,216.313858
2,0.785998,0.542816,465.857025
3,0.763635,0.465052,648.923401
4,0.743111,0.393415,915.063416
5,0.733588,0.346791,1330.991943
6,0.912767,0.464896,1663.851074
7,0.904621,0.445408,1830.107666
8,0.963184,0.473948,2129.671387
9,0.989380,0.421075,2395.853271
10,0.980782,0.398868,2545.574219
11,0.067176,0.520451,2861.667725
12,0.973228,0.514846,3327.548340
13,0.902862,0.377862,3543.832031
14,0.860111,0.360635,3743.489502
15,0.849547,0.377344,3926.452393
16,0.875913,0.373022,4342.446289
17,0.805737,0.444018,5107.726562
18,0.670596,0.370977,5606.836426
19,0.682206,0.383878,5756.643066
20,0.565003,0.392441,6505.321289
21,0.514609,0.370303,7004.433594
22,0.608267,0.414466,7353.793945
23,0.622292,0.429619,7520.204590
24,0.610068,0.339079,8019.301270
25,0.644699,0.397019,8285.507812
26,0.463404,0.450721,8984.276367
27,0.631046,0.896873,9832.794922
28,0.619324,0.861962,9999.233398
29,0.525696,0.888052,10315.375977
30,0.324244,0.453801,10914.283203
31,0.294865,0.396553,11113.904297
32,0.223070,0.411052,12827.613281
33,0.200052,0.364622,13010.580078
34,0.185040,0.336767,13243.513672
35,0.165488,0.324587,13526.355469
36,0.191393,0.330807,13859.168945
37,0.112324,0.366931,14125.317383
38,0.093998,0.376370,14324.985352
39,0.140367,0.401318,14657.689453
40,0.369258,0.540076,15073.646484
41,0.366929,0.478613,15589.448242
42,0.340598,0.408102,15772.469727
43,0.323767,0.386389,15905.572266
44,0.439407,0.485593,16188.373047
45,0.475048,0.496231,16371.412109
46,0.436243,0.299981,16903.824219
47,0.484327,0.260074,17303.128906
48,0.551386,0.335247,17635.917969
49,0.679642,0.304741,18367.902344
50,0.743897,0.239332,18584.218750
51,0.769371,0.203917,18767.185547
52,0.954700,0.104774,19482.632812
53,0.936871,0.471728,20214.724609
54,0.890347,0.533835,20547.462891
55,0.823177,0.461215,21612.244141
56,0.800507,0.459277,21978.271484
57,0.742365,0.440833,22211.208984
58,0.026444,0.507920,22976.560547
59,0.064989,0.532856,23226.080078
60,0.052352,0.527998,23442.382812
61,0.094411,0.487036,24224.337891
62,0.171916,0.483556,24490.566406
63,0.184121,0.465543,24640.306641
64,0.190432,0.468928,24939.724609
0,0.711749,0.444089,499.054443
1,0.785276,0.377772,848.511169
2,0.815018,0.496058,1147.995361
3,0.825343,0.511997,1364.205811
4,0.714112,0.656301,1696.955811
5,0.719599,0.653338,1830.041870
6,0.599111,0.419082,2545.534424
7,0.598043,0.375986,3194.418701
8,0.619330,0.373739,3510.468262
9,0.659618,0.449010,3893.167969
10,0.513675,0.485289,4292.500488
11,0.493552,0.499425,4625.193848
12,0.483554,0.430087,4891.448730
13,0.502427,0.373629,5224.141602
14,0.426564,0.427211,5606.835449
15,0.408406,0.469275,5889.648438
16,0.410991,0.474414,5989.481445
17,0.470146,0.532531,6255.724121
18,0.321743,0.539190,7004.334473
19,0.334280,0.485412,7386.990723
20,0.273344,0.409587,7686.494141
21,0.386580,0.380815,7952.668457
22,0.333462,0.459330,8302.048828
23,0.400858,0.493452,8651.498047
24,0.469216,0.552808,9100.763672
25,0.468640,0.556097,9233.791992
26,0.588718,0.571067,9699.670898
27,0.884894,0.501497,10531.586914
28,0.883115,0.503546,10648.000000
29,0.144674,0.504693,11380.017578
30,0.145068,0.423222,11596.299805
31,0.157265,0.400799,11746.059570
32,0.078080,0.499317,12078.900391
33,0.039733,0.518925,12428.214844
34,0.004000,0.548617,12910.681641
35,0.966446,0.508911,13310.011719
36,0.967837,0.490007,13742.604492
37,0.929312,0.488869,13909.019531
38,0.981788,0.481123,14091.992188
39,0.880320,0.523780,14923.855469
40,0.013523,0.358390,15373.081055
41,0.079979,0.443480,15988.667969
42,0.035722,0.932892,16937.005859
43,0.763547,0.647558,17635.785156
44,0.817752,0.512070,17852.027344
45,0.813859,0.522696,18151.523438
46,0.868154,0.512212,18351.183594
47,0.886839,0.591719,18600.732422
48,0.195183,0.414806,19499.169922
49,0.207739,0.383791,19732.099609
50,0.219175,0.339873,20480.785156
51,0.217448,0.364250,20647.175781
52,0.211343,0.385747,20780.302734
53,0.206046,0.397515,20946.650391
54,0.229665,0.390792,21129.652344
55,0.201868,0.377068,21312.677734
56,0.210933,0.366046,21861.710938
57,0.188667,0.373858,22460.664062
58,0.236879,0.434022,22810.048828
59,0.010482,0.441967,23575.380859
60,0.011965,0.307561,23891.498047
61,0.012279,0.323815,24024.615234
62,0.008429,0.340865,24190.980469
63,0.979234,0.515396,24623.566406
64,0.984792,0.487144,24956.322266
0,0.742294,0.487980,382.665649
1,0.688807,0.465248,865.180115
2,0.819139,0.510858,1247.892090
3,0.862342,0.492985,1430.873169
4,0.890909,0.463420,1746.935913
5,0.889784,0.435537,1979.908936
6,0.746506,0.370450,2329.307861
7,0.755205,0.294145,2578.840088
8,0.716933,0.453804,3127.870850
9,0.694148,0.474320,3261.003662
10,0.521154,0.457708,4042.979004
11,0.615762,0.431587,4575.359375
12,0.588647,0.421409,4858.276367
13,0.604771,0.390856,5007.958496
14,0.424507,0.422472,5889.721191
15,0.396274,0.372878,6122.625977
16,0.370802,0.349904,6455.381348
17,0.472188,0.292609,6754.857910
18,0.456269,0.308545,7054.341309
19,0.508085,0.425649,7353.805176
20,0.546597,0.445061,7536.832520
21,0.543638,0.454641,7620.012695
22,0.488846,0.530240,7803.030762
23,0.510362,0.507536,8135.777832
24,0.464660,0.455520,8318.796875
25,0.320443,0.477379,8834.574219
26,0.308298,0.503884,9050.873047
27,0.258827,0.464076,9300.436523
28,0.255254,0.455074,9433.537109
29,0.270266,0.415770,9633.181641
30,0.257048,0.427452,9816.185547
31,0.270256,0.420073,10049.116211
32,0.284848,0.412484,10198.858398
33,0.236528,0.238593,10581.507812
34,0.361630,0.262863,10947.548828
35,0.380322,0.278105,11147.188477
36,0.352524,0.456520,11463.299805
37,0.376671,0.492735,11796.038086
38,0.481090,0.473013,12428.286133
39,0.523984,0.486492,12677.836914
40,0.592295,0.511879,13027.225586
41,0.623024,0.513277,13260.146484
42,0.655370,0.512123,13543.003906
43,0.725696,0.504652,13942.298828
44,0.726227,0.504735,14042.144531
45,0.778998,0.504312,14258.437500
46,0.851969,0.486915,14774.192383
47,0.891138,0.493334,14973.838867
48,0.926290,0.472080,15240.029297
49,0.966506,0.466188,15739.197266
50,0.964920,0.415641,16038.621094
51,0.038916,0.416939,16471.214844
52,0.037903,0.443027,16604.324219
53,0.066804,0.473632,17319.755859
54,0.037938,0.574235,17735.666016
55,0.142962,0.439172,18201.533203
56,0.161140,0.437078,18367.914062
57,0.171915,0.439427,18634.128906
58,0.216115,0.407233,18867.029297
59,0.233729,0.384537,19116.589844
60,0.212036,0.378908,19332.890625
61,0.277953,0.361584,19632.365234
62,0.319146,0.380874,19981.773438
63,0.316799,0.391064,20081.589844
64,0.334686,0.424214,20231.312500
65,0.281977,0.324531,20497.509766
66,0.283271,0.262146,20680.519531
67,0.151313,0.208165,21063.212891
68,0.165205,0.201289,21212.916016
69,0.211702,0.116234,21412.566406
70,0.854858,0.475967,23059.705078
71,0.828685,0.499883,23226.091797
72,0.767830,0.496693,24024.669922
0,0.715852,0.424842,732.036194
1,0.709167,0.428059,865.203857
2,0.696377,0.450295,1014.846375
3,0.659522,0.446778,1297.799072
4,0.643085,0.439585,1530.633423
5,0.648724,0.440732,1647.135010
6,0.655151,0.418498,1796.881592
7,0.705258,0.463509,2013.101196
8,0.610925,0.413713,2545.549561
9,0.592886,0.406985,2745.247314
10,0.582448,0.394785,2944.910400
11,0.618053,0.393384,3277.604736
12,0.601605,0.431702,3610.377441
13,0.611988,0.485736,4059.613281
14,0.503908,0.467648,4591.982422
15,0.477341,0.430277,4841.514160
16,0.428584,0.411978,5074.466309
17,0.420481,0.408275,5274.065430
18,0.398205,0.361668,5573.559570
19,0.451137,0.349069,5906.347656
20,0.482301,0.339254,6122.605469
21,0.502966,0.381471,6555.167969
22,0.523514,0.374303,6738.221680
23,0.542718,0.434298,7021.055664
24,0.512488,0.449004,7453.593262
25,0.481857,0.453292,7753.086914
26,0.486567,0.520082,7919.460938
27,0.443168,0.497896,8169.032227
28,0.367377,0.354099,8718.073242
29,0.355715,0.300049,8950.988281
30,0.366784,0.265648,9150.648438
31,0.371330,0.248861,9366.937500
32,0.380547,0.231878,9932.596680
33,0.388137,0.266577,10331.918945
34,0.381865,0.240232,10614.754883
35,0.292482,0.198009,11596.371094
36,0.229035,0.192200,11746.091797
37,0.195133,0.180158,11945.764648
38,0.155122,0.226112,12378.330078
39,0.106740,0.271645,12744.360352
40,0.166201,0.241663,13027.196289
41,0.166394,0.204371,13260.149414
42,0.022422,0.248369,13925.631836
43,0.014070,0.383431,14158.558594
44,0.044517,0.464114,14341.558594
45,0.053092,0.484062,14674.307617
46,0.115913,0.513986,14923.892578
47,0.156221,0.502212,15206.718750
48,0.169934,0.499243,15373.104492
49,0.139687,0.483699,15739.114258
50,0.125080,0.458651,16105.165039
51,0.168994,0.447194,16304.790039
52,0.220126,0.447833,16471.173828
53,0.232101,0.439488,16687.464844
54,0.194562,0.397792,17103.400391
55,0.200370,0.392189,17286.412109
56,0.276626,0.412234,17685.718750
57,0.296705,0.409406,17835.472656
58,0.303510,0.389988,18101.646484
59,0.493005,0.363020,18634.068359
60,0.492845,0.349048,18783.804688
61,0.468767,0.317755,18950.173828
62,0.504431,0.413103,19249.681641
63,0.535360,0.395614,19465.941406
64,0.501217,0.454594,19682.226562
65,0.597859,0.378415,20014.984375
66,0.607955,0.370888,20164.738281
67,0.608719,0.403865,20447.564453
68,0.616997,0.356080,20647.214844
69,0.662637,0.307874,20996.630859
70,0.698355,0.286378,21196.244141
71,0.740003,0.274319,21429.175781
72,0.776533,0.322027,21678.740234
73,0.774794,0.369284,21994.859375
74,0.799286,0.430965,22244.460938
75,0.830315,0.467416,22477.332031
76,0.833363,0.470959,22577.167969
77,0.884930,0.454205,22993.109375
78,0.911889,0.426790,23325.906250
79,0.936195,0.456380,23775.072266
80,0.068575,0.451901,24623.580078
0,0.745921,0.675217,465.876282
1,0.752341,0.721314,615.618530
2,0.789284,0.779756,781.998901
3,0.790254,0.788531,1081.450439
4,0.786295,0.805271,1181.286377
5,0.805683,0.755951,1464.095093
6,0.868019,0.394648,1896.699951
7,0.950143,0.395128,2495.625488
8,0.992976,0.393584,2678.704834
9,0.076633,0.538771,3211.058350
10,0.031874,0.485575,3627.065186
11,0.032943,0.424290,3909.830078
12,0.981579,0.401597,4176.070312
13,0.846936,0.439911,4741.750488
14,0.800349,0.413044,4991.252441
15,0.812370,0.552267,5423.888672
16,0.807408,0.688281,5873.054688
17,0.808714,0.691088,5972.926758
18,0.720914,0.367936,6521.967773
19,0.614091,0.457554,7736.531250
20,0.636590,0.481758,8002.701660
21,0.608778,0.446078,8169.029297
22,0.600160,0.431812,8335.447266
23,0.655989,0.381411,9117.388672
24,0.653318,0.378236,9250.483398
25,0.542644,0.424771,9433.496094
26,0.507185,0.457290,9649.852539
27,0.402744,0.363546,10348.583984
28,0.372154,0.446909,10831.048828
29,0.350929,0.483903,11080.601562
30,0.376962,0.233527,11330.224609
31,0.377047,0.163539,11546.529297
32,0.383279,0.240148,11929.172852
33,0.382675,0.229887,12112.163086
34,0.385644,0.233010,12395.097656
35,0.386398,0.223676,12528.142578
36,0.401156,0.305512,12827.622070
37,0.399525,0.237167,13276.762695
38,0.274652,0.214394,13725.988281
39,0.273657,0.196321,13809.204102
40,0.279374,0.176938,13909.094727
41,0.221853,0.153903,14125.309570
42,0.190048,0.149935,14341.662109
43,0.167780,0.473053,15057.044922
44,0.220920,0.363982,15589.454102
45,0.134131,0.419126,16022.005859
46,0.087282,0.481447,16338.111328
47,0.048871,0.433974,16987.015625
48,0.055049,0.430028,17186.669922
49,0.176922,0.414890,17519.441406
50,0.296213,0.378726,18101.804688
51,0.297822,0.365503,18318.011719
52,0.296918,0.372901,18634.109375
53,0.294650,0.129554,19216.443359
54,0.297848,0.090027,19399.439453
55,0.307685,0.056644,19615.796875
56,0.220068,0.059692,19848.695312
57,0.383617,0.549432,20630.595703
58,0.384001,0.539686,20780.324219
59,0.466586,0.514440,21079.804688
60,0.497509,0.484928,21296.175781
61,0.492091,0.480344,21445.857422
62,0.530056,0.439860,21612.228516
63,0.567479,0.417743,21961.621094
64,0.612973,0.354500,22211.169922
65,0.636289,0.375393,22394.185547
66,0.689906,0.365390,23026.429688
67,0.678263,0.359603,23392.445312
68,0.670166,0.370291,23575.460938
69,0.773410,0.447844,23941.500000
70,0.802137,0.468468,24374.050781
71,0.799200,0.473090,24473.916016
0,0.775217,0.498654,382.690277
1,0.721312,0.443853,632.268372
2,0.698188,0.445765,848.509338
3,0.640881,0.429032,1297.759399
4,0.650760,0.433981,1447.548340
5,0.647694,0.409400,1763.576172
6,0.596860,0.403840,1963.238525
7,0.631243,0.384518,2296.024170
8,0.883004,0.483084,3327.537842
9,0.914896,0.472387,3543.901367
10,0.993187,0.504346,3876.571289
11,0.058242,0.530704,4159.445312
12,0.053353,0.524814,4325.823242
13,0.051237,0.504659,4492.208984
14,0.126722,0.501180,4808.272949
15,0.173162,0.476101,5107.736816
16,0.186530,0.482944,5307.467285
17,0.231677,0.504547,5640.237305
18,0.228616,0.508301,5773.337402
19,0.236832,0.478259,5922.998535
20,0.236798,0.472675,6155.951660
21,0.232003,0.474225,6322.367188
22,0.248586,0.472927,6472.058105
23,0.241314,0.438795,7037.735352
24,0.243214,0.426395,7137.525879
25,0.236631,0.400312,7486.931641
26,0.946656,0.463781,9333.748047
27,0.952100,0.463850,9483.440430
28,0.913875,0.468800,9633.184570
29,0.875847,0.471842,9849.462891
30,0.878021,0.492249,10015.851562
31,0.919537,0.414959,10282.111328
32,0.002433,0.463099,10681.375000
33,0.997668,0.485747,10797.847656
34,0.058178,0.486828,11313.650391
35,0.017622,0.484914,11662.967773
36,0.018562,0.447661,11879.299805
37,0.731901,0.430753,12761.043945
38,0.739292,0.433825,12910.781250
39,0.770995,0.489388,13093.837891
40,0.704278,0.459575,13376.643555
41,0.692820,0.440342,13626.219727
42,0.697271,0.436108,13792.585938
43,0.507013,0.471077,14491.426758
44,0.471392,0.515519,14774.312500
45,0.484755,0.411622,15073.696289
46,0.636298,0.298133,15539.594727
47,0.593137,0.343880,15805.749023
48,0.646322,0.367082,16105.235352
49,0.731527,0.509674,16704.138672
50,0.710546,0.451100,16953.763672
51,0.724821,0.431772,17203.267578
52,0.757105,0.450405,17652.552734
53,0.848860,0.483624,18018.544922
54,0.818155,0.495360,18351.277344
55,0.808802,0.655887,18734.015625
56,0.882500,0.438346,19565.833984
57,0.894358,0.429232,19881.957031
58,0.860942,0.509730,20381.156250
59,0.833925,0.472106,20663.937500
60,0.808860,0.440132,21445.902344
61,0.792641,0.431902,21695.419922
62,0.792919,0.434393,21928.365234
63,0.831616,0.420604,22394.253906
64,0.813970,0.485903,22843.412109
65,0.807088,0.461255,23226.136719
66,0.811237,0.431293,23675.314453
67,0.872063,0.373260,23974.878906
0,0.674822,0.424102,83.247299
1,0.646341,0.516800,349.381744
2,0.720417,0.364562,582.363281
3,0.820100,0.317240,1181.328369
4,0.842727,0.418521,1447.482666
5,0.857627,0.425616,1613.799194
6,0.892481,0.491910,2079.676514
7,0.880685,0.492660,2229.450439
8,0.921150,0.450302,2578.793457
9,0.023194,0.295646,3310.845459
10,0.863610,0.130597,3810.015625
11,0.686092,0.222647,4126.154297
12,0.694004,0.198219,4292.468262
13,0.603491,0.404811,4957.998047
14,0.608346,0.385202,5207.573730
15,0.610860,0.304337,5423.814453
16,0.365404,0.367050,6289.003418
17,0.326217,0.504303,6505.342773
18,0.274465,0.371476,7237.423340
19,0.268007,0.375578,7486.891113
20,0.211097,0.356495,7686.603027
21,0.146456,0.460510,8019.325684
22,0.167866,0.440605,8185.720215
23,0.052402,0.506521,8468.507812
24,0.016053,0.418509,8751.386719
25,0.104016,0.245421,9067.455078
26,0.966593,0.355927,10664.689453
27,0.063232,0.484104,10964.173828
28,0.083532,0.529133,11197.059570
29,0.295337,0.508202,12261.920898
30,0.316804,0.508353,12611.274414
31,0.460499,0.322424,13559.602539
32,0.444149,0.314172,13792.558594
33,0.346681,0.167152,14241.743164
34,0.349257,0.173513,14341.671875
35,0.502228,0.457581,14890.666992
36,0.469068,0.400215,15339.862305
37,0.449883,0.346224,15572.765625
38,0.461745,0.318890,16038.701172
39,0.489081,0.374457,16371.448242
40,0.556421,0.391776,16704.103516
41,0.574530,0.405695,17402.986328
42,0.729339,0.327777,18085.062500
43,0.659519,0.246694,18883.666016
44,0.652058,0.259684,19066.638672
45,0.658684,0.336309,19515.884766
46,0.658579,0.242299,19865.298828
47,0.782682,0.485959,20747.056641
48,0.760768,0.425288,20980.078125
49,0.731090,0.403115,21163.007812
50,0.708821,0.400230,21346.017578
51,0.711512,0.391735,21462.494141
52,0.725919,0.383503,21745.291016
53,0.522240,0.457540,22577.208984
54,0.513841,0.540277,22810.125000
55,0.492665,0.563473,23009.791016
56,0.493782,0.529472,23226.076172
57,0.487027,0.534083,23375.796875
58,0.513861,0.478866,23592.132812
59,0.548547,0.451092,23891.552734
60,0.532328,0.476644,24274.253906
61,0.510583,0.470262,24590.402344
62,0.511671,0.477150,24972.984375
0,0.754465,0.630418,83.187576
1,0.793429,0.530963,399.286713
2,0.780996,0.444067,765.297241
3,0.718574,0.423572,981.575439
4,0.698169,0.385288,1480.663574
5,0.745232,0.353120,1746.880127
6,0.768987,0.316669,2096.316895
7,0.591301,0.406878,2678.661865
8,0.587428,0.392124,2845.002441
9,0.593566,0.435012,3028.049316
10,0.604301,0.461669,3510.576172
11,0.509636,0.442778,3826.634033
12,0.469931,0.405736,4009.598633
13,0.449868,0.362138,4309.119629
14,0.449966,0.332919,4641.865723
15,0.376438,0.310043,4941.292480
16,0.410206,0.361455,5556.876953
17,0.490653,0.360660,6039.423828
18,0.514404,0.349883,6205.761719
19,0.476709,0.327971,6588.493652
20,0.380720,0.260990,6954.470215
21,0.354291,0.433997,7620.002930
22,0.315684,0.440484,8002.698730
23,0.287752,0.399340,8501.750977
24,0.275472,0.385437,8734.770508
25,0.277930,0.384617,8867.765625
26,0.255587,0.384497,9050.832031
27,0.278682,0.377222,9483.356445
28,0.287334,0.374874,9716.287109
29,0.316167,0.422847,10082.317383
30,0.339757,0.497617,10282.007812
31,0.341845,0.507781,10448.375977
32,0.366329,0.470565,10831.084961
33,0.362910,0.476860,10947.526367
34,0.343217,0.531141,11163.779297
35,0.420993,0.587097,11712.834961
36,0.440669,0.566463,11945.780273
37,0.491196,0.554092,12345.059570
38,0.499769,0.570090,12744.312500
39,0.535782,0.580421,13143.647461
40,0.559537,0.501670,13459.755859
41,0.602266,0.512779,13875.695312
42,0.606043,0.505987,13958.981445
43,0.607062,0.494972,14141.872070
44,0.656393,0.499193,14524.588867
45,0.666796,0.505717,14923.916992
46,0.670168,0.480503,15040.312500
47,0.707931,0.472952,15456.291016
48,0.701504,0.476303,15739.170898
49,0.717533,0.453222,16288.165039
50,0.768113,0.462264,16654.238281
51,0.794621,0.482946,16870.488281
52,0.837958,0.526263,17386.238281
53,0.777944,0.489126,17752.330078
54,0.787153,0.530048,18634.064453
55,0.900716,0.479787,18850.322266
56,0.932251,0.455105,19116.521484
57,0.969283,0.455622,19482.568359
58,0.996158,0.453702,19715.470703
59,0.044003,0.489289,20081.548828
60,0.044248,0.489394,20181.378906
61,0.065617,0.472012,20347.714844
62,0.063510,0.497872,20564.021484
63,0.055363,0.482794,20713.802734
64,0.123824,0.534806,21262.769531
65,0.172753,0.456804,21745.353516
66,0.179648,0.458687,21994.855469
67,0.219703,0.408613,22493.980469
68,0.224783,0.397599,22826.695312
69,0.224280,0.402085,23092.941406
70,0.284939,0.425513,23442.289062
71,0.297600,0.428217,23641.980469
72,0.304288,0.416410,23841.720703
73,0.327143,0.543660,24407.281250
74,0.322271,0.548720,24507.125000
0,0.735041,0.486133,382.611908
1,0.815332,0.481617,599.011230
2,0.679706,0.435627,948.360657
3,0.663892,0.445532,1064.803101
4,0.622681,0.437965,1380.973511
5,0.587121,0.434504,1697.060913
6,0.598677,0.408067,1896.622314
7,0.908324,0.468819,2512.307373
8,0.936248,0.462444,2761.828857
9,0.968922,0.498424,3061.294189
10,0.013457,0.499788,3277.543945
11,0.042394,0.488291,3527.168213
12,0.066196,0.483090,3843.308350
13,0.063543,0.482068,3993.085938
14,0.105087,0.468248,4192.678711
15,0.112965,0.493231,4442.230957
16,0.165010,0.471859,4924.769531
17,0.172516,0.469951,5074.425293
18,0.823914,0.465772,5939.581543
19,0.807041,0.467754,6272.346680
20,0.752430,0.444160,6871.355957
21,0.713782,0.415444,7204.014160
22,0.694909,0.440784,7520.127441
23,0.676313,0.440647,7803.072266
24,0.901504,0.432770,8335.446289
25,0.883174,0.423091,8651.480469
26,0.044465,0.426921,9250.442383
27,0.134269,0.358197,9549.950195
28,0.122888,0.354223,9683.069336
29,0.154151,0.435858,9882.662109
30,0.235796,0.435344,10298.683594
31,0.220360,0.406216,10498.368164
32,0.198549,0.403276,10781.193359
33,0.207772,0.397329,10914.239258
34,0.342116,0.453223,11796.042969
35,0.356503,0.446974,12028.912109
36,0.406009,0.407207,12245.290039
37,0.455075,0.440714,12544.708984
38,0.388266,0.311853,12894.171875
39,0.384589,0.292246,13143.628906
40,0.499162,0.494943,13908.973633
41,0.419663,0.488593,14175.163086
42,0.375747,0.482931,14391.469727
43,0.300548,0.489231,14774.151367
44,0.342980,0.484134,15256.637695
45,0.346846,0.472776,15556.098633
46,0.346222,0.434022,15755.777344
47,0.252107,0.419455,15972.032227
48,0.238434,0.424218,16105.138672
49,0.231848,0.408710,16254.897461
50,0.287089,0.379486,16537.750000
51,0.170105,0.418267,16986.947266
52,0.179749,0.422093,17236.505859
53,0.111122,0.453904,17602.566406
54,0.139895,0.448043,17885.386719
55,0.046691,0.473603,18218.117188
56,0.014491,0.483446,18451.062500
57,0.017757,0.478028,18667.333984
58,0.973687,0.492769,18983.449219
59,0.919719,0.485143,19332.853516
60,0.884376,0.472468,19715.515625
61,0.857714,0.485850,19965.093750
62,0.915258,0.493588,20381.015625
63,0.977479,0.481821,20813.591797
64,0.993541,0.459744,20946.710938
65,0.984141,0.446127,21146.339844
66,0.843848,0.488336,21429.175781
67,0.820586,0.496916,21628.812500
68,0.837455,0.498157,21978.201172
69,0.028260,0.496618,22560.531250
70,0.041513,0.494469,22710.267578
71,0.037571,0.498795,22826.746094
72,0.013472,0.508057,23292.601562
73,0.063831,0.493625,23708.542969
74,0.046709,0.463115,23924.822266
75,0.018836,0.464307,24274.193359
0,0.783948,0.501387,49.951355
1,0.722531,0.482675,482.536591
2,0.771230,0.640914,748.747864
3,0.768953,0.790757,1114.687378
4,0.769519,0.763515,1297.742065
5,0.762442,0.704861,1613.839478
6,0.773948,0.710656,1996.573975
7,0.829998,0.677720,2312.608154
8,0.853806,0.501780,2845.042725
9,0.902799,0.465957,3327.529785
10,0.952177,0.488206,3626.986084
11,0.947014,0.480959,3810.006104
12,0.616245,0.434157,5057.833008
13,0.623352,0.418082,5257.492676
14,0.608895,0.420802,5540.371582
15,0.618449,0.466485,5972.877441
16,0.616037,0.468691,6139.270020
17,0.691789,0.436412,6472.000000
18,0.683265,0.449225,6655.008789
19,0.561933,0.507224,7087.589355
20,0.555102,0.455336,7353.858887
21,0.433825,0.470356,7986.014160
22,0.561748,0.450596,8901.175781
23,0.560631,0.431412,9233.847656
24,0.558982,0.421424,9766.269531
25,0.490002,0.443394,10032.453125
26,0.360090,0.482697,10797.810547
27,0.383522,0.255618,11596.409180
28,0.386752,0.249375,11812.681641
29,0.285354,0.325737,12078.900391
30,0.282707,0.318793,12162.083008
31,0.251976,0.482644,12810.964844
32,0.274139,0.465089,13027.234375
33,0.298751,0.459341,13276.833008
34,0.278494,0.485738,14241.800781
35,0.157611,0.442454,15023.719727
36,0.031277,0.438340,16088.541016
37,0.010576,0.472053,16304.820312
38,0.979883,0.461466,16587.666016
39,0.980015,0.466427,16803.943359
40,0.006025,0.478918,17070.156250
41,0.095705,0.487351,17419.546875
42,0.089458,0.488544,17619.185547
43,0.131522,0.490752,18035.123047
44,0.163240,0.457437,18334.609375
45,0.169515,0.492671,18600.849609
46,0.105919,0.330469,19332.861328
47,0.126075,0.304502,19615.705078
48,0.161084,0.470636,19948.449219
49,0.222641,0.476835,20148.113281
50,0.218941,0.443803,20430.960938
51,0.217128,0.431452,20580.685547
52,0.360720,0.534531,21262.828125
53,0.346257,0.555520,21562.320312
54,0.343501,0.544171,21712.070312
55,0.343681,0.524117,21961.609375
56,0.345173,0.538640,22227.802734
57,0.327563,0.526289,22377.562500
58,0.323915,0.526045,22610.480469
59,0.366652,0.460823,22810.130859
60,0.354485,0.461383,23275.976562
61,0.350707,0.444882,23558.816406
62,0.338555,0.457832,23874.966797
63,0.390420,0.430852,24191.074219
64,0.387337,0.435968,24340.779297
65,0.406110,0.370689,24540.419922
66,0.442213,0.447931,24773.367188
0,0.745874,0.428512,33.238705
1,0.767119,0.384660,365.988953
2,0.713119,0.339291,615.509827
3,0.693763,0.330487,898.391235
4,0.676404,0.364018,1214.461914
5,0.680031,0.363760,1330.919067
6,0.638075,0.371912,1780.171997
7,0.871307,0.416068,3344.086182
8,0.904714,0.361113,3577.017334
9,0.906720,0.370552,3693.488525
10,0.913762,0.378150,3909.769531
11,0.968720,0.436808,4209.276855
12,0.033834,0.462694,4625.219727
13,0.063422,0.437231,4774.936035
14,0.124519,0.440766,5124.339844
15,0.121344,0.365541,5373.880859
16,0.190245,0.395046,5673.356445
17,0.146004,0.347992,5906.280273
18,0.128632,0.322781,6172.469238
19,0.074169,0.391698,6438.714355
20,0.057193,0.419049,6688.239258
21,0.026694,0.426733,7037.621582
22,0.954111,0.408909,7536.766602
23,0.862140,0.399192,8035.880371
24,0.805430,0.471926,8285.470703
25,0.727243,0.388650,8917.678711
26,0.687890,0.372994,9133.964844
27,0.692213,0.360142,9300.363281
28,0.686428,0.366293,9400.179688
29,0.642710,0.377006,9699.654297
30,0.574181,0.376049,10015.799805
31,0.513828,0.431912,10248.688477
32,0.477577,0.424517,10647.991211
33,0.433193,0.400840,10930.821289
34,0.408829,0.346526,11197.036133
35,0.354847,0.248460,11413.323242
36,0.355498,0.496540,12278.470703
37,0.265203,0.470545,12644.530273
38,0.253349,0.388356,12844.154297
39,0.266638,0.311860,13126.981445
40,0.263447,0.306507,13309.999023
41,0.289685,0.311258,13642.750000
42,0.308469,0.270856,14042.076172
43,0.187201,0.360843,14274.970703
44,0.144625,0.390095,14740.838867
45,0.298865,0.445490,15489.528320
46,0.370604,0.420037,15972.025391
47,0.482096,0.417470,16404.599609
48,0.498374,0.528581,16970.267578
49,0.493368,0.528416,17070.128906
50,0.616081,0.376750,17319.675781
51,0.622602,0.339470,17552.572266
52,0.611883,0.397645,17802.171875
53,0.672123,0.346323,18118.259766
54,0.759561,0.367211,18550.847656
55,0.725292,0.376505,18833.685547
56,0.713300,0.325958,19066.617188
57,0.780807,0.435791,19316.193359
58,0.778737,0.418049,19482.554688
59,0.795067,0.400065,19815.302734
60,0.782278,0.386069,20098.144531
61,0.789359,0.390127,20913.386719
62,0.800364,0.374702,21113.062500
63,0.772283,0.374617,21379.224609
64,0.771983,0.334528,22294.310547
65,0.771456,0.377296,22676.986328
66,0.782207,0.396966,23009.738281
67,0.854395,0.386158,23259.275391
68,0.902094,0.371998,23575.414062
69,0.950827,0.416578,23891.519531
70,0.864082,0.482235,24207.658203
71,0.863290,0.528722,24457.195312
72,0.986702,0.406566,24723.394531
73,0.048899,0.410341,24972.943359
0,0.761797,0.689298,99.841576
1,0.731432,0.512861,465.925385
2,0.711425,0.411762,1014.938293
3,0.642908,0.433377,1547.271729
4,0.586197,0.399678,1930.027100
5,0.595408,0.452706,2312.666504
6,0.650876,0.425564,2662.063721
7,0.724359,0.455029,3078.001709
8,0.726946,0.456239,3244.334473
9,0.827455,0.520592,3577.077148
10,0.881301,0.484264,3843.262939
11,0.876874,0.504795,3959.811768
12,0.876789,0.518092,4059.603027
13,0.851119,0.502536,4192.775391
14,0.914786,0.476321,4492.260254
15,0.908892,0.463579,4691.846191
16,0.936164,0.467294,4958.117676
17,0.021761,0.513319,5523.695312
18,0.049393,0.516442,5823.255859
19,0.036531,0.517824,5989.516113
20,0.101053,0.503934,6405.462402
21,0.112107,0.524140,6721.577148
22,0.160874,0.506580,6971.219727
23,0.159532,0.492925,7070.989746
24,0.182472,0.285358,7636.775391
25,0.038837,0.287991,7952.842285
26,0.029582,0.287083,8102.554688
27,0.996216,0.472527,8568.407227
28,0.020230,0.515355,8784.688477
29,0.907999,0.436794,9350.366211
30,0.883803,0.409352,9600.025391
31,0.951562,0.405609,9866.170898
32,0.743468,0.285708,10947.557617
33,0.743208,0.277054,11047.362305
34,0.789738,0.502153,11430.029297
35,0.745908,0.469285,11762.769531
36,0.712883,0.461014,11979.159180
37,0.833145,0.507846,12594.649414
38,0.813057,0.495558,12844.216797
39,0.810787,0.486680,12993.966797
40,0.525288,0.370795,13759.395508
41,0.476345,0.440072,13958.968750
42,0.441338,0.487008,14208.537109
43,0.424025,0.516199,14358.285156
44,0.495150,0.534093,14757.588867
45,0.418201,0.519353,15023.795898
46,0.340578,0.523180,15256.654297
47,0.313634,0.488247,15506.278320
48,0.371427,0.315723,15872.354492
49,0.371590,0.266946,16088.638672
50,0.300475,0.467670,17669.099609
51,0.248815,0.410184,17885.472656
52,0.205907,0.424188,18417.845703
53,0.145119,0.518204,18650.798828
54,0.086275,0.598686,19233.097656
55,0.450400,0.945345,21146.437500
56,0.415204,0.952586,21262.912109
57,0.473089,0.943888,21529.121094
58,0.405733,0.919463,21895.083984
59,0.305658,0.926308,22061.496094
60,0.414344,0.792128,22793.523438
61,0.380700,0.610040,23242.697266
62,0.396939,0.660344,23508.958984
63,0.431082,0.615610,23791.765625
64,0.434268,0.489189,24008.072266
65,0.450804,0.494020,24407.339844
66,0.447063,0.494445,24673.570312
0,0.765374,0.410292,599.004211
1,0.694176,0.448869,948.363586
2,0.701641,0.421196,1697.089355
3,0.655795,0.456129,2013.167603
4,0.631877,0.428079,2545.568115
5,0.595508,0.452836,2878.355225
6,0.577113,0.481508,3211.090088
7,0.601093,0.453617,3810.016113
8,0.609567,0.441294,4176.077148
9,0.617802,0.434204,4608.648438
10,0.605957,0.536473,5024.604492
11,0.594482,0.613372,5190.950195
12,0.556540,0.579088,5606.866211
13,0.553480,0.551219,5806.552246
14,0.519828,0.526618,6006.211426
15,0.518973,0.520421,6305.664551
16,0.512225,0.479445,6455.383301
17,0.507525,0.472086,6621.759766
18,0.495010,0.426083,6871.361816
19,0.492685,0.409140,7021.102051
20,0.475831,0.371395,7486.928223
21,0.466876,0.355680,7852.959473
22,0.448391,0.434570,8185.698730
23,0.423732,0.387509,8684.846680
24,0.444051,0.433544,9100.757812
25,0.572110,0.287081,9533.395508
26,0.664277,0.275860,9749.646484
27,0.666150,0.263609,9849.468750
28,0.664633,0.249588,9965.910156
29,0.731892,0.357401,10315.339844
30,0.786737,0.412940,10614.808594
31,0.786046,0.401026,10731.270508
32,0.807314,0.464135,10964.181641
33,0.807936,0.467829,11147.192383
34,0.829836,0.508957,11296.934570
35,0.865794,0.497289,11746.150391
36,0.901917,0.469734,12078.905273
37,0.948971,0.475932,12528.121094
38,0.005760,0.491404,12977.323242
39,0.053946,0.477466,13476.482422
40,0.093061,0.455707,14008.867188
41,0.097444,0.457946,14108.687500
42,0.131179,0.450178,14491.351562
43,0.109163,0.378448,15123.582031
44,0.124511,0.378581,15389.774414
45,0.109992,0.343497,15789.083008
46,0.026786,0.452118,16138.478516
47,0.976760,0.457830,16704.148438
48,0.976691,0.471902,17003.623047
49,0.979802,0.465847,17203.279297
50,0.955034,0.426743,17486.121094
51,0.934358,0.405263,17752.318359
52,0.890411,0.426800,18168.257812
53,0.893774,0.463167,18451.099609
54,0.891037,0.465031,18800.492188
55,0.872627,0.462712,19149.865234
56,0.828340,0.516342,19748.830078
57,0.799390,0.497051,20447.611328
58,0.725618,0.507454,21479.156250
59,0.741618,0.486196,21712.058594
60,0.671686,0.513467,22843.414062
61,0.654274,0.503711,23176.175781
62,0.722893,0.473459,23658.669922
0,0.228273,0.863446,1164.723511
1,0.266385,0.886515,1281.209961
2,0.584194,0.400398,2911.664551
3,0.583485,0.425284,3310.969482
4,0.580570,0.378382,3510.595459
5,0.588250,0.406538,3859.998047
6,0.590822,0.411357,4009.750977
7,0.652083,0.439163,4608.699219
8,0.637484,0.406925,4775.074707
9,0.699059,0.427237,5174.364258
10,0.697199,0.438269,5324.115234
11,0.692681,0.420152,5573.669434
12,0.705177,0.433679,5839.889648
13,0.742372,0.461928,6222.532715
14,0.767959,0.515272,6438.830566
15,0.883911,0.486915,7187.513672
16,0.990427,0.503589,7520.267090
17,0.939455,0.509316,7986.130859
18,0.774919,0.464752,8818.008789
19,0.747666,0.491155,9067.585938
20,0.445769,0.534228,9932.735352
21,0.404544,0.509135,10198.925781
22,0.261532,0.474189,11147.273438
23,0.264003,0.434367,11596.480469
24,0.273116,0.426380,11929.247070
25,0.272426,0.450913,12361.828125
26,0.311831,0.344645,12611.402344
27,0.315563,0.518723,13193.697266
28,0.091427,0.618161,15839.109375
29,0.110770,0.587238,16121.917969
30,0.145503,0.594378,16487.927734
31,0.270311,0.691637,17818.929688
32,0.276679,0.718293,18201.615234
33,0.222034,0.469037,18517.720703
34,0.203711,0.412812,18950.298828
35,0.187665,0.378559,19133.318359
36,0.192345,0.372791,19366.228516
37,0.193160,0.379781,19482.710938
38,0.205002,0.398267,19599.154297
39,0.208400,0.420438,20031.755859
40,0.193924,0.435778,20214.753906
41,0.173095,0.479414,20713.869141
42,0.128372,0.446998,21346.123047
43,0.136482,0.433707,21678.869141
44,0.096113,0.463934,22011.617188
45,0.067315,0.483736,22277.832031
46,0.020235,0.485408,22560.662109
47,0.994908,0.448212,22959.953125
48,0.013513,0.427734,23209.527344
49,0.007072,0.498992,23409.287109
50,0.850081,0.527055,24690.269531
0,0.783194,0.336422,16.687634
1,0.781702,0.430697,482.523132
2,0.919512,0.407534,1114.716797
3,0.926255,0.363943,1414.175415
4,0.934519,0.419510,1680.421875
5,0.822187,0.349353,1880.171875
6,0.794197,0.317108,2096.314697
7,0.793638,0.332500,2196.172852
8,0.763586,0.322139,2445.782227
9,0.724391,0.333359,2778.535400
10,0.726833,0.313555,3161.176758
11,0.696493,0.332084,3660.281006
12,0.683483,0.319111,3959.822510
13,0.732027,0.321704,4192.696289
14,0.790399,0.268025,4924.702148
15,0.747241,0.378145,5423.869141
16,0.732398,0.398712,5640.221191
17,0.727262,0.410265,5740.038574
18,0.705991,0.433096,5906.370117
19,0.594357,0.447075,7237.409180
0,0.787349,0.483943,715.445496
1,0.822316,0.400664,1397.636963
2,0.939440,0.473378,2129.619873
3,0.002002,0.495466,2429.065186
4,0.995490,0.489246,2612.159180
5,0.063853,0.495168,3211.088379
6,0.170095,0.460933,4242.578125
7,0.169102,0.497887,4458.884277
8,0.161129,0.467470,4741.744141
9,0.169254,0.463205,4891.483398
10,0.172771,0.470626,5423.860352
11,0.151633,0.317245,6289.004395
12,0.157598,0.297443,6588.491211
13,0.959068,0.485472,7237.358398
14,0.907991,0.479195,7503.560547
15,0.920601,0.473606,7620.025391
16,0.017472,0.510554,8202.328125
17,0.041887,0.507234,8485.158203
18,0.039662,0.486222,8718.096680
19,0.998048,0.491498,9200.583008
20,0.829636,0.489190,9849.443359
21,0.811496,0.445484,10398.477539
22,0.756627,0.423844,10631.416016
23,0.740170,0.421103,10947.531250
24,0.792052,0.466073,11313.552734
25,0.830630,0.484788,11762.773438
26,0.828195,0.491728,11929.168945
27,0.957573,0.441710,12578.034180
28,0.951020,0.417687,12844.202148
29,0.973680,0.479066,13243.512695
30,0.054079,0.504291,13526.384766
31,0.082234,0.501994,13792.564453
32,0.117597,0.407174,14208.500977
33,0.021656,0.396731,14574.525391
34,0.012128,0.409178,14724.275391
35,0.049178,0.472298,15057.020508
36,0.042603,0.469051,15289.932617
37,0.022063,0.467409,15606.071289
38,0.959001,0.671208,16587.699219
39,0.844564,0.686863,16920.419922
40,0.837275,0.477466,21895.052734
41,0.911869,0.538335,22477.369141
42,0.946561,0.533160,22810.138672
43,0.931640,0.526365,23176.167969
0,0.771650,0.537981,732.041199
1,0.833129,0.483588,1197.866211
2,0.955800,0.643512,2462.363525
3,0.088091,0.533496,2778.521729
4,0.106414,0.407484,3177.845459
5,0.089289,0.326520,3344.095703
6,0.098049,0.354747,3710.189209
7,0.040944,0.343952,3893.137695
8,0.788911,0.480472,4774.937012
9,0.806732,0.537891,5124.370117
10,0.755858,0.526189,5407.177246
11,0.753408,0.235262,5889.667969
12,0.624230,0.151647,6555.168457
13,0.534522,0.203864,6821.384766
14,0.561020,0.201213,7037.660156
15,0.635337,0.230482,7303.866699
16,0.603682,0.323481,7536.826172
17,0.505211,0.446590,8102.480469
18,0.474975,0.519822,8418.582031
19,0.457781,0.505367,8684.792969
20,0.437002,0.436135,8867.802734
21,0.444643,0.435086,9167.263672
22,0.398986,0.380675,9500.025391
23,0.394542,0.340047,9649.757812
24,0.430436,0.277842,9899.325195
25,0.457473,0.251373,10215.496094
26,0.527423,0.305275,10531.544922
27,0.460513,0.207850,10747.877930
28,0.376362,0.218549,11030.709961
29,0.382753,0.165584,11230.331055
30,0.381558,0.163749,11346.801758
31,0.405479,0.150100,11529.832031
32,0.418502,0.162076,11762.750977
33,0.312821,0.232283,12178.700195
34,0.288322,0.249406,12528.070312
35,0.379775,0.078379,13343.309570
36,0.384329,0.119638,13676.071289
37,0.358832,0.130155,13825.800781
38,0.290325,0.543689,14408.123047
39,0.312898,0.582729,14624.406250
40,0.314207,0.564860,14824.049805
41,0.263060,0.501057,15472.918945
42,0.271916,0.494372,15589.416992
43,0.298120,0.433747,15789.013672
44,0.284116,0.372881,16055.260742
45,0.262384,0.399541,16571.019531
46,0.283133,0.398423,17036.853516
47,0.280151,0.397801,17352.982422
48,0.286311,0.405903,17735.625000
49,0.238463,0.432053,20480.853516
50,0.234630,0.453779,20597.304688
51,0.274341,0.472976,20813.617188
52,0.285639,0.387151,21013.248047
53,0.279547,0.382769,21229.527344
54,0.294084,0.122804,21745.283203
55,0.303052,0.066469,21928.318359
56,0.314230,0.087747,22061.400391
57,0.167787,0.077640,22261.048828
58,0.093553,0.588324,23841.628906
59,0.061090,0.515967,24024.638672
60,0.040740,0.473318,24606.943359
0,0.763571,0.608124,366.071991
1,0.844408,0.443240,1064.875244
2,0.859691,0.428553,1197.989258
3,0.886900,0.446877,1497.441650
4,0.968586,0.441098,1979.974365
5,0.995700,0.438548,2212.907227
6,0.056910,0.437853,2878.368408
7,0.215606,0.365400,3610.390869
8,0.238131,0.357384,3826.660156
9,0.205141,0.333531,3993.050781
10,0.200224,0.345092,4309.170410
11,0.211553,0.352498,4741.721680
12,0.230891,0.345532,5190.927734
13,0.273640,0.341210,5340.680664
14,0.279894,0.347057,5523.680664
15,0.286144,0.311869,5939.611328
16,0.271899,0.339608,6189.188477
17,0.344775,0.383142,6638.415039
18,0.341113,0.379824,6821.410156
19,0.261785,0.346673,7004.439941
20,0.205661,0.390043,7237.350586
21,0.192765,0.386679,7436.991211
22,0.201733,0.435669,7753.136230
23,0.149500,0.400829,7986.040527
24,0.147733,0.391101,8102.531250
25,0.950602,0.442520,9000.948242
26,0.903582,0.426315,9167.316406
27,0.867590,0.394142,9333.690430
28,0.795105,0.468394,9716.376953
29,0.757299,0.468399,9932.683594
30,0.713478,0.405294,10215.555664
31,0.639933,0.390368,10714.612305
32,0.594012,0.390923,10947.527344
33,0.600491,0.401652,11097.272461
34,0.602683,0.341544,11247.018555
35,0.651953,0.350587,11479.954102
36,0.617251,0.488047,11812.715820
37,0.455749,0.459773,12544.773438
38,0.485372,0.468318,12827.592773
39,0.504544,0.305025,13176.977539
40,0.479383,0.267734,13326.710938
41,0.528658,0.276787,13592.952148
42,0.836857,0.455710,14358.233398
43,0.867035,0.480440,14624.458008
44,0.307336,0.947604,15789.077148
45,0.085393,0.383321,16953.707031
46,0.095811,0.335142,17170.023438
47,0.053645,0.471472,17536.019531
48,0.035936,0.488069,17785.589844
49,0.010494,0.494437,18118.333984
50,0.999126,0.471508,18467.748047
51,0.835923,0.449860,19283.003906
52,0.815594,0.451025,19416.076172
53,0.805217,0.455093,19649.003906
54,0.776245,0.433766,20015.019531
55,0.747883,0.464192,20247.974609
56,0.695594,0.376138,20630.623047
57,0.705495,0.382244,20880.183594
58,0.636002,0.363986,21113.146484
59,0.602952,0.356805,21379.332031
60,0.595769,0.354199,21529.064453
61,0.595134,0.391483,21811.882812
62,0.440503,0.422595,22444.125000
63,0.361100,0.412471,22893.404297
64,0.336025,0.441039,23192.857422
65,0.322588,0.479872,23325.910156
66,0.286953,0.413720,23575.480469
67,0.269924,0.394896,23741.878906
68,0.332330,0.430377,24057.970703
69,0.324499,0.502560,24191.062500
70,0.271594,0.369277,24374.119141
71,0.266500,0.356508,24623.634766
0,0.773002,0.524406,282.910522
1,0.803188,0.478102,532.451050
2,0.922915,0.409346,998.297974
3,0.949261,0.397336,1264.508423
4,0.014893,0.384241,1563.989624
5,0.728983,0.219534,2362.643311
6,0.843348,0.487743,3028.101074
7,0.861067,0.477920,3177.833008
8,0.801371,0.536171,3560.454346
9,0.748661,0.509975,3843.296387
10,0.714323,0.491962,4026.314453
11,0.712442,0.494492,4375.795410
12,0.659783,0.488875,4608.639160
13,0.615451,0.482848,4791.688965
14,0.617037,0.406521,5207.566895
15,0.507067,0.435435,5523.732910
16,0.475865,0.447341,5773.286621
17,0.448544,0.374996,5972.940430
18,0.418262,0.408926,6222.463867
19,0.380126,0.341302,6455.459961
20,0.375862,0.247795,6671.715332
21,0.385163,0.200001,6838.093750
22,0.400611,0.204990,7154.213379
23,0.301299,0.255176,7370.524902
24,0.285974,0.477144,7620.012207
25,0.271799,0.419571,7902.874512
26,0.297340,0.385710,8202.349609
27,0.218459,0.375165,8451.921875
28,0.084191,0.454442,11380.135742
29,0.124963,0.385735,11679.639648
30,0.171164,0.428856,11929.162109
31,0.190772,0.414976,12095.583984
32,0.188306,0.407321,12195.393555
33,0.191245,0.409290,12328.470703
34,0.093157,0.467250,12544.800781
35,0.044361,0.460556,13276.843750
36,0.935757,0.468242,13526.392578
37,0.704046,0.441145,14324.987305
38,0.709946,0.435005,14424.832031
39,0.726512,0.436183,14574.587891
40,0.721855,0.490568,14923.955078
41,0.715827,0.470885,15140.256836
42,0.184426,0.429734,16637.609375
43,0.254330,0.339435,17303.121094
44,0.241739,0.335497,17619.261719
45,0.240865,0.360482,17768.984375
46,0.246789,0.423562,18151.710938
47,0.286519,0.526150,18617.566406
48,0.299345,0.536971,18850.447266
49,0.250075,0.423800,19099.976562
50,0.017698,0.394611,19865.328125
51,0.046060,0.197247,20514.185547
52,0.042698,0.399411,20863.593750
53,0.918815,0.404609,21562.324219
54,0.894623,0.454809,21895.128906
55,0.889382,0.490465,22394.232422
56,0.858576,0.555537,22677.138672
57,0.786061,0.550423,23026.433594
58,0.738254,0.439720,23342.568359
59,0.718480,0.412903,23725.287109
60,0.708216,0.458333,24274.271484
61,0.773471,0.533805,24490.556641
62,0.764801,0.510974,24973.070312
0,0.699996,0.440732,415.968811
1,0.610477,0.357289,1014.840881
2,0.663476,0.096990,1563.918091
3,0.757280,0.090052,1746.918457
4,0.930650,0.411717,2545.511475
5,0.975063,0.339272,2845.056641
6,0.007491,0.423671,3144.452393
7,0.873971,0.422692,3510.559814
8,0.727855,0.686063,4092.842285
9,0.773891,0.376531,4542.030762
10,0.729189,0.307080,4891.386719
11,0.685407,0.312408,5174.256836
12,0.687239,0.291640,5307.337891
13,0.710681,0.285243,5573.561523
14,0.852778,0.371508,6438.722656
15,0.859418,0.342362,6688.255371
16,0.070332,0.404347,7387.066406
17,0.072410,0.403837,7570.076172
18,0.149646,0.453974,7869.600586
19,0.216982,0.376582,8385.332031
20,0.254279,0.317785,8934.376953
21,0.252091,0.317194,9034.242188
22,0.256936,0.301561,9183.889648
23,0.235895,0.296715,9433.464844
24,0.044169,0.414075,10165.519531
25,0.078173,0.446781,10348.531250
26,0.149314,0.380388,10697.958984
27,0.300045,0.287950,11479.898438
28,0.281140,0.280102,11662.897461
29,0.396395,0.340067,11995.639648
30,0.390392,0.339308,12128.751953
31,0.998813,0.349791,13676.053711
32,0.939602,0.431939,13875.684570
33,0.049626,0.418062,14258.421875
34,0.090261,0.397386,14674.335938
35,0.151585,0.387658,14857.394531
36,0.148461,0.348751,15023.708984
37,0.138767,0.347941,15140.239258
38,0.793755,0.429929,16071.889648
39,0.831096,0.357649,16471.181641
40,0.754531,0.291215,16787.332031
41,0.719241,0.238558,17103.414062
42,0.714170,0.396522,17718.986328
43,0.707361,0.370681,17918.740234
44,0.625652,0.368910,18384.490234
45,0.633527,0.393982,18617.462891
46,0.559062,0.402411,18817.140625
47,0.577817,0.318656,19066.642578
48,0.633663,0.300165,19299.607422
49,0.856575,0.390902,19965.121094
50,0.860943,0.392550,20231.365234
51,0.849257,0.351496,20697.128906
52,0.806812,0.339507,20979.978516
53,0.756013,0.432720,21312.736328
54,0.760320,0.451394,21412.544922
55,0.780940,0.484308,21678.746094
56,0.917640,0.363531,21994.857422
57,0.909315,0.350671,22144.654297
58,0.980935,0.391997,22444.070312
59,0.022356,0.415468,22793.451172
60,0.013163,0.411353,22959.923828
61,0.095603,0.403080,23259.302734
62,0.102276,0.398929,23475.607422
63,0.117427,0.427428,23741.810547
64,0.802934,0.435896,24640.251953
65,0.725718,0.457602,24973.042969
