Idx, longitude, latitude, start timestamp
0,0.768352,0.476620,99.955864
1,0.761156,0.486360,316.225128
2,0.753775,0.474049,482.598114
3,0.758610,0.304633,1247.949463
4,0.712931,0.183936,1680.549683
5,0.581797,0.056176,2312.839844
6,0.500379,0.055385,2811.942139
7,0.577752,0.035792,2978.304443
8,0.810759,0.125090,3760.318604
9,0.846501,0.131488,3910.007812
10,0.886064,0.115866,4375.742676
11,0.901110,0.098929,4592.117676
12,0.904448,0.139854,4808.397461
13,0.989772,0.387581,5174.413574
14,0.001055,0.462736,5440.652344
15,0.000462,0.469099,5573.739746
16,0.001202,0.486123,5790.020020
17,0.998345,0.502662,5889.878418
18,0.010178,0.288520,6139.441895
19,0.012215,0.322142,6372.415527
20,0.030016,0.328729,6838.200684
21,0.011007,0.319482,7154.416016
22,0.973146,0.322376,7536.954590
23,0.971650,0.276967,7769.869629
24,0.992620,0.224575,7936.218750
25,0.012247,0.194028,8085.958008
26,0.021873,0.180687,8252.297852
27,0.008934,0.199782,8651.708984
28,0.999655,0.217210,9084.159180
29,0.006351,0.239256,9300.621094
30,0.927110,0.163681,9566.684570
31,0.550425,0.246162,11530.020508
32,0.546114,0.281734,11713.077148
33,0.501608,0.443924,12045.761719
34,0.493359,0.484937,12328.653320
35,0.498210,0.444550,12661.377930
36,0.506912,0.428752,13043.986328
37,0.500494,0.426188,13210.377930
38,0.525118,0.478839,13476.579102
39,0.645974,0.521726,14191.939453
40,0.657892,0.504785,14408.202148
41,0.667121,0.566691,14774.346680
42,0.700827,0.563677,15140.318359
43,0.703207,0.576277,15572.977539
44,0.757011,0.504349,15938.963867
45,0.760609,0.474338,16271.650391
46,0.754571,0.439269,16587.808594
47,0.721486,0.434330,16903.923828
48,0.757316,0.363216,17153.396484
49,0.763399,0.335259,17403.072266
50,0.760127,0.341396,17619.300781
51,0.782641,0.410005,18334.750000
52,0.801454,0.464927,18783.919922
53,0.814044,0.444335,19066.767578
54,0.814578,0.401385,19382.896484
55,0.813995,0.371457,19615.718750
56,0.834187,0.473311,20148.218750
57,0.852359,0.561321,20480.970703
58,0.822499,0.207781,21063.289062
59,0.822085,0.170999,21296.193359
60,0.832263,0.151436,21512.470703
61,0.845516,0.114050,21961.677734
62,0.838547,0.100660,22161.339844
63,0.830381,0.188421,22593.923828
64,0.916360,0.267753,23109.662109
65,0.929979,0.280968,23442.439453
66,0.914274,0.314019,23791.781250
67,0.902748,0.327481,23991.447266
68,0.905002,0.387644,24357.531250
69,0.920456,0.411459,24573.839844
0,0.749653,0.482646,382.582153
1,0.740264,0.480191,499.129730
2,0.756803,0.254147,998.174988
3,0.763404,0.162362,1314.289062
4,0.740447,0.118554,1530.574463
5,0.743942,0.071031,1663.715454
6,0.989910,0.389080,2978.033447
7,0.981789,0.467944,3443.874512
8,0.986969,0.451265,3693.529053
9,0.443912,0.515743,5939.448242
10,0.490064,0.484134,6288.943359
11,0.494243,0.435674,6971.059570
12,0.446307,0.508656,7220.591797
13,0.483457,0.427826,8917.689453
14,0.483161,0.207528,9965.777344
15,0.482382,0.202841,10232.010742
16,0.843984,0.631979,12577.827148
17,0.997897,0.458755,13775.856445
18,0.993087,0.462979,13958.800781
19,0.992159,0.470315,14191.738281
20,0.996584,0.291236,14774.043945
21,0.982108,0.276952,15006.921875
22,0.727330,0.481395,15822.204102
23,0.759030,0.250250,16737.281250
24,0.762869,0.250376,17203.162109
25,0.760890,0.149471,17535.882812
26,0.774080,0.175516,17752.146484
27,0.770370,0.585042,18500.865234
28,0.781559,0.771253,19216.273438
29,0.781114,0.700810,19499.117188
30,0.764623,0.527079,22443.916016
31,0.744401,0.292113,23192.640625
32,0.725954,0.306786,23442.177734
33,0.756185,0.278744,23791.548828
34,0.746182,0.429576,24190.886719
35,0.744730,0.524680,24690.011719
36,0.833880,0.629118,24839.759766
0,0.771886,0.506315,332.785980
1,0.774152,0.442452,648.780151
2,0.782393,0.350215,815.242188
3,0.788212,0.294441,1147.927979
4,0.785128,0.293089,1330.949707
5,0.798425,0.247884,1580.611694
6,0.805100,0.226970,1796.815430
7,0.801581,0.225251,1946.514893
8,0.800113,0.474004,2778.429688
9,0.805255,0.487063,2861.668213
10,0.745883,0.541780,3094.512207
11,0.993032,0.129249,4242.505371
12,0.040324,0.139352,4408.894531
13,0.059260,0.144859,4575.357422
14,0.059101,0.149809,4775.104004
15,0.075556,0.162670,5124.283203
16,0.042793,0.168685,5274.168945
17,0.946246,0.120131,5756.610840
18,0.972457,0.043329,6205.708008
19,0.482647,0.342216,7403.764160
20,0.463441,0.429428,7586.773438
21,0.472406,0.435769,7719.809570
22,0.477901,0.524096,7985.930664
23,0.481821,0.579771,8185.699219
24,0.489977,0.557085,8501.875000
25,0.493478,0.537049,8934.316406
26,0.497508,0.535120,9050.790039
27,0.506305,0.489091,9317.116211
28,0.491708,0.594809,9566.591797
29,0.516114,0.596992,9732.905273
30,0.501411,0.628616,10148.921875
31,0.462328,0.546864,10598.206055
32,0.525081,0.383890,10897.563477
33,0.525060,0.370987,11097.155273
34,0.455442,0.539456,11646.275391
35,0.519081,0.580626,11979.002930
36,0.459267,0.533940,12594.668945
37,0.457304,0.508455,12827.486328
38,0.573451,0.546267,13143.618164
39,0.765648,0.537069,14424.778320
40,0.792086,0.543347,14657.753906
41,0.814456,0.552063,14873.955078
42,0.984653,0.564445,16304.856445
43,0.982625,0.546105,16537.750000
44,0.052426,0.308563,16803.953125
45,0.131026,0.170336,17585.943359
46,0.121455,0.536335,20081.605469
47,0.126719,0.545057,20480.947266
48,0.179480,0.442721,20980.011719
49,0.115838,0.561054,21329.404297
50,0.113655,0.571377,21529.000000
51,0.104851,0.562520,22011.484375
52,0.054688,0.632443,22460.771484
0,0.693771,0.513410,16.584745
1,0.750228,0.411667,482.438019
2,0.745575,0.355842,648.833374
3,0.743498,0.282232,848.469604
4,0.744083,0.237657,1031.546997
5,0.749987,0.135391,1414.204712
6,0.753403,0.093647,1597.197388
7,0.738180,0.063762,1763.510986
8,0.737889,0.031373,1963.145020
9,0.754262,0.033899,2063.046143
10,0.615300,0.005085,2196.219482
11,0.382846,0.015846,2395.773438
12,0.382378,0.033949,2578.730713
13,0.435522,0.088595,2845.067383
14,0.617799,0.218365,3510.453857
15,0.649665,0.304063,3726.754639
16,0.725933,0.418637,3993.015137
17,0.746544,0.479458,4159.339844
18,0.755748,0.516958,4425.515137
19,0.756344,0.537716,4558.590820
20,0.758281,0.517732,4741.580566
21,0.765376,0.547779,4924.680664
22,0.680269,0.565863,5207.431152
23,0.510020,0.531594,5723.165039
24,0.486504,0.521496,5939.593262
25,0.480373,0.420872,6188.988281
26,0.508454,0.161964,7037.629883
27,0.535690,0.096851,7204.025879
28,0.649712,0.256451,8118.950684
29,0.497087,0.528171,9283.564453
30,0.523050,0.511038,9732.751953
31,0.442807,0.514545,9949.203125
32,0.488965,0.260772,10481.475586
33,0.486347,0.229808,10647.850586
34,0.198232,0.353750,13625.890625
35,0.213460,0.139324,14058.557617
36,0.049975,0.174502,14524.382812
37,0.979925,0.262845,14807.302734
38,0.977270,0.292616,15223.136719
39,0.969155,0.485675,16005.059570
40,0.970586,0.480826,16604.046875
41,0.120308,0.528645,18251.111328
42,0.148845,0.167411,19648.630859
43,0.257774,0.445811,20530.445312
44,0.403005,0.466364,21478.826172
45,0.573670,0.484306,23974.341797
46,0.706570,0.433687,24673.056641
0,0.762061,0.426960,349.335785
1,0.749142,0.316451,682.075928
2,0.729322,0.228034,1197.877441
3,0.719697,0.299524,1597.161377
4,0.730484,0.182243,2279.335938
5,0.749760,0.289686,2495.551514
6,0.763982,0.427493,2761.843506
7,0.758796,0.434229,2978.090820
8,0.738571,0.396824,3244.237305
9,0.732726,0.350784,3593.605225
10,0.730546,0.262371,3776.605469
11,0.905218,0.345483,4458.721680
12,0.798687,0.321384,4641.812500
13,0.765937,0.326494,5057.707520
14,0.817945,0.344326,5357.218750
15,0.827561,0.437407,5640.112793
16,0.805702,0.298121,6105.979004
17,0.668802,0.364237,6605.083984
18,0.677155,0.364176,6887.846680
19,0.674437,0.290036,7070.791992
20,0.679384,0.448016,7436.934570
21,0.689700,0.451912,7603.313965
22,0.702026,0.402222,8085.780762
23,0.759887,0.364233,9549.874023
24,0.755020,0.310965,9832.752930
25,0.755762,0.299317,10032.409180
26,0.757835,0.289478,10281.855469
27,0.771685,0.452152,10864.283203
28,0.531926,0.441327,12295.120117
29,0.531489,0.389689,12527.945312
30,0.537242,0.379419,12727.589844
31,0.601625,0.287826,13027.062500
32,0.567026,0.299463,13476.360352
33,0.452187,0.480120,15422.918945
34,0.276756,0.503319,17685.646484
35,0.278033,0.492233,17868.626953
36,0.279563,0.269196,18866.892578
37,0.170481,0.263720,19648.855469
38,0.206611,0.273389,19898.507812
39,0.246077,0.300983,20098.095703
40,0.260647,0.431643,20480.722656
41,0.260529,0.437917,20580.564453
42,0.200673,0.520419,20846.734375
43,0.305919,0.253589,22876.537109
44,0.312974,0.332102,23309.148438
45,0.263891,0.305143,23591.921875
46,0.255134,0.269085,23808.251953
0,0.755241,0.503409,415.898682
1,0.738836,0.492558,732.019470
2,0.764578,0.397925,1098.082153
3,0.771512,0.346326,1297.675903
4,0.764888,0.287234,1480.754639
5,0.760117,0.238671,1647.224487
6,0.774894,0.171307,2296.045654
7,0.793809,0.125733,2545.503174
8,0.738447,0.106147,2911.531006
9,0.676235,0.128382,3177.733643
10,0.691912,0.106803,3410.741699
11,0.546431,0.269194,3643.629395
12,0.545844,0.269574,4059.643311
13,0.500655,0.304584,4358.958496
14,0.504999,0.300731,4458.837402
15,0.480899,0.329103,4658.509277
16,0.494105,0.385236,5091.102051
17,0.491833,0.529617,5407.241699
18,0.498205,0.512431,5623.441406
19,0.495614,0.501035,5706.736328
20,0.497375,0.486493,6322.345703
21,0.558544,0.500565,6655.045410
22,0.581837,0.481938,6871.311523
23,0.634907,0.469017,7120.834473
24,0.669123,0.468830,7387.022461
25,0.707259,0.438550,7686.549805
26,0.744246,0.448645,7952.778320
27,0.734021,0.466487,8385.320312
28,0.693728,0.543792,8601.702148
29,0.628569,0.571480,8801.342773
30,0.578933,0.535562,9117.397461
31,0.550932,0.527156,9300.389648
32,0.486309,0.527786,9583.241211
33,0.414014,0.544156,9999.099609
34,0.366171,0.523019,10281.992188
35,0.287196,0.537193,11097.204102
36,0.265579,0.506134,11380.162109
37,0.261758,0.460965,11563.080078
38,0.233279,0.488456,11779.359375
39,0.225335,0.491852,12078.812500
40,0.135423,0.514509,12644.588867
41,0.096186,0.465407,13093.687500
42,0.099972,0.497488,13310.092773
43,0.105285,0.485306,13809.267578
44,0.101275,0.480172,13958.926758
45,0.098501,0.488766,14175.218750
46,0.974741,0.454114,15423.043945
47,0.048351,0.294833,15922.214844
48,0.043658,0.270649,16221.727539
49,0.060699,0.242815,16587.660156
50,0.089262,0.211082,16853.882812
51,0.146216,0.205293,17070.173828
52,0.461334,0.486803,20264.539062
53,0.370905,0.512980,20713.728516
54,0.377993,0.453216,20963.298828
55,0.432987,0.403063,21412.533203
56,0.506691,0.433120,21645.427734
57,0.548421,0.469951,22427.427734
58,0.521978,0.511662,22627.041016
59,0.526018,0.497170,22909.908203
60,0.489645,0.523817,23409.041016
0,0.754697,0.505645,316.075317
1,0.752773,0.473761,582.315430
2,0.757637,0.313307,815.194641
3,0.761470,0.273909,1031.479980
4,0.816908,0.180024,1330.950195
5,0.874523,0.230939,1663.726074
6,0.937751,0.171859,2029.880615
7,0.968640,0.146345,2179.646729
8,0.015385,0.241673,2512.286133
9,0.003111,0.497106,3094.587158
10,0.095119,0.514631,3610.260986
11,0.118458,0.522484,3776.663574
12,0.112302,0.503698,3976.426758
13,0.763787,0.533324,5157.627441
14,0.564553,0.546974,5706.659668
15,0.509455,0.492273,6155.923828
16,0.519048,0.222344,8119.067871
17,0.478756,0.495900,8817.963867
18,0.453199,0.262531,10282.053711
19,0.020251,0.475411,15489.572266
20,0.495201,0.452119,17968.544922
21,0.493482,0.471821,18733.871094
22,0.499744,0.342851,18950.156250
0,0.779121,0.340924,415.876526
1,0.777543,0.318621,582.252625
2,0.711125,0.253649,831.905518
3,0.769757,0.253581,1164.639893
4,0.767083,0.263712,1247.775269
5,0.807807,0.379124,1430.813965
6,0.752350,0.385526,1929.886841
7,0.752091,0.352427,2046.310425
8,0.880427,0.468037,2612.082764
9,0.943637,0.162646,3310.827637
10,0.004836,0.213360,3643.523438
11,0.027463,0.247737,3943.107422
12,0.052515,0.218336,4109.390625
13,0.062882,0.182024,4325.743652
14,0.064888,0.144965,4741.754883
15,0.068613,0.146875,4841.382324
16,0.076668,0.135647,4974.538574
17,0.066103,0.301050,5889.658203
18,0.008920,0.556737,6372.207031
19,0.007231,0.543796,6471.915527
20,0.994406,0.375408,7270.458496
21,0.995698,0.362083,7553.362305
22,0.130423,0.429211,8035.886230
23,0.335568,0.170422,10464.945312
24,0.720611,0.209153,13725.864258
25,0.726149,0.168579,13975.497070
26,0.473244,0.403059,16188.218750
27,0.440344,0.409403,16670.720703
28,0.497348,0.283346,17169.789062
29,0.500979,0.242977,17302.910156
30,0.504609,0.235820,17419.441406
31,0.636454,0.240248,18700.548828
32,0.688857,0.395396,19199.685547
33,0.751628,0.462980,21096.357422
34,0.764025,0.420274,22061.390625
35,0.902665,0.465034,23808.171875
36,0.005636,0.483729,24922.914062
0,0.722628,0.666171,116.450630
1,0.760583,0.623555,349.448883
2,0.758723,0.482415,1414.217163
3,0.766041,0.375279,1580.545898
4,0.762531,0.285255,1880.148804
5,0.769397,0.221949,2046.409058
6,0.763277,0.260093,2262.733643
7,0.768087,0.237571,2379.155029
8,0.765383,0.236324,2528.887695
9,0.871366,0.146878,2845.041016
10,0.894477,0.179778,3077.950195
11,0.987380,0.412448,3793.348389
12,0.848328,0.179510,4425.581055
13,0.994864,0.437906,5690.080566
14,0.967452,0.471456,5972.925293
15,0.867252,0.543104,6338.913086
16,0.804606,0.677325,6821.381836
17,0.840779,0.705008,7021.029785
18,0.853041,0.707868,7270.663574
19,0.660111,0.590788,7586.756348
20,0.765709,0.705851,8418.602539
21,0.763963,0.736620,8651.566406
22,0.496789,0.458371,9549.950195
23,0.485730,0.290085,9982.546875
24,0.497492,0.200519,10365.199219
25,0.519000,0.161350,10548.219727
26,0.518845,0.159760,10764.518555
27,0.521523,0.111785,11014.058594
28,0.364193,0.169765,11429.991211
29,0.287865,0.327035,12278.516602
30,0.275671,0.280373,12494.837891
31,0.267623,0.208913,12694.458008
32,0.257956,0.146168,12877.498047
33,0.260787,0.129756,13027.226562
34,0.247251,0.156820,13127.045898
35,0.251003,0.391592,13975.583008
36,0.259189,0.458499,14291.710938
37,0.268636,0.534419,14574.518555
38,0.267146,0.516664,14690.967773
39,0.280932,0.488849,14957.195312
40,0.281647,0.476082,15123.567383
41,0.227334,0.620533,15306.550781
42,0.210643,0.715406,15572.755859
43,0.194381,0.754283,15872.247070
44,0.618002,0.226058,17120.076172
45,0.667857,0.194168,17519.373047
46,0.709340,0.258300,17768.941406
47,0.773081,0.351518,18268.056641
48,0.783520,0.457493,18534.242188
49,0.774909,0.512704,18750.544922
50,0.758763,0.516735,19266.320312
51,0.739245,0.405935,19416.044922
52,0.223801,0.042781,19981.744141
53,0.580662,0.073540,20613.957031
54,0.525053,0.402786,21529.041016
55,0.506399,0.458477,22227.822266
56,0.763159,0.522775,23159.523438
57,0.769356,0.394388,23409.062500
58,0.765865,0.326961,23625.373047
59,0.767037,0.293497,23941.490234
60,0.754887,0.494377,24191.031250
61,0.757845,0.495264,24507.154297
0,0.767104,0.493462,282.887238
1,0.764011,0.393933,449.299011
2,0.800769,0.138107,1098.096436
3,0.892482,0.143758,1364.364380
4,0.919799,0.180752,1530.713379
5,0.909133,0.191207,1613.859131
6,0.893473,0.450204,2578.867432
7,0.921853,0.444257,2778.495850
8,0.045433,0.231564,3726.840820
9,0.980162,0.512569,4342.472168
10,0.982575,0.515886,4442.210938
11,0.956703,0.595119,4924.750000
12,0.171333,0.164667,5806.525391
13,0.318943,0.049372,6189.223145
14,0.350883,0.069833,6388.818848
15,0.482715,0.073562,6621.734375
16,0.176639,0.181754,7220.742188
17,0.164564,0.311263,7437.061035
18,0.256301,0.640500,8069.268555
19,0.236505,0.596108,8302.219727
20,0.099818,0.511998,8585.028320
21,0.100274,0.470282,8801.292969
22,0.102580,0.459031,9084.154297
23,0.989890,0.447097,10331.929688
24,0.981730,0.584986,10581.593750
25,0.859817,0.453911,10980.842773
26,0.510444,0.372348,12361.709961
27,0.491570,0.467090,12727.816406
28,0.514910,0.519052,12944.039062
29,0.511169,0.532155,13177.025391
30,0.522474,0.701730,13493.125977
31,0.443066,0.618920,14042.119141
32,0.452821,0.441010,14341.634766
33,0.458322,0.427458,14458.148438
34,0.566669,0.340613,14874.003906
35,0.579511,0.133178,15323.272461
36,0.535640,0.071382,15506.206055
37,0.518036,0.084323,15606.099609
38,0.526120,0.098341,15722.572266
39,0.666247,0.251371,15972.096680
40,0.767450,0.477936,17203.248047
41,0.774275,0.527923,17419.539062
42,0.778623,0.501865,17702.402344
43,0.780766,0.663075,17935.308594
44,0.765314,0.759520,18184.916016
45,0.745445,0.800390,18384.583984
46,0.731780,0.804308,18684.052734
47,0.731777,0.953656,18983.498047
48,0.173824,0.953750,19133.261719
49,0.243027,0.922756,19332.871094
50,0.282307,0.881619,19565.828125
51,0.303153,0.870174,19848.750000
52,0.275550,0.912383,20331.226562
53,0.109455,0.951475,20564.093750
54,0.024762,0.949517,20697.189453
55,0.276778,0.927615,20863.521484
56,0.193516,0.914702,22227.818359
57,0.219096,0.859472,22527.302734
58,0.208539,0.836084,22660.443359
59,0.212455,0.797115,22826.777344
60,0.214658,0.779563,23043.066406
61,0.226139,0.555350,23492.320312
62,0.212397,0.548780,23675.412109
63,0.195967,0.537338,23958.175781
64,0.166639,0.504746,24157.761719
65,0.133264,0.563789,24374.085938
66,0.113464,0.579312,24523.900391
0,0.756655,0.478986,316.056458
1,0.751061,0.728386,648.837769
2,0.753443,0.777468,848.472534
3,0.272820,0.822824,3194.445312
4,0.271475,0.657482,6089.312500
5,0.270883,0.611515,6388.841797
6,0.263242,0.655694,6887.943359
7,0.276271,0.359377,7303.863770
8,0.278029,0.311679,7470.277832
9,0.274819,0.158288,7902.796875
10,0.297375,0.116845,8119.062988
11,0.247810,0.091507,9533.290039
12,0.758637,0.411623,10714.574219
13,0.755385,0.380093,10947.513672
14,0.772939,0.449642,11163.779297
15,0.992442,0.405748,12145.424805
16,0.996044,0.507242,12577.958984
17,0.149001,0.354636,13143.682617
18,0.176932,0.271985,13360.043945
19,0.132506,0.260381,13526.299805
20,0.870422,0.412502,14341.583984
21,0.879343,0.391348,14491.327148
22,0.016137,0.174660,15007.067383
23,0.040755,0.135722,15156.881836
24,0.987780,0.125866,15722.502930
25,0.044032,0.152551,15872.199219
26,0.703474,0.414735,16837.203125
27,0.678926,0.436422,17103.361328
28,0.643155,0.404359,17336.312500
29,0.644992,0.413882,17436.140625
30,0.655111,0.399137,17685.738281
31,0.553999,0.390388,18085.003906
32,0.494833,0.373822,18500.988281
33,0.495703,0.389193,18634.080078
34,0.503336,0.391691,18983.425781
35,0.506320,0.399983,19099.982422
36,0.506834,0.413058,19233.052734
37,0.462887,0.398667,19482.634766
38,0.493639,0.444734,19798.677734
39,0.468785,0.443475,20114.804688
40,0.462185,0.434774,20281.281250
41,0.465789,0.425781,20846.916016
42,0.503030,0.373992,21811.851562
43,0.521871,0.280407,22078.125000
44,0.516306,0.284643,22710.230469
45,0.536812,0.238234,22860.011719
46,0.533317,0.192040,23093.007812
47,0.522912,0.211109,23192.742188
48,0.507055,0.560957,23658.599609
49,0.452416,0.460376,24174.439453
50,0.500495,0.460654,24557.121094
0,0.754612,0.447097,316.110779
1,0.758037,0.394191,582.298584
2,0.909741,0.434690,1297.721313
3,0.908286,0.425779,1397.560669
4,0.975785,0.461016,1580.603271
5,0.974749,0.458024,1763.575562
6,0.994400,0.395903,1979.837402
7,0.000436,0.296672,2196.088867
8,0.014824,0.274024,2495.614502
9,0.000845,0.475642,2911.581543
10,0.024908,0.218842,3360.776367
11,0.019015,0.203031,3610.291992
12,0.945494,0.493850,3859.893799
13,0.751110,0.565023,4608.553711
14,0.514851,0.450936,5140.991699
15,0.478066,0.436060,5340.635742
16,0.488393,0.467406,5689.992188
17,0.490894,0.313675,6355.520508
18,0.524818,0.183550,6887.920898
19,0.542307,0.132250,7420.298828
20,0.459989,0.273390,7719.776855
21,0.284904,0.442940,8684.762695
22,0.286202,0.443305,8801.238281
23,0.223429,0.506351,9034.154297
24,0.222284,0.292360,9566.561523
25,0.251150,0.256059,9732.930664
26,0.100957,0.466897,10747.813477
27,0.098354,0.453489,11346.769531
28,0.012416,0.482802,11612.981445
29,0.010107,0.477067,11762.719727
30,0.985054,0.464689,11912.468750
31,0.978412,0.424424,12128.750000
32,0.992559,0.421162,12594.590820
33,0.987831,0.416697,12711.098633
34,0.030029,0.347663,12944.001953
35,0.039878,0.282991,13226.826172
36,0.764111,0.446535,16587.619141
37,0.980739,0.488571,17319.675781
38,0.975449,0.476164,17436.134766
39,0.991313,0.443374,17635.794922
40,0.979979,0.254760,18234.763672
41,0.963208,0.397420,18634.033203
42,0.959285,0.494889,18916.884766
43,0.976195,0.319499,19183.105469
44,0.000931,0.474074,19682.218750
45,0.967542,0.495096,20064.914062
46,0.862503,0.494302,20663.861328
47,0.621439,0.509456,21612.169922
48,0.501604,0.265490,22227.759766
49,0.734062,0.339381,23176.111328
50,0.770210,0.351497,23409.046875
51,0.768085,0.342584,23592.048828
52,0.767082,0.372596,23808.339844
53,0.771489,0.247408,24074.552734
54,0.751226,0.496123,24457.240234
0,0.755680,0.492579,299.500580
1,0.753294,0.453669,648.961426
2,0.730938,0.648477,1031.611328
3,0.728189,0.718131,1314.406250
4,0.722442,0.877748,1946.702148
5,0.686684,0.911811,2079.763428
6,0.677219,0.931464,2229.479980
7,0.749044,0.889140,2811.812012
8,0.799009,0.820766,3011.440918
9,0.789590,0.426399,3893.259766
10,0.776360,0.387607,4059.603516
11,0.755382,0.360557,4242.618652
12,0.753774,0.314067,4558.742676
13,0.760563,0.266241,4841.614258
14,0.769795,0.243858,5007.977539
15,0.776703,0.233706,5174.382324
16,0.743694,0.393427,5590.278320
17,0.746606,0.392794,5939.660645
18,0.713979,0.422373,6239.155273
19,0.672940,0.425741,6488.712891
20,0.496964,0.439002,7237.510254
21,0.494361,0.466173,7437.046875
22,0.511548,0.360226,7886.301270
23,0.507194,0.305102,8119.229980
24,0.511229,0.254404,8385.407227
25,0.516027,0.217193,8551.772461
26,0.483568,0.190028,8867.917969
27,0.462410,0.233433,9067.623047
28,0.430851,0.248711,9267.170898
29,0.479358,0.459602,9749.727539
30,0.492831,0.498863,9982.695312
31,0.453967,0.475667,10348.692383
32,0.464478,0.483420,11014.179688
33,0.507712,0.483545,12029.043945
34,0.521280,0.492567,12195.413086
35,0.553426,0.466755,12811.022461
36,0.485908,0.483378,13110.560547
37,0.254898,0.348637,14175.350586
38,0.241757,0.297175,14408.185547
39,0.245884,0.218468,14657.748047
40,0.267881,0.192277,15106.961914
41,0.256229,0.372656,15456.425781
42,0.227144,0.489227,15805.785156
43,0.153098,0.445175,16005.440430
44,0.115465,0.459663,16271.640625
45,0.097800,0.475768,16471.298828
46,0.108692,0.495029,17120.107422
47,0.098609,0.488913,17419.621094
48,0.986472,0.479221,17802.251953
49,0.973473,0.470322,17968.654297
50,0.953609,0.471391,18284.794922
51,0.002821,0.463860,18517.728516
52,0.999570,0.400072,18717.335938
53,0.006910,0.319573,18883.789062
54,0.021791,0.272061,19266.359375
55,0.028140,0.243719,19665.712891
56,0.032497,0.221567,20081.720703
57,0.028338,0.230996,20397.816406
58,0.006125,0.306436,21312.820312
59,0.993155,0.270386,22177.974609
60,0.009459,0.297069,22544.033203
61,0.050960,0.292114,22843.451172
62,0.011704,0.291670,23492.322266
63,0.995693,0.264777,24058.054688
0,0.760366,0.495875,316.042114
1,0.780614,0.459382,565.633057
2,0.747172,0.371190,831.909729
3,0.746347,0.467954,1247.769165
4,0.752039,0.501800,1364.234985
5,0.759611,0.532046,1630.393433
6,0.758010,0.544024,1963.145142
7,0.744146,0.715732,2379.114746
8,0.742715,0.741650,2528.861084
9,0.738391,0.780410,2911.572998
10,0.743714,0.827741,3493.800781
11,0.757835,0.473580,3859.818848
12,0.756948,0.428796,3992.958740
13,0.770813,0.383274,4192.639160
14,0.757900,0.359708,4392.333984
15,0.756979,0.310832,4641.795410
16,0.753625,0.272116,4824.846191
17,0.739788,0.252306,5091.031738
18,0.769307,0.233733,5357.312988
19,0.757292,0.211164,5523.616211
20,0.814890,0.223606,5806.478027
21,0.841139,0.225209,6455.296387
22,0.994061,0.469733,7120.786621
23,0.972614,0.494244,7719.803223
24,0.948370,0.532982,8185.649414
25,0.037707,0.576413,8451.793945
26,0.038234,0.552327,8851.104492
27,0.968434,0.461069,9433.465820
28,0.894783,0.118471,10298.683594
29,0.932836,0.311572,10964.065430
30,0.963414,0.440482,11313.501953
31,0.609105,0.578150,12827.563477
32,0.543646,0.592175,13326.632812
33,0.478259,0.586604,13859.018555
34,0.482643,0.494516,14075.332031
35,0.496957,0.427793,14308.220703
36,0.510836,0.353451,14474.632812
37,0.500721,0.313425,14674.254883
38,0.505765,0.277538,14790.715820
39,0.520293,0.258383,15007.057617
40,0.568031,0.262807,15173.391602
41,0.617855,0.284249,15406.319336
42,0.300873,0.387411,17768.851562
43,0.266131,0.395121,17902.007812
44,0.251266,0.340404,18134.882812
45,0.240252,0.269831,18301.261719
46,0.288509,0.193037,19116.498047
47,0.436740,0.093668,19698.806641
48,0.540552,0.078049,20397.599609
49,0.507072,0.161877,20580.626953
50,0.501494,0.209974,20730.345703
51,0.502894,0.180783,21196.201172
52,0.469871,0.320931,21595.498047
53,0.482416,0.387839,21828.429688
54,0.490293,0.479020,22244.402344
55,0.493317,0.487780,22360.855469
56,0.509578,0.492380,22477.324219
57,0.562899,0.443961,22909.869141
58,0.628187,0.416955,23109.519531
59,0.627880,0.378171,23325.796875
60,0.667116,0.387594,23592.017578
61,0.614068,0.327313,24091.156250
62,0.613992,0.287493,24374.005859
63,0.616235,0.223401,24723.378906
0,0.737449,0.557121,299.470947
1,0.749869,0.479154,482.433228
2,0.757609,0.414566,798.536743
3,0.761215,0.355474,981.606384
4,0.769353,0.356023,1281.108398
5,0.760947,0.291173,1513.996338
6,0.749340,0.269152,1713.600342
7,0.743900,0.253431,1979.894043
8,0.865071,0.547293,2728.531982
9,0.863022,0.564171,2844.955811
10,0.886101,0.516712,3144.540039
11,0.906591,0.548638,3344.202148
12,0.910005,0.606132,3510.518066
13,0.995216,0.531081,3826.669434
14,0.991956,0.508759,3959.686035
15,0.999808,0.475962,4392.283691
16,0.040688,0.523044,4725.030273
17,0.056956,0.552659,4941.367188
18,0.055051,0.541793,5107.737305
19,0.063354,0.559584,5274.165039
20,0.123998,0.551917,5523.678711
21,0.067802,0.489469,5856.395020
22,0.081007,0.469590,6056.074219
23,0.066001,0.362505,6438.711914
24,0.052357,0.327165,6655.009277
25,0.033884,0.295094,6887.947266
26,0.026124,0.269968,7087.578613
27,0.013395,0.279757,7403.664551
28,0.011713,0.286183,7486.851562
29,0.020016,0.269015,7669.870605
30,0.952798,0.526383,8202.297852
31,0.951162,0.513196,8418.582031
32,0.920952,0.484170,8867.875977
33,0.849689,0.484400,9183.975586
34,0.858567,0.499443,9383.654297
35,0.537714,0.505941,10814.477539
36,0.501249,0.515431,10997.459961
37,0.486700,0.501273,11197.057617
38,0.495599,0.522421,11429.978516
39,0.494611,0.525060,11746.087891
40,0.520700,0.528818,12012.333008
41,0.486545,0.505174,12328.430664
42,0.492628,0.509213,12577.958008
43,0.497538,0.491198,12827.581055
44,0.447916,0.524765,13110.343750
45,0.451582,0.554559,13626.131836
46,0.397847,0.543689,13875.728516
47,0.365445,0.518364,14507.941406
48,0.361978,0.571417,14973.816406
49,0.339230,0.551236,15206.709961
50,0.349660,0.533562,15522.820312
51,0.325490,0.550564,15705.861328
52,0.382295,0.619057,16238.251953
53,0.358085,0.565365,16521.089844
54,0.396647,0.621888,16753.996094
55,0.433541,0.647492,17003.603516
56,0.399657,0.687984,17436.150391
57,0.408808,0.691522,17718.986328
58,0.539156,0.620867,18817.066406
59,0.546064,0.596776,18966.837891
60,0.540809,0.484763,19432.681641
61,0.532665,0.342545,19798.667969
62,0.498105,0.344211,20014.964844
63,0.497478,0.243719,20630.552734
64,0.494418,0.204611,20830.210938
65,0.492725,0.213490,20979.955078
66,0.500637,0.194358,21246.187500
67,0.497754,0.406690,21612.214844
68,0.496367,0.400549,21778.560547
69,0.497439,0.512735,22011.505859
70,0.488067,0.525339,22277.683594
71,0.519104,0.535009,22693.619141
72,0.632482,0.483636,23059.632812
73,0.630989,0.447089,23292.582031
74,0.710307,0.433423,23958.080078
75,0.708290,0.391759,24174.373047
76,0.765987,0.422774,24357.402344
77,0.769249,0.399478,24656.853516
0,0.748448,0.453373,299.462524
1,0.748791,0.409856,665.483582
2,0.748560,0.335843,831.884216
3,0.751196,0.317084,1131.361816
4,0.757111,0.274307,1613.905396
5,0.755593,0.242574,1813.509888
6,0.753365,0.248090,1979.852539
7,0.762735,0.088130,2429.125244
8,0.757490,0.306899,2928.187500
9,0.754846,0.172154,3227.765625
10,0.797812,0.044538,3410.715332
11,0.078679,0.030306,3926.458984
12,0.142548,0.042160,4159.411621
13,0.189179,0.094675,4375.710938
14,0.170477,0.109963,4741.740723
15,0.193621,0.124233,4941.362793
16,0.187258,0.142421,5157.632812
17,0.272679,0.058257,5490.489258
18,0.426778,0.013407,6239.113770
19,0.595684,0.027001,6538.618164
20,0.619589,0.034807,6854.666016
21,0.098679,0.105443,8485.173828
22,0.076942,0.109264,8585.044922
23,0.036879,0.118459,8768.022461
24,0.009428,0.222270,9450.191406
25,0.982534,0.231796,9799.547852
26,0.005688,0.277372,10198.815430
27,0.000498,0.302193,10431.739258
28,0.013036,0.522293,10681.378906
29,0.994995,0.531504,10914.284180
30,0.957616,0.569400,11363.546875
31,0.995540,0.286838,12045.583984
32,0.004069,0.245795,12228.650391
33,0.019140,0.202676,12461.583984
34,0.997436,0.543841,12910.866211
35,0.128276,0.544083,13775.966797
36,0.118854,0.545329,13942.363281
37,0.120781,0.540887,14158.589844
38,0.122753,0.536565,14358.235352
39,0.241689,0.454521,15156.839844
40,0.262518,0.320071,15472.990234
41,0.265583,0.279075,15772.411133
42,0.277455,0.203087,16105.188477
43,0.281387,0.206947,16288.230469
44,0.278594,0.233029,16471.185547
45,0.263165,0.633082,17236.574219
46,0.333372,0.626142,17452.826172
47,0.906222,0.370028,19033.388672
48,0.492234,0.506827,20580.679688
49,0.495162,0.513231,20780.351562
50,0.455572,0.496329,20979.992188
51,0.522490,0.185623,21695.402344
52,0.452926,0.512685,22277.712891
53,0.502595,0.540543,22726.949219
54,0.520290,0.552343,22893.318359
55,0.499144,0.520341,23209.421875
56,0.533878,0.197156,23958.146484
57,0.546647,0.171320,24124.501953
58,0.649728,0.151985,24773.402344
59,0.704388,0.103133,24973.017578
0,0.738320,0.291695,781.963013
1,0.750369,0.260930,998.340088
2,0.758156,0.163050,1331.063599
3,0.554955,0.536744,2029.874756
4,0.495413,0.508021,2296.063965
5,0.452513,0.442853,2861.647949
6,0.455217,0.425479,3161.195557
7,0.303582,0.453627,3676.947021
8,0.269793,0.447926,3859.919922
9,0.259499,0.324532,4092.863037
10,0.289904,0.207271,4408.955078
11,0.761725,0.340062,5390.572754
12,0.760175,0.439200,5623.527832
13,0.744790,0.336875,6056.096191
14,0.999520,0.436799,6605.130371
15,0.994715,0.435433,7786.424805
16,0.999927,0.441829,7952.744629
17,0.948179,0.442126,8318.778320
18,0.866789,0.474067,8684.857422
19,0.576630,0.541823,9683.136719
20,0.484461,0.434690,10198.818359
21,0.497541,0.332018,10431.786133
22,0.521702,0.054302,11147.267578
23,0.352322,0.138908,11629.744141
24,0.238438,0.138349,11995.674805
25,0.256269,0.131233,12378.399414
26,0.326821,0.164764,13060.488281
27,0.334877,0.189737,13243.512695
28,0.116603,0.330882,14574.616211
29,0.116017,0.376857,14774.224609
30,0.116864,0.361131,15223.379883
31,0.133741,0.365174,15456.400391
32,0.359072,0.518206,16088.560547
33,0.357634,0.505691,16221.659180
34,0.484327,0.466804,16787.326172
35,0.483683,0.467168,16887.126953
36,0.517177,0.458642,17103.525391
37,0.789927,0.433131,17951.974609
38,0.783264,0.424756,18085.150391
39,0.872696,0.448389,18700.658203
40,0.888072,0.452119,18917.015625
41,0.486263,0.441158,19815.349609
42,0.499111,0.436146,19898.613281
43,0.910862,0.278031,21462.478516
44,0.993410,0.209156,21795.263672
45,0.875318,0.107984,23226.148438
46,0.881520,0.372101,23625.378906
47,0.883175,0.319513,23825.023438
48,0.993798,0.504289,24274.236328
49,0.998325,0.495833,24390.714844
0,0.728759,0.532389,349.338287
1,0.751128,0.468523,665.474365
2,0.753888,0.372564,981.548340
3,0.765046,0.331413,1364.229004
4,0.775432,0.261755,1846.804077
5,0.755564,0.301820,1996.438965
6,0.765542,0.196694,2878.267578
7,0.724621,0.179740,3144.532227
8,0.733934,0.128104,3626.935547
9,0.732404,0.090292,3909.750977
10,0.726529,0.067835,4242.572266
11,0.710941,0.044377,4591.947266
12,0.485550,0.029798,4974.683105
13,0.599766,0.029792,5157.620605
14,0.680389,0.040068,5373.925293
15,0.768791,0.184136,5823.076660
16,0.785683,0.238491,6072.692383
17,0.985373,0.439966,7037.639648
18,0.989831,0.458559,7137.483398
19,0.089140,0.502512,7503.485840
20,0.987515,0.588561,7703.131348
21,0.974615,0.597617,7852.882812
22,0.112606,0.389207,8468.466797
23,0.968817,0.370420,8817.862305
24,0.953462,0.319414,9167.258789
25,0.970983,0.239106,9366.902344
26,0.971957,0.155874,9633.114258
27,0.030833,0.312631,9949.214844
28,0.010679,0.445350,10215.416992
29,0.996001,0.425670,10548.164062
30,0.977678,0.436453,10747.820312
31,0.881582,0.559645,10980.787109
32,0.819761,0.580335,11280.227539
33,0.746445,0.603704,11912.461914
34,0.710571,0.626530,12278.491211
35,0.721210,0.601062,12944.016602
36,0.496350,0.511422,13542.973633
37,0.478362,0.497182,13825.802734
38,0.392254,0.495640,14724.203125
39,0.506294,0.498790,15190.072266
40,0.509429,0.491471,15356.436523
41,0.501444,0.490524,15472.895508
42,0.525548,0.337591,15988.671875
43,0.365426,0.509662,16687.449219
44,0.272387,0.510013,17086.777344
45,0.248207,0.501945,17535.980469
46,0.249298,0.340837,18035.089844
47,0.264840,0.247243,18301.285156
48,0.239525,0.548985,18534.234375
49,0.289366,0.699341,19016.716797
50,0.727445,0.648070,20530.720703
51,0.727384,0.526668,20896.753906
52,0.722548,0.493584,21162.970703
53,0.645433,0.555428,21479.064453
54,0.588603,0.496216,21761.900391
55,0.559147,0.359801,22094.724609
56,0.495190,0.355444,22360.863281
57,0.499894,0.501037,22760.156250
58,0.532403,0.583888,22993.125000
59,0.530133,0.591708,23209.369141
60,0.494982,0.536746,23442.310547
61,0.514610,0.502239,23708.531250
62,0.619888,0.685103,23991.347656
63,0.624983,0.419665,24191.011719
64,0.572619,0.306229,24407.287109
65,0.514278,0.274141,24939.710938
0,0.763011,0.441955,349.337341
1,0.760722,0.755382,898.411560
2,0.723121,0.792315,1131.319458
3,0.730438,0.885157,1397.599976
4,0.742528,0.883052,1530.634766
5,0.815279,0.969008,1696.969116
6,0.191510,0.919629,2628.724609
7,0.187171,0.919845,2878.275146
8,0.748136,0.704615,3477.246338
9,0.784583,0.269324,4758.321777
10,0.808899,0.208613,5041.174316
11,0.925400,0.083454,5357.335938
12,0.955001,0.075257,5473.768555
13,0.914285,0.063536,5656.718750
14,0.106908,0.060028,5889.685059
15,0.763930,0.549074,6771.435547
16,0.806958,0.591205,7021.025391
17,0.776822,0.536950,7337.133301
18,0.764858,0.534763,7653.323730
19,0.804829,0.602153,7902.883789
20,0.880756,0.491959,8501.796875
21,0.932174,0.447337,8950.975586
22,0.889353,0.234540,9549.926758
23,0.976900,0.241547,9782.946289
24,0.029683,0.432478,10664.643555
25,0.904673,0.222472,10980.754883
26,0.975506,0.158722,11779.406250
27,0.024497,0.204358,12062.218750
28,0.988692,0.176133,12627.927734
29,0.999194,0.220740,13043.803711
30,0.050354,0.265854,14225.129883
31,0.106534,0.351659,14507.973633
32,0.115996,0.376958,14624.474609
33,0.151598,0.446717,15323.195312
34,0.141140,0.490172,15789.017578
35,0.138490,0.514671,16304.877930
36,0.143417,0.324260,16521.142578
37,0.139697,0.254897,16720.777344
38,0.234684,0.306522,17036.929688
39,0.186787,0.375329,17319.781250
40,0.156006,0.180661,17918.730469
41,0.063497,0.117194,18118.375000
42,0.079183,0.147832,18401.203125
43,0.083710,0.095067,18883.609375
44,0.278782,0.321585,19765.435547
45,0.278790,0.423203,20281.238281
46,0.233057,0.069730,21529.029297
47,0.276893,0.068133,21728.689453
48,0.161341,0.185813,22161.255859
49,0.788743,0.367648,23425.673828
50,0.776519,0.401409,23592.056641
51,0.732613,0.430213,24008.000000
0,0.752864,0.472785,399.320190
1,0.766927,0.449738,665.489258
2,0.749905,0.527959,1181.255127
3,0.742059,0.315966,2029.749512
4,0.735181,0.287299,2162.935059
5,0.743465,0.262533,2329.268555
6,0.737995,0.255583,2512.257080
7,0.756089,0.230052,2878.349854
8,0.773066,0.211518,3344.181641
9,0.760689,0.217167,3560.447266
10,0.770714,0.136493,3810.014893
11,0.872610,0.038714,4342.407227
12,0.035748,0.033699,4508.748535
13,0.464218,0.075218,5240.810059
14,0.449470,0.097270,5473.748047
15,0.984247,0.281006,6521.921875
16,0.012738,0.469282,6937.843262
17,0.002972,0.489699,7154.146484
18,0.044996,0.422496,7570.086914
19,0.970158,0.303505,7886.220703
20,0.875020,0.326998,8535.062500
21,0.766885,0.285168,9150.648438
22,0.733018,0.298166,9366.932617
23,0.727852,0.276043,9583.232422
24,0.746129,0.297781,10032.448242
25,0.736818,0.262119,10215.443359
26,0.676968,0.281560,10648.032227
27,0.661166,0.284215,10814.398438
28,0.672595,0.330280,11147.155273
29,0.576365,0.383821,11746.123047
30,0.535934,0.357655,11979.040039
31,0.496715,0.336800,12195.335938
32,0.479482,0.341977,12345.060547
33,0.499463,0.202328,12727.760742
34,0.501699,0.197633,12827.552734
35,0.499883,0.169926,13027.198242
36,0.374043,0.216653,13393.234375
37,0.333493,0.246151,13709.372070
38,0.266264,0.293451,13909.010742
39,0.226032,0.289160,14125.291016
40,0.227239,0.262591,14374.847656
41,0.244743,0.212786,14541.221680
42,0.265594,0.194666,14740.916016
43,0.275140,0.218648,15040.356445
44,0.267866,0.253712,15838.981445
45,0.247056,0.352140,16321.449219
46,0.040123,0.324754,17452.839844
47,0.065015,0.253616,17685.730469
48,0.059283,0.225161,17802.191406
49,0.988318,0.349439,18218.162109
50,0.990724,0.346746,18351.279297
51,0.977515,0.374656,18650.703125
52,0.103170,0.485362,19249.671875
53,0.097788,0.469277,19515.882812
54,0.182214,0.475458,20098.195312
55,0.167378,0.409663,20314.474609
56,0.154961,0.393628,20514.113281
57,0.202640,0.338006,20880.140625
58,0.241452,0.317129,21096.447266
59,0.251169,0.296141,21246.185547
60,0.249207,0.243932,21479.095703
61,0.260739,0.212562,21662.113281
62,0.266178,0.219629,22011.529297
63,0.332809,0.338140,22776.882812
64,0.340873,0.399976,22926.574219
65,0.466294,0.481207,23525.537109
66,0.482986,0.496203,23725.175781
67,0.511080,0.409251,24074.566406
68,0.499799,0.494827,24357.419922
69,0.457238,0.479972,24606.970703
70,0.446165,0.485387,24773.371094
0,0.754573,0.449148,216.317078
1,0.763070,0.387057,598.932007
2,0.769450,0.295329,815.217896
3,0.778118,0.230954,1081.480469
4,0.791164,0.179126,1231.225586
5,0.864527,0.033126,1780.296997
6,0.176995,0.028574,1946.604370
7,0.252707,0.065614,2129.632080
8,0.226322,0.069929,2345.911377
9,0.234137,0.067569,2445.730225
10,0.226275,0.130655,2595.492188
11,0.225560,0.160934,2745.300049
12,0.780377,0.064834,2978.108154
13,0.764520,0.286182,3959.805420
14,0.766240,0.264852,4159.463867
15,0.757992,0.398921,4591.999023
16,0.747797,0.470144,4808.242676
17,0.745364,0.500055,5057.846680
18,0.721570,0.493935,5373.946289
19,0.684110,0.421907,5573.614258
20,0.660794,0.359473,5789.883789
21,0.667009,0.252956,5989.534180
22,0.632822,0.199505,6272.435059
23,0.619135,0.176812,6505.293457
24,0.571038,0.142582,6721.583984
25,0.542183,0.120800,6954.547363
26,0.548509,0.104331,7220.789551
27,0.494079,0.187640,7486.956543
28,0.513348,0.269279,7769.756836
29,0.500702,0.545061,8402.032227
30,0.498526,0.519892,8618.274414
31,0.503712,0.510819,8751.365234
32,0.615627,0.431236,9117.392578
33,0.619953,0.396752,9367.001953
34,0.611863,0.344983,9600.001953
35,0.547642,0.346530,9882.726562
36,0.532656,0.346822,10115.687500
37,0.537239,0.349015,10265.378906
38,0.505202,0.348645,10465.139648
39,0.485983,0.342914,10781.200195
40,0.452375,0.318832,10947.528320
41,0.446085,0.270525,11213.785156
42,0.456898,0.220532,11529.913086
43,0.460917,0.177220,11995.715820
44,0.470505,0.142366,12461.589844
45,0.541489,0.061094,12794.306641
46,0.292746,0.024291,13360.096680
47,0.391491,0.158806,13859.182617
48,0.280349,0.242135,14258.433594
49,0.274753,0.211957,14441.528320
50,0.263041,0.211887,14624.521484
51,0.339206,0.183972,15040.470703
52,0.325714,0.160683,15223.424805
53,0.309779,0.137688,15456.358398
54,0.304000,0.140049,16022.047852
55,0.407770,0.305270,16770.685547
56,0.470559,0.482683,17486.205078
57,0.463397,0.485790,17669.158203
58,0.506215,0.478787,18018.558594
59,0.509614,0.437412,18484.371094
60,0.367160,0.449024,19033.535156
61,0.327549,0.429899,19299.673828
62,0.282515,0.431795,19515.886719
63,0.241034,0.322726,19981.751953
64,0.232441,0.273228,20264.634766
65,0.248670,0.222433,20530.855469
66,0.127963,0.386750,20813.664062
67,0.105122,0.478247,21013.322266
68,0.105382,0.475800,21096.455078
69,0.101110,0.510451,21346.136719
70,0.099666,0.501747,21462.505859
71,0.040248,0.482153,21911.714844
72,0.035200,0.387299,22128.011719
73,0.032273,0.306527,22394.257812
74,0.081030,0.286211,22693.765625
75,0.588493,0.402891,24107.935547
76,0.681932,0.220477,24690.222656
77,0.725580,0.163777,24939.787109
0,0.734301,0.490858,366.038757
1,0.732742,0.445568,482.441833
2,0.723890,0.457734,964.950134
3,0.725808,0.361152,1197.932495
4,0.738927,0.310286,1480.701416
5,0.739867,0.269193,1830.110352
6,0.747388,0.260184,2013.209839
7,0.798396,0.362190,2645.355469
8,0.788516,0.237291,2978.098633
9,0.745068,0.228031,3676.966309
10,0.755832,0.154013,4126.125000
11,0.751455,0.128732,4408.976074
12,0.745758,0.105574,4758.339355
13,0.726081,0.083329,4924.682617
14,0.730145,0.082572,5141.000977
15,0.492541,0.277019,6272.435059
16,0.492375,0.303294,6571.885254
17,0.516770,0.469839,6871.311523
18,0.496339,0.508245,7187.479004
19,0.488043,0.512452,7353.771973
20,0.491266,0.504060,7586.766602
21,0.522909,0.487794,7936.153320
22,0.428329,0.559067,8318.782227
23,0.381584,0.509324,8618.227539
24,0.335719,0.453282,8884.464844
25,0.334674,0.442367,8967.676758
26,0.305681,0.403133,9167.359375
27,0.301537,0.402907,9267.112305
28,0.343017,0.368931,9533.358398
29,0.377424,0.333860,9716.405273
30,0.427377,0.351564,10032.477539
31,0.457105,0.325505,10465.127930
32,0.486458,0.301357,10697.937500
33,0.465789,0.294441,11080.633789
34,0.451859,0.277381,11463.348633
35,0.463734,0.358774,11962.433594
36,0.489068,0.418352,12212.022461
37,0.460677,0.478438,12511.447266
38,0.427122,0.497661,13210.286133
39,0.483680,0.454855,13792.592773
40,0.544694,0.386317,14258.393555
41,0.658388,0.423680,15240.001953
42,0.750843,0.462613,15839.015625
43,0.810976,0.457831,16687.501953
44,0.867592,0.451160,17086.839844
45,0.900030,0.465245,17469.425781
46,0.985309,0.482825,18051.794922
47,0.985368,0.463484,18683.990234
48,0.987963,0.459395,18767.177734
49,0.064675,0.348938,19532.570312
50,0.015691,0.299482,19915.179688
51,0.016520,0.306911,20264.652344
52,0.016917,0.320920,21013.242188
53,0.019183,0.350835,21246.177734
54,0.022829,0.400301,22610.496094
55,0.021412,0.470844,22843.376953
56,0.988677,0.470809,23226.082031
57,0.971203,0.472049,23575.458984
0,0.754068,0.560431,449.136108
1,0.750070,0.456580,665.436340
2,0.829334,0.439664,1131.293213
3,0.740579,0.576242,1464.066040
4,0.709059,0.668571,1713.579590
5,0.709673,0.678220,1830.115601
6,0.650598,0.620120,2013.108032
7,0.621113,0.574397,2312.547852
8,0.579028,0.532668,2811.705811
9,0.538575,0.494942,2994.636963
10,0.546701,0.487192,3127.788330
11,0.534685,0.452146,3260.879150
12,0.480525,0.475420,3593.628418
13,0.485292,0.354668,4092.784180
14,0.435181,0.341377,4342.287598
15,0.434990,0.327156,4475.409180
16,0.472222,0.347062,4675.027832
17,0.362234,0.438672,4858.075684
18,0.250370,0.365615,5473.692383
19,0.215020,0.352891,5706.634277
20,0.199441,0.331829,5922.877930
21,0.178086,0.357810,6172.431641
22,0.158267,0.336397,6355.448730
23,0.972109,0.533655,8002.617676
24,0.976662,0.507343,8202.314453
25,0.973305,0.482453,8451.822266
26,0.919655,0.489013,8651.486328
27,0.866276,0.522973,9000.835938
28,0.860556,0.506720,9383.493164
29,0.926228,0.310191,10015.776367
30,0.940173,0.302802,10348.532227
31,0.862103,0.340606,11097.194336
32,0.967159,0.218696,11629.558594
33,0.989383,0.456120,12511.389648
34,0.958173,0.495151,12760.952148
35,0.857342,0.407895,13260.079102
36,0.786705,0.428031,13476.339844
37,0.787860,0.417475,13609.423828
38,0.786871,0.455012,13792.500000
39,0.784306,0.445693,13892.340820
40,0.733577,0.412932,14258.401367
41,0.709853,0.346702,14541.192383
42,0.748531,0.403099,14973.715820
43,0.746110,0.393467,15190.074219
44,0.771203,0.454793,15389.753906
45,0.758161,0.482548,15655.894531
46,0.739294,0.454425,15938.760742
47,0.708361,0.496822,16121.764648
48,0.628910,0.512003,16371.291992
49,0.517178,0.601361,16803.878906
50,0.551564,0.554545,17053.457031
51,0.528819,0.489636,17269.771484
52,0.477139,0.437182,17552.570312
53,0.484935,0.545289,17918.617188
54,0.485535,0.539691,18151.556641
55,0.484917,0.514350,18284.667969
56,0.570491,0.496059,18767.117188
57,0.687571,0.502380,19399.367188
58,0.745581,0.473824,19965.042969
59,0.832913,0.533680,20547.333984
60,0.851126,0.484933,20913.384766
61,0.864945,0.463920,21046.544922
62,0.866405,0.458567,21246.119141
63,0.912643,0.432002,21545.605469
64,0.914284,0.462964,21778.556641
65,0.914777,0.483243,21928.232422
66,0.962713,0.467243,22161.193359
67,0.998970,0.468984,22427.384766
68,0.000599,0.489611,22693.572266
69,0.037860,0.466683,22859.970703
70,0.046272,0.478954,22959.781250
71,0.018397,0.535836,23725.166016
72,0.036133,0.488341,24257.546875
73,0.039460,0.482874,24373.974609
74,0.039269,0.438662,24656.845703
75,0.031034,0.457218,24956.271484
0,0.760397,0.527877,332.741364
1,0.754403,0.515840,449.191650
2,0.820097,0.603130,1114.728516
3,0.820510,0.592387,1214.541138
4,0.761156,0.505433,1663.734375
5,0.768132,0.523552,2129.572998
6,0.752214,0.521156,2362.501221
7,0.753580,0.514944,2478.945068
8,0.751468,0.535358,2628.742676
9,0.686204,0.516953,2811.704102
10,0.679057,0.554277,2978.066406
11,0.684056,0.596907,4159.338867
12,0.642649,0.590096,4774.999512
13,0.600067,0.557028,5207.620605
14,0.601559,0.549046,5440.494629
15,0.604790,0.535234,5606.868164
16,0.574769,0.491264,5823.144531
17,0.539649,0.486699,6122.602051
18,0.548782,0.478915,6289.025879
19,0.505776,0.468898,6555.187012
20,0.511710,0.475371,6671.682129
21,0.523401,0.472063,6971.104004
22,0.534784,0.491049,7104.226562
23,0.489415,0.498610,7387.075195
24,0.498874,0.497209,7586.688477
25,0.505099,0.508134,7786.345703
26,0.483505,0.484779,8002.622559
27,0.484175,0.495063,8119.106445
28,0.500421,0.514626,8302.171875
29,0.495979,0.530641,8468.488281
30,0.503748,0.490202,8684.818359
31,0.511597,0.436755,9050.830078
32,0.522955,0.376400,9217.166992
33,0.540434,0.286811,9433.520508
34,0.561674,0.227568,9683.085938
35,0.557405,0.163910,9999.160156
36,0.562960,0.154401,10448.429688
37,0.632287,0.143400,10648.099609
38,0.670731,0.232763,10914.298828
39,0.596085,0.279298,11413.343750
40,0.563363,0.343514,11729.534180
41,0.516061,0.408272,11962.395508
42,0.523393,0.496377,12578.040039
43,0.478452,0.489154,13160.304688
44,0.479785,0.483185,13260.188477
45,0.483356,0.501506,13642.805664
46,0.473238,0.493883,13792.535156
47,0.365529,0.525749,14840.707031
48,0.382382,0.479668,15073.627930
49,0.309336,0.390370,15423.023438
50,0.390992,0.405160,15888.936523
51,0.385096,0.271792,16338.165039
52,0.401368,0.290135,16454.562500
53,0.441619,0.400662,16920.429688
54,0.431369,0.348746,17120.072266
55,0.308447,0.270673,17352.990234
56,0.235770,0.254026,17619.214844
57,0.235842,0.228851,17802.218750
58,0.241610,0.224073,18151.611328
59,0.248458,0.303273,18550.962891
60,0.246444,0.268950,18783.791016
61,0.263274,0.237488,19233.126953
62,0.236671,0.262402,19615.728516
63,0.122987,0.235300,20014.998047
64,0.224843,0.383628,20630.628906
65,0.246451,0.424223,20830.261719
66,0.249430,0.426498,20930.105469
67,0.273378,0.729433,22194.564453
68,0.490111,0.829553,23242.701172
69,0.549099,0.872120,23492.279297
70,0.704046,0.914731,23858.294922
71,0.743091,0.936961,24091.289062
72,0.860182,0.944870,24324.197266
73,0.923845,0.925683,24490.486328
74,0.934094,0.955957,24673.603516
0,0.737477,0.526721,199.629211
1,0.744476,0.472173,399.301819
2,0.739062,0.379963,632.211182
3,0.727869,0.325200,915.012573
4,0.714977,0.270666,1148.006714
5,0.705033,0.245374,1364.338013
6,0.699158,0.214102,1630.527954
7,0.732007,0.243980,1946.579590
8,0.768273,0.512012,2645.314697
9,0.887238,0.481775,3543.753906
10,0.960714,0.448139,3943.052246
11,0.116805,0.454413,4958.006348
12,0.109894,0.444998,5224.227051
13,0.695527,0.076939,6821.376465
14,0.577967,0.246311,7736.435547
15,0.496539,0.406934,8668.208984
16,0.505276,0.490767,9084.134766
17,0.459673,0.514437,9233.894531
18,0.454920,0.513464,9433.473633
19,0.633733,0.474423,10165.548828
20,0.672611,0.485097,10631.388672
21,0.708462,0.497290,10947.497070
22,0.757836,0.434619,11230.362305
23,0.737121,0.338259,11613.025391
24,0.227085,0.438235,13526.356445
25,0.263878,0.529378,13859.124023
26,0.524048,0.451454,14774.193359
27,0.517554,0.457116,14890.631836
28,0.503972,0.408110,15123.509766
29,0.500639,0.418413,15256.731445
30,0.557343,0.431314,15423.005859
31,0.568561,0.439566,15705.846680
32,0.554058,0.580634,16088.492188
33,0.556380,0.588964,16171.715820
34,0.452516,0.547167,18068.474609
35,0.475544,0.509924,18667.345703
36,0.425789,0.629441,19050.001953
37,0.480610,0.619283,19382.781250
38,0.482447,0.633029,19499.302734
39,0.520530,0.611785,19715.501953
40,0.532841,0.670624,20281.171875
41,0.588058,0.677531,20497.515625
42,0.618501,0.681541,21013.285156
43,0.616409,0.701018,21196.248047
44,0.717437,0.588356,21695.380859
45,0.761897,0.514788,22044.777344
46,0.751157,0.513896,22227.779297
47,0.737304,0.740544,22527.263672
48,0.565632,0.712258,23142.851562
49,0.530516,0.698039,23508.884766
50,0.535952,0.699418,23608.724609
51,0.537457,0.699341,23791.710938
52,0.509071,0.704099,24074.550781
53,0.570347,0.759960,24856.521484
0,0.731117,0.395265,549.121094
1,0.741759,0.287989,848.527222
2,0.742085,0.204880,998.256531
3,0.697015,0.157091,1630.510864
4,0.720417,0.232863,2013.173584
5,0.491725,0.191809,3327.489990
6,0.497050,0.300827,3543.794922
7,0.491576,0.360925,3760.067871
8,0.480862,0.444272,4009.709473
9,0.487702,0.477905,4292.507324
10,0.478820,0.324414,4608.585449
11,0.483711,0.500395,5190.990723
12,0.444621,0.489025,5440.497070
13,0.503523,0.456058,5839.788574
14,0.534881,0.518887,6105.999023
15,0.760088,0.452597,6921.261719
16,0.765021,0.448106,7204.125000
17,0.753331,0.343291,7437.016113
18,0.765734,0.296854,7653.306641
19,0.958411,0.462308,8302.203125
20,0.998358,0.490629,8518.443359
21,0.034270,0.297748,9001.013672
22,0.044538,0.238548,9150.674805
23,0.046889,0.195278,9333.725586
24,0.974496,0.504098,9799.562500
25,0.968564,0.550177,9949.291016
26,0.978577,0.450721,10415.226562
27,0.118798,0.502371,10781.136719
28,0.244218,0.344305,11579.722656
29,0.255838,0.328755,11796.078125
30,0.282367,0.235043,11995.727539
31,0.259492,0.518763,12777.725586
32,0.256078,0.620996,12960.673828
33,0.353253,0.501331,13376.656250
34,0.384524,0.511182,13576.301758
35,0.384320,0.500186,14042.187500
36,0.468748,0.440811,14291.666992
37,0.520825,0.387339,14624.506836
38,0.527833,0.339244,14840.692383
39,0.499246,0.490288,15306.561523
40,0.501938,0.499606,15406.421875
41,0.450628,0.485901,15988.784180
42,0.520319,0.254203,16371.410156
43,0.526298,0.198209,16521.228516
44,0.511327,0.183023,17902.027344
45,0.508817,0.272216,18251.447266
46,0.509980,0.409601,18500.960938
47,0.493838,0.550960,18867.070312
48,0.504715,0.482432,19349.611328
49,0.509505,0.337471,19615.720703
50,0.407335,0.477216,20064.916016
51,0.430381,0.579278,20447.599609
52,0.446522,0.601865,20630.621094
53,0.452195,0.616681,20996.656250
54,0.452524,0.627534,21113.064453
55,0.415134,0.676998,21296.179688
56,0.361356,0.473287,21811.845703
57,0.455286,0.461545,22127.966797
58,0.501256,0.448570,22610.507812
0,0.780039,0.618616,116.455788
1,0.742729,0.689406,465.796692
2,0.748539,0.501823,865.135498
3,0.738148,0.465963,1098.055176
4,0.741722,0.362078,1613.786377
5,0.744671,0.271204,1763.548218
6,0.751186,0.263791,2096.372314
7,0.731046,0.169111,2379.124023
8,0.748272,0.103860,2545.545410
9,0.778651,0.081563,2728.553955
10,0.832025,0.071474,3127.807617
11,0.502172,0.146791,3959.736572
12,0.495309,0.262312,4309.140137
13,0.488619,0.446803,4824.852539
14,0.482978,0.460330,4941.404785
15,0.756758,0.483604,6039.490234
16,0.752768,0.398532,6405.454590
17,0.503977,0.480877,7087.631836
18,0.493352,0.470031,7320.522949
19,0.448074,0.483313,7852.935059
20,0.494644,0.498134,8418.562500
21,0.524250,0.510945,8867.859375
22,0.511120,0.362024,9150.632812
23,0.491095,0.274519,9366.941406
24,0.489393,0.204627,9566.554688
25,0.481048,0.181050,9932.687500
26,0.493879,0.257670,10232.069336
27,0.497072,0.304928,10498.260742
28,0.500886,0.375203,10714.618164
29,0.501684,0.444465,11063.981445
30,0.486828,0.427591,11296.919922
31,0.439836,0.387277,11563.132812
32,0.362752,0.426430,11779.374023
33,0.330936,0.448819,12029.023438
34,0.281170,0.451375,12278.514648
35,0.286654,0.454612,12411.586914
36,0.250497,0.417611,12577.997070
37,0.252464,0.336583,12860.834961
38,0.241482,0.305901,13077.123047
39,0.243297,0.291433,13343.296875
40,0.245745,0.229960,13626.181641
41,0.251351,0.221660,13859.091797
42,0.286820,0.148292,14308.294922
43,0.238159,0.248482,14740.883789
44,0.236284,0.413762,15173.476562
45,0.211394,0.575870,15622.663086
46,0.254678,0.500834,16038.613281
47,0.254568,0.490089,16138.424805
48,0.463394,0.514207,16986.947266
49,0.459978,0.499602,17086.757812
50,0.497020,0.498909,17402.892578
51,0.500833,0.441992,17868.785156
52,0.535177,0.426179,18251.451172
53,0.509749,0.371933,18617.417969
54,0.509349,0.326735,18867.007812
55,0.494780,0.300433,19133.216797
56,0.496911,0.392655,19615.703125
57,0.495591,0.399840,19898.507812
58,0.506741,0.473963,20231.267578
59,0.519977,0.511771,20647.205078
60,0.495763,0.496803,21079.880859
61,0.495846,0.489857,21196.261719
62,0.501535,0.542603,21695.414062
63,0.505183,0.551742,22311.048828
64,0.525871,0.661055,22893.302734
65,0.528050,0.664038,23126.195312
66,0.501523,0.513377,23658.636719
67,0.510397,0.555064,23775.158203
68,0.455472,0.502893,24074.630859
69,0.458115,0.482691,24407.355469
0,0.756150,0.354718,133.146255
1,0.741401,0.390203,399.389496
2,0.748156,0.409136,648.846436
3,0.796549,0.490275,998.340454
4,0.814260,0.563077,1231.190063
5,0.717587,0.542230,1563.904785
6,0.735354,0.237321,1996.498169
7,0.508289,0.392670,6205.801758
8,0.487672,0.416544,6438.724609
9,0.488148,0.467176,6754.877441
10,0.483257,0.472567,7170.814453
11,0.438590,0.490388,7436.984863
12,0.563379,0.614226,7769.753418
13,0.559370,0.490159,8102.499023
14,0.491540,0.405015,8335.427734
15,0.565673,0.414088,9084.116211
16,0.632533,0.400750,9416.859375
17,0.777084,0.484957,9999.175781
18,0.014585,0.521333,10664.686523
19,0.000335,0.522403,10864.327148
20,0.010837,0.534903,11030.720703
21,0.993700,0.522822,11263.636719
22,0.965259,0.521465,11529.839844
23,0.912434,0.618021,12128.800781
24,0.087814,0.675079,12677.832031
25,0.095442,0.477344,13010.582031
26,0.105870,0.384180,13260.144531
27,0.123779,0.540029,13809.195312
28,0.128246,0.553914,14158.584961
29,0.129077,0.542569,14507.986328
30,0.129044,0.441595,14874.024414
31,0.130857,0.413155,15007.118164
32,0.133167,0.385368,15240.016602
33,0.144389,0.365087,15739.153320
34,0.143306,0.376001,15822.334961
35,0.022472,0.308808,16454.572266
36,0.962325,0.371618,16787.324219
37,0.977771,0.393256,17020.267578
38,0.012535,0.140870,17735.656250
39,0.027981,0.123863,18517.630859
40,0.975332,0.192483,18817.113281
41,0.893455,0.263309,19116.583984
42,0.855524,0.299460,19366.160156
43,0.784091,0.275613,19648.992188
44,0.747247,0.567617,20381.066406
45,0.755479,0.584967,20480.886719
46,0.727194,0.578751,20713.796875
47,0.723283,0.569158,20863.537109
48,0.355384,0.200289,22926.589844
49,0.267813,0.343062,23425.726562
50,0.234498,0.376665,23691.919922
51,0.184747,0.228514,24174.398438
52,0.372241,0.138831,24939.750000
0,0.727764,0.470930,299.473633
1,0.748651,0.473875,532.395935
2,0.745751,0.268308,815.299377
3,0.744577,0.274015,965.070312
4,0.741897,0.257045,1081.540894
5,0.763626,0.526089,1697.071289
6,0.768808,0.731704,1963.310181
7,0.721864,0.855246,2645.426025
8,0.754852,0.728076,3194.495605
9,0.806744,0.945156,3593.726318
10,0.822277,0.943684,3776.740479
11,0.855340,0.994004,3993.119873
12,0.934820,0.879481,4592.040039
13,0.901759,0.884316,4691.798340
14,0.484981,0.401632,5972.885254
15,0.506910,0.526350,6338.928223
16,0.512600,0.525107,6621.783203
17,0.491690,0.498290,7104.279297
18,0.457904,0.279548,7403.783203
19,0.441133,0.241340,7620.072266
20,0.420711,0.206088,7886.270508
21,0.423929,0.190292,7986.056152
22,0.464478,0.224370,8268.936523
23,0.461345,0.216735,8485.250977
24,0.383417,0.138624,8734.773438
25,0.420508,0.080403,8951.039062
26,0.478337,0.052304,9233.920898
27,0.418252,0.056168,9383.706055
28,0.442881,0.041298,9599.878906
29,0.776417,0.027028,9932.650391
30,0.880231,0.030301,10049.159180
31,0.825174,0.024137,10182.261719
32,0.952154,0.087820,10581.598633
33,0.012026,0.276092,11296.956055
34,0.992702,0.491502,11762.857422
35,0.078180,0.475905,12261.965820
36,0.071801,0.433595,12494.877930
37,0.111581,0.452255,13027.245117
38,0.968354,0.339292,13726.114258
39,0.951571,0.297671,13992.211914
40,0.965953,0.230378,14241.818359
41,0.003440,0.364046,14657.768555
42,0.000771,0.483739,14874.068359
43,0.970248,0.496901,15123.620117
44,0.858211,0.506887,15439.676758
45,0.835112,0.370378,15755.889648
46,0.781787,0.454725,16071.959961
47,0.785470,0.448666,16188.371094
48,0.792386,0.421912,16388.074219
49,0.753988,0.540565,16654.244141
50,0.734400,0.431438,17003.664062
51,0.749726,0.474869,17402.937500
52,0.773779,0.677234,17585.966797
53,0.744514,0.308161,17868.808594
54,0.735881,0.279564,18085.156250
55,0.747044,0.404067,18434.458984
56,0.477299,0.478161,19698.929688
57,0.476338,0.480679,19832.060547
58,0.342490,0.391742,20297.884766
59,0.289309,0.395141,20514.208984
60,0.258631,0.376895,20863.578125
61,0.238745,0.314044,21229.619141
62,0.224035,0.235126,21562.367188
63,0.221454,0.210045,21695.439453
64,0.237664,0.465950,22577.259766
65,0.344739,0.198101,23226.082031
66,0.390087,0.170900,23375.843750
67,0.269414,0.079630,23858.339844
68,0.433881,0.065252,24124.550781
69,0.481174,0.046518,24673.617188
0,0.757790,0.376652,748.713013
1,0.774989,0.302146,931.787598
2,0.543577,0.293107,2013.204590
3,0.469429,0.413167,2429.147461
4,0.451692,0.451154,2645.358154
5,0.621335,0.222329,3527.155273
6,0.316933,0.459372,4109.506348
7,0.239602,0.377877,4558.713867
8,0.240553,0.357806,4691.804199
9,0.241447,0.340245,4874.817383
10,0.107010,0.523307,5922.971191
11,0.132995,0.475635,6122.617676
12,0.462613,0.448272,7436.997070
13,0.553853,0.358873,8302.166016
14,0.540296,0.396565,8468.588867
15,0.521216,0.421944,8651.587891
16,0.650951,0.323366,9416.858398
17,0.587287,0.222525,9916.019531
18,0.734617,0.270479,10731.339844
19,0.715227,0.396923,10947.557617
20,0.986774,0.265031,11729.491211
21,0.995270,0.273659,11895.868164
22,0.974500,0.391424,12178.706055
23,0.909942,0.465516,12627.953125
24,0.872215,0.503296,13127.036133
25,0.863485,0.501733,13260.140625
26,0.838829,0.427781,13809.182617
27,0.845048,0.398311,14042.134766
28,0.779095,0.409486,14441.449219
29,0.722131,0.473324,14674.338867
30,0.729020,0.452921,14907.324219
31,0.721453,0.448599,15023.739258
32,0.519957,0.382669,16038.672852
33,0.504070,0.386128,16587.718750
34,0.450729,0.411812,16970.349609
35,0.461057,0.405220,17735.734375
36,0.504767,0.388076,17918.681641
37,0.496743,0.391916,18068.433594
38,0.451965,0.406066,18384.539062
39,0.313208,0.290276,19698.935547
40,0.310108,0.287184,19981.720703
41,0.350322,0.249838,20281.197266
42,0.359042,0.237918,20381.060547
43,0.409738,0.199050,20747.089844
44,0.211156,0.859803,22028.173828
45,0.098838,0.501007,22710.330078
46,0.098911,0.493588,22826.818359
47,0.114754,0.453434,23076.328125
48,0.065254,0.487383,23359.187500
49,0.157492,0.377768,23725.265625
50,0.100267,0.468240,24041.308594
51,0.091802,0.489000,24174.412109
52,0.103250,0.493460,24973.052734
0,0.769352,0.443728,49.903755
1,0.770458,0.467349,349.367950
2,0.784569,0.482221,715.405701
3,0.797050,0.488845,815.261536
4,0.932169,0.495861,1364.261841
5,0.690648,0.487237,2961.470947
6,0.673902,0.478258,3144.492188
7,0.567288,0.449408,3743.450439
8,0.539120,0.456216,3976.374512
9,0.532724,0.451616,4209.330078
10,0.525034,0.448243,4325.763184
11,0.510355,0.444533,4508.796875
12,0.470645,0.463187,4891.429688
13,0.452845,0.458185,5107.776855
14,0.434064,0.461805,5473.751953
15,0.404994,0.383529,5856.405273
16,0.375621,0.360927,6089.340820
17,0.414896,0.287149,6422.144043
18,0.453191,0.256685,6655.076172
19,0.539069,0.209591,6987.770508
20,0.473927,0.258081,7470.311523
21,0.452774,0.298513,7736.491699
22,0.463355,0.384126,8102.506836
23,0.520589,0.504678,8618.266602
24,0.692644,0.484333,9250.510742
25,0.650048,0.503823,10398.493164
26,0.506561,0.446965,11113.906250
27,0.554075,0.387163,11330.185547
28,0.549313,0.402316,11779.452148
29,0.514305,0.460439,12211.985352
30,0.505541,0.468952,12361.730469
31,0.513560,0.449370,12827.562500
32,0.510719,0.455099,13010.593750
33,0.510666,0.454994,13160.327148
34,0.476136,0.526433,13359.968750
35,0.488538,0.537435,14740.909180
36,0.483962,0.563446,14890.636719
37,0.499309,0.576869,15106.928711
38,0.546865,0.576692,15423.041992
39,0.584802,0.575453,16454.566406
40,0.833939,0.556194,17369.652344
41,0.932900,0.385233,17602.554688
42,0.965394,0.381913,17785.568359
43,0.990572,0.400385,18101.705078
44,0.025759,0.403228,18301.337891
45,0.050131,0.404880,18534.269531
46,0.088493,0.405647,18634.111328
47,0.115458,0.394330,19482.607422
48,0.127762,0.390659,19582.435547
49,0.137106,0.410675,19965.113281
50,0.125121,0.480723,21512.458984
51,0.091585,0.545909,21628.861328
52,0.073743,0.572188,21745.320312
53,0.193533,0.369863,22161.267578
54,0.197387,0.327136,22444.099609
55,0.822910,0.148018,24423.994141
56,0.735692,0.236865,24656.902344
57,0.689840,0.372685,24839.919922
0,0.751739,0.489291,299.473938
1,0.758624,0.279016,1048.111084
2,0.812131,0.274013,1746.936279
3,0.781450,0.242192,1963.205444
4,0.737302,0.188089,2429.038086
5,0.585203,0.105239,2828.396240
6,0.539658,0.108470,2994.779297
7,0.499293,0.469443,3809.965576
8,0.510883,0.465774,4275.855469
9,0.990278,0.412703,5873.037598
10,0.080023,0.495066,6288.923340
11,0.103045,0.519183,6555.195312
12,0.496489,0.269104,8185.638184
13,0.389305,0.165885,8767.974609
14,0.272466,0.254385,10232.057617
15,0.286382,0.267830,10365.176758
16,0.487097,0.231713,11296.866211
17,0.498938,0.204704,11529.860352
18,0.467461,0.163708,11696.193359
19,0.411506,0.148221,11895.883789
20,0.446884,0.135846,12311.759766
21,0.511490,0.495187,13176.938477
22,0.371729,0.474647,13792.568359
23,0.351219,0.468131,14042.085938
24,0.265021,0.429719,14541.160156
25,0.265558,0.398367,14873.966797
26,0.306867,0.327672,16105.092773
27,0.301510,0.283778,16254.950195
28,0.315814,0.333928,16770.662109
29,0.314133,0.310604,17353.029297
30,0.313446,0.323680,17602.515625
31,0.318670,0.363446,17885.324219
32,0.315770,0.361526,18550.875000
33,0.325592,0.400672,20098.140625
34,0.467657,0.224885,21312.660156
35,0.467514,0.184550,21562.259766
36,0.451552,0.173543,21695.429688
37,0.415689,0.178066,21795.210938
38,0.439655,0.184097,22477.386719
39,0.402491,0.184931,22893.263672
40,0.380545,0.188543,23159.431641
41,0.385547,0.181820,23458.917969
42,0.470303,0.200629,23858.275391
43,0.454325,0.199187,24889.777344
0,0.744359,0.578203,432.568268
1,0.689288,0.287886,1048.106445
2,0.639279,0.373635,1447.507080
3,0.574658,0.401702,1713.664673
4,0.566410,0.075106,2828.335938
5,0.303396,0.437945,3776.744629
6,0.251438,0.247369,4192.625488
7,0.237212,0.245008,4359.108887
8,0.233436,0.242573,4525.441406
9,0.239112,0.109878,5024.495605
10,0.397297,0.138243,5723.340820
11,0.628506,0.172992,6438.681641
12,0.620356,0.182697,6555.207031
13,0.656396,0.157927,6788.132812
14,0.723081,0.258480,7120.870117
15,0.758936,0.282002,7503.484863
16,0.767481,0.471673,7869.583984
17,0.892343,0.471348,8584.945312
18,0.886559,0.466405,8834.539062
19,0.968422,0.489924,9183.923828
20,0.008969,0.498459,9566.625977
21,0.035230,0.224240,10098.968750
22,0.006404,0.203840,10514.916992
23,0.071959,0.233004,10781.114258
24,0.748472,0.812693,12261.838867
25,0.646113,0.631500,13093.764648
26,0.658552,0.817330,13343.293945
27,0.499831,0.724163,16171.768555
28,0.504812,0.723504,16288.136719
29,0.795942,0.408109,17086.863281
30,0.034620,0.456869,18700.644531
31,0.156080,0.192076,19499.232422
32,0.164703,0.195822,19632.353516
33,0.044429,0.261029,20131.472656
34,0.101507,0.328072,20547.351562
35,0.794207,0.526158,21878.384766
36,0.785944,0.526110,21978.212891
37,0.649942,0.386721,23492.259766
38,0.626513,0.400725,23725.207031
39,0.601943,0.409737,23941.429688
40,0.546854,0.451297,24174.355469
41,0.556984,0.439563,24307.447266
42,0.500097,0.478624,24540.410156
43,0.506399,0.469874,24656.878906
44,0.466477,0.447974,24989.607422
0,0.751746,0.532642,166.375076
1,0.749416,0.511871,415.958710
2,0.733539,0.427793,798.622620
3,0.732891,0.382432,964.964905
4,0.736913,0.317821,1197.920898
5,0.669864,0.396735,1530.770874
6,0.677790,0.388323,1796.897949
7,0.592423,0.469885,2013.124634
8,0.577441,0.524237,2262.732422
9,0.580969,0.526133,2345.910889
10,0.526754,0.519728,2628.743652
11,0.488556,0.485331,2861.656006
12,0.488464,0.462620,3011.403320
13,0.487673,0.477278,3177.772461
14,0.435403,0.478960,3693.553955
15,0.446189,0.477331,3909.830566
16,0.451138,0.490054,4042.922607
17,0.353535,0.482964,4408.960938
18,0.356104,0.488801,4508.779297
19,0.342069,0.527108,4725.091309
20,0.308105,0.542444,5041.198242
21,0.260851,0.565713,5457.129395
22,0.261666,0.555632,5673.417480
23,0.373031,0.600707,6089.394043
24,0.457476,0.476318,6904.609863
25,0.500851,0.482870,7154.168945
26,0.565888,0.477976,7570.145020
27,0.646167,0.486628,7919.480957
28,0.635024,0.495662,8119.135742
29,0.680153,0.497676,8268.883789
30,0.741937,0.513450,8684.829102
31,0.760612,0.487636,8884.473633
32,0.748731,0.483534,9183.980469
33,0.781835,0.440335,9749.619141
34,0.788609,0.415306,10015.852539
35,0.809239,0.392634,10448.430664
36,0.812552,0.382800,10714.612305
37,0.755880,0.375478,10930.923828
38,0.754907,0.309894,11213.762695
39,0.738024,0.296201,11662.980469
40,0.686482,0.276505,11879.226562
41,0.682396,0.245190,12228.619141
42,0.645776,0.136926,12611.309570
43,0.605820,0.096552,12810.953125
44,0.608582,0.077878,13010.595703
45,0.743538,0.089785,13360.013672
46,0.833502,0.071089,13592.906250
47,0.912781,0.060054,13792.564453
48,0.008244,0.045646,13975.567383
49,0.863422,0.156157,14840.736328
50,0.876001,0.287877,15173.489258
51,0.060686,0.238940,15839.007812
52,0.074237,0.250972,15972.095703
53,0.069370,0.178736,16188.378906
54,0.043749,0.310054,16970.390625
55,0.034324,0.314308,17103.470703
56,0.988694,0.321970,17685.759766
57,0.979486,0.318684,18318.009766
58,0.052765,0.316861,18900.320312
59,0.063989,0.268353,19282.962891
60,0.041591,0.189864,19499.277344
61,0.998542,0.152929,19715.574219
62,0.959035,0.146560,20048.332031
63,0.900556,0.210440,20231.332031
64,0.955184,0.022350,21063.253906
65,0.563095,0.039790,21495.781250
66,0.371250,0.123297,21878.468750
67,0.375428,0.126816,22128.001953
68,0.403408,0.185736,22427.517578
69,0.390984,0.307019,22810.140625
70,0.484798,0.390088,23442.376953
71,0.484358,0.456549,23741.857422
72,0.493455,0.488568,23874.970703
73,0.490196,0.506010,24074.587891
74,0.494632,0.494405,24357.443359
75,0.562788,0.413743,24557.099609
0,0.763903,0.457472,449.262695
1,0.767014,0.229311,1064.866821
2,0.620180,0.247866,1397.623779
3,0.595369,0.236569,1613.852417
4,0.529093,0.241591,1830.209595
5,0.502518,0.506060,2445.784424
6,0.500787,0.551496,2745.259033
7,0.507108,0.567566,3011.422119
8,0.462641,0.554814,3194.532959
9,0.564082,0.124513,3593.784668
10,0.611705,0.097282,3810.108398
11,0.660397,0.087201,4126.208496
12,0.155026,0.065370,4791.641602
13,0.757034,0.504890,5706.710449
14,0.753929,0.540356,5956.351562
15,0.018856,0.466928,6738.277344
16,0.028720,0.247355,7021.174316
17,0.034078,0.209438,7187.458496
18,0.048209,0.165047,7420.457031
19,0.047937,0.164121,7670.013184
20,0.938457,0.244282,8085.918945
21,0.024760,0.303548,8435.359375
22,0.060491,0.542917,8984.377930
23,0.138800,0.528314,9416.880859
24,0.133042,0.516992,9533.358398
25,0.147942,0.279954,9766.321289
26,0.164526,0.266353,9916.077148
27,0.164091,0.143052,10148.953125
28,0.170348,0.130620,10431.819336
29,0.896201,0.212516,10897.677734
30,0.868330,0.351029,11163.870117
31,0.905908,0.513207,11413.431641
32,0.817142,0.444947,11779.428711
33,0.759039,0.415577,12128.823242
34,0.752222,0.280712,12444.943359
35,0.279562,0.204229,13925.728516
36,0.295982,0.155422,14191.913086
37,0.304416,0.126530,14391.580078
38,0.250494,0.363124,14840.765625
39,0.268453,0.439320,15057.091797
40,0.401503,0.417639,15639.342773
41,0.397464,0.527545,15839.033203
42,0.496708,0.460106,16288.255859
43,0.519353,0.433650,16920.445312
44,0.509963,0.331611,17236.630859
45,0.508020,0.302013,17402.962891
46,0.488931,0.123067,17935.330078
47,0.493529,0.093845,18151.646484
48,0.549556,0.074354,18368.035156
49,0.573502,0.036102,18750.628906
50,0.938504,0.045289,18966.919922
51,0.847745,0.127004,19399.439453
52,0.835566,0.124583,19515.935547
53,0.409616,0.147086,20048.318359
54,0.541618,0.142419,20514.218750
55,0.562623,0.233097,20913.521484
56,0.511503,0.355695,21329.402344
57,0.490720,0.397638,21612.267578
58,0.502179,0.442192,21811.916016
59,0.432819,0.240452,22111.396484
60,0.423246,0.205413,22244.539062
61,0.419460,0.196774,22360.945312
62,0.510131,0.415056,22743.642578
63,0.521742,0.425687,22860.115234
64,0.528540,0.421455,22993.257812
65,0.528413,0.559955,23259.443359
66,0.525462,0.540730,23409.203125
67,0.524853,0.483563,23625.457031
68,0.632601,0.394329,24207.802734
69,0.644658,0.393313,24390.785156
70,0.663356,0.348432,24673.564453
71,0.657120,0.518623,24973.085938
0,0.750299,0.449916,182.993683
1,0.749238,0.476954,349.348267
2,0.734593,0.464231,615.529053
3,0.841029,0.379880,998.248413
4,0.559301,0.052201,1946.603638
5,0.466348,0.069912,2146.306152
6,0.477104,0.474456,3543.750977
7,0.441994,0.454726,3760.074951
8,0.411686,0.449628,3893.201172
9,0.416628,0.452123,4009.641113
10,0.480770,0.461344,4275.834473
11,0.027451,0.465774,5573.633789
12,0.998998,0.460158,5789.827148
13,0.126240,0.439500,6255.772949
14,0.116753,0.438746,6355.616211
15,0.133688,0.450181,6505.359863
16,0.172563,0.471140,6837.989746
17,0.927752,0.130863,8002.723633
18,0.868711,0.305117,8535.020508
19,0.801086,0.455068,9633.100586
20,0.726861,0.404603,9982.530273
21,0.725107,0.313709,10265.399414
22,0.694678,0.242839,10498.268555
23,0.647921,0.306750,10831.001953
24,0.692789,0.387366,11014.026367
25,0.435017,0.491230,12711.058594
26,0.496366,0.463904,13110.378906
27,0.471792,0.351335,13626.197266
28,0.537587,0.476611,14042.156250
29,0.511088,0.412118,14424.766602
30,0.502103,0.337038,14624.428711
31,0.234158,0.468774,15988.722656
32,0.168205,0.353690,16238.239258
33,0.161262,0.364057,16387.978516
34,0.246418,0.445624,16637.640625
35,0.249920,0.481036,16803.908203
36,0.423836,0.655492,18118.294922
37,0.498495,0.607915,18634.064453
38,0.537203,0.524469,18867.023438
39,0.434001,0.475064,19099.906250
40,0.500423,0.138340,20164.693359
41,0.372197,0.199216,20464.273438
42,0.059907,0.117179,21196.261719
43,0.063822,0.070444,21512.345703
44,0.071125,0.064332,21695.425781
45,0.408041,0.175176,21944.988281
46,0.503698,0.361026,22826.710938
47,0.819499,0.513753,24224.343750
48,0.721257,0.249052,24956.373047
