Idx, longitude, latitude, start timestamp
0,0.765096,0.520335,299.538086
1,0.792126,0.463746,665.514404
2,0.821234,0.403057,881.734680
3,0.819455,0.310643,1098.006226
4,0.830170,0.270380,1331.057007
5,0.960078,0.309302,1863.374878
6,0.989267,0.312477,2063.014648
7,0.008709,0.330009,2246.066650
8,0.020922,0.290963,2412.497314
9,0.001507,0.454901,2944.929199
10,0.005954,0.556375,3161.107910
11,0.096733,0.426732,3444.002441
12,0.104002,0.434915,3676.875977
13,0.111919,0.415530,3876.484131
14,0.127405,0.551462,4608.524902
15,0.133810,0.537767,4824.904785
16,0.090466,0.626299,5174.271484
17,0.134997,0.548343,5856.467773
18,0.135100,0.515032,6139.255371
19,0.130877,0.510343,6222.396973
20,0.124024,0.514566,6372.220703
21,0.201952,0.458653,6838.131836
22,0.108723,0.534424,7287.250488
23,0.111387,0.424895,8135.787598
24,0.095140,0.390032,8302.105469
25,0.120845,0.377961,8534.999023
26,0.099530,0.346164,8934.384766
27,0.286338,0.343601,9416.890625
28,0.326271,0.311068,9633.161133
29,0.536354,0.475760,13576.182617
30,0.530712,0.405059,14108.655273
31,0.481974,0.391620,14607.767578
32,0.404455,0.609025,16537.742188
33,0.389866,0.599075,16820.642578
34,0.563839,0.471719,17818.839844
35,0.580429,0.440363,18018.500000
36,0.577108,0.444652,18151.626953
37,0.563663,0.430487,18500.960938
38,0.548616,0.440083,18767.263672
39,0.598827,0.384225,19083.273438
40,0.608133,0.363854,19349.509766
41,0.609185,0.359735,19482.601562
42,0.545942,0.462911,20247.939453
43,0.476852,0.370670,21728.734375
44,0.230615,0.562668,22710.347656
45,0.230263,0.563653,22943.185547
46,0.295798,0.609125,23242.675781
0,0.744593,0.499750,349.406006
1,0.757634,0.472147,598.972717
2,0.767914,0.435078,865.044739
3,0.757299,0.198812,1513.982056
4,0.811657,0.165263,1746.917114
5,0.860463,0.158634,1979.765259
6,0.896283,0.142494,2179.487549
7,0.981834,0.185600,2429.041260
8,0.020128,0.263934,2745.152832
9,0.109066,0.370799,3294.098389
10,0.123937,0.371868,3510.543213
11,0.123660,0.362082,3793.343750
12,0.113158,0.384225,4026.186035
13,0.105940,0.397946,4242.493652
14,0.129869,0.551073,4475.486328
15,0.134882,0.528490,5041.019043
16,0.251339,0.363350,5723.189453
17,0.335620,0.239025,6322.225586
18,0.361900,0.204022,6538.401855
19,0.384703,0.187412,6837.845703
20,0.368405,0.182552,7070.862793
21,0.323016,0.147624,7353.708008
22,0.319396,0.119627,7520.109375
23,0.277923,0.235966,7836.086426
24,0.154478,0.501666,12361.463867
25,0.175033,0.373370,13226.695312
26,0.501833,0.376103,15555.820312
27,0.612321,0.343274,16237.926758
28,0.106710,0.916401,19665.269531
29,0.121195,0.927678,19864.935547
30,0.499986,0.714681,21295.660156
31,0.323752,0.757484,21794.941406
32,0.236095,0.690788,22676.626953
33,0.193472,0.657269,23325.466797
34,0.165922,0.652636,23641.582031
0,0.881272,0.262259,865.078125
1,0.890083,0.095610,1281.154419
2,0.118891,0.310364,2096.352783
3,0.146773,0.482498,2578.769287
4,0.146565,0.467229,2828.354736
5,0.135350,0.596128,3161.090576
6,0.124497,0.672862,3344.146484
7,0.103686,0.348149,3626.955566
8,0.136183,0.321782,3926.424561
9,0.177550,0.380696,4275.767578
10,0.137194,0.435851,4658.499023
11,0.109225,0.323634,5157.686035
12,0.082351,0.265614,5473.725586
13,0.025709,0.233486,5756.491699
14,0.977554,0.233376,6089.178711
15,0.973551,0.212861,6205.660156
16,0.562607,0.346717,7719.783203
17,0.497094,0.416949,7902.781738
18,0.477430,0.384426,8152.232910
19,0.399964,0.309026,8451.759766
20,0.349723,0.234446,8684.645508
21,0.125551,0.397469,9749.478516
22,0.128306,0.402564,9849.291016
23,0.092285,0.402673,10048.982422
24,0.088660,0.404490,10365.083008
25,0.072150,0.318581,10664.519531
26,0.068178,0.276695,10997.303711
27,0.057989,0.262814,11263.373047
28,0.945810,0.245677,11679.365234
29,0.074614,0.253543,12028.779297
30,0.134340,0.462538,12344.901367
31,0.157302,0.481642,12478.084961
32,0.147352,0.480435,12727.462891
33,0.145889,0.486431,12844.077148
34,0.124662,0.407357,13077.050781
35,0.102730,0.405828,13326.453125
36,0.120910,0.271417,13875.423828
37,0.088172,0.346193,14308.095703
38,0.303135,0.392383,15356.336914
39,0.396182,0.240296,15755.494141
40,0.436830,0.220477,15955.103516
41,0.615334,0.449398,16953.359375
42,0.664338,0.358970,17236.242188
43,0.608259,0.604395,17835.228516
44,0.834913,0.606792,18683.648438
45,0.870233,0.543627,18933.326172
46,0.870892,0.551234,19033.048828
47,0.915249,0.558879,19199.451172
48,0.977756,0.540291,19648.617188
49,0.788095,0.126102,20430.621094
50,0.636902,0.209550,20879.931641
51,0.596025,0.301691,21196.000000
52,0.564662,0.461259,21711.679688
53,0.553575,0.514620,21894.734375
54,0.560282,0.532515,22144.253906
55,0.508585,0.401935,22493.697266
56,0.194552,0.360364,23608.458984
0,0.739485,0.390686,998.210205
1,0.690193,0.259495,1597.148926
2,0.705446,0.178406,1830.016235
3,0.802049,0.131521,2029.634521
4,0.080949,0.400825,3111.121338
5,0.104537,0.457191,3327.411133
6,0.074501,0.435077,3610.320068
7,0.077429,0.367712,3943.048340
8,0.108088,0.526851,4292.444824
9,0.102985,0.507429,4542.026855
10,0.070898,0.459165,4924.654785
11,0.063323,0.404808,5174.262207
12,0.505902,0.416855,6688.268555
13,0.521261,0.422673,7203.958008
14,0.524844,0.443664,7503.438965
15,0.446951,0.529894,8085.810059
16,0.471156,0.548332,8418.546875
17,0.518028,0.450953,8618.231445
18,0.475680,0.424455,8851.109375
19,0.219874,0.510613,9733.011719
20,0.270351,0.413943,10015.671875
21,0.509475,0.389393,11679.560547
22,0.511074,0.404563,12012.376953
23,0.590473,0.372103,13193.547852
24,0.593971,0.397631,13343.235352
25,0.649912,0.462873,13626.125000
26,0.732055,0.707705,14158.536133
27,0.685632,0.775161,14324.900391
28,0.752048,0.685770,14574.560547
29,0.697613,0.846745,14957.151367
30,0.734070,0.914710,15123.514648
31,0.693798,0.953485,15323.099609
32,0.202452,0.985048,15888.931641
33,0.328285,0.961248,16088.509766
34,0.321929,0.923371,16421.185547
35,0.629770,0.965718,16936.984375
36,0.703549,0.910487,17685.710938
37,0.665093,0.925399,18101.570312
38,0.989658,0.655547,18484.289062
39,0.013015,0.527714,18650.720703
40,0.007394,0.510708,18767.164062
41,0.998469,0.484882,19016.691406
42,0.012384,0.337752,19632.318359
43,0.057153,0.378704,20630.505859
44,0.069585,0.431471,20846.794922
45,0.098387,0.461014,21329.287109
46,0.101352,0.409056,21512.314453
47,0.081975,0.415605,21861.794922
48,0.081526,0.371886,22078.128906
49,0.114531,0.418974,22394.148438
50,0.100724,0.487549,22660.285156
51,0.098780,0.478074,22959.791016
52,0.095277,0.482661,23625.248047
53,0.105102,0.588562,24057.890625
54,0.053501,0.585386,24407.294922
0,0.778980,0.535532,299.641785
1,0.637796,0.293968,1281.224976
2,0.583408,0.541340,2113.169678
3,0.517874,0.536593,2429.215576
4,0.478070,0.351017,2761.992676
5,0.475105,0.323549,3028.203857
6,0.441039,0.333754,3261.154053
7,0.681921,0.914984,4525.584473
8,0.192392,0.926994,4808.472656
9,0.110900,0.907480,5107.902344
10,0.553764,0.746403,6572.061523
11,0.525618,0.761008,6821.683105
12,0.519012,0.676880,7187.644531
13,0.519139,0.420688,7653.488770
14,0.473806,0.334197,7969.629883
15,0.457542,0.324723,8319.038086
16,0.326955,0.328985,8535.212891
17,0.189473,0.610236,9300.621094
18,0.123844,0.518994,10198.938477
19,0.071854,0.347985,11197.335938
20,0.242648,0.350214,11995.775391
21,0.062825,0.315948,12711.278320
22,0.050576,0.259452,12960.751953
23,0.024456,0.270843,13459.873047
24,0.957685,0.200810,14192.041016
25,0.995498,0.142987,14508.161133
26,0.100934,0.538362,15705.950195
27,0.089816,0.407040,16155.227539
28,0.128323,0.515394,16404.816406
29,0.298774,0.628459,17619.306641
30,0.637404,0.984082,19166.691406
31,0.978437,0.590875,20098.285156
32,0.945725,0.494305,21296.285156
33,0.892194,0.731150,22460.853516
34,0.138784,0.600384,24058.070312
35,0.882018,0.261630,24973.169922
0,0.758654,0.539700,266.214935
1,0.760236,0.491858,432.632965
2,0.730971,0.298190,998.291992
3,0.726640,0.264477,1131.297363
4,0.697836,0.227117,1297.790771
5,0.751459,0.206514,1580.597168
6,0.815889,0.192073,1813.594116
7,0.871629,0.218327,2013.212036
8,0.904195,0.233323,2146.340088
9,0.938651,0.228293,2329.276123
10,0.972575,0.243162,2578.872070
11,0.995673,0.261954,2728.508789
12,0.095811,0.321673,3211.057861
13,0.097930,0.351891,3344.163574
14,0.109753,0.378346,3560.410889
15,0.120043,0.428542,3726.839600
16,0.106215,0.452441,3893.155518
17,0.101192,0.498806,4092.905029
18,0.121049,0.548633,4325.808105
19,0.125130,0.558371,4725.176758
20,0.133636,0.524826,5224.220703
21,0.085052,0.610619,5423.881836
22,0.081014,0.637912,5590.306641
23,0.997398,0.713105,5922.994629
24,0.983947,0.776090,6122.573242
25,0.056668,0.853490,6388.887695
26,0.093537,0.875658,6838.101074
27,0.846015,0.983662,7320.608887
28,0.746934,0.955110,7470.339844
29,0.934886,0.934389,8302.169922
30,0.279222,0.336051,9183.918945
31,0.306732,0.301212,9333.720703
32,0.346278,0.302016,9533.348633
33,0.370340,0.295645,9732.966797
34,0.337376,0.295183,10049.007812
35,0.420626,0.563372,10548.310547
36,0.470585,0.521423,10714.628906
37,0.505091,0.466137,10980.770508
38,0.522400,0.391066,11230.413086
39,0.551496,0.409999,11430.057617
40,0.513540,0.368771,11613.027344
41,0.504905,0.370837,12394.996094
42,0.541816,0.425187,12810.831055
43,0.604195,0.535528,13226.823242
44,0.561674,0.473943,13609.496094
45,0.552865,0.451396,13825.809570
46,0.502127,0.494169,14191.884766
47,0.107552,0.528617,15489.565430
48,0.116908,0.520063,15622.674805
49,0.770714,0.227201,17319.669922
50,0.727109,0.237316,17635.763672
51,0.559619,0.403191,18484.400391
52,0.554971,0.451137,18683.978516
53,0.577361,0.515485,18933.525391
54,0.635662,0.570014,19432.646484
55,0.793601,0.581388,20197.980469
56,0.822737,0.597801,20380.974609
57,0.867286,0.605508,20630.636719
58,0.966597,0.644175,21129.748047
59,0.991951,0.629610,21262.794922
60,0.028154,0.594308,21562.328125
61,0.089279,0.587161,21861.710938
62,0.105946,0.597654,22028.062500
63,0.102795,0.596848,22177.902344
64,0.105995,0.617985,22360.837891
65,0.105358,0.634075,22494.001953
66,0.132641,0.530164,22743.527344
67,0.132251,0.506678,23076.273438
68,0.096777,0.439133,23691.878906
69,0.081537,0.347970,23941.378906
70,0.084825,0.319800,24141.027344
71,0.081452,0.301039,24473.794922
0,0.783710,0.364798,548.972168
1,0.795291,0.332251,765.398987
2,0.122859,0.470074,2113.055908
3,0.130409,0.517080,2462.365967
4,0.130267,0.525798,2745.244873
5,0.127996,0.506078,3094.549805
6,0.099943,0.384383,3394.092529
7,0.082028,0.388116,3610.412109
8,0.079569,0.374977,3993.091064
9,0.120270,0.526277,4608.646484
10,0.071058,0.544861,4874.761230
11,0.091757,0.352254,5373.931152
12,0.101249,0.339055,5590.272461
13,0.117429,0.383364,5856.410156
14,0.085078,0.372554,6039.402832
15,0.094865,0.367320,6239.218262
16,0.157720,0.431425,6438.741211
17,0.399807,0.178329,9483.467773
18,0.474026,0.681140,11463.308594
19,0.072176,0.568681,14574.498047
20,0.098848,0.544601,14824.082031
21,0.114460,0.622967,15073.598633
22,0.101126,0.458743,15789.070312
23,0.138188,0.378422,16554.380859
24,0.214743,0.285386,17286.410156
25,0.088589,0.388373,17768.976562
26,0.070748,0.397629,18018.458984
27,0.063671,0.351932,18251.433594
28,0.078409,0.442604,18683.927734
29,0.071748,0.428311,19233.062500
30,0.065124,0.422915,19465.873047
31,0.072186,0.404130,20148.033203
32,0.069914,0.322922,20680.537109
33,0.047070,0.334256,20963.214844
34,0.054295,0.318290,21212.892578
35,0.058527,0.320993,21612.111328
36,0.078275,0.336883,22394.085938
37,0.067838,0.328674,22643.730469
38,0.057453,0.319134,22876.619141
39,0.104302,0.463703,23908.224609
0,0.787406,0.379701,399.312561
1,0.787383,0.334391,598.957886
2,0.533895,0.421510,1647.116699
3,0.518470,0.396070,1846.741211
4,0.511579,0.378425,2029.754517
5,0.516520,0.380037,2162.869385
6,0.497888,0.443681,2379.126465
7,0.476727,0.428561,2645.362549
8,0.441142,0.368501,2811.723389
9,0.505755,0.374581,3144.523193
10,0.541912,0.386686,3344.135742
11,0.567031,0.379666,3626.974121
12,0.586340,0.354137,3943.066162
13,0.587641,0.342125,4142.718750
14,0.572557,0.231880,4492.095215
15,0.601162,0.182887,4725.021484
16,0.605385,0.165603,4824.894043
17,0.614235,0.125480,4974.624512
18,0.615248,0.104864,5174.286133
19,0.735728,0.064750,5656.800781
20,0.563987,0.385015,7037.678711
21,0.560637,0.394439,7220.719238
22,0.569224,0.348493,7403.716309
23,0.564568,0.416831,7586.764648
24,0.550048,0.396831,8052.581055
25,0.588605,0.487848,8385.297852
26,0.627193,0.414170,8684.767578
27,0.667036,0.378556,8851.174805
28,0.682772,0.341893,9183.931641
29,0.698342,0.309014,9350.310547
30,0.748143,0.306128,9566.570312
31,0.798431,0.332171,9866.080078
32,0.799937,0.327013,9982.515625
33,0.818417,0.316205,10115.651367
34,0.838798,0.314690,10348.589844
35,0.854594,0.272349,10631.384766
36,0.919627,0.361252,10880.958008
37,0.960770,0.348404,11113.890625
38,0.991183,0.351888,11296.928711
39,0.054847,0.393221,11779.360352
40,0.070889,0.393152,12028.929688
41,0.064564,0.399649,12195.336914
42,0.096244,0.428510,12411.603516
43,0.119930,0.472888,12627.983398
44,0.121509,0.487161,12810.976562
45,0.123164,0.431233,13260.154297
46,0.082847,0.404660,13476.445312
47,0.075329,0.393479,13775.930664
48,0.045831,0.353584,14025.488281
49,0.054953,0.382139,14308.340820
50,0.008978,0.350726,14524.568359
51,0.036494,0.436980,14807.500000
52,0.061101,0.447754,15223.361328
53,0.084794,0.416636,15506.231445
54,0.075397,0.392774,15689.260742
55,0.073727,0.330130,15888.904297
56,0.061274,0.347572,16388.080078
57,0.128906,0.386992,16720.771484
58,0.147719,0.393064,17003.611328
59,0.187610,0.389622,17286.414062
60,0.212060,0.389357,17569.283203
61,0.250047,0.360650,17885.378906
62,0.267013,0.310605,18168.218750
63,0.350747,0.303226,18800.546875
64,0.389436,0.368431,19066.671875
65,0.418134,0.371793,19482.589844
66,0.444172,0.416903,19732.214844
67,0.478198,0.461677,19931.861328
68,0.478221,0.458568,20064.914062
69,0.524102,0.432626,20264.539062
70,0.541882,0.415595,20447.582031
71,0.556538,0.419439,20846.876953
72,0.559116,0.382130,21079.818359
73,0.588189,0.351369,21296.072266
74,0.569891,0.351597,21562.324219
75,0.554780,0.354179,21811.892578
76,0.530996,0.293153,22044.773438
77,0.434385,0.210571,22477.425781
78,0.400075,0.186820,22693.748047
79,0.335679,0.291179,22943.218750
80,0.319089,0.305504,23092.978516
81,0.267699,0.300221,23392.412109
82,0.154371,0.383947,24008.027344
83,0.042158,0.368233,24473.900391
84,0.025765,0.341621,24623.621094
85,0.029072,0.321637,24706.808594
0,0.756666,0.402171,166.357315
1,0.782357,0.532382,415.836670
2,0.748129,0.461024,798.578857
3,0.530928,0.450169,1513.912109
4,0.556502,0.448690,1780.179932
5,0.583805,0.444603,2013.054199
6,0.584166,0.391373,2362.425293
7,0.638905,0.375978,3027.870605
8,0.653866,0.379560,3344.006104
9,0.670314,0.364399,3543.738770
10,0.686720,0.347244,3843.148193
11,0.718969,0.320287,4026.291748
12,0.771470,0.304740,4275.733398
13,0.822235,0.275729,4508.761719
14,0.925446,0.266278,4957.835449
15,0.011551,0.264244,5273.958008
16,0.031226,0.284681,5523.621582
17,0.059419,0.329949,5972.858398
18,0.088963,0.401772,6455.368164
19,0.079880,0.402866,6688.181152
20,0.101884,0.414914,6871.197266
21,0.128025,0.430661,7070.812988
22,0.109230,0.581641,7603.340820
23,0.104112,0.512258,7952.696289
24,0.127284,0.454293,8152.321777
25,0.118607,0.449517,8302.025391
26,0.072941,0.562997,9084.005859
27,0.019319,0.701403,9316.878906
28,0.026980,0.703232,9483.358398
29,0.986516,0.661532,9832.676758
30,0.963510,0.596331,10132.116211
31,0.008058,0.643837,10631.305664
32,0.895047,0.620241,11246.985352
33,0.840992,0.629791,11496.526367
34,0.845627,0.605825,11679.526367
35,0.782926,0.677897,12062.124023
36,0.789208,0.653059,12195.207031
37,0.725136,0.699420,12444.888672
38,0.311505,0.589488,14341.462891
39,0.103728,0.542591,15489.396484
40,0.116715,0.505973,15872.205078
41,0.125168,0.428642,16071.839844
42,0.110206,0.405651,16204.923828
43,0.108205,0.394319,16321.407227
44,0.358433,0.276175,18234.587891
45,0.406075,0.290368,19066.455078
46,0.493265,0.364202,19815.218750
47,0.492584,0.355698,20197.851562
48,0.486012,0.327080,20746.958984
49,0.587411,0.062527,22144.443359
50,0.433535,0.685368,23908.037109
51,0.390328,0.732389,24141.033203
52,0.389988,0.730067,24340.605469
53,0.333981,0.720599,24972.853516
0,0.775841,0.493560,382.841522
1,0.788235,0.266375,948.451965
2,0.792545,0.221292,1198.084351
3,0.794086,0.189236,1397.686157
4,0.757664,0.179727,1730.426270
5,0.878541,0.185692,5357.309570
6,0.129268,0.532780,7154.174805
7,0.081441,0.578462,7403.829102
8,0.096097,0.373913,8102.541016
9,0.064673,0.925882,9466.897461
10,0.040959,0.950228,9616.666016
11,0.021233,0.981791,9866.167969
12,0.127675,0.534752,11197.082031
13,0.127237,0.532278,11563.238281
14,0.151889,0.515338,12162.090820
15,0.114807,0.470541,12544.809570
16,0.078581,0.352375,13293.424805
17,0.081482,0.362407,13493.182617
18,0.937301,0.561343,15622.750000
19,0.810791,0.595131,16238.295898
20,0.785439,0.606666,16471.275391
21,0.526183,0.430759,18717.357422
22,0.605307,0.341151,19998.474609
0,0.786087,0.399753,0.001200
1,0.769595,0.508945,282.887848
2,0.777293,0.536969,482.576172
3,0.701043,0.766577,1148.023438
4,0.667849,0.844430,1414.288452
5,0.623979,0.861754,1647.293579
6,0.494082,0.753757,2179.642090
7,0.514946,0.717283,2894.979980
8,0.512205,0.692898,3294.376709
9,0.507498,0.529454,3527.190674
10,0.504233,0.500283,3676.975586
11,0.510179,0.444210,3893.218506
12,0.530270,0.392256,4043.033691
13,0.513284,0.370022,4292.555176
14,0.504767,0.366982,4442.312500
15,0.572789,0.369585,4941.458008
16,0.591615,0.368348,5157.662109
17,0.600984,0.488407,5490.404785
18,0.594348,0.533079,5806.526367
19,0.650679,0.428795,6089.393066
20,0.696538,0.363526,6338.921387
21,0.720104,0.259618,6621.756836
22,0.725682,0.236882,6771.613770
23,0.754162,0.223837,7037.702148
24,0.775191,0.237269,7254.017090
25,0.786758,0.291342,7503.647949
26,0.890525,0.686051,8318.851562
27,0.922499,0.694054,8551.726562
28,0.959634,0.791090,8817.964844
29,0.034567,0.730576,9134.134766
30,0.062120,0.612179,9383.617188
31,0.079564,0.585395,9583.373047
32,0.116052,0.571205,9849.456055
33,0.149250,0.549205,9999.250000
34,0.135907,0.527848,10431.814453
35,0.129975,0.511196,10648.137695
36,0.205058,0.451876,11330.210938
37,0.124173,0.386903,11596.431641
38,0.092547,0.370000,11746.245117
39,0.041190,0.318785,11945.795898
40,0.046701,0.323354,12162.067383
41,0.072460,0.335907,12345.258789
42,0.082314,0.415781,12894.248047
43,0.967041,0.235920,13343.450195
44,0.189605,0.501235,13909.052734
45,0.214570,0.390142,14141.995117
46,0.912568,0.205697,15090.265625
47,0.872753,0.196328,15273.354492
48,0.838104,0.219437,15489.652344
49,0.802711,0.196429,15705.893555
50,0.757988,0.204540,15905.624023
51,0.721053,0.250249,16155.085938
52,0.672319,0.294030,16371.391602
53,0.614088,0.375523,16770.773438
54,0.577781,0.428196,17003.689453
55,0.488634,0.467830,17486.060547
56,0.442630,0.507956,17652.453125
57,0.448968,0.509853,17752.398438
58,0.390505,0.662873,18284.687500
59,0.360920,0.644388,18451.095703
60,0.313018,0.345331,19050.093750
61,0.297155,0.269275,19282.916016
62,0.348502,0.276670,19732.187500
63,0.365318,0.269373,19882.011719
64,0.448191,0.347552,20164.826172
65,0.512185,0.378090,20347.767578
66,0.454407,0.572257,21029.931641
67,0.407013,0.629811,21279.541016
68,0.553284,0.499780,21911.824219
69,0.560966,0.489353,22128.019531
70,0.604400,0.522793,22494.033203
71,0.590628,0.342373,22910.029297
72,0.607082,0.311163,23176.134766
73,0.650873,0.506464,23841.708984
74,0.646124,0.494308,23941.451172
75,0.770397,0.251810,24706.923828
0,0.818261,0.585591,2478.955811
1,0.834946,0.627483,2728.515137
2,0.858483,0.802532,3310.869873
3,0.790280,0.700932,3676.883545
4,0.751986,0.718659,3943.069336
5,0.700427,0.869460,4192.635254
6,0.732618,0.895392,4458.857422
7,0.717608,0.578542,4974.589844
8,0.705365,0.514192,5124.342285
9,0.714635,0.452210,5373.941895
10,0.729138,0.400314,5606.831543
11,0.749160,0.377304,5889.672363
12,0.762234,0.352047,6105.982422
13,0.775840,0.358315,6405.458008
14,0.791652,0.380645,6621.705566
15,0.826798,0.414393,6971.101074
16,0.838598,0.434032,7253.976562
17,0.859843,0.437528,7553.411621
18,0.885530,0.387219,7852.900879
19,0.890180,0.353958,8019.280273
20,0.018728,0.265763,8634.882812
21,0.012921,0.236305,8834.516602
22,0.019398,0.200010,9050.796875
23,0.073602,0.169072,9450.144531
24,0.087531,0.360921,9866.047852
25,0.095760,0.390233,10148.896484
26,0.107209,0.483381,10365.198242
27,0.117450,0.514380,10598.126953
28,0.135153,0.554450,10864.307617
29,0.138779,0.583404,11080.611328
30,0.097211,0.356111,11646.305664
31,0.104795,0.353457,11862.552734
32,0.093618,0.380198,12245.243164
33,0.091094,0.455946,12444.862305
34,0.126027,0.406734,12910.734375
35,0.124665,0.389278,13060.460938
36,0.129655,0.329069,13326.681641
37,0.096033,0.585244,13792.546875
38,0.097402,0.613096,13992.187500
39,0.134742,0.628397,14241.744141
40,0.240122,0.446830,14574.505859
41,0.259196,0.362005,14790.787109
42,0.275404,0.331276,15056.960938
43,0.336675,0.601925,15539.467773
44,0.362796,0.327020,15805.722656
45,0.333311,0.218475,16121.808594
46,0.323081,0.223380,16238.283203
47,0.196796,0.429970,16670.873047
48,0.898513,0.680338,18384.500000
49,0.858037,0.486900,18833.730469
50,0.834398,0.473947,19049.986328
51,0.815939,0.492641,19349.482422
52,0.780212,0.471360,19682.238281
53,0.785193,0.460145,19782.068359
54,0.771220,0.683488,20114.832031
55,0.682718,0.485306,20480.828125
56,0.654087,0.472008,20863.541016
57,0.639758,0.467831,21079.806641
58,0.578205,0.465490,21362.656250
59,0.553418,0.460031,21628.828125
60,0.513243,0.448606,21845.119141
61,0.465986,0.374584,22028.117188
62,0.440897,0.320284,22211.134766
63,0.448211,0.305452,22310.951172
64,0.738367,0.607677,23808.353516
65,0.793909,0.616539,24307.480469
66,0.795676,0.677315,24540.412109
67,0.813325,0.719693,24756.695312
0,0.747323,0.352601,99.799156
1,0.735414,0.347932,316.124603
2,0.761558,0.566264,582.298645
3,0.744294,0.686693,748.650024
4,0.788383,0.397752,1098.069214
5,0.805707,0.309936,1497.363159
6,0.874448,0.097730,2345.915283
7,0.947521,0.103815,2612.093994
8,0.023446,0.270953,3177.810303
9,0.045853,0.247868,3394.053223
10,0.042308,0.255125,3477.269531
11,0.077300,0.249314,3693.501465
12,0.072211,0.227155,3859.896973
13,0.138972,0.343108,4359.006836
14,0.135534,0.422805,4608.563477
15,0.131706,0.431584,4808.213379
16,0.120862,0.669066,5124.434570
17,0.121801,0.445955,5457.135742
18,0.538984,0.493622,7170.791992
19,0.538025,0.506450,7353.793457
20,0.482471,0.381020,7669.914551
21,0.456624,0.325033,7836.255859
22,0.417427,0.302166,8052.599609
23,0.289447,0.344036,8668.220703
24,0.293057,0.469706,8884.457031
25,0.312853,0.604870,9050.838867
26,0.395731,0.743071,9466.766602
27,0.399922,0.719692,9633.151367
28,0.398629,0.655647,9982.517578
29,0.414974,0.490377,10365.183594
30,0.579053,0.431307,11197.095703
31,0.601662,0.462332,11696.186523
32,0.004930,0.660289,13359.971680
33,0.001563,0.660003,13476.420898
34,0.005970,0.671606,13592.877930
35,0.102834,0.742301,13925.629883
36,0.139580,0.503906,14424.769531
37,0.130905,0.341847,14657.673828
38,0.117136,0.276054,14873.990234
39,0.347563,0.220309,15589.376953
40,0.323771,0.203646,16071.873047
41,0.312268,0.202599,16221.619141
42,0.380879,0.537814,16437.925781
43,0.282338,0.719557,16803.988281
44,0.088060,0.505690,17885.375000
45,0.103201,0.508188,18151.570312
46,0.050508,0.343105,18401.138672
47,0.026448,0.244693,18634.097656
48,0.017354,0.242907,19016.724609
49,0.991706,0.228728,19183.099609
50,0.964320,0.227043,19599.060547
51,0.959574,0.237542,19831.978516
52,0.979834,0.304818,20031.615234
53,0.874306,0.263484,20480.839844
54,0.800639,0.185774,20979.958984
55,0.781423,0.150930,21196.261719
56,0.748631,0.165833,21362.630859
57,0.812223,0.231650,21545.697266
58,0.811669,0.215593,21712.035156
59,0.804697,0.228320,21861.748047
60,0.868904,0.539989,22227.802734
61,0.867427,0.621114,22460.732422
62,0.683767,0.180161,22976.482422
63,0.669984,0.179970,23126.228516
64,0.678573,0.139843,23325.861328
65,0.749666,0.148315,23508.892578
66,0.659789,0.095389,23691.892578
67,0.719861,0.058888,24041.283203
68,0.883910,0.067636,24274.208984
69,0.839910,0.154855,24740.064453
0,0.749323,0.603448,266.256134
1,0.746809,0.596894,549.036072
2,0.722741,0.669840,781.988892
3,0.703968,0.723395,1231.224854
4,0.743179,0.575420,1414.196289
5,0.736370,0.431852,1663.758789
6,0.719895,0.351119,1830.179932
7,0.673587,0.345207,2079.816406
8,0.644340,0.348078,2329.271240
9,0.625898,0.330582,2528.930664
10,0.630148,0.333817,2662.018311
11,0.585082,0.373009,2845.144531
12,0.548180,0.420858,3127.888672
13,0.553157,0.491654,3460.733643
14,0.586647,0.544059,3676.918457
15,0.615929,0.602166,3976.421875
16,0.588012,0.675790,4259.222168
17,0.490689,0.693021,4958.029785
18,0.482752,0.741972,5141.039062
19,0.506902,0.736081,5390.628418
20,0.509962,0.709445,6122.691895
21,0.513511,0.461371,6571.914551
22,0.538221,0.433336,6738.234863
23,0.507696,0.386502,6937.896973
24,0.504571,0.371885,7137.541992
25,0.460722,0.397748,7803.035645
26,0.421356,0.426007,8035.979004
27,0.381260,0.561192,8252.279297
28,0.384537,0.633562,8418.634766
29,0.378969,0.647646,8668.207031
30,0.368561,0.639881,9100.782227
31,0.306928,0.659485,9366.988281
32,0.292324,0.691599,9649.817383
33,0.241481,0.548241,10049.136719
34,0.188832,0.436652,10548.268555
35,0.105216,0.521646,10947.541992
36,0.110064,0.510052,11263.664062
37,0.073346,0.598858,11662.983398
38,0.089693,0.643908,11845.999023
39,0.154204,0.741797,12261.911133
40,0.182124,0.792871,12478.225586
41,0.483125,0.692864,13509.743164
42,0.542924,0.499085,14092.051758
43,0.554558,0.485165,14275.079102
44,0.560196,0.478763,14541.275391
45,0.564485,0.484656,14907.290039
46,0.375771,0.709221,15656.012695
47,0.385366,0.718435,15739.186523
48,0.380709,0.643351,15955.465820
49,0.365383,0.650375,16238.328125
50,0.956894,0.638901,17585.958984
51,0.981962,0.577239,17835.513672
52,0.018214,0.417772,18051.796875
53,0.024021,0.369651,18268.109375
54,0.076509,0.421192,18567.593750
55,0.115016,0.412919,18800.505859
56,0.107200,0.367593,19116.607422
57,0.071576,0.332966,19382.822266
58,0.077231,0.394581,19715.570312
59,0.101404,0.473894,19948.521484
60,0.193906,0.481961,21312.767578
61,0.265953,0.487331,21745.355469
62,0.306451,0.436380,21945.011719
63,0.328391,0.416743,22161.310547
64,0.326505,0.417973,22261.123047
65,0.363950,0.436621,22427.517578
66,0.406298,0.422974,22643.779297
67,0.466213,0.357660,23126.267578
68,0.512723,0.400719,23442.402344
69,0.517534,0.387605,23592.117188
70,0.571071,0.470770,23908.240234
71,0.576980,0.546807,24124.554688
72,0.587552,0.581863,24374.109375
73,0.629890,0.544096,24706.857422
74,0.648848,0.498872,24989.669922
0,0.759437,0.579188,382.643066
1,0.824195,0.141041,1364.266113
2,0.777933,0.218585,1780.243042
3,0.651992,0.232455,2079.653320
4,0.614463,0.267738,2312.644043
5,0.583576,0.353395,2595.462646
6,0.545017,0.487929,2828.383057
7,0.556749,0.620024,3077.948975
8,0.530258,0.402195,3427.311035
9,0.527049,0.326781,3610.373047
10,0.504007,0.286725,3976.379639
11,0.530306,0.384900,4408.984375
12,0.489378,0.589104,4675.195312
13,0.459320,0.652866,5373.884766
14,0.413978,0.715179,5673.400391
15,0.393989,0.749079,6006.166992
16,0.521239,0.856218,6322.286133
17,0.534036,0.794137,6721.637207
18,0.019535,0.973850,7187.386230
19,0.962558,0.959516,7337.177246
20,0.976976,0.858541,7852.899414
21,0.038496,0.858673,8119.087891
22,0.922690,0.876614,8917.762695
23,0.925887,0.882981,9333.642578
24,0.856810,0.954539,9649.851562
25,0.507409,0.748964,9816.133789
26,0.500677,0.620096,10115.724609
27,0.503575,0.600526,10215.557617
28,0.512949,0.632775,10564.871094
29,0.733570,0.741902,11646.272461
30,0.722874,0.752790,11845.992188
31,0.567551,0.307922,12744.347656
32,0.556982,0.394320,12977.260742
33,0.550765,0.474162,13210.203125
34,0.139304,0.436037,14624.479492
35,0.135339,0.481028,14890.636719
36,0.137706,0.504309,15439.655273
37,0.095119,0.336240,16404.630859
38,0.097924,0.299700,16670.859375
39,0.118591,0.302485,16920.388672
40,0.116203,0.353940,17236.509766
41,0.022569,0.188367,17635.839844
42,0.857232,0.104536,18750.544922
43,0.772524,0.122163,19050.037109
44,0.730365,0.130370,19216.382812
45,0.699947,0.133541,19465.933594
46,0.809057,0.121888,19748.779297
47,0.933702,0.116014,20098.208984
48,0.923434,0.123041,20198.019531
49,0.973867,0.135295,20381.044922
50,0.999628,0.116312,20547.396484
51,0.828459,0.340743,21013.218750
52,0.614936,0.312807,21229.548828
53,0.629946,0.319360,21379.320312
54,0.649321,0.320860,21678.824219
55,0.655679,0.366062,21845.197266
56,0.668050,0.385741,22078.072266
57,0.707100,0.444176,22377.568359
58,0.703868,0.422489,22543.953125
59,0.703242,0.361531,22693.611328
60,0.639727,0.347083,22959.824219
61,0.638882,0.326024,23109.642578
62,0.636282,0.328108,23325.869141
63,0.722393,0.595184,23558.802734
64,0.631605,0.337286,23808.451172
65,0.650032,0.343126,23958.125000
0,0.620144,0.610467,99.845352
1,0.659550,0.586680,382.691895
2,0.622405,0.508654,565.661194
3,0.541799,0.449951,1281.076782
4,0.565213,0.405530,1464.137695
5,0.632447,0.364815,1713.672852
6,0.726495,0.306206,2146.262451
7,0.774356,0.288854,2379.207031
8,0.035301,0.273039,3360.779541
9,0.118441,0.414500,3993.082275
10,0.146161,0.532677,4625.230957
11,0.162117,0.473037,4791.654297
12,0.120995,0.518700,5057.854980
13,0.076838,0.550323,5623.530762
14,0.072209,0.573475,5773.241699
15,0.998339,0.584268,6072.705566
16,0.002815,0.565459,6205.849609
17,0.010327,0.543280,6372.224609
18,0.094666,0.352362,6838.055664
19,0.116450,0.268923,7104.308594
20,0.090393,0.290449,7753.207520
21,0.090200,0.407151,8202.321289
22,0.988718,0.432958,8435.239258
23,0.531083,0.471738,10065.740234
24,0.538119,0.415663,10448.391602
25,0.519574,0.374792,10681.337891
26,0.414545,0.486001,11263.640625
27,0.403259,0.637657,11563.200195
28,0.384653,0.694538,11796.060547
29,0.370200,0.625033,12012.380859
30,0.390869,0.606078,12295.213867
31,0.403714,0.688378,12677.863281
32,0.287710,0.912946,13010.584961
33,0.278588,0.555641,15705.875000
34,0.237826,0.504253,15855.614258
35,0.190405,0.425858,16155.086914
36,0.127495,0.448249,16421.281250
37,0.122481,0.451732,16587.722656
38,0.198239,0.390619,17153.339844
39,0.281703,0.364751,17353.044922
40,0.624762,0.127580,18733.906250
41,0.645175,0.095101,19000.117188
42,0.673997,0.077650,19299.628906
43,0.676829,0.055192,19466.027344
44,0.686323,0.052401,20314.490234
45,0.667229,0.041227,20480.869141
46,0.584796,0.065436,20647.277344
47,0.708955,0.181457,20780.414062
48,0.616654,0.387480,21146.398438
49,0.623636,0.389150,21229.541016
50,0.628184,0.378631,21329.388672
51,0.634083,0.439817,21545.755859
52,0.626171,0.447600,21662.123047
53,0.630895,0.465735,21845.248047
54,0.647751,0.485031,22028.152344
55,0.607123,0.532304,22227.812500
56,0.622483,0.515611,22477.484375
57,0.637633,0.492233,22926.626953
58,0.629954,0.491167,23192.791016
59,0.631176,0.492405,23542.177734
60,0.631984,0.492086,23741.841797
61,0.599649,0.501003,23958.123047
62,0.505499,0.490780,24274.228516
63,0.476251,0.481685,24573.722656
64,0.513002,0.423625,24956.363281
0,0.758267,0.586890,349.395569
1,0.879272,0.503801,931.743835
2,0.888111,0.428724,1231.215942
3,0.987449,0.377930,1863.435913
4,0.981452,0.378742,1946.645386
5,0.020387,0.366727,2113.019043
6,0.016756,0.364452,2279.353760
7,0.076822,0.376201,2612.190186
8,0.107524,0.392822,2911.628174
9,0.151515,0.492327,3327.499756
10,0.141901,0.548571,3560.462158
11,0.137508,0.552152,3776.768066
12,0.132911,0.554756,3926.479004
13,0.155605,0.700755,4176.037598
14,0.109828,0.494583,4409.027832
15,0.136984,0.514505,4824.925293
16,0.138796,0.523755,5007.967773
17,0.102951,0.405209,5357.356934
18,0.145157,0.396873,5673.453613
19,0.238021,0.416949,6155.917969
20,0.276054,0.350973,6538.616211
21,0.295532,0.292614,6754.971191
22,0.309501,0.429555,7187.472656
23,0.373943,0.345218,7486.965820
24,0.473305,0.342844,8085.917480
25,0.462721,0.336607,8235.618164
26,0.473190,0.436326,8385.462891
27,0.520961,0.357394,8701.508789
28,0.518932,0.315205,8851.286133
29,0.520943,0.298221,9333.683594
30,0.521051,0.339479,9500.130859
31,0.575403,0.373128,9832.803711
32,0.521314,0.365130,10248.742188
33,0.783353,0.347965,12810.937500
34,0.725628,0.490862,13193.677734
35,0.672550,0.402367,13376.623047
36,0.638696,0.347670,13759.327148
37,0.573122,0.536334,14275.049805
38,0.555256,0.398249,14574.522461
39,0.554616,0.414621,14807.483398
40,0.533682,0.315383,15073.687500
41,0.510287,0.294478,15373.181641
42,0.514752,0.339094,15705.898438
43,0.513603,0.406810,16205.008789
44,0.513629,0.416219,16304.976562
45,0.512774,0.387657,16487.839844
46,0.437395,0.336920,16853.910156
47,0.399107,0.282386,17053.613281
48,0.525683,0.385387,17552.699219
49,0.516431,0.381120,17735.705078
50,0.522684,0.376125,17935.339844
51,0.525624,0.375459,18501.039062
52,0.520284,0.369626,18717.394531
53,0.515420,0.381591,19116.626953
54,0.534431,0.367331,19449.347656
55,0.603177,0.460047,19698.976562
56,0.603000,0.605169,20114.851562
57,0.686801,0.130653,20697.183594
58,0.663373,0.062308,20880.208984
59,0.018148,0.015797,21096.507812
60,0.704926,0.412036,22044.810547
61,0.654665,0.937403,22677.142578
62,0.093957,0.952762,23059.726562
63,0.062848,0.856225,23841.677734
64,0.448314,0.887705,24540.447266
65,0.652933,0.954740,24939.785156
0,0.769111,0.625050,349.333984
1,0.738261,0.666409,632.233887
2,0.749137,0.399892,898.356018
3,0.678476,0.251851,1530.617676
4,0.636664,0.235772,1830.172729
5,0.523700,0.489227,2478.977783
6,0.605617,0.579112,2861.657959
7,0.617646,0.580076,3127.805908
8,0.577032,0.537621,3327.458252
9,0.540682,0.553973,3610.288330
10,0.505186,0.615313,3843.329590
11,0.382976,0.782097,4458.876465
12,0.377952,0.713327,4841.496094
13,0.399928,0.635567,5041.181641
14,0.393182,0.536248,5340.637207
15,0.526536,0.422391,5823.108887
16,0.540605,0.413195,5972.873535
17,0.523292,0.371030,6288.954102
18,0.511433,0.346151,6472.001465
19,0.511571,0.365667,6937.873047
20,0.520133,0.404270,7120.882324
21,0.511530,0.344197,7852.923828
22,0.516928,0.361053,8302.099609
23,0.516313,0.338954,8585.047852
24,0.123689,0.578626,9816.148438
25,0.122712,0.544231,10065.689453
26,0.102784,0.433566,10631.463867
27,0.087655,0.351655,10831.093750
28,0.108366,0.610652,11646.362305
29,0.089602,0.723846,12045.663086
30,0.096112,0.730885,12145.425781
31,0.128597,0.551666,12428.261719
32,0.130199,0.531485,12528.072266
33,0.131491,0.521088,12744.402344
34,0.131294,0.561083,12977.301758
35,0.074974,0.449846,13293.415039
36,0.071117,0.369879,13542.940430
37,0.084952,0.307476,13759.286133
38,0.018632,0.308674,14042.066406
39,0.984922,0.275428,14308.375977
40,0.995693,0.210351,14524.622070
41,0.032622,0.166013,14740.845703
42,0.969080,0.623359,15622.704102
43,0.003356,0.603647,15872.288086
44,0.047313,0.581851,16138.495117
45,0.092471,0.575116,16371.430664
46,0.103466,0.549129,16637.662109
47,0.135556,0.525596,16920.433594
48,0.129079,0.530873,17419.541016
49,0.127392,0.563268,17719.011719
50,0.083536,0.672614,17935.359375
51,0.249142,0.671306,18351.195312
52,0.246426,0.626171,18550.986328
53,0.119288,0.577441,18866.998047
54,0.122468,0.512467,19066.667969
55,0.120406,0.512031,19266.269531
56,0.108475,0.342473,19465.957031
57,0.094029,0.356679,19698.982422
58,0.097650,0.283263,19965.130859
59,0.113455,0.254890,20148.150391
60,0.088552,0.218449,20347.753906
61,0.089237,0.245183,20763.732422
62,0.083569,0.382181,21329.339844
63,0.095359,0.389712,21645.519531
64,0.525212,0.359231,23043.126953
65,0.516892,0.350098,23409.039062
66,0.515341,0.460611,24024.671875
67,0.517646,0.351703,24723.402344
68,0.518835,0.350139,24973.005859
0,0.764427,0.407557,366.042419
1,0.792355,0.403495,532.464722
2,0.769721,0.691112,898.468201
3,0.809026,0.789684,1081.567139
4,0.701240,0.884159,1297.760864
5,0.800318,0.121194,4275.865234
6,0.834671,0.074615,4425.660645
7,0.955398,0.106437,4758.408691
8,0.966528,0.108832,4924.823242
9,0.979929,0.134054,5107.793457
10,0.948802,0.544665,5739.986816
11,0.927222,0.670651,5923.056641
12,0.853070,0.761333,6305.692383
13,0.802760,0.772791,6472.022949
14,0.631066,0.295284,7070.997070
15,0.550980,0.491062,7786.447754
16,0.599973,0.568401,8019.375000
17,0.550997,0.569071,8268.935547
18,0.551657,0.376862,8618.288086
19,0.573024,0.274930,8834.604492
20,0.495206,0.349263,9200.639648
21,0.520320,0.464674,9516.750977
22,0.540755,0.468931,9716.373047
23,0.553932,0.411598,9882.846680
24,0.553666,0.405782,9982.594727
25,0.442565,0.242056,10215.562500
26,0.414062,0.232163,10514.964844
27,0.445370,0.525728,10964.240234
28,0.418708,0.688968,11180.489258
29,0.381548,0.731114,11346.929688
30,0.540583,0.812149,11995.728516
31,0.530171,0.796014,12195.371094
32,0.209758,0.953287,13659.481445
33,0.513519,0.929795,13842.503906
34,0.211917,0.434076,14890.778320
35,0.124155,0.390504,15107.073242
36,0.111623,0.440503,15306.596680
37,0.120009,0.456227,15722.587891
38,0.121144,0.479631,16022.008789
39,0.118653,0.481974,16221.686523
40,0.074037,0.331942,16870.541016
41,0.057851,0.331780,17203.357422
42,0.074613,0.264535,17386.300781
43,0.091817,0.264473,17569.396484
44,0.131520,0.597721,18101.722656
45,0.130205,0.619786,18284.753906
46,0.123822,0.590936,18634.169922
47,0.088468,0.256520,19099.968750
48,0.075068,0.259910,19366.203125
49,0.084282,0.346363,19632.402344
50,0.061946,0.401339,19832.101562
51,0.016342,0.548120,20064.994141
52,0.994813,0.550941,20347.812500
53,0.014162,0.611980,20630.736328
54,0.104563,0.669775,20863.580078
55,0.091827,0.622639,21196.345703
56,0.092567,0.586889,21379.359375
57,0.117212,0.554012,21562.425781
58,0.156142,0.429916,21811.902344
59,0.132624,0.490539,21994.927734
60,0.131790,0.538151,22211.267578
61,0.130528,0.549182,22660.404297
62,0.131581,0.488140,22910.027344
63,0.170077,0.309587,23392.509766
64,0.160949,0.325549,23691.949219
65,0.196661,0.358421,23908.292969
66,0.244172,0.430086,24124.558594
67,0.265490,0.551083,24324.193359
68,0.333652,0.342002,24557.207031
0,0.749708,0.465696,465.856171
1,0.752643,0.418460,732.101746
2,0.750384,0.354775,948.346313
3,0.735515,0.305984,1114.739868
4,0.717569,0.264696,1314.340088
5,0.706152,0.239869,1514.034424
6,0.689907,0.201634,1763.624146
7,0.551881,0.421998,2845.075195
8,0.547719,0.392701,3111.258545
9,0.602122,0.405694,3377.439209
10,0.706645,0.348747,4009.646729
11,0.765725,0.412883,4225.969727
12,0.804365,0.464857,4492.174316
13,0.797675,0.466207,4625.293945
14,0.792719,0.584222,4874.827637
15,0.787523,0.632498,5190.916016
16,0.813778,0.708436,5407.279785
17,0.816535,0.598714,5690.024902
18,0.829337,0.469175,5906.366211
19,0.839094,0.281824,6122.661133
20,0.818826,0.146215,6704.948730
21,0.836650,0.109676,6954.546387
22,0.826702,0.137121,7071.007324
23,0.781080,0.236259,7553.551270
24,0.533655,0.464744,8468.600586
25,0.541730,0.499325,8701.484375
26,0.533806,0.406905,9017.639648
27,0.510657,0.364705,9267.185547
28,0.469208,0.391621,9533.373047
29,0.509569,0.342217,9915.989258
30,0.510880,0.349090,10198.923828
31,0.344432,0.265675,10881.011719
32,0.345702,0.506605,11163.810547
33,0.347122,0.619603,11396.775391
34,0.344587,0.646669,11579.815430
35,0.348882,0.652464,11696.269531
36,0.415565,0.661407,11945.863281
37,0.453786,0.701349,12494.821289
38,0.501354,0.633977,12977.320312
39,0.498821,0.632333,13077.135742
40,0.557089,0.485014,13276.781250
41,0.554264,0.371180,13509.809570
42,0.053308,0.498282,15389.821289
43,0.120847,0.419047,15822.325195
44,0.140054,0.548405,16155.112305
45,0.131608,0.541497,16421.316406
46,0.092234,0.420251,17070.207031
47,0.082263,0.336804,17269.833984
48,0.109780,0.353470,17552.687500
49,0.129830,0.534096,17902.042969
50,0.129789,0.529567,18085.087891
51,0.084372,0.358253,19532.587891
52,0.149189,0.364619,19915.265625
53,0.195169,0.414916,20331.162109
54,0.242576,0.393598,20497.572266
55,0.243261,0.383116,20647.367188
56,0.222949,0.543554,21046.628906
57,0.124665,0.676076,21612.259766
58,0.103079,0.676091,21811.906250
59,0.089849,0.659693,22610.476562
60,0.116137,0.484241,22926.607422
61,0.118546,0.476387,23159.548828
62,0.054926,0.318416,23708.564453
63,0.058979,0.311392,23825.011719
64,0.029536,0.324884,24024.761719
65,0.819493,0.524439,24956.410156
0,0.766582,0.407652,266.203308
1,0.750935,0.611514,515.769104
2,0.649801,0.354069,1314.409424
3,0.596847,0.328900,1547.322876
4,0.561329,0.252589,1913.308472
5,0.526637,0.314081,2179.527344
6,0.491354,0.357004,2429.040039
7,0.495502,0.448059,2811.804199
8,0.488722,0.309965,3111.300049
9,0.437585,0.538658,3477.313477
10,0.354765,0.437222,4525.436035
11,0.209795,0.356199,4808.337402
12,0.104834,0.467825,5290.733398
13,0.124916,0.452740,5540.292969
14,0.098544,0.636250,6239.078125
15,0.184007,0.730525,6671.659668
16,0.337885,0.763191,7087.592285
17,0.424721,0.720552,7653.288574
18,0.576235,0.981543,8085.862305
19,0.783176,0.984577,8318.773438
20,0.526987,0.686731,8718.077148
21,0.658592,0.582049,9766.225586
22,0.665532,0.514507,9915.979492
23,0.664526,0.507077,10032.457031
24,0.773529,0.390628,10548.219727
25,0.924183,0.093103,11230.370117
26,0.100781,0.293574,12428.263672
27,0.116983,0.345150,12611.261719
28,0.054563,0.214806,13093.762695
29,0.047806,0.189780,13376.620117
30,0.044775,0.280116,13792.549805
31,0.037090,0.323886,13992.188477
32,0.832073,0.334740,14890.623047
33,0.782079,0.343200,15373.132812
34,0.809228,0.562735,15755.788086
35,0.816136,0.627535,15955.421875
36,0.768965,0.682679,16437.912109
37,0.724927,0.721118,16770.677734
38,0.703758,0.731936,16986.953125
39,0.667790,0.639617,17303.056641
40,0.638907,0.653960,17669.091797
41,0.597563,0.577870,17902.054688
42,0.561816,0.481265,18284.675781
43,0.552598,0.387330,18484.339844
44,0.558070,0.291331,18733.894531
45,0.507548,0.286803,19066.646484
46,0.488418,0.302545,19582.433594
47,0.560457,0.405870,19865.267578
48,0.591484,0.455706,20098.187500
49,0.641535,0.486810,20364.390625
50,0.716726,0.489760,20930.066406
51,0.714202,0.486961,21046.529297
52,0.843824,0.510198,21994.861328
53,0.867508,0.417649,22294.378906
54,0.862097,0.412118,22460.730469
55,0.850765,0.386167,22743.568359
56,0.867581,0.511000,23226.060547
57,0.872502,0.684252,23425.724609
58,0.892275,0.735734,23625.343750
59,0.863429,0.756394,23991.394531
60,0.865689,0.633672,24390.683594
61,0.016588,0.721344,24690.156250
0,0.767293,0.332449,665.534424
1,0.663662,0.248015,1014.925232
2,0.566377,0.392811,1896.671387
3,0.525439,0.468458,2096.354736
4,0.544289,0.455614,2495.691895
5,0.538643,0.458029,2595.477539
6,0.503901,0.402261,2845.084717
7,0.610140,0.501469,3244.324707
8,0.799756,0.849348,4126.139160
9,0.302340,0.937847,4791.737793
10,0.291657,0.905022,5091.137695
11,0.263757,0.936600,5240.825684
12,0.234034,0.942141,5390.648438
13,0.147947,0.897908,5856.458984
14,0.222341,0.955468,6322.324707
15,0.327144,0.912958,6621.751465
16,0.111777,0.369882,8318.831055
17,0.120421,0.332824,8535.126953
18,0.190616,0.445573,8834.542969
19,0.259383,0.445725,9167.310547
20,0.297422,0.584111,9716.398438
21,0.333740,0.370303,10431.824219
22,0.539455,0.388344,11330.263672
23,0.494394,0.279828,11696.268555
24,0.561346,0.371882,12012.347656
25,0.602747,0.490501,12261.881836
26,0.558704,0.415520,12661.186523
27,0.497920,0.436256,12993.942383
28,0.482804,0.426077,13193.638672
29,0.981900,0.269574,14807.448242
30,0.698763,0.226667,15739.169922
31,0.627672,0.286101,16055.321289
32,0.593224,0.381785,16421.294922
33,0.533206,0.501302,16754.044922
34,0.437679,0.469144,17103.423828
35,0.444003,0.465592,17203.363281
36,0.529285,0.357198,17619.248047
37,0.590528,0.517888,18284.753906
38,0.589434,0.474226,18451.173828
0,0.761977,0.516744,332.794800
1,0.770096,0.443713,549.087708
2,0.739119,0.291252,865.216797
3,0.776185,0.197468,1181.320312
4,0.881483,0.171717,1663.796997
5,0.860972,0.215872,2079.705322
6,0.818280,0.444468,2279.378662
7,0.808666,0.500853,2462.401123
8,0.798513,0.555921,2695.344482
9,0.778819,0.614371,2994.773193
10,0.718313,0.792901,3543.805664
11,0.765297,0.681829,4109.531250
12,0.779909,0.639518,4442.267578
13,0.706216,0.598364,4741.731445
14,0.712058,0.599358,5074.525391
15,0.605885,0.553489,5290.805176
16,0.566511,0.549601,5640.200684
17,0.512512,0.499463,6139.316406
18,0.553774,0.400358,7004.479980
19,0.430914,0.527611,7686.587891
20,0.424310,0.653829,7902.887207
21,0.462942,0.688824,8169.066406
22,0.509410,0.526758,8718.095703
23,0.551225,0.481770,8934.397461
24,0.268163,0.668432,9649.909180
25,0.188989,0.622860,10032.504883
26,0.109917,0.578452,10415.145508
27,0.102202,0.557767,10747.891602
28,0.073573,0.577318,11047.450195
29,0.077344,0.574661,11213.764648
30,0.113308,0.443096,11396.854492
31,0.261518,0.416256,12062.325195
32,0.312533,0.454900,12278.595703
33,0.337004,0.465550,12661.213867
34,0.373158,0.403456,13127.106445
35,0.395456,0.315514,13376.714844
36,0.397297,0.308576,13493.107422
37,0.566321,0.452908,14541.268555
38,0.108582,0.521311,15972.149414
39,0.108125,0.518374,16071.977539
40,0.112882,0.509238,16304.884766
41,0.097174,0.408291,16853.927734
42,0.096549,0.345303,17253.214844
43,0.078911,0.298967,17569.361328
44,0.093981,0.294981,18301.416016
45,0.503308,0.185454,19782.109375
46,0.265991,0.130878,20314.525391
47,0.415208,0.200473,20880.179688
48,0.420200,0.172014,21063.250000
49,0.376479,0.332571,21379.357422
50,0.366734,0.356313,21512.455078
51,0.293660,0.308196,21994.986328
52,0.334125,0.293547,22494.031250
53,0.338378,0.336929,23259.408203
54,0.294198,0.294758,23691.988281
55,0.391906,0.249464,24440.625000
56,0.404642,0.504566,24690.302734
0,0.748638,0.516417,116.395241
1,0.752649,0.546920,316.110657
2,0.842036,0.716307,931.646729
3,0.851992,0.710386,1048.134277
4,0.922690,0.708362,1547.266357
5,0.939485,0.722295,1713.666992
6,0.912846,0.525424,2113.015137
7,0.891309,0.450171,2395.814453
8,0.868362,0.374602,2678.635986
9,0.859666,0.302278,2928.258545
10,0.865455,0.231268,3127.880371
11,0.888994,0.196190,3344.162354
12,0.893301,0.164589,3560.395752
13,0.841550,0.152056,3743.420410
14,0.712445,0.195827,4109.427246
15,0.707438,0.215122,4275.884766
16,0.505125,0.428947,5224.213867
17,0.509255,0.388461,5523.666992
18,0.506216,0.379113,5690.039062
19,0.545981,0.499995,5956.188965
20,0.561542,0.501183,6338.888672
21,0.597274,0.560109,6538.509277
22,0.522630,0.491732,7270.562012
23,0.467833,0.479896,7603.341797
24,0.426946,0.488310,7969.407715
25,0.386369,0.515189,8385.357422
26,0.375756,0.628337,9084.107422
27,0.350545,0.368173,9633.174805
28,0.335145,0.294446,9849.511719
29,0.300205,0.261264,10065.674805
30,0.282157,0.278189,10481.627930
31,0.365511,0.308565,10781.106445
32,0.427883,0.413555,11014.027344
33,0.478051,0.479656,11380.118164
34,0.516503,0.364047,11762.791992
35,0.512494,0.364069,11862.613281
36,0.510007,0.372249,12028.909180
37,0.571415,0.431419,12211.999023
38,0.619975,0.478657,12478.185547
39,0.598163,0.534324,12694.416016
40,0.663880,0.526552,12944.019531
41,0.701598,0.504066,13293.359375
42,0.739488,0.514015,13609.515625
43,0.784272,0.538393,13892.375977
44,0.828691,0.569969,14158.529297
45,0.017873,0.655220,14857.362305
46,0.052778,0.646652,15023.774414
47,0.069486,0.598212,15339.831055
48,0.045383,0.471083,15622.676758
49,0.036847,0.377661,15805.673828
50,0.045691,0.337599,16088.570312
51,0.077785,0.353860,16471.154297
52,0.121949,0.405972,16687.478516
53,0.135618,0.427945,16953.746094
54,0.130821,0.447920,17086.828125
55,0.115148,0.475323,17319.664062
56,0.142862,0.610369,18018.472656
57,0.139028,0.634790,18284.644531
58,0.141782,0.572809,18451.046875
59,0.106990,0.598078,18866.955078
60,0.066443,0.683223,19183.091797
61,0.114015,0.841249,19931.818359
62,0.173525,0.822286,20564.066406
63,0.268298,0.860279,20996.634766
64,0.308265,0.856901,21113.035156
65,0.346414,0.822955,22344.228516
66,0.181071,0.794800,22776.843750
67,0.029546,0.500916,23209.453125
68,0.991256,0.314401,24124.525391
69,0.988858,0.362660,24423.964844
70,0.975318,0.387788,24640.199219
0,0.748453,0.423099,33.239895
1,0.771987,0.434105,415.946045
2,0.719857,0.181264,964.912964
3,0.653443,0.189192,1148.002441
4,0.504636,0.403835,1813.493286
5,0.562422,0.371205,2112.898926
6,0.570742,0.368043,2246.013916
7,0.018006,0.475439,3244.268799
8,0.059805,0.580985,3410.665039
9,0.114970,0.401571,3959.741455
10,0.133678,0.483539,4176.050781
11,0.132375,0.495763,4342.398926
12,0.184344,0.499009,5041.202148
13,0.221559,0.373080,5324.033691
14,0.270926,0.343012,5573.611328
15,0.994211,0.202336,7486.828613
16,0.571308,0.449519,8801.210938
17,0.506304,0.405735,9167.249023
18,0.405994,0.362415,9932.642578
19,0.571629,0.386724,10880.966797
20,0.565007,0.379456,10980.741211
21,0.554870,0.346073,11080.672852
22,0.542255,0.356827,11363.426758
23,0.478299,0.345929,11812.701172
24,0.480498,0.354839,12661.126953
25,0.478081,0.354110,12777.629883
26,0.564395,0.426215,13027.187500
27,0.559251,0.364164,15356.411133
28,0.556757,0.294886,16887.078125
29,0.612893,0.386081,17985.199219
30,0.612088,0.385564,18600.791016
31,0.598614,0.386779,18750.480469
32,0.549489,0.407871,19432.623047
33,0.554690,0.384704,20148.070312
34,0.557243,0.353981,20813.572266
35,0.560329,0.340317,21695.412109
0,0.744261,0.397059,16.632971
1,0.794201,0.420011,382.640533
2,0.814759,0.444268,615.598877
3,0.847631,0.182969,931.679565
4,0.867954,0.092018,1314.391235
5,0.040476,0.498993,2029.763794
6,0.099631,0.404715,2612.131104
7,0.109831,0.511257,2911.569824
8,0.119305,0.445409,3277.607666
9,0.077803,0.494714,3976.376221
10,0.078355,0.521886,4076.198975
11,0.027903,0.475832,4342.392090
12,0.966513,0.579809,4874.794922
13,0.897943,0.587090,5224.187500
14,0.900207,0.542516,5407.198242
15,0.745469,0.648008,6388.812988
16,0.682259,0.584043,6721.590332
17,0.610405,0.520290,7037.674805
18,0.558726,0.480719,7270.639648
19,0.528988,0.447796,7553.446777
20,0.528390,0.431875,7686.561035
21,0.511021,0.503816,8035.934082
22,0.514457,0.308408,8352.041992
23,0.436551,0.429497,8917.742188
24,0.423208,0.534762,9300.407227
25,0.389524,0.643698,9533.333984
26,0.357218,0.651913,9882.750977
27,0.311321,0.647128,10099.000977
28,0.309663,0.575710,10465.039062
29,0.305344,0.656038,10897.630859
30,0.365032,0.346559,11180.455078
31,0.388315,0.275489,11430.051758
32,0.399426,0.197040,11796.045898
33,0.409091,0.205723,12444.905273
34,0.400625,0.334105,12644.576172
35,0.397614,0.351720,13542.982422
36,0.421985,0.366908,13875.730469
37,0.494103,0.388246,14225.127930
38,0.546313,0.399689,14624.423828
39,0.541728,0.391404,14824.077148
40,0.554839,0.394917,15306.590820
41,0.591881,0.421195,15672.616211
42,0.601175,0.333455,16254.931641
43,0.616287,0.278263,16454.578125
44,0.700233,0.340238,17386.275391
45,0.760929,0.302401,17602.550781
46,0.771664,0.494374,17918.673828
47,0.785228,0.502351,18151.603516
48,0.777398,0.483668,18417.828125
49,0.817972,0.234772,19416.058594
50,0.864180,0.165004,19665.623047
51,0.858931,0.158662,19981.732422
52,0.877407,0.125951,21146.359375
53,0.799036,0.181204,21745.318359
54,0.817276,0.171612,22144.613281
55,0.839165,0.188229,22344.263672
56,0.735822,0.303513,22677.046875
57,0.675257,0.402081,23092.966797
58,0.677805,0.397503,23275.986328
59,0.637655,0.366585,23508.906250
60,0.632926,0.358326,23625.376953
61,0.578104,0.426415,24107.867188
62,0.582961,0.427303,24307.515625
63,0.533617,0.438598,24457.234375
64,0.535435,0.433689,24640.259766
65,0.482592,0.378033,24956.394531
0,0.722359,0.635915,316.076294
1,0.745582,0.470559,549.061646
2,0.741170,0.416897,798.598389
3,0.745706,0.290439,1247.757324
4,0.752576,0.239651,1464.095093
5,0.768015,0.185081,1763.582153
6,0.555304,0.428175,2695.288574
7,0.528605,0.381306,2911.642822
8,0.476585,0.354650,3327.541992
9,0.480396,0.364055,3427.322266
10,0.488762,0.364249,3593.772461
11,0.408235,0.376986,3909.844482
12,0.362436,0.336313,4159.387207
13,0.322701,0.245582,4591.958008
14,0.268276,0.293445,4957.952637
15,0.208846,0.392724,5523.678711
16,0.144230,0.439520,5839.793457
17,0.105153,0.443451,6072.804199
18,0.072602,0.361074,6322.255371
19,0.132977,0.521448,6655.044922
20,0.121621,0.517452,6871.329590
21,0.097602,0.630376,7337.168457
22,0.092379,0.637515,7536.787598
23,0.136523,0.536884,7852.908691
24,0.131616,0.524203,7969.406250
25,0.129998,0.506985,8185.640137
26,0.047574,0.302909,8518.404297
27,0.019279,0.279647,8734.785156
28,0.977313,0.262439,8934.429688
29,0.090957,0.412749,9383.564453
30,0.094075,0.451701,9516.649414
31,0.029947,0.558000,9816.124023
32,0.981280,0.579312,10481.643555
33,0.990688,0.580470,10598.116211
34,0.004766,0.534856,10781.125977
35,0.953536,0.572682,11230.322266
36,0.995213,0.587075,11746.113281
37,0.959484,0.608554,12112.139648
38,0.970951,0.629194,12611.251953
39,0.059291,0.689167,13027.210938
40,0.070949,0.703579,13293.404297
41,0.101774,0.710333,13676.085938
42,0.097755,0.586094,14258.391602
43,0.113512,0.583746,14474.722656
44,0.202393,0.727528,14724.269531
45,0.336945,0.414884,16005.427734
46,0.360247,0.397121,16221.600586
47,0.407917,0.597572,17436.181641
48,0.393127,0.642550,17635.802734
49,0.381003,0.457825,19233.023438
50,0.496481,0.527929,19832.029297
51,0.633811,0.509537,20780.410156
52,0.599623,0.555946,21129.699219
53,0.680519,0.484384,21329.345703
54,0.730671,0.466833,21612.191406
55,0.691057,0.283350,21895.064453
56,0.771735,0.277554,22244.441406
57,0.960093,0.571321,24340.779297
58,0.992560,0.574906,24939.798828
0,0.787627,0.548101,399.288330
1,0.791142,0.491203,598.993774
2,0.798636,0.462964,865.174011
3,0.788379,0.365246,1281.155884
4,0.828009,0.362658,1979.901733
5,0.822501,0.375706,2146.223633
6,0.821582,0.367505,2262.742676
7,0.531669,0.416715,3111.216553
8,0.584578,0.547465,3726.866455
9,0.547996,0.392360,4059.599609
10,0.542846,0.411704,4275.845215
11,0.504619,0.343721,4458.865234
12,0.502532,0.358406,4658.505371
13,0.511384,0.359485,4824.976074
14,0.461291,0.428674,5240.868164
15,0.478894,0.475302,5523.702637
16,0.460507,0.562552,5956.278809
17,0.456745,0.568083,6155.937988
18,0.407375,0.622377,6521.945312
19,0.457888,0.723703,7220.784180
20,0.515443,0.722762,7453.722168
21,0.497599,0.967290,8268.948242
22,0.195228,0.968057,8768.019531
23,0.247240,0.951662,8967.719727
24,0.406627,0.939530,9400.301758
25,0.906987,0.652848,10415.238281
26,0.921885,0.614267,11080.666992
27,0.123928,0.494496,12095.619141
28,0.122237,0.538984,12228.681641
29,0.121695,0.533426,12578.010742
30,0.118537,0.511848,12727.730469
31,0.128005,0.407591,12944.139648
32,0.107615,0.375408,13127.070312
33,0.095775,0.364730,13393.326172
34,0.075638,0.424032,13859.089844
35,0.109155,0.447030,14158.673828
36,0.133790,0.449369,14474.726562
37,0.201034,0.461886,14957.299805
38,0.248894,0.509725,15173.587891
39,0.295108,0.543618,15472.941406
40,0.338901,0.526982,15722.618164
41,0.345130,0.647479,16021.973633
42,0.500540,0.488557,16587.722656
43,0.499905,0.499655,16720.796875
44,0.532979,0.495260,16970.390625
45,0.521430,0.543994,17469.517578
46,0.551395,0.445551,17785.679688
47,0.401687,0.295900,18417.781250
48,0.252691,0.345051,18950.232422
49,0.160900,0.427907,19316.226562
50,0.154486,0.441215,19416.082031
51,0.131161,0.459912,19599.095703
52,0.104809,0.435140,19831.998047
53,0.110208,0.427269,20114.855469
54,0.139342,0.492641,20547.433594
55,0.134783,0.504899,20713.832031
56,0.149485,0.465229,20847.025391
57,0.114590,0.422902,21196.261719
58,0.061971,0.373569,21462.496094
59,0.053645,0.360603,21712.041016
60,0.088410,0.355183,22078.095703
61,0.104623,0.341204,22261.103516
62,0.086545,0.309077,22593.894531
63,0.092703,0.331364,22843.384766
64,0.033512,0.272686,23226.138672
65,0.090298,0.436144,24074.595703
66,0.084803,0.525989,24374.052734
67,0.083975,0.512010,24590.333984
0,0.728582,0.497814,515.842468
1,0.758852,0.500639,698.787109
2,0.737900,0.373626,948.334106
3,0.688216,0.305554,1131.391113
4,0.658670,0.271739,1331.089600
5,0.640987,0.243256,1464.209961
6,0.599937,0.301130,1813.465332
7,0.571248,0.374383,2046.398682
8,0.546984,0.434421,2296.010498
9,0.522740,0.459729,2612.088379
10,0.554684,0.501486,2878.301025
11,0.504267,0.453814,3211.084717
12,0.486874,0.409945,3493.877197
13,0.491058,0.386416,3676.941895
14,0.461856,0.482103,4824.877930
15,0.487294,0.535841,5141.012207
16,0.497920,0.563024,5390.620117
17,0.514807,0.415962,5606.860840
18,0.499603,0.375506,5773.250000
19,0.551580,0.430844,6472.029297
20,0.551413,0.457694,6788.108887
21,0.570382,0.431181,7104.237793
22,0.587440,0.413470,7403.722168
23,0.559918,0.436499,7686.627441
24,0.498415,0.540944,7952.736816
25,0.463702,0.593829,8102.488770
26,0.436769,0.627499,8302.133789
27,0.509286,0.730133,8601.610352
28,0.507460,0.741089,9067.459961
29,0.422384,0.611119,9433.514648
30,0.385577,0.619219,9633.206055
31,0.396090,0.505368,10032.454102
32,0.406467,0.404945,10215.482422
33,0.603504,0.457092,10614.758789
34,0.602032,0.462957,10747.873047
35,0.636047,0.490405,10914.240234
36,0.727377,0.623276,11529.902344
37,0.769323,0.534593,11779.480469
38,0.056836,0.425733,12993.959961
39,0.112446,0.444954,13193.591797
40,0.119870,0.448730,13443.158203
41,0.134633,0.511182,13925.683594
42,0.114803,0.374570,14408.135742
43,0.073892,0.354161,14591.168945
44,0.129994,0.542415,15373.117188
45,0.125699,0.533550,15805.697266
46,0.093347,0.644537,16021.994141
47,0.163512,0.699020,16471.183594
48,0.153019,0.460168,16870.537109
49,0.081239,0.402093,17203.234375
50,0.056834,0.355313,17369.640625
51,0.037554,0.322868,17619.187500
52,0.277414,0.313140,18617.431641
53,0.337158,0.275678,18966.841797
54,0.346780,0.480873,19366.152344
55,0.307412,0.510027,19698.921875
56,0.221970,0.591750,19881.884766
57,0.122458,0.567945,20364.394531
58,0.106299,0.529792,20547.429688
59,0.070683,0.445956,20730.470703
60,0.041887,0.344517,21129.740234
61,0.051831,0.342336,21246.199219
62,0.095092,0.413063,21678.791016
63,0.094368,0.441674,21961.580078
64,0.103277,0.494318,22277.705078
65,0.053011,0.434518,22643.765625
66,0.029474,0.388995,22860.035156
67,0.047241,0.492398,23292.591797
68,0.062457,0.559521,23475.619141
69,0.093842,0.610910,23791.771484
70,0.114214,0.636310,23958.125000
71,0.109817,0.623936,24124.492188
72,0.087960,0.645211,24989.638672
0,0.768442,0.351689,366.037659
1,0.805268,0.486359,665.539978
2,0.807036,0.495734,765.324219
3,0.736037,0.112016,1364.263184
4,0.686405,0.128069,1613.838867
5,0.581578,0.407904,2312.600098
6,0.555353,0.479427,2528.875488
7,0.601103,0.550916,3061.296387
8,0.606447,0.540421,3177.721191
9,0.224041,0.845123,4475.464844
10,0.238726,0.860101,4641.843262
11,0.375357,0.882676,5074.427734
12,0.354805,0.882566,5307.340820
13,0.298348,0.885126,5823.100098
14,0.392322,0.908527,6621.724609
15,0.312223,0.986333,6921.179199
16,0.542820,0.848509,7237.341309
17,0.527082,0.827483,7486.903809
18,0.568964,0.908351,8085.814941
19,0.568870,0.872979,8451.837891
20,0.595650,0.859961,8834.531250
21,0.617409,0.869501,9067.446289
22,0.121182,0.377312,10265.348633
23,0.076308,0.211042,11147.142578
24,0.078054,0.222960,11380.075195
25,0.030731,0.187030,11546.446289
26,0.041326,0.178583,11696.192383
27,0.849496,0.061070,12095.482422
28,0.133263,0.121170,13809.152344
29,0.169327,0.139904,14092.023438
30,0.807513,0.272762,15423.042969
31,0.689450,0.148997,15689.221680
32,0.685317,0.116235,15872.229492
33,0.017968,0.231360,16254.884766
34,0.003997,0.229083,16421.289062
35,0.016228,0.202696,16604.263672
36,0.197337,0.013830,16803.941406
37,0.564944,0.462574,17935.271484
38,0.612248,0.497992,18268.019531
39,0.606947,0.504751,18467.677734
40,0.662661,0.628334,19116.544922
41,0.725928,0.669241,19432.669922
42,0.742896,0.674032,19698.871094
43,0.765559,0.783916,19931.789062
44,0.697094,0.899624,20314.466797
45,0.560623,0.950407,20547.392578
46,0.568104,0.943924,20663.841797
47,0.556818,0.941345,20796.937500
48,0.505871,0.945864,20930.048828
49,0.405296,0.487535,22211.164062
50,0.349477,0.239300,22743.574219
51,0.367684,0.227656,22976.458984
52,0.405245,0.378210,23176.123047
53,0.409533,0.666820,23758.460938
54,0.394555,0.616777,24157.789062
55,0.427214,0.643130,24407.302734
0,0.738441,0.399518,49.965485
1,0.757634,0.662446,1048.196899
2,0.954477,0.906661,1913.336548
3,0.999085,0.862482,2279.403320
4,0.582327,0.392856,3327.565430
5,0.612418,0.491951,3593.741943
6,0.883421,0.383175,4641.904785
7,0.824993,0.113172,5307.401855
8,0.816160,0.065857,5557.061035
9,0.135919,0.433300,6638.437988
10,0.111992,0.381375,7187.457031
11,0.114593,0.375679,7304.035156
12,0.075945,0.257986,7553.480957
13,0.033569,0.265481,7719.888184
14,0.010729,0.288823,7936.176270
15,0.182633,0.137744,8452.011719
16,0.151174,0.045071,8701.548828
17,0.179388,0.385351,9333.709961
18,0.817616,0.535575,10598.175781
19,0.788139,0.523613,10781.183594
20,0.789113,0.544914,10980.882812
21,0.763503,0.512571,11296.993164
22,0.759162,0.492098,11430.088867
23,0.715912,0.448055,12062.362305
24,0.764135,0.449104,12528.149414
25,0.525606,0.320745,13326.727539
26,0.505453,0.364395,13642.830078
27,0.521585,0.378033,13959.031250
28,0.574166,0.400670,14241.798828
29,0.584166,0.372956,14491.453125
30,0.596062,0.521802,14874.028320
31,0.568268,0.636903,15206.791992
32,0.504988,0.698632,15406.446289
33,0.615527,0.549417,16038.764648
34,0.620199,0.496621,16321.496094
35,0.632421,0.439958,16654.277344
36,0.634390,0.450987,17402.943359
37,0.654283,0.402581,17552.714844
38,0.679343,0.329507,17752.361328
39,0.698602,0.301894,17968.697266
40,0.821210,0.242948,18451.117188
41,0.682089,0.332498,20048.371094
42,0.691880,0.350037,20198.048828
43,0.731376,0.341925,20514.162109
44,0.506978,0.655620,22527.345703
45,0.490684,0.713504,22793.546875
46,0.538065,0.656750,23409.154297
47,0.566617,0.596914,23675.433594
48,0.563600,0.605209,23808.458984
49,0.557022,0.616145,23974.787109
50,0.549657,0.615298,24157.896484
51,0.429858,0.886595,24490.574219
52,0.123902,0.853288,24973.068359
0,0.543180,0.318919,1114.664551
1,0.225830,0.896408,2046.363037
2,0.105244,0.220682,3893.138916
3,0.142010,0.429725,4774.962402
4,0.137750,0.414523,5091.071289
5,0.142390,0.452044,5490.359863
6,0.136914,0.413030,5922.937500
7,0.489407,0.418741,7886.217773
8,0.576033,0.257567,9915.933594
9,0.590971,0.240184,10032.414062
10,0.560072,0.421303,10847.641602
11,0.247825,0.334323,11679.535156
12,0.202272,0.231648,12428.235352
13,0.831430,0.120173,13093.707031
14,0.793603,0.155292,13359.963867
15,0.826143,0.149229,13592.845703
16,0.565021,0.398912,15223.360352
17,0.132241,0.419400,16936.990234
18,0.133391,0.439713,17070.152344
19,0.162751,0.174317,17635.779297
20,0.271809,0.443162,17852.099609
21,0.302542,0.458399,18101.642578
22,0.219342,0.603415,18334.601562
23,0.106006,0.624913,18850.330078
24,0.992505,0.616056,19682.210938
25,0.966406,0.672316,19965.103516
26,0.661120,0.221640,21479.095703
27,0.131021,0.264588,23192.771484
28,0.175897,0.320155,23292.576172
29,0.103513,0.322051,23542.146484
30,0.082248,0.307086,23708.531250
0,0.777259,0.485070,399.177429
1,0.952310,0.140024,1048.114746
2,0.938338,0.131604,1147.884644
3,0.108722,0.378324,2495.560547
4,0.114448,0.412998,2628.621582
5,0.111804,0.431424,2911.502930
6,0.101599,0.428433,3011.356689
7,0.078707,0.316780,3327.447266
8,0.041120,0.492324,3710.078369
9,0.049717,0.504587,3843.166260
10,0.161902,0.387044,4492.079102
11,0.187587,0.436683,4858.099609
12,0.217961,0.393364,5074.354004
13,0.430215,0.795235,5723.213379
14,0.495985,0.850020,6422.043457
15,0.298689,0.817540,6754.788574
16,0.281178,0.722615,6904.546875
17,0.300413,0.669085,7370.400879
18,0.413404,0.593720,7869.467285
19,0.420206,0.601329,8119.134766
20,0.120420,0.340779,10814.415039
21,0.107237,0.251902,11330.104492
22,0.120787,0.567857,11895.817383
23,0.126034,0.204640,12478.125000
24,0.090900,0.286923,12827.521484
25,0.105791,0.268037,13077.091797
26,0.087955,0.259635,13709.256836
27,0.117050,0.373440,15689.142578
28,0.099988,0.601768,16155.033203
29,0.101001,0.604787,16770.673828
30,0.103224,0.549381,17386.253906
31,0.118462,0.381326,17885.332031
32,0.120515,0.365196,17968.501953
33,0.139689,0.487656,18567.480469
34,0.114083,0.383585,18883.560547
35,0.113825,0.396431,19099.882812
36,0.112648,0.439675,19549.093750
37,0.182530,0.564628,19981.662109
38,0.184968,0.564994,20131.458984
39,0.162119,0.501833,20597.316406
40,0.133590,0.423413,20863.478516
41,0.121656,0.343312,21312.718750
42,0.103573,0.319693,22543.906250
0,0.729864,0.335018,515.785767
1,0.718585,0.278311,698.787109
2,0.822199,0.308053,1331.067505
3,0.875557,0.704190,2296.024414
4,0.877527,0.710383,2412.442627
5,0.904392,0.845249,3194.468750
6,0.719489,0.382583,6605.192383
7,0.723118,0.518621,6871.300293
8,0.722120,0.501755,6987.796387
9,0.716780,0.484210,7237.370117
10,0.692568,0.445538,7536.833496
11,0.618970,0.134656,9034.213867
12,0.511019,0.392891,9483.451172
13,0.350553,0.266854,10764.582031
14,0.315063,0.276768,11430.005859
15,0.180534,0.565793,12162.081055
16,0.185987,0.576369,12261.956055
17,0.078933,0.374066,12810.926758
18,0.097511,0.711689,13293.480469
19,0.114603,0.675888,13576.302734
20,0.134171,0.472928,13759.275391
21,0.124959,0.418423,14025.472656
22,0.122669,0.407721,14175.223633
23,0.911792,0.782974,16338.196289
24,0.960772,0.838585,16820.660156
25,0.960139,0.862954,17036.917969
26,0.146730,0.482922,19233.050781
27,0.135979,0.645824,19499.312500
28,0.629897,0.374329,21379.339844
29,0.518883,0.231619,21628.876953
30,0.615068,0.535893,22510.636719
31,0.676805,0.685161,22943.294922
32,0.732691,0.084993,23691.923828
33,0.778189,0.552962,24985.185547
