Idx, longitude, latitude, start timestamp
0,0.779307,0.384131,99.763130
1,0.668105,0.531673,582.220215
2,0.685132,0.530248,798.611389
3,0.706793,0.539016,981.593750
4,0.663268,0.547949,1630.469604
5,0.649954,0.571237,1896.605591
6,0.651729,0.557636,2279.336182
7,0.615095,0.359367,2562.157471
8,0.593817,0.292732,2728.525391
9,0.587255,0.267608,2961.456543
10,0.561006,0.236226,3260.905762
11,0.503679,0.278190,3527.138672
12,0.441576,0.470836,3809.948486
13,0.419631,0.596637,4026.345947
14,0.407905,0.604120,4259.138184
15,0.418472,0.600924,4558.720215
16,0.585170,0.560778,4858.248047
17,0.717309,0.560737,5373.949219
18,0.715168,0.536819,5573.549805
19,0.563386,0.264292,6139.233398
20,0.514837,0.237295,6305.635742
21,0.266438,0.544568,7287.212891
22,0.249510,0.538447,7503.572754
23,0.249026,0.547614,7636.640625
24,0.247960,0.538139,7786.329590
25,0.233490,0.548080,8002.635254
26,0.230241,0.552235,8135.769531
27,0.258944,0.553190,8435.191406
28,0.247533,0.513313,8867.874023
29,0.249998,0.531376,9350.315430
30,0.244315,0.485701,9599.869141
31,0.270152,0.505938,9849.470703
32,0.250645,0.520273,10098.920898
33,0.225306,0.515800,10431.740234
34,0.290440,0.500464,10914.229492
35,0.275332,0.553909,11546.418945
36,0.220011,0.540606,11796.039062
37,0.186535,0.539833,12045.557617
38,0.070888,0.511761,14025.397461
39,0.254416,0.575459,15556.161133
40,0.270225,0.525310,15805.599609
41,0.256683,0.501590,16288.132812
42,0.285087,0.561822,16487.744141
43,0.287529,0.578984,17103.359375
44,0.364049,0.634822,17718.958984
45,0.400250,0.618294,18451.056641
46,0.467874,0.646873,19499.201172
47,0.624424,0.657573,20430.906250
48,0.715509,0.578477,21512.419922
49,0.710052,0.563561,21944.886719
50,0.710264,0.548383,22493.998047
51,0.683834,0.482186,22893.306641
52,0.652436,0.406051,23142.875000
53,0.642057,0.399209,23359.175781
54,0.707016,0.537652,23725.119141
55,0.723020,0.610181,24107.857422
0,0.764308,0.457275,99.790413
1,0.704925,0.557465,399.134979
2,0.839546,0.387965,1081.401978
3,0.871333,0.329781,1297.697510
4,0.902068,0.467145,1696.874023
5,0.976457,0.496463,2096.186523
6,0.996072,0.458491,2379.194580
7,0.069173,0.427648,4142.562500
8,0.184842,0.475495,4608.450684
9,0.283266,0.454209,5806.359863
10,0.219766,0.510416,9416.628906
11,0.305430,0.422137,10198.610352
12,0.316037,0.394413,10564.585938
13,0.284846,0.414072,10780.858398
14,0.257025,0.401552,11063.695312
15,0.234545,0.450781,11329.921875
16,0.232674,0.453800,11463.084961
17,0.224641,0.515907,11745.836914
18,0.204312,0.449028,12012.094727
19,0.219323,0.523757,12261.661133
20,0.221854,0.528370,12378.054688
21,0.340787,0.379385,12860.494141
22,0.474756,0.395533,14241.453125
23,0.521660,0.338358,15439.294922
24,0.730295,0.565018,17136.349609
25,0.818867,0.297385,18916.582031
26,0.078567,0.924456,23941.054688
0,0.740962,0.385059,49.963696
1,0.742894,0.563992,715.495117
2,0.718418,0.487094,931.735901
3,0.700416,0.446259,1198.005737
4,0.703744,0.441507,1414.207275
5,0.640644,0.515846,2379.184814
6,0.667945,0.464624,3394.084717
7,0.243227,0.476184,6305.686035
8,0.257042,0.477986,6505.245117
9,0.213621,0.471629,6738.279785
10,0.303808,0.503124,7104.255859
11,0.260877,0.460341,7753.125000
12,0.225733,0.477907,7952.766113
13,0.397287,0.502771,12794.324219
14,0.253520,0.457148,13543.090820
15,0.224002,0.451447,14574.551758
16,0.226867,0.440788,14707.625977
17,0.259566,0.423053,15007.199219
18,0.266039,0.411633,15240.007812
19,0.269419,0.443561,15572.747070
20,0.408708,0.560669,15938.867188
21,0.418080,0.567218,16221.617188
22,0.417751,0.520114,17220.023438
23,0.403328,0.353030,18401.277344
24,0.777900,0.685724,20347.814453
25,0.725446,0.806970,20846.916016
26,0.783562,0.635751,21362.666016
27,0.817210,0.709393,21845.205078
28,0.068804,0.490631,24074.669922
29,0.012380,0.452784,24473.933594
30,0.995535,0.415642,24756.810547
0,0.719155,0.490869,349.371948
1,0.681648,0.508337,515.799622
2,0.692665,0.549855,732.039062
3,0.648519,0.535585,965.038025
4,0.680608,0.513727,1247.898315
5,0.620832,0.524700,1547.214600
6,0.596628,0.518321,1763.640991
7,0.570159,0.494003,1979.909912
8,0.549445,0.425053,2196.164551
9,0.493421,0.314215,2712.024658
10,0.562743,0.282586,2928.231445
11,0.446078,0.564107,3310.852539
12,0.711820,0.607536,4126.122070
13,0.710469,0.556488,4392.301758
14,0.733445,0.588693,4824.971191
15,0.740015,0.610535,5190.945801
16,0.672389,0.538844,5407.303223
17,0.657767,0.508654,5606.850098
18,0.707635,0.490532,5839.835449
19,0.791808,0.393029,6155.924316
20,0.803505,0.379764,6305.722168
21,0.936931,0.465581,7270.700195
22,0.266361,0.513190,9250.489258
23,0.271065,0.505471,9400.264648
24,0.287380,0.484555,9899.367188
25,0.219692,0.504969,10631.374023
26,0.257211,0.513669,10881.051758
27,0.273938,0.540831,11879.195312
28,0.281904,0.518793,12128.859375
29,0.209524,0.476809,12378.357422
30,0.158111,0.500391,12661.233398
31,0.128106,0.487329,12977.375000
32,0.200861,0.393233,13393.247070
33,0.115882,0.409367,13909.081055
34,0.634491,0.486901,17652.525391
35,0.660710,0.506532,18900.267578
36,0.656925,0.501660,19100.042969
37,0.463827,0.273571,20397.767578
38,0.380069,0.569901,21645.490234
39,0.727704,0.512755,23359.169922
40,0.712822,0.499594,23608.824219
41,0.752102,0.543930,23841.720703
42,0.780319,0.580302,24057.994141
43,0.752015,0.608225,24307.589844
44,0.782120,0.604481,24590.455078
0,0.757937,0.569738,266.216034
1,0.747047,0.521870,482.534393
2,0.641303,0.514321,1181.223389
3,0.584917,0.388678,1464.037231
4,0.591887,0.356545,1597.234131
5,0.598323,0.363577,1680.327026
6,0.758676,0.446080,2179.573486
7,0.701850,0.466198,2362.635498
8,0.900536,0.443191,3011.416992
9,0.064667,0.489170,4225.908691
10,0.190868,0.503551,4841.511719
11,0.250677,0.506624,5190.883301
12,0.266675,0.512724,5540.225586
13,0.213406,0.477614,5906.378906
14,0.274274,0.478833,6521.874023
15,0.300357,0.447782,6921.148438
16,0.268346,0.448410,7237.303711
17,0.220603,0.514109,7520.091309
18,0.156004,0.509732,7869.583984
19,0.138183,0.493449,8218.918945
20,0.091603,0.494453,8601.635742
21,0.106209,0.495005,8834.545898
22,0.274765,0.526364,9466.756836
23,0.275568,0.513229,9866.060547
24,0.234547,0.500168,10182.194336
25,0.283637,0.501178,10747.859375
26,0.395027,0.543999,11113.890625
27,0.422031,0.541032,11330.173828
28,0.414985,0.535588,11579.778320
29,0.449615,0.540852,11796.026367
30,0.432157,0.353909,12344.989258
31,0.394134,0.336495,12494.750977
32,0.308166,0.383911,12844.089844
33,0.316217,0.378009,12960.616211
34,0.116456,0.494322,13992.064453
35,0.077106,0.486522,14141.859375
36,0.033563,0.484976,14424.708008
37,0.038038,0.475080,14591.083984
38,0.690226,0.501621,15739.036133
39,0.685695,0.501038,15938.657227
40,0.687724,0.501841,16138.420898
41,0.636443,0.523238,16387.992188
42,0.707372,0.496311,16687.392578
43,0.643493,0.521580,17236.416016
44,0.709723,0.499871,17768.923828
45,0.656299,0.497039,17968.492188
46,0.636368,0.520120,18201.359375
47,0.644912,0.521972,18367.798828
48,0.627263,0.523974,18867.087891
49,0.668193,0.503159,19049.917969
50,0.595058,0.421494,19382.707031
51,0.600033,0.423855,19499.093750
52,0.673421,0.493422,19798.603516
0,0.701528,0.511942,316.120209
1,0.631018,0.552492,1247.824463
2,0.692859,0.512626,1580.585571
3,0.891115,0.573704,2146.239746
4,0.895810,0.472703,2462.363770
5,0.065644,0.656540,3310.878906
6,0.085105,0.744638,3626.965820
7,0.018386,0.600264,3943.101318
8,0.050754,0.454584,4325.879395
9,0.056345,0.440946,4442.193848
10,0.214855,0.469149,5057.797852
11,0.247410,0.472897,5240.811523
12,0.268995,0.463961,5507.034180
13,0.223107,0.494111,5789.949707
14,0.226251,0.500094,6122.671387
15,0.234125,0.474688,6438.858398
16,0.937289,0.035509,7636.585938
17,0.191126,0.015835,8634.836914
18,0.400081,0.008728,8951.072266
19,0.885032,0.104066,9433.444336
20,0.835954,0.358642,10148.977539
21,0.871004,0.416676,10431.760742
22,0.716569,0.506665,11246.967773
23,0.711432,0.501947,11496.627930
24,0.530122,0.270598,12295.184570
25,0.421354,0.542082,13193.529297
26,0.394700,0.539266,13459.750977
27,0.468675,0.549096,13975.525391
28,0.477429,0.544780,14175.154297
29,0.551369,0.552208,14557.904297
30,0.565826,0.554268,14824.014648
31,0.597146,0.517576,15057.131836
32,0.596213,0.451644,15273.257812
33,0.629928,0.428080,15605.985352
34,0.674442,0.539552,15822.334961
35,0.714278,0.508631,16205.011719
36,0.709708,0.505545,16338.096680
37,0.248377,0.470617,17519.410156
38,0.256498,0.483948,17652.525391
39,0.281496,0.473966,17985.148438
40,0.327930,0.381101,18534.177734
41,0.399755,0.466574,19099.880859
42,0.339153,0.493455,19432.685547
43,0.414195,0.341320,19965.103516
44,0.439160,0.370402,20314.369141
45,0.468113,0.394024,20647.107422
46,0.504203,0.373181,20979.845703
47,0.527537,0.420013,21262.722656
48,0.530873,0.355038,21562.244141
49,0.523627,0.309428,21828.542969
50,0.553147,0.276693,22077.953125
51,0.596443,0.387147,22360.863281
52,0.608772,0.459321,22627.140625
53,0.815503,0.658696,24074.414062
54,0.773670,0.657193,24307.457031
55,0.882749,0.793440,24556.914062
56,0.898890,0.832983,24773.349609
0,0.684392,0.508466,382.723358
1,0.647692,0.521232,798.633240
2,0.645473,0.529364,1081.503784
3,0.629406,0.518913,1347.706421
4,0.620944,0.513417,1447.487061
5,0.716215,0.511986,1813.625488
6,0.713251,0.500658,2246.106934
7,0.707893,0.499710,2412.459717
8,0.802405,0.382417,3194.443848
9,0.075073,0.502315,5423.883301
10,0.082043,0.493108,5623.554199
11,0.064273,0.462729,6405.556641
12,0.054386,0.749745,7370.486816
13,0.266940,0.537723,8368.766602
14,0.261859,0.523175,8634.970703
15,0.222115,0.452310,9067.478516
16,0.276070,0.503252,9300.474609
17,0.300545,0.518968,9799.602539
18,0.452922,0.584702,10764.577148
19,0.149394,0.500180,13359.987305
20,0.541885,0.282071,17186.728516
21,0.525815,0.293036,17502.837891
22,0.667230,0.530854,18417.777344
23,0.620606,0.531304,20114.792969
24,0.701820,0.518730,20647.300781
25,0.689931,0.516486,20846.896484
26,0.691619,0.517509,21162.992188
27,0.680049,0.499351,21579.000000
28,0.690716,0.495972,21845.121094
29,0.695423,0.495225,21961.583984
30,0.768736,0.516913,22610.468750
31,0.809266,0.672922,23558.830078
32,0.782547,0.637512,23791.671875
33,0.883811,0.524477,24557.044922
0,0.776114,0.398186,565.726624
1,0.783166,0.277873,798.686646
2,0.698139,0.531496,1031.577881
3,0.698179,0.568046,1247.797607
4,0.704213,0.529846,1514.019043
5,0.777252,0.545340,2595.524658
6,0.879951,0.526520,2894.972168
7,0.904073,0.417723,3161.081055
8,0.110649,0.526228,4309.058105
9,0.208760,0.498310,4874.883789
10,0.287219,0.486381,5373.947266
11,0.300192,0.528173,5590.161133
12,0.298768,0.537708,6056.074219
13,0.298582,0.395677,6289.104980
14,0.664795,0.397768,7636.663574
15,0.674273,0.476197,7969.478516
16,0.996948,0.145314,11662.939453
17,0.973206,0.142077,11895.855469
18,0.968210,0.125413,12095.451172
19,0.979598,0.114547,12378.292969
20,0.968303,0.320845,12627.950195
21,0.882440,0.483057,14324.879883
22,0.820836,0.250222,16254.860352
23,0.115559,0.527547,18218.121094
24,0.126856,0.613039,18550.859375
25,0.106472,0.692935,18817.087891
26,0.089272,0.512752,19449.371094
27,0.068906,0.421481,19931.814453
28,0.231328,0.533141,20480.800781
29,0.276121,0.539544,20963.314453
30,0.284929,0.521466,21162.931641
31,0.251929,0.572797,21429.140625
32,0.250060,0.575399,21662.162109
33,0.239455,0.487637,22011.494141
34,0.240420,0.479622,22144.525391
35,0.234467,0.419824,22410.732422
36,0.695662,0.589614,24972.988281
0,0.912090,0.428307,549.207275
1,0.757368,0.625543,865.328491
2,0.739356,0.739438,1164.653320
3,0.668115,0.497302,2362.708008
4,0.643690,0.458808,2595.503662
5,0.600806,0.170337,3577.195801
6,0.434254,0.353948,4325.892578
7,0.421307,0.317557,4542.105957
8,0.418595,0.293369,4808.412598
9,0.416946,0.391364,5473.828125
10,0.437165,0.372005,5806.617676
11,0.461958,0.337662,6272.479004
12,0.903669,0.489265,8119.222656
13,0.932349,0.519552,8368.785156
14,0.998975,0.316370,9599.882812
15,0.947540,0.311871,9832.939453
16,0.915957,0.365695,10149.015625
17,0.911471,0.320417,10448.540039
18,0.915801,0.330475,10581.667969
19,0.930146,0.342745,10814.483398
20,0.947127,0.403557,11130.666016
21,0.079875,0.448526,12028.959961
22,0.058428,0.413374,12395.087891
23,0.055110,0.411477,13226.969727
24,0.040332,0.406348,13343.450195
25,0.248238,0.336573,14325.096680
26,0.254396,0.345860,14541.343750
27,0.270680,0.334049,14973.952148
28,0.243397,0.379913,15240.045898
29,0.248986,0.379604,15523.008789
30,0.266000,0.511520,16354.823242
31,0.250275,0.409653,16770.806641
32,0.161630,0.344909,17436.236328
33,0.078384,0.383812,18933.626953
34,0.071253,0.377894,19033.505859
35,0.063008,0.353600,19183.085938
36,0.152751,0.382144,19815.466797
37,0.165247,0.356279,19998.488281
38,0.064544,0.362019,20880.212891
39,0.037149,0.383685,21379.291016
40,0.086667,0.504976,22510.720703
41,0.994403,0.358115,23375.925781
42,0.128877,0.527485,24540.486328
43,0.133740,0.513738,24690.273438
0,0.699172,0.536081,549.114502
1,0.656424,0.531361,798.700073
2,0.662587,0.534001,898.494019
3,0.652658,0.522751,1081.489380
4,0.686251,0.480912,1380.946289
5,0.705681,0.468194,1996.601196
6,0.888923,0.394978,2928.283691
7,0.881474,0.397415,3028.039307
8,0.890512,0.502207,3410.672119
9,0.925240,0.550870,3593.897217
10,0.865031,0.474467,3943.045654
11,0.848898,0.420564,4292.637207
12,0.814053,0.338755,4575.456055
13,0.817191,0.334741,4658.550293
14,0.790168,0.313370,4791.679688
15,0.657400,0.557210,5473.795898
16,0.550269,0.257400,5906.454102
17,0.393329,0.589645,6821.529297
18,0.393207,0.571219,6904.598145
19,0.254132,0.469440,7736.541992
20,0.194860,0.421898,7936.088379
21,0.257583,0.515674,8784.681641
22,0.223928,0.528194,9017.590820
23,0.246125,0.502110,9350.296875
24,0.246482,0.495522,9583.289062
25,0.246815,0.488360,9733.078125
26,0.274486,0.452757,9899.511719
27,0.239773,0.502930,10215.408203
28,0.273909,0.475480,10864.393555
29,0.293702,0.533765,11280.340820
30,0.263085,0.550293,11463.298828
31,0.254487,0.526823,11779.377930
32,0.274154,0.471476,12162.245117
33,0.254536,0.453342,12428.286133
34,0.232699,0.490812,12811.037109
35,0.269008,0.448129,13093.791016
36,0.293076,0.472853,15090.359375
37,0.290856,0.479683,15223.337891
38,0.294241,0.471919,15472.955078
39,0.426139,0.654509,16521.039062
40,0.414293,0.636372,17452.798828
41,0.413088,0.621612,17685.771484
42,0.441501,0.324039,18184.878906
43,0.648857,0.439817,19715.552734
44,0.252937,0.548479,22094.720703
45,0.365565,0.571883,22959.796875
46,0.395012,0.352095,24057.904297
47,0.404045,0.287810,24207.681641
0,0.768813,0.589090,83.266624
1,0.784262,0.439845,449.230652
2,0.677171,0.535775,648.903809
3,0.647928,0.542891,898.504089
4,0.632547,0.537869,1098.120117
5,0.593759,0.290987,1380.977783
6,0.625997,0.521565,1746.973877
7,0.645326,0.527712,2212.801514
8,0.707019,0.559697,2478.909912
9,0.717200,0.495266,2678.688965
10,0.715499,0.464036,2994.786865
11,0.720344,0.438562,3127.781982
12,0.886078,0.371193,4059.555908
13,0.810469,0.249259,4392.295410
14,0.967855,0.514045,5157.613770
15,0.984577,0.751069,5673.400879
16,0.026679,0.816153,6022.787598
17,0.041645,0.390789,6422.122559
18,0.064116,0.400650,6605.093262
19,0.081035,0.414925,6837.961426
20,0.158881,0.482962,7154.084473
21,0.188577,0.473155,7420.364258
22,0.235726,0.440792,7603.322266
23,0.280135,0.499867,7836.285156
24,0.276958,0.494655,7969.379883
25,0.293622,0.487465,8102.482910
26,0.306245,0.499952,8468.430664
27,0.251635,0.477571,8751.306641
28,0.235412,0.412558,9067.457031
29,0.243783,0.340481,9350.353516
30,0.280273,0.269841,9599.849609
31,0.311432,0.294693,9849.425781
32,0.379887,0.521924,10182.151367
33,0.399710,0.542918,10348.555664
34,0.425253,0.520325,10697.892578
35,0.368712,0.253688,11014.049805
36,0.388137,0.278327,11330.130859
37,0.445816,0.498739,11596.375000
38,0.463045,0.531069,11845.897461
39,0.425909,0.498839,12145.440430
40,0.441441,0.654956,12993.893555
41,0.428720,0.601441,13892.328125
42,0.407903,0.496032,14075.331055
43,0.265069,0.494544,14557.875977
44,0.256568,0.482765,14824.102539
45,0.199848,0.460566,15073.601562
46,0.204017,0.403564,15522.864258
47,0.197304,0.399526,15789.081055
48,0.212417,0.397748,16204.947266
49,0.215748,0.389311,16587.699219
50,0.189919,0.333932,16787.291016
51,0.016795,0.492653,17286.394531
52,0.826653,0.465807,18101.689453
53,0.865599,0.444105,18334.501953
54,0.865017,0.309898,18567.513672
55,0.689379,0.453328,19149.738281
56,0.677150,0.482056,19316.162109
57,0.653900,0.484303,19615.623047
58,0.655636,0.442305,19782.037109
59,0.675699,0.443629,19998.390625
60,0.696167,0.465806,20331.146484
61,0.693372,0.286164,20597.248047
62,0.704294,0.282982,20763.603516
63,0.696539,0.473014,21029.873047
64,0.656679,0.518936,21246.142578
65,0.630882,0.547048,21545.566406
66,0.622407,0.438649,22144.556641
67,0.702044,0.488583,22693.548828
68,0.689959,0.502412,23209.332031
69,0.716342,0.559197,23442.281250
70,0.729098,0.572333,23758.449219
71,0.759673,0.482135,24057.970703
72,0.692372,0.459723,24623.560547
0,0.766415,0.406955,249.607819
1,0.778564,0.405366,765.372253
2,0.692335,0.465937,1197.950195
3,0.677220,0.492071,1514.040527
4,0.652133,0.484842,1830.259033
5,0.637332,0.485331,2129.670654
6,0.701745,0.509742,2562.192627
7,0.666370,0.442228,2894.939209
8,0.637336,0.369107,3061.349609
9,0.595499,0.280917,3277.681396
10,0.572617,0.231007,3427.416748
11,0.553266,0.219574,3577.205322
12,0.485428,0.211627,3859.928223
13,0.491106,0.224095,3993.019043
14,0.482067,0.272745,4159.427246
15,0.431914,0.574292,4625.361328
16,0.398126,0.566373,5107.862793
17,0.398468,0.547890,5374.005859
18,0.237970,0.464293,5939.676270
19,0.195912,0.412982,6155.962891
20,0.230491,0.387465,6605.138672
21,0.228991,0.473911,6937.990234
22,0.236007,0.501481,7170.915527
23,0.239547,0.457141,7437.058105
24,0.266996,0.436013,7603.448242
25,0.378893,0.472672,8585.091797
26,0.615504,0.399835,9766.272461
27,0.714785,0.526098,10015.940430
28,0.708950,0.492740,10248.806641
29,0.712623,0.430910,10997.490234
30,0.784370,0.379636,11513.223633
31,0.957026,0.412882,12428.358398
32,0.024873,0.425731,12727.772461
33,0.064004,0.416896,12894.226562
34,0.061979,0.423060,13077.227539
35,0.137894,0.436583,13642.853516
36,0.186441,0.409653,13992.336914
37,0.142355,0.443418,14308.361328
38,0.110870,0.471157,14524.625977
39,0.103878,0.572806,14990.478516
40,0.082249,0.652489,15190.244141
41,0.050970,0.692135,15423.039062
42,0.027809,0.671134,15739.226562
43,0.692930,0.475290,17020.263672
44,0.705516,0.428635,17669.164062
45,0.698314,0.466490,18151.603516
46,0.690848,0.460182,18650.750000
47,0.696511,0.447249,18733.968750
48,0.702401,0.450221,19016.796875
49,0.700166,0.448469,19183.208984
50,0.696753,0.461929,19316.306641
51,0.631851,0.463464,19815.447266
52,0.582936,0.290628,20247.958984
53,0.566731,0.207890,20564.166016
54,0.555992,0.163799,21163.083984
55,0.369151,0.053239,21911.750000
56,0.311362,0.047238,22227.820312
57,0.717026,0.025382,22793.529297
58,0.708276,0.091788,22993.160156
59,0.725813,0.156479,23259.376953
60,0.725094,0.189578,23525.687500
61,0.713400,0.215953,23791.833984
62,0.695285,0.265761,24008.037109
63,0.709776,0.251674,24290.953125
64,0.777487,0.178530,24507.283203
65,0.837997,0.173120,24673.550781
0,0.764502,0.500567,33.289101
1,0.721634,0.513759,332.709595
2,0.807200,0.538268,565.640076
3,0.894505,0.467027,1098.086426
4,0.931204,0.474867,1331.050293
5,0.920175,0.491559,1630.450073
6,0.918639,0.497095,1929.965210
7,0.566784,0.376724,3693.530273
8,0.553252,0.364810,3893.172363
9,0.522325,0.318204,4159.383789
10,0.420614,0.419829,4575.334961
11,0.433028,0.603063,4858.222656
12,0.431282,0.644771,5041.233887
13,0.400375,0.567501,5324.071777
14,0.480711,0.539668,5656.762695
15,0.725272,0.532686,6189.222656
16,0.073621,0.531104,7237.304688
17,0.113408,0.534801,7536.790527
18,0.113990,0.535971,7719.803223
19,0.166814,0.545023,7886.168457
20,0.166091,0.538027,8035.967285
21,0.216421,0.546046,8252.201172
22,0.257789,0.541129,8501.765625
23,0.270314,0.531194,8751.333008
24,0.275113,0.517493,9034.171875
25,0.315042,0.482216,9366.920898
26,0.303167,0.444604,9683.045898
27,0.149447,0.555447,10032.451172
28,0.112877,0.504186,10348.530273
29,0.080925,0.507139,10531.550781
30,0.043865,0.493897,10697.926758
31,0.008696,0.526544,10914.208984
32,0.012793,0.523774,11080.600586
33,0.018602,0.509762,11296.884766
34,0.060676,0.473037,11563.070312
35,0.072501,0.576913,11995.664062
36,0.072236,0.590603,12162.041016
37,0.061880,0.480469,12478.156250
38,0.230686,0.464785,13243.501953
39,0.244948,0.537447,13592.868164
40,0.258504,0.530374,13825.815430
41,0.289097,0.513971,14191.852539
42,0.381055,0.443991,14641.048828
43,0.391390,0.586408,15007.059570
44,0.393353,0.600062,15140.170898
45,0.429476,0.641931,15456.290039
46,0.481422,0.630441,15739.130859
47,0.439978,0.581519,16055.224609
48,0.398864,0.535006,16238.246094
49,0.370519,0.577847,16504.457031
50,0.266032,0.518327,16837.210938
51,0.237229,0.505713,17003.578125
52,0.135992,0.679822,17719.001953
53,0.841908,0.406750,18800.472656
54,0.817279,0.360034,18950.179688
55,0.765239,0.363183,19166.462891
56,0.821636,0.225730,19549.140625
57,0.688228,0.528327,20081.527344
58,0.649175,0.524952,20397.650391
59,0.640128,0.463031,20713.759766
60,0.544820,0.378671,21129.708984
61,0.499757,0.360730,21678.748047
62,0.728108,0.478196,22211.136719
63,0.713547,0.476740,22560.539062
64,0.359284,0.438192,23625.335938
65,0.331835,0.424056,23825.021484
66,0.295638,0.503414,24124.455078
67,0.386825,0.520202,24423.933594
68,0.415245,0.540352,24590.306641
0,0.708794,0.523569,316.056122
1,0.704407,0.501505,548.984863
2,0.688329,0.483917,798.567627
3,0.642441,0.502088,998.219116
4,0.632104,0.517676,1281.071777
5,0.613822,0.496329,1680.399414
6,0.617472,0.459748,1913.296753
7,0.599496,0.414941,2179.557129
8,0.573520,0.336848,2395.806152
9,0.567742,0.315039,2628.716064
10,0.516726,0.292381,2861.693848
11,0.535085,0.297454,2994.806152
12,0.496348,0.384441,3260.942383
13,0.514842,0.454611,3560.501953
14,0.523629,0.477084,3743.401367
15,0.439846,0.495486,3976.329590
16,0.417642,0.500260,4342.400879
17,0.392370,0.520589,4592.041992
18,0.397929,0.528991,4758.298340
19,0.388599,0.521565,5024.508789
20,0.490243,0.383672,5390.536621
21,0.539039,0.370642,5590.183105
22,0.711825,0.536426,6388.825195
23,0.785626,0.609697,6671.665039
24,0.814252,0.521019,6904.561035
25,0.868888,0.499872,7154.126953
26,0.876921,0.475330,7387.053711
27,0.868092,0.457095,7769.729492
28,0.814180,0.418923,8035.970215
29,0.885098,0.475993,8435.209961
30,0.918269,0.512714,8618.238281
31,0.922285,0.524381,8834.509766
32,0.917531,0.517018,8967.610352
33,0.901980,0.511578,9200.546875
34,0.906582,0.474531,9549.943359
35,0.977158,0.529867,9949.259766
36,0.021747,0.552856,10182.154297
37,0.074544,0.519032,10648.040039
38,0.092386,0.569631,11030.677734
39,0.085895,0.701105,11296.890625
40,0.071728,0.790042,11796.015625
41,0.101480,0.681921,12145.400391
42,0.121418,0.606859,12411.602539
43,0.121666,0.500133,12627.886719
44,0.121759,0.473044,12877.450195
45,0.104804,0.399696,13060.472656
46,0.276732,0.523140,13875.707031
47,0.292631,0.520535,14141.900391
48,0.287754,0.518242,14341.571289
49,0.277403,0.489569,14474.677734
50,0.448450,0.541945,15456.292969
51,0.484012,0.557108,15739.106445
52,0.484656,0.550500,16088.522461
53,0.428806,0.573956,16487.808594
54,0.408913,0.566204,16704.103516
55,0.423091,0.334553,17236.515625
56,0.437075,0.315369,17535.990234
57,0.459350,0.302402,17785.554688
58,0.520455,0.288448,18085.023438
59,0.538278,0.279280,18268.019531
60,0.545500,0.280666,18484.365234
61,0.558923,0.587607,19016.750000
62,0.629534,0.608834,19316.195312
63,0.644351,0.568167,19465.945312
64,0.638253,0.667786,19815.351562
65,0.229901,0.883109,20880.146484
66,0.129486,0.868884,21162.996094
67,0.107011,0.841274,21429.173828
68,0.072516,0.809410,21678.771484
69,0.041876,0.760809,21895.035156
70,0.049331,0.671052,22111.326172
71,0.014085,0.614862,22460.712891
72,0.019914,0.588330,22627.095703
73,0.022542,0.590804,22743.556641
74,0.020584,0.611168,22876.628906
75,0.006407,0.601319,24324.144531
76,0.997709,0.580374,24989.638672
0,0.728416,0.460018,232.814072
1,0.673080,0.504624,632.093567
2,0.694068,0.482352,865.055176
3,0.784116,0.421256,1114.663696
4,0.893800,0.466292,1580.467285
5,0.040110,0.503415,2212.659912
6,0.058907,0.490631,2429.050293
7,0.087352,0.473005,2678.529785
8,0.127285,0.484691,2961.424072
9,0.069966,0.461339,3344.031250
10,0.050741,0.451022,3493.739990
11,0.812437,0.336753,4708.333984
12,0.671709,0.216914,5373.817871
13,0.646459,0.480810,6288.887695
14,0.646384,0.462484,6621.636719
15,0.591830,0.432498,6887.819824
16,0.339819,0.357392,8252.120117
17,0.230732,0.480150,8634.799805
18,0.218681,0.498317,8884.327148
19,0.206289,0.488719,9117.284180
20,0.200912,0.490384,9649.665039
21,0.194461,0.478983,9982.418945
22,0.168273,0.490115,10231.989258
23,0.705420,0.482271,12128.668945
24,0.708098,0.480716,12428.134766
25,0.680517,0.471121,12910.644531
26,0.213602,0.481559,14457.929688
27,0.202407,0.482784,14690.852539
28,0.158087,0.489639,14973.740234
29,0.114041,0.477073,15256.578125
30,0.234952,0.488551,15556.050781
31,0.236482,0.482058,15689.117188
32,0.049404,0.460090,16587.578125
33,0.062097,0.471896,21811.750000
34,0.082928,0.470277,22094.578125
35,0.094133,0.465892,22593.710938
36,0.124167,0.472583,23042.949219
37,0.183541,0.481219,23292.496094
38,0.195349,0.490921,23442.257812
39,0.248894,0.488934,23708.429688
40,0.276306,0.489803,24007.916016
41,0.324030,0.464305,24240.884766
42,0.367374,0.483667,24507.056641
0,0.597050,0.528548,1164.806274
1,0.597973,0.515022,1264.605103
2,0.688670,0.440865,1663.885254
3,0.693070,0.432149,2046.537964
4,0.701752,0.445854,2429.140625
5,0.917989,0.418446,3377.510010
6,0.075213,0.456225,3943.211182
7,0.215304,0.453317,4691.970703
8,0.261591,0.449836,4874.911621
9,0.254344,0.458542,5024.618652
10,0.277053,0.448704,5191.010742
11,0.272909,0.455043,5324.084961
12,0.881284,0.509657,6572.019043
13,0.912546,0.487654,6838.206055
14,0.861525,0.510259,7137.582031
15,0.844800,0.460606,7420.426758
16,0.631318,0.519764,8501.892578
17,0.833083,0.720636,9250.659180
18,0.817295,0.692695,9383.644531
19,0.744152,0.396755,9616.575195
20,0.735892,0.398125,10065.821289
21,0.371583,0.495541,11496.636719
22,0.366774,0.485435,11712.998047
23,0.209798,0.559865,12128.876953
24,0.228777,0.544295,12594.703125
25,0.218727,0.586641,12794.407227
26,0.377682,0.510207,13493.231445
27,0.371705,0.519449,13975.653320
28,0.442675,0.496347,14291.785156
29,0.442465,0.466348,14574.635742
30,0.388177,0.390210,14824.201172
31,0.389257,0.501624,14990.524414
32,0.398993,0.506703,15323.299805
33,0.393284,0.521986,15855.672852
34,0.349898,0.504093,17186.705078
35,0.407730,0.586101,17719.125000
36,0.341094,0.609696,18101.781250
37,0.268335,0.603264,18501.050781
38,0.277321,0.591188,18617.519531
39,0.641677,0.558978,19432.875000
40,0.724872,0.542381,19832.064453
41,0.717048,0.532984,19981.812500
42,0.652979,0.793086,20214.746094
43,0.610501,0.549377,20447.695312
44,0.697251,0.459114,21545.843750
45,0.692728,0.465963,21795.304688
46,0.686079,0.478823,22194.595703
47,0.747371,0.435469,23392.535156
48,0.801530,0.425225,23958.210938
49,0.812282,0.434647,24257.664062
0,0.745574,0.493603,33.263500
1,0.685569,0.525122,332.741760
2,0.688649,0.527583,582.304016
3,0.767669,0.603703,831.889099
4,0.948788,0.520481,1580.617432
5,0.964060,0.657534,1830.189087
6,0.674215,0.552971,2595.516602
7,0.635260,0.549911,2778.443359
8,0.652095,0.531002,3194.364502
9,0.542867,0.398535,3643.660889
10,0.508695,0.381624,3893.161133
11,0.461068,0.443710,4126.109375
12,0.384609,0.544018,4592.006348
13,0.394807,0.556558,4741.767578
14,0.450134,0.569703,5174.278809
15,0.392811,0.520776,5523.698730
16,0.364964,0.547148,5856.460449
17,0.248027,0.523639,6155.897461
18,0.252311,0.524248,6255.768555
19,0.231501,0.505655,6405.452637
20,0.188635,0.531341,6671.666016
21,0.216217,0.537441,6954.516602
22,0.222962,0.541070,7054.301758
23,0.762994,0.930496,8002.642090
24,0.760188,0.940899,8085.847656
25,0.729941,0.929581,8352.064453
26,0.249374,0.508960,9217.207031
27,0.242766,0.501548,9400.213867
28,0.276293,0.493084,9849.427734
29,0.674397,0.525871,10880.977539
30,0.694100,0.497812,11047.331055
31,0.688622,0.504263,11197.074219
32,0.731343,0.517405,11396.741211
33,0.699836,0.487363,11579.774414
34,0.349557,0.413538,13027.230469
35,0.044760,0.490926,13875.708008
36,0.003456,0.573517,14141.942383
37,0.024397,0.632067,14291.663086
38,0.992780,0.683168,14557.851562
39,0.046437,0.600035,14857.329102
40,0.102846,0.511546,15056.970703
41,0.707447,0.510277,16421.253906
42,0.701957,0.504173,16654.189453
43,0.869933,0.448879,17935.304688
44,0.887538,0.458505,18151.587891
45,0.915122,0.482161,18334.607422
46,0.908430,0.487485,18600.798828
47,0.873335,0.482448,18983.462891
48,0.915746,0.487865,19282.939453
49,0.902886,0.520316,19499.220703
50,0.853538,0.497764,19881.896484
51,0.866983,0.477492,20197.994141
52,0.914482,0.475704,20447.593750
53,0.033700,0.496196,20930.048828
54,0.061453,0.475383,21096.445312
55,0.055116,0.451105,21345.992188
56,0.755340,0.398961,22843.417969
57,0.706624,0.466760,23109.583984
58,0.681912,0.515672,23309.238281
59,0.740366,0.481396,23575.431641
60,0.816890,0.403256,23775.111328
61,0.807675,0.390935,23958.087891
62,0.831717,0.397784,24124.498047
63,0.802674,0.377639,24457.230469
64,0.854674,0.404047,24723.423828
0,0.684966,0.500198,399.279846
1,0.650309,0.509915,748.719604
2,0.640220,0.515728,881.826538
3,0.712833,0.493728,1231.220215
4,0.654513,0.512690,1730.289062
5,0.638900,0.522224,1863.393311
6,0.713438,0.509300,2129.583496
7,0.888888,0.461021,3011.397217
8,0.923463,0.482155,3244.336670
9,0.076857,0.469929,3976.363281
10,0.117339,0.488375,4275.843750
11,0.140079,0.484484,4475.491699
12,0.139505,0.485704,4608.598633
13,0.166054,0.487154,4758.368164
14,0.253548,0.508313,5257.480957
15,0.266500,0.515788,5457.175293
16,0.269226,0.510003,5723.390625
17,0.317939,0.464718,6488.668457
18,0.336517,0.456903,6704.915527
19,0.330572,0.460514,6804.805664
20,0.270610,0.484494,7070.992188
21,0.259662,0.501403,7270.608398
22,0.190952,0.509465,7586.756348
23,0.225779,0.514317,7853.001465
24,0.150167,0.499546,8285.555664
25,0.137435,0.488579,8451.917969
26,0.040052,0.244346,9350.380859
27,0.996902,0.370793,9616.581055
28,0.932118,0.471754,9932.667969
29,0.933392,0.455065,10148.902344
30,0.919298,0.484421,10465.028320
31,0.756171,0.390082,11280.352539
32,0.601949,0.529204,12078.875000
33,0.397195,0.527955,12894.132812
34,0.391474,0.532995,13127.107422
35,0.396129,0.479960,13709.384766
36,0.463097,0.921260,14740.876953
37,0.465582,0.910050,14973.862305
38,0.512573,0.922021,15140.289062
39,0.537882,0.915974,15240.047852
40,0.270071,0.487304,15905.563477
41,0.268957,0.461111,16071.928711
42,0.265169,0.471728,16504.472656
43,0.260417,0.467688,16687.509766
44,0.292091,0.487874,16953.736328
45,0.384023,0.549233,17386.324219
46,0.418575,0.372342,17968.617188
47,0.438892,0.382131,18268.083984
48,0.481360,0.400803,18550.958984
49,0.540266,0.400539,18783.822266
50,0.581166,0.379692,18983.457031
51,0.604016,0.352036,19183.101562
52,0.575294,0.374436,19466.015625
53,0.709917,0.533818,20148.099609
54,0.948185,0.456733,21163.013672
55,0.001635,0.441673,21495.761719
56,0.030038,0.442805,21762.001953
57,0.029705,0.459986,21861.777344
58,0.050485,0.476958,22078.085938
59,0.049999,0.471215,22211.166016
60,0.065939,0.466134,22344.265625
61,0.064776,0.454678,22593.857422
62,0.132486,0.478800,23159.574219
63,0.153059,0.486467,23342.544922
64,0.124510,0.518629,23791.746094
65,0.107904,0.531093,24041.312500
0,0.700045,0.501653,366.039276
1,0.686893,0.507394,532.433472
2,0.655883,0.523411,748.670044
3,0.628653,0.530609,1048.145142
4,0.621686,0.517341,1464.134033
5,0.567966,0.491981,2112.993408
6,0.546770,0.440744,2379.186279
7,0.479758,0.408729,2695.267334
8,0.499112,0.286365,3077.986084
9,0.476859,0.278550,3261.046143
10,0.414564,0.544253,3593.781250
11,0.376383,0.541418,3943.200684
12,0.248217,0.492498,4525.401367
13,0.237552,0.496619,5057.813477
14,0.180379,0.488326,5423.902344
15,0.179811,0.392513,5740.008301
16,0.188920,0.393787,5839.819336
17,0.088586,0.506936,6089.364746
18,0.053440,0.488294,6388.855957
19,0.220716,0.376635,7087.592773
20,0.801190,0.439325,9250.561523
21,0.896507,0.496953,10348.598633
22,0.971900,0.601342,10864.384766
23,0.010030,0.748852,11130.579102
24,0.049164,0.834713,11446.708984
25,0.056545,0.470337,12278.653320
26,0.078618,0.443878,12478.286133
27,0.210733,0.446188,13043.859375
28,0.239417,0.435772,13243.508789
29,0.232345,0.421777,13892.426758
30,0.949030,0.268543,14524.616211
31,0.252234,0.485807,16304.887695
32,0.236153,0.486712,16504.580078
33,0.231041,0.486896,16720.783203
34,0.217784,0.491125,17136.742188
35,0.235978,0.519988,17319.789062
36,0.237295,0.496555,17419.625000
37,0.256156,0.488686,17752.416016
38,0.271799,0.481473,18367.929688
39,0.274787,0.418158,18750.566406
40,0.323421,0.404402,19083.326172
41,0.464638,0.525173,19698.929688
42,0.694286,0.510324,20763.720703
43,0.688897,0.525724,20996.669922
44,0.728467,0.439130,21212.941406
45,0.759610,0.337856,21512.392578
46,0.736121,0.260830,21678.873047
47,0.708431,0.200403,22177.937500
48,0.661202,0.139064,22477.486328
49,0.740357,0.134228,22727.021484
50,0.841020,0.250398,23109.669922
51,0.845473,0.470292,24357.435547
0,0.701064,0.489777,399.264130
1,0.683998,0.515464,898.416443
2,0.649100,0.510202,1098.092529
3,0.632348,0.434494,1514.024048
4,0.633006,0.441474,1630.540039
5,0.968789,0.538373,2845.005615
6,0.969738,0.519079,2944.844971
7,0.023304,0.514893,3277.610596
8,0.018915,0.509891,3377.447266
9,0.926709,0.447137,3660.316895
10,0.885454,0.404740,3843.274902
11,0.660386,0.479913,4641.881348
12,0.552585,0.328519,5307.355957
13,0.441962,0.540572,5690.108398
14,0.470298,0.264346,6006.199219
15,0.303777,0.489621,6721.550293
16,0.264019,0.494447,6954.470215
17,0.215054,0.458893,8002.631348
18,0.283496,0.502766,8668.155273
19,0.268776,0.503294,9034.214844
20,0.295923,0.551066,9267.122070
21,0.290761,0.552433,9383.614258
22,0.055542,0.471023,10182.192383
23,0.032447,0.460355,10514.964844
24,0.165800,0.335895,11113.897461
25,0.277865,0.503988,12028.958008
26,0.416210,0.525907,12578.051758
27,0.461467,0.568214,12777.677734
28,0.461154,0.562762,12877.490234
29,0.483977,0.550377,13077.143555
30,0.475761,0.542299,13376.641602
31,0.488128,0.618036,13659.407227
32,0.568718,0.713431,13942.351562
33,0.642277,0.631111,14191.814453
34,0.684896,0.564234,14441.379883
35,0.719204,0.532278,14757.581055
36,0.726762,0.496041,15023.802734
37,0.723599,0.486011,15106.881836
38,0.699812,0.505071,15539.491211
39,0.792058,0.432992,15805.689453
40,0.680615,0.492366,16554.435547
41,0.917038,0.463678,17419.564453
42,0.969078,0.456996,17669.064453
43,0.957783,0.448901,18068.367188
44,0.027039,0.511812,18284.701172
45,0.009593,0.760970,18550.964844
46,0.046619,0.660069,18933.529297
47,0.098252,0.503959,19199.722656
48,0.096079,0.488382,19316.210938
49,0.151174,0.493448,19549.140625
50,0.210844,0.499380,19898.541016
51,0.260505,0.529697,20198.052734
52,0.275915,0.509510,20497.572266
53,0.217026,0.532948,21379.244141
54,0.247029,0.510612,21728.701172
55,0.964406,0.443896,22893.271484
56,0.801715,0.529586,23641.980469
57,0.682393,0.464345,24307.486328
58,0.686984,0.482355,24507.123047
0,0.693601,0.601711,582.279053
1,0.657982,0.605134,781.923218
2,0.637626,0.597291,1197.895142
3,0.660617,0.604393,2129.528809
4,0.699483,0.564079,2462.252930
5,0.708205,0.530718,2678.627197
6,0.675980,0.531450,2911.545166
7,0.620503,0.515748,3161.189697
8,0.649577,0.553099,3610.265869
9,0.619650,0.594576,3942.968506
10,0.615551,0.646988,4325.753418
11,0.641050,0.644515,4608.649902
12,0.668797,0.637771,4858.140137
13,0.692926,0.607890,5124.386719
14,0.696519,0.587999,5473.732910
15,0.681865,0.566056,5689.957520
16,0.666517,0.536455,6006.077148
17,0.888058,0.519629,7004.335449
18,0.899505,0.600796,7353.716309
19,0.931177,0.600117,7619.991699
20,0.948247,0.530349,7985.949707
21,0.007224,0.503587,8169.029297
22,0.057629,0.504909,8418.594727
23,0.083410,0.488458,8601.564453
24,0.118144,0.513146,8984.259766
25,0.153272,0.497591,9300.250977
26,0.269049,0.495051,10049.006836
27,0.291375,0.519013,10331.879883
28,0.288608,0.537202,10481.638672
29,0.291339,0.537570,10631.419922
30,0.249138,0.591634,10980.788086
31,0.236185,0.602082,11130.489258
32,0.202342,0.519641,11463.214844
33,0.196436,0.478826,11679.491211
34,0.260529,0.450921,11895.880859
35,0.425170,0.584152,13043.872070
36,0.436480,0.574217,13476.303711
37,0.423793,0.593859,13842.412109
38,0.422637,0.601673,14508.001953
39,0.248120,0.569633,15373.135742
40,0.249207,0.562352,15556.013672
41,0.177716,0.646207,15789.062500
42,0.134087,0.692515,16038.507812
43,0.038941,0.637608,16587.736328
44,0.041768,0.620144,16687.423828
45,0.024836,0.609455,16870.355469
46,0.062934,0.508095,17103.371094
47,0.048426,0.609189,17585.890625
48,0.063818,0.721398,17818.843750
49,0.202668,0.715927,18883.591797
50,0.259348,0.581429,19549.097656
51,0.242506,0.548395,19765.359375
52,0.322890,0.516628,20331.054688
53,0.683128,0.506113,21961.576172
54,0.685063,0.581473,22444.076172
55,0.628940,0.715441,22710.179688
56,0.238943,0.724312,24923.085938
0,0.741822,0.563969,83.220970
1,0.706567,0.511449,299.545258
2,0.712051,0.477239,532.421204
3,0.787537,0.362859,1197.909058
4,0.809726,0.350008,1430.830444
5,0.635535,0.540436,2146.280029
6,0.638168,0.519650,2445.783691
7,0.646207,0.545770,2595.496826
8,0.706803,0.563271,3660.283203
9,0.895222,0.458413,4691.857422
10,0.898677,0.462301,4774.992188
11,0.928941,0.461822,5091.109375
12,0.924326,0.470287,5324.080078
13,0.237067,0.623504,6521.980469
14,0.262406,0.595688,6937.923828
15,0.225172,0.494014,7503.556152
16,0.209795,0.462267,7769.800293
17,0.202849,0.487258,8052.677246
18,0.330998,0.561267,9200.654297
19,0.269068,0.517296,9450.166016
20,0.271292,0.478759,9832.889648
21,0.241427,0.514491,10148.967773
22,0.246291,0.501383,10381.958008
23,0.259526,0.499017,10731.231445
24,0.275099,0.528339,11197.115234
25,0.271803,0.507378,11529.841797
26,0.249484,0.488835,11746.229492
27,0.053458,0.490730,12461.630859
28,0.027070,0.478911,12860.957031
29,0.011738,0.723766,13077.146484
30,0.000211,0.772301,13293.430664
31,0.046614,0.629769,13576.301758
32,0.989360,0.718438,13792.595703
33,0.981030,0.744290,14075.415039
34,0.975785,0.766148,14408.169922
35,0.004954,0.818794,14607.817383
36,0.022381,0.824884,14757.546875
37,0.992571,0.772166,15073.652344
38,0.959577,0.622439,15339.895508
39,0.910662,0.459263,15572.836914
40,0.899648,0.408658,15789.123047
41,0.867052,0.404746,16022.026367
42,0.861758,0.407342,16254.961914
43,0.870434,0.434353,16487.857422
44,0.842900,0.454341,16787.333984
45,0.825379,0.391353,17170.046875
46,0.842024,0.337345,17353.015625
47,0.729012,0.527055,17785.599609
48,0.703897,0.544873,17935.361328
49,0.700121,0.534263,18101.695312
50,0.700925,0.517971,18717.310547
51,0.701553,0.503836,19016.783203
52,0.686234,0.526833,19366.146484
53,0.693899,0.553565,19698.949219
54,0.700337,0.530394,19915.214844
55,0.704697,0.509849,20148.181641
56,0.701283,0.542250,20530.796875
57,0.786501,0.676785,20946.726562
58,0.793282,0.672613,21129.736328
59,0.765837,0.570110,21429.224609
60,0.758076,0.508234,21762.000000
61,0.765949,0.486375,22044.810547
62,0.780841,0.438801,22311.048828
63,0.786792,0.438781,22943.240234
64,0.786981,0.417904,23292.638672
65,0.787114,0.272236,23558.835938
66,0.809798,0.714309,24407.373047
67,0.782273,0.703271,24607.001953
0,0.793659,0.368523,49.917843
1,0.730460,0.483327,415.944763
2,0.683961,0.509837,615.651672
3,0.784161,0.446094,964.964111
4,0.846002,0.434324,1164.658203
5,0.924985,0.503760,1746.974976
6,0.926503,0.493790,1846.770996
7,0.956689,0.479522,2046.394653
8,0.977268,0.474649,2262.754639
9,0.970818,0.471265,2395.854980
10,0.815876,0.394535,2894.994385
11,0.649152,0.515631,3676.912598
12,0.697588,0.486959,3926.471680
13,0.656083,0.497126,4309.142090
14,0.611434,0.510310,4625.286621
15,0.585894,0.498718,4924.743164
16,0.585353,0.423165,5207.554199
17,0.552030,0.356199,5540.300781
18,0.438896,0.536267,6106.093262
19,0.664054,0.494882,6804.861816
20,0.389483,0.561653,7520.235352
21,0.396353,0.531874,7936.162109
22,0.375118,0.531548,8085.872070
23,0.247099,0.562576,8435.281250
24,0.215571,0.546771,8668.200195
25,0.192271,0.528926,9050.842773
26,0.180301,0.454043,9233.862305
27,0.237772,0.488007,9483.433594
28,0.262231,0.484215,9699.714844
29,0.274625,0.492102,9882.714844
30,0.395537,0.486966,10681.349609
31,0.041026,0.503271,11829.335938
32,0.013340,0.531136,12078.888672
33,0.058841,0.479885,12378.349609
34,0.109947,0.505354,12611.298828
35,0.067892,0.466170,12977.334961
36,0.022406,0.484347,13210.266602
37,0.990742,0.487516,13409.899414
38,0.478038,0.492602,14641.079102
39,0.498317,0.472486,14973.813477
40,0.527820,0.483389,15156.845703
41,0.486421,0.338484,15639.384766
42,0.604919,0.388837,16055.277344
43,0.657503,0.443308,16238.295898
44,0.717555,0.465410,16754.052734
45,0.754989,0.445804,17203.246094
46,0.693259,0.491999,17469.482422
47,0.704525,0.484768,17685.750000
48,0.742786,0.371356,17885.416016
49,0.656489,0.167689,18584.189453
50,0.623104,0.256367,18817.111328
51,0.776953,0.374136,19316.248047
52,0.789434,0.396955,19465.960938
53,0.813432,0.561685,20048.298828
54,0.895529,0.463672,20247.925781
55,0.886590,0.460281,20381.058594
56,0.911274,0.454902,20613.968750
57,0.672453,0.516031,21329.400391
58,0.656632,0.495164,21595.630859
59,0.666793,0.500830,22909.960938
60,0.702758,0.499053,23142.886719
61,0.699893,0.487226,23392.460938
62,0.666424,0.523197,23974.759766
63,0.692578,0.484688,24240.986328
64,0.680991,0.484985,24590.365234
0,0.701428,0.556679,598.923950
1,0.699491,0.591170,715.426453
2,0.694445,0.654992,915.024902
3,0.819832,0.486247,2861.693848
4,0.704995,0.481612,3693.530518
5,0.708485,0.473392,3959.718750
6,0.796233,0.431567,4542.120117
7,0.934646,0.449846,5373.902344
8,0.947950,0.415187,5773.203125
9,0.834401,0.395042,6205.811523
10,0.833981,0.383477,6322.261230
11,0.768604,0.405534,6538.561035
12,0.781187,0.383635,6771.494141
13,0.682945,0.510637,7253.955566
14,0.686096,0.510257,7403.746094
15,0.594000,0.347095,7902.896973
16,0.778770,0.248866,8501.865234
17,0.814769,0.365744,9034.285156
18,0.811802,0.500665,9616.541992
19,0.990815,0.435694,10581.558594
20,0.024030,0.425047,10814.398438
21,0.027258,0.562754,11380.170898
22,0.034112,0.412006,11895.866211
23,0.042118,0.415312,12145.458984
24,0.653216,0.499235,13892.407227
25,0.622279,0.527092,14175.176758
26,0.625612,0.508046,14408.165039
27,0.574543,0.538371,14641.044922
28,0.350575,0.520714,15472.948242
29,0.253861,0.490263,15672.585938
30,0.228762,0.491148,16071.899414
31,0.231115,0.476042,16354.720703
32,0.276448,0.416794,16654.181641
33,0.350719,0.506450,17203.335938
34,0.333046,0.437956,17752.291016
35,0.338027,0.431514,17918.710938
36,0.469971,0.421699,18550.882812
37,0.481985,0.334022,18783.792969
38,0.523996,0.360418,19249.708984
39,0.471988,0.453425,19715.556641
40,0.519294,0.422724,20364.404297
41,0.437948,0.532076,21645.486328
42,0.527521,0.321417,22394.164062
43,0.491602,0.442934,22810.103516
44,0.540169,0.491105,23309.220703
45,0.483138,0.511767,23675.300781
46,0.449751,0.528525,24157.800781
47,0.516578,0.458802,24607.031250
48,0.522193,0.469047,24973.029297
0,0.680922,0.301611,99.907082
1,0.684465,0.448982,665.539734
2,0.721966,0.513598,1380.980347
3,0.580287,0.396240,1746.988403
4,0.520442,0.279523,2778.528076
5,0.477830,0.302477,3277.719238
6,0.391996,0.563882,4126.205078
7,0.250582,0.453985,4675.179199
8,0.244723,0.473639,4908.118164
9,0.202619,0.466143,5107.800293
10,0.179966,0.427374,5540.331055
11,0.148414,0.430822,5756.614746
12,0.439913,0.306275,6721.643066
13,0.482335,0.346484,6987.843262
14,0.487654,0.525838,7387.134766
15,0.707917,0.563087,8335.480469
16,0.744319,0.603573,8485.260742
17,0.842474,0.379525,9134.077148
18,0.012042,0.490965,10315.321289
19,0.079709,0.477578,10797.848633
20,0.246144,0.540499,11396.819336
21,0.284244,0.565166,11662.988281
22,0.271009,0.564429,12045.747070
23,0.261560,0.551467,12245.360352
24,0.260394,0.543103,12445.035156
25,0.257070,0.502426,12827.602539
26,0.179480,0.409225,13393.331055
27,0.002588,0.874858,14790.868164
28,0.633653,0.666515,15755.831055
29,0.627436,0.575200,15938.873047
30,0.694643,0.414131,16371.415039
31,0.673531,0.367225,16587.716797
32,0.679106,0.115016,17635.865234
33,0.499459,0.203560,18417.876953
34,0.488814,0.267166,18867.046875
35,0.419601,0.452694,19283.031250
36,0.394841,0.543544,19549.283203
37,0.400232,0.540482,20015.074219
38,0.400684,0.544828,20114.873047
39,0.442123,0.461431,20331.224609
40,0.384653,0.266969,20530.880859
41,0.655138,0.518519,22128.017578
42,0.715393,0.498914,22477.435547
43,0.718402,0.494617,22577.271484
44,0.880440,0.358862,23342.570312
45,0.996365,0.521891,23708.712891
46,0.021222,0.508747,24008.076172
47,0.016305,0.490199,24241.011719
48,0.961206,0.398411,24523.882812
49,0.091083,0.510543,24956.414062
0,0.743869,0.592012,432.758484
1,0.689701,0.543750,665.620056
2,0.043283,0.499055,1913.427490
3,0.053888,0.443878,2096.390381
4,0.084857,0.406377,2362.645020
5,0.650113,0.582892,3261.086670
6,0.713046,0.620392,3610.440918
7,0.723748,0.658041,4026.381348
8,0.784124,0.943772,4808.386230
9,0.777364,0.926230,5074.559082
10,0.619535,0.816856,5340.800781
11,0.564230,0.572491,5723.388184
12,0.568835,0.574056,5823.220703
13,0.621982,0.524063,6039.578125
14,0.624523,0.536466,6172.698730
15,0.539491,0.502788,6588.585938
16,0.540609,0.497180,6854.810059
17,0.448639,0.566590,7204.135254
18,0.456737,0.563977,7353.993164
19,0.476964,0.632314,7836.410156
20,0.376518,0.564267,8302.238281
21,0.381179,0.563285,8418.674805
22,0.261777,0.539786,8917.890625
23,0.230311,0.521841,9084.228516
24,0.229705,0.570249,9483.501953
25,0.227358,0.571583,9666.543945
26,0.256585,0.501878,9949.380859
27,0.277969,0.501517,10265.551758
28,0.227448,0.502065,10714.737305
29,0.296712,0.482623,11147.333008
30,0.292521,0.482493,11313.629883
31,0.235744,0.491473,11480.038086
32,0.335059,0.428767,11912.623047
33,0.333611,0.360248,12178.767578
34,0.390115,0.363825,12561.479492
35,0.444908,0.579498,13127.157227
36,0.446601,0.573855,13276.886719
37,0.699908,0.530990,14241.849609
38,0.702213,0.520583,14325.037109
39,0.693373,0.519686,14441.555664
40,0.624977,0.560947,14741.066406
41,0.580765,0.599320,15023.805664
42,0.507344,0.625693,15323.300781
43,0.516957,0.602890,15556.234375
44,0.438120,0.588894,16171.816406
45,0.392033,0.565275,16521.226562
46,0.394763,0.552623,17036.935547
47,0.257440,0.533089,17336.449219
48,0.265438,0.529566,17552.714844
49,0.274542,0.526097,17735.746094
50,0.279476,0.519505,17852.205078
51,0.253064,0.474071,18118.421875
52,0.272359,0.507343,18833.814453
53,0.270434,0.464853,19216.482422
54,0.253649,0.450138,19948.564453
55,0.278453,0.477407,20397.753906
56,0.280895,0.577383,20663.986328
57,0.269460,0.686199,20863.593750
58,0.413205,0.573447,21512.486328
59,0.410441,0.547454,21728.757812
60,0.456441,0.562789,21994.990234
61,0.492375,0.560673,22427.542969
62,0.485229,0.561647,22593.947266
63,0.457469,0.573557,23309.318359
64,0.482783,0.636754,23675.353516
0,0.757729,0.561379,399.278595
1,0.638166,0.541565,915.055908
2,0.645870,0.520195,1414.203857
3,0.695625,0.506793,2029.787720
4,0.699883,0.492736,2146.308350
5,0.676001,0.475037,2528.908936
6,0.667528,0.499497,2795.092529
7,0.657105,0.507895,2978.073730
8,0.644165,0.504293,3260.983887
9,0.635222,0.495871,3410.705322
10,0.689488,0.509486,3843.310059
11,0.716950,0.467192,4042.918945
12,0.716472,0.500014,5473.755371
13,0.711719,0.498071,5606.835938
14,0.730039,0.484186,6155.897461
15,0.765780,0.450072,6322.296387
16,0.796838,0.298557,6621.822754
17,0.800996,0.275665,6771.537598
18,0.807275,0.293406,7021.059570
19,0.891582,0.424911,7370.419434
20,0.967419,0.479847,9799.554688
21,0.957252,0.467966,9932.653320
22,0.853575,0.490872,10415.111328
23,0.664672,0.605592,11130.541016
24,0.676967,0.582364,11413.376953
25,0.642770,0.537380,11613.102539
26,0.579247,0.338531,12478.190430
27,0.438484,0.564897,13127.015625
28,0.458618,0.547668,13360.044922
29,0.398208,0.575787,13775.915039
30,0.407314,0.592786,14191.823242
31,0.408420,0.548371,14458.008789
32,0.394308,0.511652,14707.623047
33,0.390935,0.482190,15040.375977
34,0.290836,0.476847,15373.130859
35,0.265663,0.485141,15522.926758
36,0.396323,0.519950,15988.771484
37,0.255590,0.472518,16554.380859
38,0.229754,0.469322,16803.951172
39,0.242759,0.510044,17036.900391
40,0.259982,0.510599,17269.890625
41,0.270060,0.506645,17519.357422
42,0.265427,0.489186,17852.132812
43,0.269344,0.466935,18201.591797
44,0.318785,0.326991,18384.509766
45,0.360666,0.281630,18783.830078
46,0.364166,0.267282,19233.013672
47,0.354540,0.276915,19748.775391
48,0.353366,0.358753,20098.173828
49,0.227482,0.522747,22643.728516
50,0.220935,0.494703,22926.566406
51,0.260299,0.521591,23242.685547
52,0.216474,0.459628,24224.306641
53,0.202521,0.416604,24390.658203
0,0.702142,0.562810,582.325745
1,0.657548,0.538866,931.737366
2,0.713781,0.447943,1231.259888
3,0.714652,0.458241,1331.117188
4,0.705884,0.472420,1480.771973
5,0.698371,0.488785,2212.848877
6,0.701831,0.475892,2412.469727
7,0.538201,0.301301,3078.046631
8,0.499692,0.264258,3277.614014
9,0.471862,0.381351,3560.477051
10,0.429157,0.534855,3843.304443
11,0.428507,0.539562,3943.113037
12,0.386669,0.571898,4359.120117
13,0.390859,0.572577,4458.984375
14,0.318307,0.497283,4858.244141
15,0.264413,0.492199,5107.765625
16,0.252868,0.451916,5457.170898
17,0.229886,0.441019,5706.695801
18,0.235717,0.455078,5823.161133
19,0.218415,0.483546,6189.235352
20,0.219915,0.525803,6538.659180
21,0.195171,0.477141,6788.219238
22,0.154923,0.484093,7021.120605
23,0.133804,0.532030,7237.395020
24,0.180645,0.526090,7486.971191
25,0.119658,0.556837,7736.536133
26,0.105580,0.549520,7902.854980
27,0.084316,0.547739,8618.329102
28,0.060494,0.450989,8784.721680
29,0.056538,0.422994,9000.935547
30,0.060806,0.420002,9183.970703
31,0.064620,0.413010,9283.780273
32,0.072535,0.406581,9599.893555
33,0.074414,0.372157,9965.975586
34,0.060869,0.366472,10099.024414
35,0.064596,0.373777,10797.814453
36,0.062735,0.363974,11213.786133
37,0.969259,0.410648,11679.628906
38,0.929573,0.386660,11945.890625
39,0.008074,0.505878,12444.981445
40,0.004228,0.521042,12677.873047
41,0.024089,0.501801,12977.422852
42,0.920737,0.390131,13359.989258
43,0.883810,0.393500,13676.116211
44,0.049849,0.519366,14424.812500
45,0.043430,0.505933,14541.253906
46,0.023889,0.648737,14857.389648
47,0.071899,0.495177,15057.101562
48,0.031424,0.655322,15572.833008
49,0.092813,0.512103,15855.625977
50,0.120867,0.510814,16071.984375
51,0.178878,0.499131,16604.371094
52,0.240286,0.520066,18184.939453
53,0.354621,0.339687,18650.765625
54,0.394690,0.285100,18833.791016
55,0.415829,0.278838,19033.400391
56,0.428249,0.228177,19283.076172
57,0.425287,0.204383,19466.123047
58,0.427851,0.586387,20247.960938
59,0.421795,0.574601,20397.800781
60,0.254595,0.503907,21063.208984
61,0.268275,0.482337,21296.261719
62,0.268411,0.469837,21479.187500
63,0.247839,0.484670,21778.636719
64,0.235113,0.517160,22011.574219
65,0.227386,0.541509,22244.558594
66,0.263487,0.172243,22926.650391
67,0.303325,0.130266,23059.757812
68,0.328002,0.131680,23226.115234
69,0.340589,0.313346,23708.595703
70,0.302655,0.431696,23958.179688
71,0.286720,0.449038,24174.449219
72,0.289171,0.449318,24257.646484
73,0.303471,0.452749,24457.375000
74,0.292063,0.445598,24623.636719
0,0.760097,0.517389,282.834167
1,0.792005,0.522044,549.031372
2,0.804476,0.522688,748.706360
3,0.885185,0.500828,965.014221
4,0.888529,0.462436,1330.974854
5,0.930201,0.486457,1763.514648
6,0.879876,0.501734,2478.986328
7,0.859497,0.448348,2695.246094
8,0.826642,0.400691,2978.161621
9,0.804180,0.390543,3227.623779
10,0.685529,0.515188,3876.488281
11,0.609004,0.479987,4359.017578
12,0.617749,0.484341,4541.986816
13,0.541795,0.340894,4957.931641
14,0.227144,0.514264,6272.440430
15,0.209359,0.431279,6838.089844
16,0.284559,0.474477,7104.208984
17,0.246619,0.489091,7403.705078
18,0.331097,0.453353,7836.250000
19,0.315129,0.413881,8202.398438
20,0.263758,0.488988,8651.496094
21,0.277078,0.526328,8951.074219
22,0.327687,0.528295,9233.830078
23,0.406288,0.529447,9549.912109
24,0.433877,0.451691,9866.052734
25,0.429012,0.448038,9965.885742
26,0.541591,0.364369,10464.973633
27,0.713628,0.496471,11330.152344
28,0.763194,0.436197,11696.220703
29,0.877325,0.457808,12428.256836
30,0.934465,0.468029,12694.444336
31,0.956940,0.469827,12960.650391
32,0.081746,0.477057,13626.124023
33,0.084531,0.465208,13809.130859
34,0.255173,0.521872,14607.779297
35,0.249947,0.520986,14724.209961
36,0.262829,0.509112,15223.342773
37,0.283771,0.508297,15439.624023
38,0.319469,0.487198,15606.013672
39,0.299547,0.469023,15922.108398
40,0.227460,0.502791,16121.780273
41,0.214343,0.514575,16387.978516
42,0.213973,0.484618,16604.255859
43,0.245880,0.525127,16853.863281
44,0.239159,0.531260,17169.966797
45,0.214116,0.522762,17602.507812
46,0.170372,0.506122,17802.150391
47,0.128273,0.490979,17985.187500
48,0.079237,0.479496,18218.107422
49,0.052516,0.464883,18401.113281
50,0.057501,0.472203,18750.513672
51,0.064274,0.478613,18850.335938
52,0.012207,0.480090,19416.041016
53,0.969533,0.467220,19665.599609
54,0.894223,0.451472,20148.074219
55,0.849042,0.444239,20514.089844
56,0.825332,0.398907,20763.681641
57,0.765328,0.416496,21013.234375
58,0.714303,0.496691,21296.068359
59,0.686102,0.516901,21445.812500
60,0.656481,0.526658,21861.744141
61,0.609543,0.476416,22044.771484
62,0.581371,0.421518,22377.496094
63,0.572613,0.303568,22776.810547
64,0.629855,0.323077,23275.941406
65,0.751526,0.446369,23858.285156
66,0.798457,0.392126,24257.562500
67,0.831604,0.374716,24606.955078
0,0.728737,0.416193,399.293762
1,0.810684,0.554986,831.873413
2,0.909388,0.446544,1480.740112
3,0.984853,0.499918,1963.251343
4,0.045306,0.495887,2162.935059
5,0.045787,0.488715,2312.636475
6,0.078654,0.469554,2595.464844
7,0.077730,0.470865,2695.319580
8,0.046679,0.442710,2961.467529
9,0.027508,0.573362,3310.920654
10,0.073696,0.478558,3593.773926
11,0.073352,0.474064,3893.163086
12,0.143703,0.479875,4142.827148
13,0.203908,0.525788,4591.993164
14,0.222315,0.500508,4824.958008
15,0.251813,0.549239,5141.064941
16,0.270658,0.571190,5423.882812
17,0.274164,0.518651,5839.774414
18,0.255047,0.471464,6239.125000
19,0.281859,0.499281,6521.947266
20,0.282663,0.490258,6605.124512
21,0.287181,0.503468,6788.109375
22,0.375031,0.560589,7753.171387
23,0.371292,0.552320,8019.306641
24,0.540867,0.219782,10664.661133
25,0.542801,0.188769,10897.663086
26,0.447642,0.418258,11463.317383
27,0.439075,0.572229,11696.243164
28,0.631825,0.556873,12894.125000
29,0.629437,0.559322,12977.317383
30,0.715678,0.511949,13526.385742
31,0.708979,0.503226,13775.951172
32,0.791069,0.400241,14008.855469
33,0.822537,0.679518,14374.842773
34,0.800550,0.902768,14824.152344
35,0.805235,0.890456,14973.842773
36,0.809159,0.870499,15140.208984
37,0.935342,0.870903,15323.250000
38,0.015937,0.838015,15622.698242
39,0.969170,0.356105,16321.487305
40,0.951525,0.317249,16637.593750
41,0.887214,0.332416,16986.976562
42,0.812668,0.356488,17336.435547
43,0.776847,0.463464,17619.208984
44,0.779471,0.470385,17768.970703
45,0.721241,0.455313,17968.679688
46,0.719406,0.466493,18201.537109
47,0.691832,0.500014,18733.916016
48,0.723415,0.431152,19099.974609
49,0.669305,0.526931,19599.156250
50,0.642965,0.539205,19831.982422
51,0.644815,0.532021,19948.447266
52,0.694435,0.466168,20164.775391
53,0.702148,0.401031,20480.849609
54,0.728246,0.197156,21029.947266
55,0.650144,0.120917,21412.597656
56,0.643932,0.105814,21578.972656
57,0.670906,0.148973,22344.250000
58,0.555773,0.217665,22760.181641
59,0.573723,0.173124,23176.144531
60,0.581609,0.169272,24989.662109
0,0.686086,0.525569,349.375641
1,0.687716,0.518974,549.041504
2,0.649485,0.535391,831.928772
3,0.653679,0.518924,1014.935059
4,0.701530,0.491509,1697.046997
5,0.628213,0.502830,2246.129883
6,0.647270,0.482984,2445.836670
7,0.669356,0.482482,3344.265381
8,0.699506,0.499993,3876.647705
9,0.694482,0.501348,4176.049316
10,0.657025,0.479393,4858.208984
11,0.552810,0.441915,5107.793945
12,0.541951,0.306887,5623.598145
13,0.536153,0.275880,5756.612793
14,0.540948,0.294579,6405.513184
15,0.521132,0.326143,6555.305176
16,0.504981,0.346847,6887.995117
17,0.499430,0.378785,7254.027832
18,0.487207,0.378154,7919.541016
19,0.438822,0.525369,8568.372070
20,0.390467,0.545156,8751.404297
21,0.397009,0.532138,8867.875977
22,0.377894,0.530182,9084.185547
23,0.242134,0.514802,9799.597656
24,0.228942,0.514979,10132.396484
25,0.228246,0.497525,10614.827148
26,0.219959,0.514717,10781.193359
27,0.224776,0.509209,11180.500000
28,0.164263,0.482241,11430.049805
29,0.122560,0.489056,12045.712891
30,0.147602,0.370291,12528.123047
31,0.123525,0.295002,12744.524414
32,0.117639,0.208744,13043.868164
33,0.097762,0.147629,13326.738281
34,0.083671,0.148361,13609.577148
35,0.053847,0.171863,14008.859375
36,0.034675,0.233334,14341.645508
37,0.023424,0.299308,14607.822266
38,0.017799,0.315039,14774.210938
39,0.995545,0.308548,15057.017578
40,0.988693,0.319876,15639.399414
41,0.970979,0.387427,16088.637695
42,0.943069,0.450231,16421.353516
43,0.937938,0.490203,16687.539062
44,0.965135,0.545086,17036.974609
45,0.891446,0.549776,17586.052734
46,0.857511,0.488012,17985.287109
47,0.833945,0.439880,18301.392578
48,0.801703,0.408834,18733.984375
49,0.776833,0.407145,19116.640625
50,0.779900,0.445273,19682.275391
51,0.752717,0.505485,20248.003906
52,0.772397,0.612940,20963.380859
53,0.765067,0.641796,21113.175781
54,0.749456,0.641668,21396.046875
55,0.698290,0.552342,21712.109375
56,0.674311,0.516663,22011.605469
57,0.692198,0.502267,22959.923828
58,0.718344,0.491110,24141.185547
59,0.786834,0.454066,24623.753906
0,0.810068,0.576050,199.602921
1,0.738869,0.509331,432.542236
2,0.712525,0.431342,632.231567
3,0.657546,0.523515,1231.234375
4,0.712768,0.520798,1697.109741
5,0.719041,0.505692,1880.041016
6,0.649579,0.340433,2279.348145
7,0.813124,0.351174,3061.288818
8,0.818601,0.330870,3294.265381
9,0.845199,0.305570,3477.305908
10,0.888331,0.498083,3760.052734
11,0.980858,0.448744,4458.861816
12,0.026152,0.445423,4758.343262
13,0.077313,0.447905,5124.427734
14,0.084739,0.435152,5324.003418
15,0.104590,0.460339,5590.257324
16,0.162654,0.467493,5923.034180
17,0.161789,0.465377,6022.781738
18,0.200442,0.477982,6322.294922
19,0.228442,0.436541,6522.003418
20,0.257162,0.461095,6788.164551
21,0.284483,0.475344,7021.033203
22,0.285745,0.488463,7237.397461
23,0.279389,0.493901,7470.355957
24,0.271691,0.427481,7636.650391
25,0.250652,0.408682,7986.059082
26,0.241428,0.506698,8185.695312
27,0.252102,0.494329,8401.964844
28,0.406372,0.521556,8884.483398
29,0.431497,0.484817,9200.615234
30,0.431485,0.478497,9433.468750
31,0.335142,0.104514,11862.608398
32,0.361821,0.209807,12162.089844
33,0.370362,0.211148,12261.866211
34,0.238361,0.555730,13027.250000
35,0.229635,0.535651,13226.933594
36,0.267986,0.512039,13543.035156
37,0.271797,0.493370,13726.056641
38,0.263088,0.541700,13992.205078
39,0.266961,0.528359,14291.680664
40,0.266317,0.509237,14591.124023
41,0.242135,0.465781,14940.513672
42,0.458200,0.269424,15755.762695
43,0.502557,0.258357,15988.726562
44,0.556171,0.290283,16254.906250
45,0.579840,0.280708,16554.367188
46,0.617473,0.342195,16803.996094
47,0.398157,0.541902,18068.378906
48,0.406569,0.485715,18750.638672
49,0.374944,0.306225,19016.824219
50,0.240490,0.461662,19881.972656
51,0.228751,0.469188,20264.541016
52,0.234753,0.345804,20514.107422
53,0.316197,0.358945,20797.074219
54,0.262075,0.456206,21096.464844
55,0.305105,0.491968,21346.019531
56,0.402615,0.618225,21578.978516
57,0.466435,0.684145,21811.880859
58,0.501675,0.747692,21928.306641
59,0.705810,0.600066,23941.464844
60,0.617053,0.304317,24407.330078
61,0.588626,0.241332,24673.519531
62,0.595098,0.219439,24989.630859
0,0.794029,0.522450,16.599468
1,0.698239,0.537534,349.368774
2,0.705206,0.484897,815.216553
3,0.789938,0.321860,1597.227173
4,0.696074,0.501531,2112.980469
5,0.697746,0.508033,2695.271240
6,0.967422,0.476471,3360.734375
7,0.970487,0.472571,3543.825684
8,0.983804,0.481326,3693.478271
9,0.993994,0.494328,3809.967529
10,0.043820,0.533146,4109.421387
11,0.107682,0.624957,4675.171875
12,0.629490,0.535266,6505.286621
13,0.384930,0.539274,7553.515625
14,0.397115,0.526394,7703.253906
15,0.234610,0.511645,8385.369141
16,0.215997,0.532031,8767.993164
17,0.253142,0.563785,9034.213867
18,0.112466,0.563277,9633.212891
19,0.061578,0.492490,10015.780273
20,0.064679,0.485475,10132.283203
21,0.220579,0.470816,11113.924805
22,0.166424,0.503742,11446.689453
23,0.232579,0.479789,11646.310547
24,0.248182,0.440216,11895.815430
25,0.254338,0.408961,12145.410156
26,0.400615,0.531199,14108.631836
27,0.417495,0.535185,14441.381836
28,0.406986,0.539876,14757.575195
29,0.468552,0.534681,15739.123047
30,0.476121,0.536304,15872.247070
31,0.644545,0.545876,16787.265625
32,0.621786,0.578180,16920.431641
33,0.701453,0.562826,17253.154297
34,0.701786,0.535991,17619.207031
35,0.713795,0.496530,18684.058594
36,0.653243,0.513203,19050.046875
37,0.685830,0.502415,19615.753906
38,0.705717,0.498609,20031.691406
39,0.622286,0.448213,20863.513672
40,0.703537,0.493920,23825.019531
41,0.648309,0.531061,24207.681641
42,0.703203,0.495533,24507.119141
43,0.717882,0.457512,24773.322266
44,0.795166,0.300872,24973.003906
0,0.776630,0.605134,382.653931
1,0.725661,0.558616,632.192383
2,0.692147,0.563137,898.391663
3,0.682076,0.583636,1214.550903
4,0.693502,0.560253,1430.793701
5,0.682597,0.573124,1613.861572
6,0.679774,0.600565,1763.581421
7,0.668871,0.657678,1979.858887
8,0.646717,0.606980,2362.604492
9,0.662810,0.618936,2911.529785
10,0.662037,0.618306,3477.206055
11,0.649708,0.644577,3743.479248
12,0.629216,0.668550,3926.475586
13,0.689183,0.678133,4209.268066
14,0.694999,0.606588,4725.033691
15,0.640654,0.597396,5024.592285
16,0.905347,0.567957,6105.968750
17,0.920139,0.584154,6305.708008
18,0.965296,0.559359,6688.331543
19,0.968141,0.556737,6854.724609
20,0.012784,0.591812,7021.076172
21,0.062723,0.589980,7353.818359
22,0.080565,0.542348,7669.946777
23,0.136249,0.607914,8551.695312
24,0.139006,0.598622,8718.144531
25,0.166683,0.586534,8967.623047
26,0.205088,0.590453,9267.155273
27,0.240823,0.572129,9583.208984
28,0.275211,0.586923,10115.708008
29,0.293275,0.561894,10398.470703
30,0.305167,0.521796,10531.546875
31,0.351806,0.546080,10847.672852
32,0.738501,0.854763,11812.642578
33,0.745515,0.843528,12212.002930
34,0.398570,0.666462,13842.541992
35,0.418623,0.593240,14308.284180
36,0.479675,0.592290,14857.357422
37,0.258494,0.547590,16587.691406
38,0.249628,0.565869,16787.298828
39,0.245849,0.527042,17103.443359
40,0.226881,0.501808,17402.904297
41,0.215563,0.610008,17802.201172
42,0.154981,0.607202,18367.863281
43,0.121554,0.601328,18684.074219
44,0.055641,0.523926,19000.074219
45,0.053067,0.540630,19416.044922
46,0.054014,0.547743,19515.869141
47,0.003047,0.597741,19948.521484
48,0.964084,0.528518,20464.220703
49,0.923226,0.485484,20796.943359
50,0.896148,0.507659,21063.199219
51,0.893405,0.492757,21162.984375
52,0.925329,0.492909,21445.810547
53,0.927177,0.509381,21745.349609
54,0.909139,0.485523,21994.916016
55,0.880484,0.436991,22261.046875
56,0.854092,0.392182,22527.277344
57,0.823910,0.354735,22943.181641
58,0.812244,0.329863,23325.853516
59,0.847613,0.312576,23625.449219
60,0.797020,0.370536,24091.214844
61,0.849375,0.143949,24640.265625
62,0.846520,0.096654,24989.656250
0,0.718688,0.768220,316.086090
1,0.786679,0.660632,582.419312
2,0.672458,0.567595,831.856384
3,0.637013,0.569834,1064.829956
4,0.702310,0.486728,1464.090454
5,0.796480,0.362162,1780.201660
6,0.792683,0.354811,1863.456787
7,0.790880,0.340406,1963.221680
8,0.784620,0.350037,2345.894043
9,0.028950,0.576393,3543.899414
10,0.000161,0.612380,3843.250488
11,0.901808,0.653072,4242.617676
12,0.810662,0.668328,4625.238281
13,0.774311,0.664435,4957.998535
14,0.781031,0.665809,5224.203125
15,0.704858,0.684392,5407.205078
16,0.658600,0.639484,5806.498535
17,0.619246,0.633715,6155.903809
18,0.619265,0.611530,6355.592285
19,0.560015,0.669952,6655.069336
20,0.565229,0.655481,6738.345215
21,0.567396,0.636682,6854.701660
22,0.570067,0.622595,6937.962402
23,0.574514,0.649166,7071.075684
24,0.574263,0.628931,7204.203613
25,0.449513,0.627658,7703.333008
26,0.443146,0.565121,7986.085938
27,0.461375,0.281877,8584.998047
28,0.553132,0.249324,8801.323242
29,0.547100,0.258095,8934.416992
30,0.649146,0.369245,9516.730469
31,0.573669,0.355777,9699.688477
32,0.721141,0.455143,10115.623047
33,0.736673,0.445654,10265.376953
34,0.730813,0.458621,10381.848633
35,0.420280,0.411447,11396.763672
36,0.379492,0.511338,12378.379883
37,0.266114,0.569278,12561.467773
38,0.217532,0.559533,12944.070312
39,0.219269,0.519300,13110.504883
40,0.251374,0.475670,13509.785156
41,0.220459,0.502571,13726.020508
42,0.152831,0.505323,14141.928711
43,0.095204,0.562365,14358.247070
44,0.101283,0.554852,14458.114258
45,0.047467,0.552328,14641.127930
46,0.063775,0.525563,14890.716797
47,0.104296,0.494933,15073.640625
48,0.270882,0.488255,15772.423828
49,0.288924,0.475530,16038.679688
50,0.285824,0.489537,16155.089844
51,0.249156,0.537242,16371.412109
52,0.268902,0.540472,16670.863281
53,0.237458,0.550986,16870.539062
54,0.318077,0.300414,17436.232422
55,0.249819,0.158780,17852.171875
56,0.090573,0.315179,18584.203125
57,0.083847,0.286411,18867.048828
58,0.987495,0.305886,19316.285156
59,0.969956,0.297570,19432.722656
60,0.920165,0.334966,19815.419922
61,0.892453,0.307711,20514.117188
62,0.848969,0.396436,20830.351562
63,0.870015,0.470911,21529.044922
64,0.829666,0.599893,21861.779297
65,0.782381,0.703675,22061.441406
66,0.838047,0.765266,22360.982422
67,0.779385,0.788919,22693.763672
68,0.735188,0.826267,22876.742188
69,0.818763,0.872299,23109.666016
70,0.686215,0.500255,24074.578125
71,0.694522,0.468905,24274.230469
72,0.834341,0.575760,24706.822266
0,0.727703,0.519012,332.725128
1,0.748637,0.482851,582.381226
2,0.666985,0.482326,765.327393
3,0.684617,0.455631,1014.905151
4,0.601129,0.460481,1613.918823
5,0.603190,0.458925,1780.218018
6,0.529397,0.396695,2013.145264
7,0.495060,0.296246,2279.379395
8,0.462490,0.241051,2445.680664
9,0.436291,0.499477,2795.115234
10,0.405308,0.557378,2961.459229
11,0.386535,0.576518,3327.472900
12,0.354697,0.559016,3943.112549
13,0.350344,0.550114,4142.771973
14,0.672388,0.511985,5057.816895
15,0.710548,0.497140,5324.012207
16,0.709804,0.491652,5440.509766
17,0.696145,0.476619,5773.287598
18,0.552394,0.369150,5956.262695
19,0.508950,0.300095,6172.576660
20,0.230983,0.519657,7054.336426
21,0.222017,0.534819,7370.435059
22,0.193737,0.482390,7703.222168
23,0.179631,0.433241,7986.123047
24,0.231940,0.481727,8252.304688
25,0.223211,0.470224,8451.857422
26,0.226234,0.471799,8568.440430
27,0.264243,0.448069,9050.823242
28,0.263444,0.487830,9483.461914
29,0.255377,0.503502,9766.244141
30,0.229925,0.485273,9965.884766
31,0.388790,0.519287,10481.754883
32,0.412742,0.509897,10631.418945
33,0.411224,0.531071,10864.338867
34,0.408340,0.534303,11014.162109
35,0.393085,0.536892,11246.978516
36,0.075246,0.535302,11929.120117
37,0.041762,0.499119,12162.038086
38,0.038374,0.466608,12311.818359
39,0.000811,0.507178,12661.161133
40,0.006068,0.499907,12860.823242
41,0.051912,0.440670,13077.119141
42,0.050497,0.438146,13343.342773
43,0.216319,0.473677,14175.327148
44,0.233854,0.467997,14458.051758
45,0.240578,0.459984,14707.664062
46,0.237715,0.446605,15023.753906
47,0.237296,0.450159,15273.282227
48,0.190605,0.450973,15705.949219
49,0.212932,0.455721,16188.416992
50,0.233489,0.468014,16404.671875
51,0.260243,0.434732,16604.281250
52,0.268092,0.434498,16737.417969
53,0.268194,0.441366,16887.154297
54,0.269985,0.472869,17103.400391
55,0.257936,0.493599,17386.271484
56,0.230877,0.477011,17669.126953
57,0.229762,0.457083,18068.457031
58,0.268526,0.425476,18251.392578
59,0.272244,0.471480,18667.457031
60,0.260812,0.482313,18983.445312
61,0.279693,0.482047,19532.539062
62,0.295554,0.474174,19898.519531
63,0.388554,0.525284,20098.189453
64,0.406338,0.551201,20297.902344
65,0.407345,0.544309,20447.640625
66,0.414997,0.545771,20547.417969
67,0.415931,0.533607,20930.099609
68,0.394310,0.522069,21246.199219
69,0.460712,0.522513,22094.730469
70,0.457852,0.470925,22294.416016
71,0.462144,0.292818,22726.904297
72,0.606413,0.250889,23325.875000
73,0.564656,0.350207,23675.263672
74,0.525458,0.305674,23974.755859
75,0.546249,0.301744,24274.222656
76,0.560667,0.416925,24740.148438
77,0.560593,0.435717,24972.996094
0,0.787430,0.630248,316.228760
1,0.665387,0.487789,881.910706
2,0.673308,0.470276,1064.839600
3,0.666129,0.439410,1680.458618
4,0.664751,0.412347,1896.739136
5,0.609806,0.417736,2262.840576
6,0.582246,0.459588,2445.752930
7,0.561773,0.505587,2678.726074
8,0.562625,0.500170,2961.517090
9,0.546662,0.491361,3244.345459
10,0.544833,0.487195,4009.716553
11,0.524380,0.497031,4176.112305
12,0.433846,0.487803,4808.390137
13,0.406636,0.475946,4974.711426
14,0.415458,0.474752,5290.812988
15,0.297511,0.411985,5640.265137
16,0.282198,0.394448,5823.233398
17,0.289339,0.426882,6056.183594
18,0.286868,0.466691,6255.841309
19,0.287710,0.494968,7337.246582
20,0.277229,0.471791,7486.933594
21,0.273801,0.455716,8069.321289
22,0.273608,0.453672,8485.231445
23,0.261204,0.485150,9067.561523
24,0.212610,0.496530,9583.312500
25,0.205835,0.464646,9965.959961
26,0.274726,0.464551,10182.266602
27,0.294510,0.459495,10481.721680
28,0.481241,0.642313,11563.195312
29,0.460991,0.647761,12162.144531
30,0.468012,0.831439,12378.397461
31,0.457269,0.795414,12777.725586
32,0.490091,0.901823,13260.182617
33,0.486527,0.889346,13559.692383
34,0.486589,0.899779,13792.595703
35,0.445927,0.885465,14075.466797
36,0.432388,0.871608,14258.438477
37,0.453582,0.887540,14424.890625
38,0.423869,0.872781,14907.386719
39,0.440146,0.895217,15073.684570
40,0.435348,0.877531,15223.460938
41,0.440324,0.897098,16005.385742
42,0.439626,0.913108,16554.484375
43,0.411136,0.927151,16770.759766
44,0.418920,0.931612,18251.488281
45,0.436676,0.935191,18667.457031
46,0.486212,0.936822,18916.996094
47,0.493129,0.928089,19233.080078
48,0.521485,0.932357,19649.103516
49,0.568755,0.909984,19782.130859
50,0.605625,0.891859,20264.601562
51,0.573594,0.880657,20747.181641
52,0.517071,0.852186,20913.462891
53,0.529025,0.859605,21046.574219
54,0.502981,0.860307,21246.238281
55,0.473443,0.847049,21395.984375
56,0.244185,0.935163,21678.880859
57,0.915693,0.834693,22161.337891
58,0.041571,0.829578,22560.603516
59,0.042453,0.891779,22793.527344
60,0.165058,0.907692,23026.449219
61,0.025263,0.808804,23758.494141
62,0.014347,0.814385,23841.796875
63,0.968213,0.870896,24307.548828
0,0.704742,0.518168,366.029297
1,0.664911,0.518043,565.769653
2,0.689775,0.502549,848.518250
3,0.663978,0.520574,1081.484497
4,0.742105,0.534952,1430.874390
5,0.800146,0.385120,1663.760010
6,0.867525,0.378241,1913.382935
7,0.881951,0.479491,2179.605469
8,0.896584,0.538457,2612.133057
9,0.941585,0.528617,2828.432617
10,0.976167,0.501322,3077.951416
11,0.010261,0.526755,3360.851807
12,0.064918,0.558139,3560.568115
13,0.010303,0.671300,3993.082764
14,0.030687,0.619928,4242.635742
15,0.115196,0.484572,6022.865723
16,0.061113,0.467846,6222.517090
17,0.116683,0.793303,6588.513184
18,0.106920,0.778799,6821.491211
19,0.113678,0.468231,7819.737793
20,0.201953,0.425428,8052.638184
21,0.218870,0.463821,8385.349609
22,0.246226,0.515439,8601.681641
23,0.268032,0.526094,8851.184570
24,0.264480,0.526186,9034.310547
25,0.242666,0.535193,9183.957031
26,0.278859,0.555809,9483.470703
27,0.280005,0.545786,9599.926758
28,0.424942,0.532692,10215.471680
29,0.407043,0.542226,10398.490234
30,0.452867,0.313742,10980.916016
31,0.491865,0.354425,11363.481445
32,0.529100,0.220724,11613.070312
33,0.409748,0.168703,11912.514648
34,0.268477,0.293090,12361.722656
35,0.209740,0.343627,12611.290039
36,0.226084,0.422302,12860.912109
37,0.246397,0.468965,13093.856445
38,0.216193,0.501010,13393.346680
39,0.229784,0.521926,13659.562500
40,0.228943,0.515574,13875.791992
41,0.170842,0.519697,14441.517578
42,0.133726,0.506125,14741.010742
43,0.084065,0.501113,14973.828125
44,0.053314,0.491903,15206.794922
45,0.126126,0.544432,15606.172852
46,0.106133,0.565091,15805.798828
47,0.094457,0.519673,16005.474609
48,0.051771,0.500493,16371.398438
49,0.055646,0.493312,16820.710938
50,0.931590,0.472670,17219.910156
51,0.947318,0.450427,17552.714844
52,0.008009,0.466208,18001.894531
53,0.054789,0.366835,18268.095703
54,0.185647,0.215659,18684.111328
55,0.350556,0.203492,19183.224609
56,0.412317,0.223323,19432.826172
57,0.486674,0.333812,19948.517578
58,0.461187,0.339442,20214.802734
59,0.552128,0.370233,20497.583984
60,0.579517,0.375399,20697.246094
61,0.610234,0.501487,21179.742188
62,0.692282,0.548113,21695.470703
63,0.702939,0.540190,21895.076172
64,0.696122,0.522770,22078.099609
65,0.731360,0.226714,22993.193359
66,0.782190,0.203451,23226.117188
67,0.632252,0.179180,23525.669922
68,0.561706,0.185887,23708.603516
69,0.525371,0.272349,23958.126953
70,0.548073,0.246790,24124.636719
71,0.324616,0.128872,24706.890625
0,0.701964,0.533473,349.411926
1,0.680066,0.508371,582.396118
2,0.624990,0.547905,881.777283
3,0.694058,0.819552,1297.764526
4,0.634250,0.932464,1896.750122
5,0.957792,0.516955,3127.942627
6,0.042169,0.483589,3327.559814
7,0.063844,0.454572,3760.089111
8,0.064368,0.455449,3843.273926
9,0.062916,0.458989,3993.022461
10,0.971721,0.497103,4292.585938
11,0.902592,0.456250,4592.011719
12,0.826808,0.447847,5174.312012
13,0.765051,0.398410,5457.171387
14,0.684100,0.524588,5923.004883
15,0.640592,0.533244,6139.325684
16,0.646892,0.522845,6355.631348
17,0.703362,0.494632,6638.436035
18,0.694647,0.704297,7054.332031
19,0.640219,0.788242,7337.182617
20,0.582448,0.621729,7736.586914
21,0.421632,0.542794,8385.388672
22,0.485255,0.272662,8718.149414
23,0.528722,0.062694,9283.811523
24,0.502415,0.039986,9416.941406
25,0.484500,0.023269,9599.969727
26,0.242415,0.516167,11779.413086
27,0.207574,0.511928,11995.753906
28,0.225202,0.513017,12228.626953
29,0.246280,0.601237,12827.570312
30,0.244258,0.633458,12977.350586
31,0.201939,0.560887,13160.363281
32,0.247780,0.493478,13376.646484
33,0.264024,0.478054,13825.876953
34,0.231538,0.537881,14341.650391
35,0.302401,0.532807,14857.466797
36,0.405591,0.539379,15323.250977
37,0.398654,0.538465,15439.708008
38,0.394703,0.531495,15556.174805
39,0.362298,0.570006,16254.927734
40,0.229880,0.509392,16870.595703
41,0.239258,0.501791,17153.384766
42,0.217898,0.498478,17436.279297
43,0.230152,0.505444,17885.509766
44,0.250318,0.517867,18201.527344
45,0.182410,0.561337,18667.400391
46,0.187172,0.553234,18783.863281
47,0.143633,0.491104,19083.375000
48,0.258954,0.519503,19599.148438
49,0.283419,0.521368,19881.904297
50,0.720396,0.505985,21878.453125
51,0.717550,0.510528,22011.578125
52,0.766486,0.576647,22477.435547
53,0.776641,0.394610,22810.173828
54,0.860327,0.447203,23409.091797
55,0.903565,0.424844,23858.390625
56,0.962098,0.628564,24989.703125
0,0.819476,0.412763,316.052155
1,0.641276,0.546915,815.214478
2,0.704985,0.486338,1247.782715
3,0.572996,0.339434,1746.872314
4,0.361981,0.529668,2495.582764
5,0.248589,0.541017,2828.299805
6,0.184443,0.501685,3377.361084
7,0.230946,0.416165,4026.232178
8,0.557872,0.157992,5240.764648
9,0.229677,0.526423,6189.130371
10,0.720744,0.472016,8568.357422
11,0.229088,0.653481,11097.224609
12,0.139010,0.684227,11446.583984
13,0.117891,0.496475,11978.984375
14,0.058334,0.431722,12877.446289
15,0.955348,0.512791,13243.453125
16,0.963646,0.515732,13493.020508
17,0.643818,0.483329,15256.625000
18,0.646657,0.483148,15356.410156
19,0.600213,0.476838,15822.312500
20,0.386763,0.463620,17203.214844
21,0.344973,0.498669,17402.886719
22,0.260965,0.480886,17818.828125
23,0.249456,0.488690,18001.876953
24,0.192870,0.500144,18268.007812
25,0.107160,0.472532,18634.054688
26,0.053909,0.506168,18783.800781
27,0.057324,0.509590,19000.031250
28,0.113993,0.512823,19199.712891
29,0.149690,0.499571,19482.537109
30,0.229122,0.474502,20131.431641
31,0.249610,0.483177,20364.351562
32,0.262635,0.466900,20647.156250
33,0.183344,0.349060,21146.312500
34,0.968954,0.541344,21795.185547
35,0.923419,0.560699,22127.917969
36,0.998981,0.565663,22577.123047
37,0.008007,0.573138,22893.236328
38,0.996689,0.595470,23059.677734
39,0.072251,0.512108,23858.261719
40,0.081925,0.514458,24190.982422
41,0.240170,0.490864,24989.613281
0,0.704655,0.411249,116.445343
1,0.725488,0.475569,332.717712
2,0.691944,0.505197,565.648804
3,0.808582,0.386335,1181.233276
4,0.902164,0.468332,1414.219482
5,0.076729,0.536132,2229.439941
6,0.086075,0.479864,2578.783936
7,0.181431,0.685450,3809.998779
8,0.268232,0.557080,4342.399902
9,0.273355,0.524962,4542.026855
10,0.381876,0.534827,6821.371582
11,0.221705,0.539650,7370.434570
12,0.314683,0.499548,7819.669922
13,0.333259,0.363917,8285.511719
14,0.218081,0.356040,8518.453125
15,0.188522,0.477392,8867.846680
16,0.232664,0.501338,9134.000977
17,0.193900,0.477133,9616.522461
18,0.474900,0.567892,10348.589844
19,0.550967,0.317323,12012.326172
20,0.525904,0.306262,12311.824219
21,0.587269,0.314727,12661.186523
22,0.704592,0.495199,13409.883789
23,0.725812,0.476360,13742.630859
24,0.781585,0.410390,14025.501953
25,0.887732,0.486515,14690.994141
26,0.915945,0.507757,15289.932617
27,0.868855,0.492703,15589.381836
28,0.894073,0.539781,16005.339844
29,0.790627,0.440846,16338.106445
30,0.839049,0.368670,16620.939453
31,0.850946,0.330389,16870.498047
32,0.842117,0.347479,17136.722656
33,0.724012,0.319859,17353.021484
34,0.723328,0.310899,17469.433594
35,0.746017,0.393028,17752.283203
36,0.716073,0.445340,18018.478516
37,0.728839,0.506892,18733.917969
38,0.730888,0.554963,19000.134766
39,0.733919,0.585841,19216.382812
40,0.695084,0.679641,19648.974609
41,0.693542,0.689521,19782.070312
42,0.736273,0.730986,19915.160156
43,0.756096,0.744303,20031.628906
44,0.770201,0.758992,20164.775391
45,0.773529,0.777648,20564.064453
46,0.783359,0.802149,20863.527344
47,0.794899,0.821938,21013.238281
48,0.890874,0.840175,21279.468750
49,0.938623,0.837586,21828.503906
50,0.946053,0.849419,22061.414062
51,0.897444,0.935418,22643.740234
52,0.408971,0.922588,23176.166016
53,0.559917,0.372862,24523.824219
54,0.557787,0.375001,24790.007812
55,0.548289,0.399875,24972.982422
0,0.654064,0.467016,965.050720
1,0.637773,0.493694,1264.480835
2,0.687120,0.451689,1464.133301
3,0.698737,0.439358,1663.779175
4,0.686157,0.461369,2096.376709
5,0.801353,0.361970,2811.772461
6,0.840003,0.331758,3127.931885
7,0.871665,0.343061,3327.605469
8,0.916229,0.428502,3577.152832
9,0.953701,0.430157,3909.907959
10,0.013125,0.446289,4525.526855
11,0.053583,0.433006,4924.773438
12,0.076534,0.427765,5191.021973
13,0.065173,0.572297,5407.339355
14,0.065016,0.713737,5806.603027
15,0.127299,0.834108,6006.242676
16,0.112886,0.875319,6189.252930
17,0.102274,0.860063,6305.681152
18,0.225488,0.901878,6521.996094
19,0.278177,0.904019,6738.321777
20,0.274243,0.904166,6954.638184
21,0.244073,0.424426,7603.458984
22,0.257907,0.414271,7836.354980
23,0.285498,0.397272,8135.842773
24,0.320639,0.422840,8435.392578
25,0.379025,0.433400,8768.105469
26,0.382414,0.440455,9300.545898
27,0.351973,0.346726,9483.475586
28,0.330928,0.304000,9666.497070
29,0.350008,0.330595,9916.162109
30,0.358933,0.354082,10099.096680
31,0.396717,0.487767,10315.383789
32,0.403301,0.504310,10415.204102
33,0.637718,0.939997,11346.917969
34,0.670601,0.908863,11613.083008
35,0.930972,0.797465,12494.870117
36,0.880035,0.827031,12644.667969
37,0.866009,0.750281,12927.499023
38,0.742527,0.521245,13759.328125
39,0.651530,0.482071,14241.859375
40,0.650181,0.482499,14424.813477
41,0.657703,0.517756,14691.027344
42,0.634014,0.484628,14907.366211
43,0.605071,0.457719,15123.615234
44,0.570197,0.312872,15639.395508
45,0.544571,0.342081,15855.662109
46,0.462300,0.526576,16271.596680
47,0.504741,0.405295,16704.179688
48,0.531009,0.281414,17153.390625
49,0.425098,0.503418,17402.957031
50,0.410975,0.496971,17719.099609
51,0.447572,0.502061,18234.841797
52,0.693960,0.469149,18950.250000
53,0.719188,0.417164,19282.992188
54,0.784481,0.332809,19848.679688
55,0.773981,0.310585,20131.525391
56,0.728774,0.454111,20431.005859
57,0.733129,0.433368,20713.832031
58,0.552014,0.191394,21279.525391
59,0.542607,0.183599,21728.722656
60,0.542475,0.200374,21828.595703
61,0.539319,0.216360,21945.011719
62,0.509828,0.222907,22211.228516
63,0.517032,0.252142,22460.800781
64,0.494305,0.249274,22660.425781
65,0.543689,0.238784,23026.464844
66,0.565848,0.253766,23242.742188
67,0.554014,0.309737,23924.904297
68,0.553305,0.296630,24024.707031
69,0.518417,0.304821,24157.826172
0,0.713663,0.494668,416.047943
1,0.702191,0.479182,665.552124
2,0.636672,0.470522,1314.422974
3,0.646850,0.382727,1680.461792
4,0.674049,0.391809,1913.342529
5,0.915047,0.518005,2861.729980
6,0.862491,0.510350,3127.917725
7,0.309516,0.376091,4475.572754
8,0.218897,0.520156,5224.302734
9,0.236798,0.548748,5523.763184
10,0.238918,0.554692,5856.514648
11,0.995900,0.425680,7021.091797
12,0.071258,0.492660,7553.483398
13,0.075483,0.485679,8718.149414
14,0.272948,0.435099,9683.104492
15,0.288477,0.284791,10182.246094
16,0.346699,0.389626,10598.181641
17,0.418746,0.510112,11147.204102
18,0.391344,0.516304,11330.273438
19,0.265037,0.527286,12145.488281
20,0.241328,0.504733,12345.129883
21,0.298388,0.564481,12827.622070
22,0.279581,0.542265,13110.457031
23,0.292586,0.545735,13409.924805
24,0.278842,0.504211,13892.405273
25,0.279696,0.478589,14008.883789
26,0.726595,0.525231,15389.791992
27,0.721213,0.502807,15572.815430
28,0.773657,0.481507,15905.578125
29,0.794057,0.572597,16254.960938
30,0.782654,0.580459,16404.677734
31,0.593305,0.356573,18184.916016
32,0.570337,0.332890,18334.638672
33,0.595232,0.359180,18667.410156
34,0.642941,0.422343,19382.835938
35,0.703966,0.497406,21945.013672
36,0.667964,0.478351,22410.888672
37,0.654156,0.478100,22593.875000
38,0.709836,0.505040,22993.173828
39,0.803963,0.541408,23625.396484
0,0.742534,0.485724,16.657162
1,0.679805,0.472355,582.400391
2,0.656345,0.484056,848.493164
3,0.642039,0.494354,1148.084595
4,0.642467,0.531491,1613.872070
5,0.650821,0.505291,3310.945068
6,0.661324,0.518220,5340.715820
7,0.709909,0.510173,5723.340332
8,0.723592,0.501049,5989.519043
9,0.809029,0.643805,6122.656738
10,0.832646,0.657568,6322.312012
11,0.793255,0.200589,6954.587891
12,0.777348,0.154977,7187.423340
13,0.809477,0.097599,7437.040527
14,0.867734,0.076069,7736.447754
15,0.850712,0.074388,8085.896484
16,0.550552,0.252429,8751.414062
17,0.540402,0.250238,9050.848633
18,0.551704,0.255623,9167.392578
19,0.579655,0.259453,9549.968750
20,0.591856,0.422437,10248.849609
21,0.465341,0.526845,10930.907227
22,0.453589,0.522536,11147.241211
23,0.408108,0.526389,12028.983398
24,0.388872,0.539820,12345.067383
25,0.357178,0.406065,12694.541992
26,0.273385,0.512305,13093.795898
27,0.261722,0.501541,13276.812500
28,0.241224,0.502620,13659.532227
29,0.256161,0.486121,14358.226562
30,0.191017,0.523574,14641.133789
31,0.242348,0.445778,15023.767578
32,0.252881,0.418446,15173.495117
33,0.267935,0.308644,15572.787109
34,0.307570,0.311504,15805.808594
35,0.493852,0.232073,16604.306641
36,0.523578,0.233035,16787.320312
37,0.519012,0.234782,16953.724609
38,0.910042,0.509608,18717.291016
39,0.965194,0.528839,18966.832031
40,0.963053,0.532452,19066.693359
41,0.002452,0.518289,19266.324219
42,0.037050,0.511512,19515.882812
43,0.107294,0.525245,19948.451172
44,0.094609,0.512797,20131.470703
45,0.120245,0.505013,20331.138672
46,0.191391,0.534176,20846.923828
47,0.265166,0.537903,21395.949219
48,0.263463,0.527930,21645.492188
49,0.225526,0.513909,21895.056641
50,0.924067,0.291796,23375.792969
51,0.917244,0.290568,23475.630859
52,0.906547,0.322244,23791.773438
53,0.905228,0.317630,23958.162109
54,0.875291,0.393017,24240.986328
0,0.772990,0.488188,249.626343
1,0.672840,0.530352,432.620880
2,0.689504,0.505872,615.670532
3,0.603760,0.485594,1064.869629
4,0.552739,0.383261,1563.949585
5,0.483396,0.415807,1780.273193
6,0.222077,0.520744,2695.292236
7,0.127117,0.530162,3410.781006
8,0.132267,0.528857,3510.642090
9,0.181763,0.506006,3776.760010
10,0.235593,0.485058,4026.331299
11,0.317318,0.414822,4625.312012
12,0.363268,0.373984,4808.302246
13,0.537481,0.311728,5673.467773
14,0.595598,0.336031,5922.991211
15,0.762725,0.486934,6954.595703
16,0.777063,0.423778,7237.387207
17,0.884867,0.498318,7686.577148
18,0.894032,0.493385,7969.416016
19,0.954411,0.509508,8302.195312
20,0.952759,0.497101,8535.110352
21,0.987964,0.507602,8751.388672
22,0.104323,0.528464,9317.087891
23,0.099234,0.519378,9483.435547
24,0.068376,0.466315,9749.665039
25,0.188692,0.521048,10115.692383
26,0.218837,0.517271,10498.329102
27,0.231691,0.482949,10797.811523
28,0.254404,0.530190,11047.367188
29,0.260462,0.526281,11313.591797
30,0.272925,0.517896,11712.878906
31,0.213825,0.503494,11962.442383
32,0.046379,0.471532,12844.280273
33,0.871440,0.477210,13393.296875
34,0.831992,0.462141,13576.325195
35,0.197495,0.453230,15289.982422
36,0.262399,0.504150,15589.448242
37,0.299637,0.467391,15905.547852
38,0.255713,0.353946,16670.914062
39,0.258372,0.300447,16853.912109
40,0.298543,0.165986,17402.941406
41,0.334867,0.165409,17602.597656
42,0.374122,0.164355,17768.976562
43,0.776197,0.379983,19166.531250
44,0.720159,0.519666,19532.570312
45,0.701442,0.490015,19898.603516
46,0.735646,0.445462,20081.578125
47,0.637719,0.343794,20381.064453
48,0.594803,0.342529,20580.736328
49,0.566806,0.364959,20747.113281
50,0.550406,0.349007,21029.937500
51,0.515215,0.317965,21312.791016
52,0.539017,0.290305,21994.900391
53,0.566731,0.293541,22377.595703
54,0.597994,0.284865,22610.513672
55,0.720978,0.519875,23425.751953
56,0.706620,0.506929,23608.789062
57,0.789132,0.440285,23924.878906
58,0.736519,0.438838,24191.068359
59,0.654092,0.493520,24457.289062
0,0.739155,0.418878,299.502380
1,0.022121,0.555577,1780.301514
2,0.143673,0.518972,2445.720703
3,0.199312,0.540289,2678.718506
4,0.272403,0.508524,3061.330078
5,0.295291,0.479201,3310.907959
6,0.290975,0.471540,3477.271729
7,0.518911,0.267385,6255.766602
8,0.382844,0.558854,6954.511230
9,0.267589,0.551275,7254.014648
10,0.245611,0.542512,7719.880371
11,0.268620,0.489120,7952.781738
12,0.731371,0.513387,9300.433594
13,0.719511,0.521342,9616.563477
14,0.711386,0.515780,9716.360352
15,0.918787,0.503308,10514.966797
16,0.941372,0.483239,10747.904297
17,0.644391,0.623962,12594.648438
18,0.658788,0.612847,12844.266602
19,0.722789,0.548024,13509.731445
20,0.706090,0.556963,13809.211914
21,0.709563,0.548516,14108.693359
22,0.096364,0.504064,15539.548828
23,0.092025,0.494844,15755.807617
24,0.132762,0.532597,16105.270508
25,0.163295,0.546003,16471.259766
26,0.233767,0.554995,16754.078125
27,0.266568,0.549120,16970.330078
28,0.292987,0.497220,17236.541016
29,0.290546,0.493419,17436.214844
30,0.276944,0.463966,17685.759766
31,0.283821,0.527791,18051.833984
32,0.285470,0.533796,18234.802734
33,0.277085,0.545641,18384.626953
34,0.239341,0.406012,18916.937500
35,0.215558,0.373231,19166.626953
36,0.260766,0.430184,19682.298828
37,0.043097,0.516279,20198.111328
38,0.873872,0.441118,20913.474609
39,0.641373,0.594132,22044.818359
40,0.654512,0.321473,22394.195312
41,0.616292,0.299065,22726.958984
42,0.685164,0.591432,23159.539062
43,0.698951,0.616704,23326.001953
44,0.644521,0.607266,23675.292969
45,0.698362,0.465370,24107.958984
46,0.822470,0.432408,24573.751953
47,0.826595,0.460281,24839.953125
0,0.655831,0.533712,931.685608
1,0.689165,0.499745,1231.159424
2,0.722545,0.434106,1480.765137
3,0.702081,0.395021,1713.737549
4,0.546432,0.178483,2362.577148
5,0.459535,0.551366,3244.303711
6,0.039786,0.482295,4359.020996
7,0.036000,0.476899,4492.111816
8,0.111840,0.475266,4774.966309
9,0.105855,0.459123,4908.058105
10,0.109767,0.436348,5141.066406
11,0.063402,0.397277,5706.698730
12,0.297077,0.455554,6854.707031
13,0.318699,0.406950,7104.315918
14,0.299555,0.281562,7453.642090
15,0.263299,0.303156,7753.083496
16,0.244823,0.409000,8368.728516
17,0.186463,0.414270,8784.604492
18,0.108491,0.392049,9217.200195
19,0.105366,0.386503,9350.309570
20,0.443113,0.491335,10614.758789
21,0.434061,0.491408,10747.875977
22,0.423792,0.484859,11080.612305
23,0.423887,0.484404,11246.977539
24,0.442667,0.474846,11513.219727
25,0.448473,0.404162,11779.406250
26,0.502015,0.471393,12112.146484
27,0.263297,0.463945,12761.025391
28,0.238946,0.442782,13043.836914
29,0.971116,0.768942,13925.668945
30,0.052520,0.544943,15123.537109
31,0.700456,0.508293,16171.707031
32,0.664435,0.534215,16404.642578
33,0.713231,0.362184,17070.167969
34,0.711061,0.395850,17336.357422
35,0.709833,0.393654,17619.191406
36,0.804960,0.566198,18534.267578
37,0.801042,0.581058,18916.943359
38,0.798716,0.522997,19282.972656
39,0.684369,0.438511,19782.085938
40,0.676482,0.436907,20131.453125
41,0.614237,0.397714,20397.664062
42,0.550186,0.176763,20979.980469
43,0.560290,0.169358,21395.904297
44,0.511219,0.143931,22028.154297
45,0.520268,0.121511,22261.091797
46,0.582271,0.117158,22494.025391
47,0.814487,0.295556,22943.214844
48,0.810966,0.302294,23026.392578
49,0.901617,0.396678,23642.009766
50,0.899325,0.310262,23924.830078
51,0.898277,0.313900,24008.007812
52,0.779485,0.293841,24390.687500
