Idx, longitude, latitude, start timestamp
0,0.762841,0.542629,266.181427
1,0.796187,0.533524,665.532654
2,0.829056,0.525303,898.402527
3,0.867803,0.528323,1098.064087
4,0.885180,0.510200,1331.062866
5,0.900455,0.494591,1630.447021
6,0.919820,0.535294,1913.270752
7,0.931568,0.575430,2345.913330
8,0.913867,0.692318,2678.625244
9,0.883066,0.460480,3061.247803
10,0.883952,0.424172,3310.913330
11,0.922237,0.427811,3593.770996
12,0.941306,0.472204,3843.270752
13,0.921308,0.474416,4092.889404
14,0.949535,0.446581,4342.359375
15,0.950208,0.439801,5057.839844
16,0.956124,0.458917,5357.339355
17,0.163961,0.444834,7037.660156
18,0.082063,0.534086,7287.172852
19,0.072072,0.497030,7536.778809
20,0.070643,0.477852,7786.456055
21,0.073358,0.481025,8535.044922
22,0.065289,0.614167,8784.666992
23,0.397916,0.485624,10997.379883
24,0.381521,0.463293,11363.521484
25,0.379300,0.466305,11479.832031
26,0.373280,0.448255,11596.364258
27,0.371546,0.441727,11712.838867
28,0.384326,0.490923,12045.625000
29,0.388580,0.464366,12328.483398
30,0.362526,0.460150,12694.458008
31,0.363650,0.420636,12977.351562
32,0.355539,0.420194,13226.842773
33,0.525583,0.459292,16870.531250
34,0.894757,0.487161,19632.308594
35,0.896202,0.482185,19782.083984
36,0.891199,0.478665,20314.445312
37,0.910726,0.529166,20563.914062
38,0.975742,0.491560,21046.427734
39,0.992587,0.465685,21495.712891
40,0.981217,0.488093,21761.900391
41,0.981026,0.504491,22244.416016
42,0.977941,0.510903,23226.031250
43,0.948953,0.526359,23525.513672
44,0.923973,0.552111,23974.666016
45,0.911900,0.554576,24324.138672
46,0.906745,0.562301,24590.261719
0,0.761402,0.410385,66.612228
1,0.765458,0.512346,399.433258
2,0.794320,0.548734,682.309998
3,0.831483,0.550335,1214.632446
4,0.894621,0.538435,1414.268555
5,0.914169,0.553019,1597.281250
6,0.920842,0.569233,1863.501099
7,0.932649,0.576235,2129.790527
8,0.929344,0.685815,2495.779541
9,0.942255,0.567142,2845.080078
10,0.938947,0.551583,3011.481445
11,0.009101,0.469138,3460.757324
12,0.022946,0.421223,3760.208008
13,0.031488,0.386317,3993.204346
14,0.030269,0.386142,4092.868896
15,0.043393,0.360484,4292.623535
16,0.050989,0.326469,4525.501953
17,0.093444,0.508867,5157.710449
18,0.081664,0.491043,5423.941406
19,0.079041,0.533949,6139.355957
20,0.076796,0.489135,6372.276855
21,0.913864,0.561212,6871.426270
22,0.920713,0.547826,7087.694336
23,0.878192,0.513538,7254.083008
24,0.889210,0.501293,7969.605957
25,0.878679,0.506785,8452.052734
26,0.887657,0.502966,8917.744141
27,0.865701,0.515251,9333.795898
28,0.890109,0.506861,9649.859375
29,0.811419,0.493690,10032.479492
30,0.799438,0.546674,10232.327148
31,0.772584,0.415673,10731.361328
32,0.773291,0.387171,11064.090820
33,0.731683,0.482337,11430.151367
34,0.687556,0.460590,11679.758789
35,0.688027,0.314881,11929.201172
36,0.686218,0.304238,12112.280273
37,0.667597,0.529093,12777.741211
38,0.674487,0.571067,12960.746094
39,0.629523,0.547268,13360.187500
40,0.518662,0.548767,13809.315430
41,0.508652,0.536976,14042.230469
42,0.505829,0.586246,14358.305664
43,0.479479,0.674019,14607.938477
44,0.447961,0.539712,15057.075195
45,0.378463,0.513087,15539.583984
46,0.353187,0.501607,16271.643555
47,0.380551,0.509034,16521.146484
48,0.366330,0.658125,16820.630859
49,0.355842,0.709770,17003.636719
50,0.359996,0.707351,17319.746094
51,0.338421,0.485086,18051.861328
52,0.404068,0.505246,18734.015625
53,0.455909,0.556382,19565.843750
54,0.530729,0.401036,20431.132812
55,0.522386,0.560001,20946.826172
56,0.522626,0.573592,21196.355469
57,0.525421,0.568832,21495.841797
58,0.770487,0.396766,22677.056641
59,0.920095,0.557012,23924.957031
60,0.935250,0.575214,24407.449219
0,0.768377,0.457017,33.214478
1,0.823872,0.186243,1114.696045
2,0.893415,0.507948,1929.935303
3,0.922780,0.553056,2129.573730
4,0.942423,0.576136,2295.943848
5,0.019318,0.417919,3161.144531
6,0.028391,0.333690,3344.029053
7,0.988641,0.228919,3560.464600
8,0.880550,0.500037,4342.378418
9,0.410907,0.522974,5540.284180
10,0.380449,0.485868,5690.012695
11,0.457175,0.318459,6205.734863
12,0.900561,0.464984,7436.958008
13,0.894856,0.507252,7802.983887
14,0.945795,0.587260,8085.866699
15,0.935290,0.574419,8302.048828
16,0.951358,0.550065,8701.478516
17,0.920354,0.533583,9034.230469
18,0.855239,0.686153,9683.125977
19,0.930367,0.701326,9882.665039
20,0.918631,0.610467,10265.262695
21,0.893780,0.466498,10531.525391
22,0.879167,0.494718,10681.290039
23,0.935630,0.560162,10897.544922
24,0.011320,0.406705,11429.876953
25,0.023047,0.341676,11629.667969
26,0.917846,0.246410,12195.274414
27,0.798705,0.542553,13077.160156
28,0.810735,0.527832,13742.574219
29,0.930067,0.554368,14391.503906
30,0.937538,0.537848,14591.077148
31,0.623560,0.474729,15239.940430
32,0.504526,0.570671,15689.206055
33,0.509588,0.560207,15872.241211
34,0.527734,0.550606,16338.124023
35,0.444016,0.514564,16704.019531
36,0.453862,0.521598,17036.781250
37,0.421419,0.482257,17602.425781
38,0.378122,0.472353,17785.541016
39,0.418924,0.434313,18234.677734
40,0.352844,0.444060,18450.990234
41,0.358944,0.441254,18717.111328
42,0.374257,0.450952,18883.539062
43,0.399827,0.499458,19033.320312
44,0.425685,0.498243,19266.220703
45,0.490946,0.510236,19532.371094
46,0.501067,0.542932,19915.091797
47,0.383935,0.473089,20381.078125
48,0.408758,0.472727,20547.337891
49,0.453267,0.383786,21196.091797
50,0.826542,0.447880,22444.039062
51,0.794044,0.380548,22826.720703
52,0.792716,0.296953,23142.867188
53,0.877153,0.272811,23525.517578
54,0.891916,0.511777,23891.394531
55,0.796938,0.552605,24556.876953
0,0.673703,0.605612,665.463196
1,0.587517,0.587716,1064.773315
2,0.526544,0.589492,1347.518921
3,0.446567,0.578044,1763.610962
4,0.398111,0.562658,1963.189941
5,0.401443,0.559829,2096.311523
6,0.389407,0.549808,2212.772949
7,0.373567,0.586764,2528.876953
8,0.375594,0.582832,2661.917236
9,0.368283,0.564217,2795.029785
10,0.389291,0.544800,3094.601074
11,0.425255,0.537629,3377.426025
12,0.368627,0.454214,3843.338135
13,0.376831,0.475688,3942.998291
14,0.368817,0.567078,4392.258789
15,0.350024,0.305927,4991.255371
16,0.372094,0.276868,5124.374023
17,0.939961,0.528259,10049.041016
18,0.891634,0.556181,10248.706055
19,0.895128,0.553696,10498.262695
20,0.902229,0.561854,10731.135742
21,0.085313,0.578586,13492.965820
22,0.088943,0.664332,14241.754883
23,0.092654,0.506597,14923.843750
24,0.092674,0.520353,15173.469727
25,0.096250,0.530653,15506.224609
26,0.093818,0.520795,15656.005859
27,0.188370,0.524011,21612.167969
28,0.412945,0.527768,22510.615234
29,0.546683,0.615157,23808.349609
30,0.555238,0.615192,23908.125000
31,0.379186,0.565178,24690.070312
32,0.405709,0.554956,24972.949219
0,0.814877,0.554368,415.911743
1,0.786517,0.365078,931.676758
2,0.813903,0.305120,1114.797363
3,0.902769,0.151084,1563.943237
4,0.275754,0.176298,6704.899414
5,0.137555,0.360786,8102.459961
6,0.138883,0.182454,8601.568359
7,0.655482,0.477279,18284.353516
8,0.658992,0.507281,18966.451172
9,0.738489,0.427939,20031.353516
10,0.736997,0.420878,20280.937500
11,0.737368,0.428421,20563.716797
12,0.706527,0.503828,21462.132812
13,0.704476,0.500708,21994.480469
14,0.507113,0.596935,23492.003906
15,0.367504,0.708285,24174.072266
0,0.744823,0.654346,216.339478
1,0.749351,0.505838,532.451721
2,0.823199,0.550544,748.786926
3,0.882854,0.522681,1114.702026
4,0.925916,0.527931,1397.547607
5,0.899978,0.505499,1730.277954
6,0.907442,0.484535,1929.917847
7,0.933765,0.470076,2096.257812
8,0.977935,0.451024,2345.915527
9,0.003354,0.448814,2761.752686
10,0.926716,0.535361,3161.124512
11,0.878397,0.532538,3377.332275
12,0.866396,0.515342,3643.614014
13,0.828812,0.501698,3893.124023
14,0.799504,0.507640,4159.350098
15,0.786935,0.553394,4492.074707
16,0.786104,0.558188,4791.599609
17,0.680816,0.528728,5889.781250
18,0.670401,0.515174,6039.377930
19,0.668965,0.513500,6172.373047
20,0.629787,0.528464,6355.543945
21,0.565296,0.538583,6754.756348
22,0.516654,0.561650,7020.972168
23,0.520416,0.563095,7137.362793
24,0.480223,0.533867,7586.645508
25,0.416252,0.534472,8019.212402
26,0.391279,0.534682,8285.455078
27,0.368080,0.525450,8634.802734
28,0.352614,0.493121,8851.108398
29,0.352044,0.505741,9200.405273
30,0.390838,0.518402,9682.953125
31,0.398499,0.518822,9882.570312
32,0.314971,0.501951,10048.933594
33,0.302631,0.484712,10348.426758
34,0.395351,0.432030,10814.305664
35,0.413390,0.424110,11113.717773
36,0.423336,0.413935,11396.606445
37,0.421237,0.521769,12111.948242
38,0.428799,0.534103,12294.974609
39,0.446250,0.528422,12910.608398
40,0.461499,0.542977,13110.285156
41,0.529543,0.673353,13792.268555
42,0.443544,0.578430,14075.186523
43,0.395290,0.507492,15073.381836
44,0.398879,0.506464,15289.731445
45,0.546244,0.496833,16021.711914
46,0.570534,0.519849,16254.710938
47,0.668495,0.531081,17419.324219
48,0.730299,0.543832,17918.435547
49,0.825115,0.552954,19216.156250
50,0.927763,0.570171,20380.677734
51,0.937977,0.582406,20646.957031
52,0.944923,0.578434,20913.056641
53,0.883732,0.530328,21412.337891
54,0.870369,0.683250,22293.994141
55,0.845469,0.699996,22526.890625
56,0.840340,0.704586,22676.605469
57,0.837918,0.717511,22893.044922
58,0.827962,0.716629,23142.490234
59,0.795487,0.563873,23425.337891
60,0.781799,0.545487,23658.244141
61,0.755399,0.532126,24057.613281
62,0.720035,0.541481,24390.353516
63,0.723007,0.543738,24772.968750
64,0.677871,0.518625,24989.228516
0,0.814526,0.523186,532.646057
1,0.938025,0.503653,981.720032
2,0.985296,0.580804,1414.327759
3,0.926309,0.791646,1713.806519
4,0.922004,0.872962,1980.020264
5,0.682807,0.948859,2312.781006
6,0.420267,0.943096,2595.560791
7,0.466606,0.958346,2761.998047
8,0.883370,0.493688,3726.901367
9,0.033811,0.314277,4392.360352
10,0.162127,0.371357,4924.895020
11,0.098834,0.586475,5207.729980
12,0.075257,0.551069,5374.149414
13,0.069797,0.505751,5590.452148
14,0.076952,0.577039,6222.605957
15,0.066180,0.519695,6721.807617
16,0.680996,0.448584,8252.280273
17,0.636893,0.492612,8535.218750
18,0.618970,0.523989,8768.147461
19,0.878234,0.517789,9766.369141
20,0.808576,0.513536,10082.526367
21,0.429482,0.515043,11163.884766
22,0.381171,0.523750,11546.632812
23,0.347673,0.518259,11829.453125
24,0.382646,0.491437,12411.769531
25,0.357312,0.487109,12627.992188
26,0.388889,0.520649,13892.466797
27,0.383632,0.581582,14142.080078
28,0.782793,0.972197,15805.763672
29,0.276710,0.492156,16887.306641
30,0.381205,0.422821,17835.652344
31,0.939871,0.551291,22544.062500
32,0.933792,0.552791,22793.515625
33,0.915724,0.532387,22993.162109
34,0.913405,0.530120,23325.878906
35,0.092972,0.485590,24440.642578
36,0.083889,0.502748,24956.494141
0,0.755358,0.460308,116.530617
1,0.766339,0.499236,282.879028
2,0.810283,0.547466,482.534363
3,0.835263,0.529417,1081.478882
4,0.889225,0.518374,1264.471191
5,0.903161,0.516107,1514.016479
6,0.928935,0.536357,1946.578735
7,0.931371,0.547650,2129.645020
8,0.929050,0.544198,2445.744141
9,0.941109,0.358801,3111.231934
10,0.028358,0.417617,3360.794189
11,0.030156,0.406538,3460.602051
12,0.028521,0.393627,3626.913330
13,0.911728,0.119217,4475.592285
14,0.701903,0.408400,5224.149414
15,0.675116,0.505514,5423.773926
16,0.559109,0.492645,6105.997559
17,0.518325,0.507071,6288.997559
18,0.499004,0.542609,6488.650391
19,0.466526,0.479454,6754.911621
20,0.429764,0.486575,7020.978516
21,0.412886,0.495010,7287.287109
22,0.402973,0.498457,7786.367188
23,0.429352,0.504691,8052.646973
24,0.411704,0.434641,8285.523438
25,0.373520,0.488377,8535.086914
26,0.345539,0.478603,8834.635742
27,0.346879,0.485138,8950.947266
28,0.348647,0.487208,9050.892578
29,0.355021,0.487113,9250.475586
30,0.363546,0.430759,9450.123047
31,0.354607,0.349964,9716.346680
32,0.301362,0.470565,10015.864258
33,0.303828,0.456739,10148.973633
34,0.454710,0.531296,10648.059570
35,0.411280,0.497878,11180.430664
36,0.531042,0.553257,11829.357422
37,0.541257,0.555915,12078.932617
38,0.537697,0.551793,12328.423828
39,0.676399,0.559347,12761.010742
40,0.826507,0.547192,13443.121094
41,0.879296,0.547382,13642.799805
42,0.904148,0.537246,13775.899414
43,0.917759,0.510784,14058.805664
44,0.949268,0.512689,14324.898438
45,0.952163,0.523132,14491.236328
46,0.042990,0.491406,14691.010742
47,0.067558,0.488044,14940.536133
48,0.098605,0.529899,15106.842773
49,0.097889,0.523907,15223.379883
50,0.088560,0.490194,15356.495117
51,0.075752,0.572166,17103.433594
52,0.196145,0.572924,17535.976562
53,0.233636,0.537407,17735.761719
54,0.346445,0.528241,18451.035156
55,0.346952,0.508392,18717.292969
56,0.073839,0.514975,19349.458984
57,0.081745,0.489861,19515.798828
58,0.879160,0.489358,21379.357422
59,0.902522,0.511254,21662.175781
60,0.902647,0.515646,21944.835938
61,0.930219,0.562884,22128.023438
62,0.881276,0.500401,22543.900391
63,0.797476,0.511280,22843.408203
64,0.735320,0.512648,23159.445312
65,0.715355,0.533608,23309.291016
66,0.675134,0.507981,23592.099609
67,0.635269,0.519901,23908.255859
68,0.812476,0.532770,24723.501953
0,0.749011,0.539491,565.590637
1,0.874577,0.524636,1364.203857
2,0.940139,0.293798,2046.467163
3,0.999642,0.262388,2445.634033
4,0.003811,0.246313,2562.138916
5,0.010931,0.236165,2728.577881
6,0.027458,0.204146,3028.066895
7,0.801590,0.061636,3527.152344
8,0.779346,0.036759,3726.759033
9,0.663567,0.155021,4442.149414
10,0.645423,0.152623,4758.223633
11,0.630246,0.196442,4957.971680
12,0.372579,0.252198,5956.207031
13,0.397451,0.260722,6155.833496
14,0.384486,0.217179,7220.597656
15,0.408459,0.542569,7886.242188
16,0.375519,0.558481,8185.611816
17,0.365334,0.539938,8435.166992
18,0.299387,0.517848,8668.068359
19,0.404046,0.514092,9000.804688
20,0.477260,0.501387,9183.910156
21,0.736662,0.492902,10648.053711
22,0.760761,0.536320,10914.180664
23,0.813597,0.540280,11197.015625
24,0.888365,0.527423,11479.939453
25,0.935402,0.592566,11862.477539
26,0.934290,0.621426,12095.465820
27,0.932601,0.616889,12228.456055
28,0.939908,0.567005,12378.330078
29,0.922175,0.499784,12627.870117
30,0.886166,0.510415,13010.487305
31,0.920840,0.563990,13359.873047
32,0.931188,0.574564,13543.006836
33,0.911228,0.482408,13909.000977
34,0.900744,0.444353,14258.247070
35,0.924565,0.409002,14457.969727
36,0.958921,0.463210,14807.351562
37,0.022198,0.445954,15556.095703
38,0.027143,0.441675,15788.965820
39,0.093270,0.551356,16021.897461
40,0.089444,0.526593,16221.555664
41,0.609886,0.560039,18700.513672
42,0.613196,0.564525,18900.263672
43,0.621464,0.596188,19232.998047
44,0.897717,0.501539,20247.816406
45,0.891021,0.507373,20430.816406
46,0.905966,0.485219,20746.974609
47,0.913767,0.370229,21196.238281
48,0.855431,0.447952,21562.281250
49,0.908084,0.634472,22094.570312
50,0.913582,0.682378,22327.550781
51,0.916681,0.696818,22427.324219
52,0.930586,0.782563,22760.025391
53,0.897567,0.915588,24041.148438
54,0.047087,0.956211,24540.273438
55,0.955249,0.930522,24756.671875
56,0.884028,0.910464,24956.265625
0,0.754169,0.512999,149.751755
1,0.932311,0.625196,1048.128662
2,0.940792,0.624458,1214.461914
3,0.945619,0.612220,1364.215088
4,0.946873,0.600268,1830.133667
5,0.935243,0.605237,2362.498291
6,0.042185,0.338587,3443.914795
7,0.103461,0.334830,3992.958984
8,0.096674,0.274314,4209.300781
9,0.090122,0.562189,4991.190430
10,0.088517,0.466258,5207.555176
11,0.088381,0.450873,5590.096680
12,0.081320,0.519888,6172.527832
13,0.080819,0.446988,6621.736328
14,0.093132,0.593497,7104.215332
15,0.356582,0.581388,9533.285156
16,0.402090,0.524258,10015.793945
17,0.386349,0.486334,10265.271484
18,0.396468,0.042972,11246.930664
19,0.034563,0.882892,13675.994141
20,0.337499,0.697040,14940.437500
21,0.949233,0.490489,16737.367188
22,0.961872,0.516764,17169.830078
23,0.655739,0.592393,18933.507812
24,0.791197,0.648073,19848.478516
25,0.823735,0.615463,20347.589844
26,0.842414,0.666051,20663.720703
27,0.843972,0.681142,20846.703125
28,0.794376,0.589576,21279.359375
29,0.796622,0.586218,21512.220703
30,0.772653,0.502005,21811.687500
31,0.788778,0.602987,22360.798828
32,0.788937,0.598262,24923.021484
0,0.854539,0.533649,1031.419800
1,0.901579,0.503253,1247.822876
2,0.890210,0.507300,1647.050049
3,0.895383,0.508571,1880.026123
4,0.935450,0.531071,2894.928223
5,0.939398,0.526125,3111.150635
6,0.934384,0.528533,3360.761719
7,0.932665,0.532691,3593.600830
8,0.404795,0.513425,6904.537598
9,0.353235,0.498069,7570.091797
10,0.370271,0.542266,8302.032227
11,0.154049,0.252204,11246.859375
12,0.524278,0.416565,13476.313477
13,0.362281,0.524524,14191.840820
14,0.365671,0.515654,14391.449219
15,0.401964,0.551812,14640.904297
16,0.367711,0.533616,14957.019531
17,0.363210,0.517770,15223.261719
18,0.367920,0.520369,15622.547852
19,0.370316,0.545096,16604.300781
20,0.370969,0.510703,16886.986328
21,0.452343,0.532425,17136.660156
22,0.401408,0.494177,20014.970703
23,0.649802,0.477892,21229.443359
24,0.641921,0.493861,21478.955078
25,0.791006,0.944928,23691.748047
0,0.741595,0.458305,299.463440
1,0.812513,0.561734,515.868835
2,0.920908,0.451268,1247.819580
3,0.949048,0.556904,1680.463013
4,0.007857,0.394128,1929.970459
5,0.031015,0.347198,2129.687744
6,0.020027,0.300385,2312.763672
7,0.922761,0.400646,2728.580566
8,0.905595,0.447879,2911.585449
9,0.905445,0.439380,3044.721436
10,0.880697,0.446056,3177.879883
11,0.007416,0.277669,3527.192871
12,0.052173,0.244615,3726.804932
13,0.078068,0.272340,3959.846191
14,0.094489,0.453494,4309.203613
15,0.111853,0.515524,4775.073730
16,0.098194,0.450145,5141.059082
17,0.086202,0.602840,5423.892090
18,0.089836,0.420756,5839.809570
19,0.083782,0.423745,6255.785156
20,0.080346,0.439657,6388.902832
21,0.124780,0.138571,6987.798340
22,0.152690,0.158338,7187.464844
23,0.217784,0.491209,7719.920898
24,0.215913,0.474834,7852.996094
25,0.229884,0.503395,8119.128906
26,0.234537,0.660364,8318.867188
27,0.236713,0.729528,8535.127930
28,0.268926,0.799309,8851.227539
29,0.279503,0.786616,9134.112305
30,0.338979,0.598166,9400.279297
31,0.348893,0.431416,9683.105469
32,0.340892,0.391895,9932.672852
33,0.327598,0.210347,10182.160156
34,0.323078,0.134408,10415.250000
35,0.282139,0.107262,10564.961914
36,0.320206,0.221923,10964.207031
37,0.373077,0.423562,11213.768555
38,0.417025,0.482710,11529.903320
39,0.432095,0.471305,11812.696289
40,0.422722,0.259611,12045.672852
41,0.383382,0.109592,12494.762695
42,0.173815,0.372314,12860.872070
43,0.087344,0.201128,13293.413086
44,0.068284,0.477939,13609.522461
45,0.069804,0.502822,13809.256836
46,0.002940,0.340475,14158.661133
47,0.990808,0.312576,14441.500977
48,0.926805,0.263969,14790.832031
49,0.911489,0.529001,15306.708984
50,0.915118,0.601389,15572.725586
51,0.928031,0.661725,15772.494141
52,0.942248,0.587692,16138.511719
53,0.874065,0.447415,16487.798828
54,0.867912,0.431141,16670.908203
55,0.889140,0.418670,16820.578125
56,0.817653,0.362915,17169.910156
57,0.759644,0.380623,17502.710938
58,0.714171,0.483428,17719.027344
59,0.685372,0.466849,17885.439453
60,0.645099,0.441133,18134.896484
61,0.625327,0.501539,18384.558594
62,0.586049,0.395767,18783.769531
63,0.595429,0.380404,18966.837891
64,0.615780,0.383141,19233.033203
65,0.671433,0.207538,19482.697266
66,0.704482,0.158602,19648.886719
67,0.716475,0.165331,19865.294922
68,0.432057,0.484277,20630.667969
69,0.395134,0.452083,20863.470703
70,0.439256,0.285072,21212.906250
71,0.461838,0.263023,21395.873047
72,0.520534,0.487168,21745.421875
73,0.514876,0.432938,21978.226562
74,0.545689,0.541329,22244.562500
75,0.532910,0.608053,22410.873047
76,0.649393,0.552036,22760.185547
77,0.647542,0.491893,23109.613281
78,0.651578,0.442984,23475.601562
79,0.740208,0.502249,23974.714844
80,0.716684,0.503576,24307.460938
81,0.746708,0.538102,24606.935547
0,0.778642,0.599074,33.338791
1,0.802522,0.559381,615.675049
2,0.868133,0.497162,931.771851
3,0.885589,0.504660,1114.818604
4,0.900060,0.484072,1414.297363
5,0.912935,0.455318,1896.764893
6,0.926214,0.555412,2246.186768
7,0.933511,0.543266,2645.429932
8,0.930155,0.755950,2928.336914
9,0.988107,0.727786,3294.329590
10,0.889417,0.737631,3477.368408
11,0.880941,0.779801,3743.543213
12,0.902774,0.407979,3959.819336
13,0.901325,0.424361,4092.921631
14,0.900151,0.430929,4242.640625
15,0.036351,0.399085,5041.264648
16,0.045754,0.283541,5240.942871
17,0.072059,0.525304,5673.504883
18,0.076039,0.508251,5839.868164
19,0.092796,0.540746,6139.373535
20,0.093850,0.507448,6455.467773
21,0.095059,0.455028,6705.013672
22,0.105850,0.549333,7570.196777
23,0.090430,0.498205,7853.008301
24,0.098215,0.478643,8119.220703
25,0.106766,0.499736,8285.613281
26,0.083474,0.519062,8485.265625
27,0.059563,0.534552,8668.281250
28,0.068085,0.476884,9317.150391
29,0.070782,0.479326,10148.987305
30,0.293866,0.680357,11346.902344
31,0.315735,0.690058,11579.842773
32,0.329700,0.578239,11895.936523
33,0.264449,0.654720,16072.011719
34,0.281913,0.721391,16371.458984
35,0.206538,0.666558,16754.115234
36,0.210286,0.652540,16920.515625
37,0.176058,0.684561,17153.435547
38,0.127952,0.703798,17319.796875
39,0.098270,0.694620,17519.447266
40,0.187824,0.713574,17918.757812
41,0.117151,0.414453,18417.904297
42,0.341870,0.126149,19765.517578
43,0.382118,0.106832,19965.177734
44,0.361970,0.102659,20164.853516
45,0.354278,0.108715,20281.287109
46,0.415862,0.107008,20431.046875
47,0.429077,0.120784,20680.578125
48,0.436423,0.125820,20930.173828
49,0.495184,0.212055,21429.281250
50,0.543690,0.221908,21595.691406
51,0.564616,0.210692,21861.878906
52,0.560846,0.208870,21994.994141
53,0.576739,0.177652,22311.115234
54,0.626027,0.205469,22460.841797
55,0.661928,0.202598,22776.937500
56,0.676692,0.191751,23009.892578
57,0.692291,0.178226,23392.529297
58,0.712458,0.175773,23558.888672
59,0.790884,0.173440,23908.324219
60,0.812498,0.145867,24091.300781
61,0.910570,0.094167,24440.726562
62,0.897223,0.107924,24590.416016
63,0.924738,0.129147,24989.734375
0,0.772521,0.495721,49.893021
1,0.752200,0.453886,266.269501
2,0.814007,0.534676,515.764893
3,0.876965,0.484705,781.957397
4,0.878877,0.480265,931.718933
5,0.933220,0.453568,1464.101318
6,0.956172,0.444378,1680.457275
7,0.872895,0.735682,2146.318115
8,0.594558,0.413289,3061.320801
9,0.352772,0.521652,4176.017578
10,0.351441,0.537044,4458.948730
11,0.354000,0.534138,4791.618164
12,0.355559,0.532756,4891.486328
13,0.372282,0.498594,5124.362305
14,0.389060,0.489235,5357.293945
15,0.405217,0.555713,5706.765137
16,0.419430,0.421034,6172.611328
17,0.302827,0.489233,6538.565430
18,0.289204,0.491802,6738.203613
19,0.912181,0.434362,8701.456055
20,0.096453,0.507360,9899.415039
21,0.092938,0.489294,10099.101562
22,0.077450,0.537834,10697.978516
23,0.087376,0.501124,11230.359375
24,0.086075,0.504566,11363.458984
25,0.084095,0.520018,11596.439453
26,0.058241,0.680802,11879.325195
27,0.069947,0.652273,12178.748047
28,0.107625,0.429866,12810.969727
29,0.110350,0.404285,12894.158203
30,0.107237,0.465391,13143.734375
31,0.106712,0.449750,13243.507812
32,0.100739,0.434446,13426.541992
33,0.101830,0.353546,13609.537109
34,0.242458,0.545180,14374.903320
35,0.110084,0.264866,15339.880859
36,0.088477,0.169481,15855.597656
37,0.903511,0.318772,16537.761719
38,0.897206,0.322569,16737.412109
39,0.733272,0.294453,17170.037109
40,0.735981,0.276896,17269.814453
41,0.688384,0.250737,17452.832031
42,0.640779,0.232159,17669.140625
43,0.628552,0.300602,17918.681641
44,0.608185,0.314459,18118.335938
45,0.375547,0.578406,19565.792969
46,0.422170,0.450606,19981.751953
47,0.349345,0.475541,20430.949219
48,0.339745,0.463845,20763.699219
49,0.350087,0.504257,21029.900391
50,0.427741,0.455594,22127.992188
51,0.432156,0.450404,22310.994141
52,0.423795,0.466639,22843.400391
53,0.425773,0.494880,23192.791016
54,0.406930,0.639459,23442.357422
55,0.389494,0.510341,23708.566406
56,0.452288,0.433890,23958.128906
57,0.486016,0.418489,24157.775391
58,0.485575,0.438868,24357.437500
0,0.767544,0.571020,282.892578
1,0.797559,0.565079,515.800232
2,0.799148,0.521221,798.608337
3,0.810140,0.550973,1014.944336
4,0.819043,0.550744,1330.984863
5,0.819950,0.476403,1563.928833
6,0.870061,0.526910,1863.444702
7,0.876680,0.504430,2162.912842
8,0.806200,0.438387,2362.603516
9,0.796944,0.412428,2562.210938
10,0.814175,0.392037,2778.472168
11,0.821873,0.465597,3443.991699
12,0.806523,0.524277,3993.021973
13,0.802669,0.552569,4142.823730
14,0.834634,0.357418,4641.933105
15,0.828281,0.371379,4758.347656
16,0.798109,0.419503,5141.041504
17,0.904650,0.580533,5690.072754
18,0.922671,0.598667,5922.976074
19,0.923591,0.604319,6272.377441
20,0.900008,0.512772,6605.126953
21,0.880026,0.507802,6854.708984
22,0.904214,0.485611,7120.920898
23,0.975512,0.478810,7353.820801
24,0.020032,0.477626,7586.741699
25,0.032929,0.457769,7769.799805
26,0.039842,0.428882,7986.062012
27,0.026047,0.416095,8352.089844
28,0.023174,0.410611,8501.838867
29,0.069357,0.516969,8768.005859
30,0.070479,0.514916,9084.117188
31,0.068721,0.574086,9816.195312
32,0.061796,0.597942,10082.371094
33,0.132652,0.451740,10481.684570
34,0.156563,0.442042,10664.684570
35,0.140442,0.350365,10847.731445
36,0.221638,0.400390,11413.383789
37,0.172210,0.426148,11629.671875
38,0.306499,0.615705,12428.283203
39,0.341010,0.578897,12694.472656
40,0.370679,0.556446,12944.063477
41,0.367634,0.527822,13276.847656
42,0.363904,0.524037,13542.992188
43,0.371229,0.397038,14790.837891
44,0.394655,0.419602,15023.741211
45,0.441433,0.542770,15289.939453
46,0.352019,0.504368,15972.110352
47,0.422410,0.535277,16687.515625
48,0.447973,0.545337,16903.796875
49,0.521860,0.567246,18051.792969
50,0.531437,0.571428,18384.556641
51,0.553925,0.470452,19366.173828
52,0.655044,0.520387,20497.523438
53,0.653879,0.475912,20697.154297
54,0.663773,0.430252,20913.476562
55,0.695974,0.506232,21179.650391
56,0.701603,0.517823,21329.390625
57,0.663019,0.611551,21628.867188
58,0.452643,0.592471,22294.392578
59,0.388680,0.573493,22543.933594
60,0.367133,0.549777,23059.724609
61,0.368886,0.511411,23325.902344
62,0.388397,0.502958,23558.855469
63,0.408132,0.433340,23858.306641
64,0.408641,0.404938,24057.962891
65,0.397736,0.383850,24357.462891
66,0.346034,0.381174,24623.640625
0,0.751061,0.562386,183.030777
1,0.741523,0.466793,615.634155
2,0.698508,0.502605,898.465454
3,0.734591,0.531031,1181.358032
4,0.626804,0.522440,1846.776733
5,0.628492,0.515882,1946.664795
6,0.622025,0.528442,2112.970703
7,0.604739,0.504034,2345.953857
8,0.555586,0.503607,2578.833740
9,0.494315,0.556951,3061.322754
10,0.386198,0.522114,3577.114746
11,0.365595,0.532758,3760.157227
12,0.345223,0.521723,3976.384277
13,0.376394,0.508019,4325.812012
14,0.393552,0.492707,4608.671875
15,0.375897,0.430048,4824.986328
16,0.363634,0.436499,5091.144043
17,0.355408,0.498886,5374.083008
18,0.366182,0.474969,6056.100586
19,0.371281,0.428613,6887.968262
20,0.364448,0.399141,7170.814941
21,0.358436,0.476285,7503.559570
22,0.352690,0.370192,7786.432129
23,0.338681,0.351535,8135.794434
24,0.336379,0.338034,8435.397461
25,0.340383,0.304643,8585.055664
26,0.331465,0.274086,8768.079102
27,0.149698,0.511681,9616.560547
28,0.117114,0.529840,9866.166992
29,0.066758,0.552531,10232.153320
30,0.058548,0.542723,10381.892578
31,0.058500,0.562739,10631.440430
32,0.109717,0.804207,11080.638672
33,0.108803,0.848312,11296.930664
34,0.084118,0.894918,11480.006836
35,0.141499,0.934938,11829.446289
36,0.106546,0.919957,11995.742188
37,0.887268,0.536357,12744.427734
38,0.868297,0.535531,12927.509766
39,0.924784,0.223722,13676.149414
40,0.916516,0.193894,13825.860352
41,0.884422,0.324323,14158.618164
42,0.875633,0.374592,14524.638672
43,0.871397,0.524940,14890.730469
44,0.870578,0.514233,15156.858398
45,0.874474,0.509950,15656.000977
46,0.896326,0.524612,15822.472656
47,0.912517,0.534441,16022.000977
48,0.876924,0.511008,16221.707031
49,0.957284,0.455525,16637.693359
50,0.024673,0.416522,17053.578125
51,0.061115,0.462023,17253.205078
52,0.093659,0.496094,17469.486328
53,0.086396,0.485796,17602.597656
54,0.078181,0.595617,18251.488281
55,0.078135,0.535891,18584.230469
56,0.079980,0.484388,18767.324219
57,0.174904,0.441591,19782.148438
58,0.220012,0.451451,20015.060547
59,0.242352,0.473745,20281.251953
60,0.275263,0.481507,20547.492188
61,0.308825,0.480517,20797.011719
62,0.343693,0.527719,21146.421875
63,0.382916,0.506955,21728.748047
64,0.364155,0.493292,21978.271484
65,0.406522,0.489490,22327.675781
66,0.441014,0.502154,22627.177734
67,0.440719,0.504597,22826.843750
68,0.457396,0.517709,22976.570312
69,0.457303,0.434873,23226.111328
70,0.464427,0.369671,23425.750000
71,0.509074,0.371605,23642.099609
72,0.548211,0.461335,23958.195312
73,0.489569,0.544458,24124.527344
74,0.519648,0.555589,24607.107422
0,0.978692,0.698693,1880.036011
1,0.309888,0.489462,3161.158936
2,0.352915,0.465276,3527.269287
3,0.428512,0.464302,4142.776855
4,0.351049,0.529620,4458.908691
5,0.309911,0.549887,4808.315918
6,0.301884,0.554757,4958.014160
7,0.300524,0.540298,5074.494629
8,0.300042,0.523958,5207.588867
9,0.303984,0.501010,5357.348145
10,0.317091,0.488312,5507.034668
11,0.942598,0.530720,6655.041016
12,0.980140,0.563789,7037.689453
13,0.079123,0.394574,7353.799316
14,0.099048,0.567348,7603.461426
15,0.109980,0.562911,7786.399902
16,0.107361,0.539811,7902.867676
17,0.097274,0.518690,8185.708984
18,0.910945,0.514916,9666.453125
19,0.911264,0.517460,9916.103516
20,0.738042,0.490190,10431.852539
21,0.738528,0.491093,10531.638672
22,0.350483,0.495618,11479.916992
23,0.384042,0.513549,12012.444336
24,0.452555,0.481995,12228.610352
25,0.357351,0.372689,12511.562500
26,0.401844,0.429918,13359.969727
27,0.430034,0.443547,13892.461914
28,0.432699,0.446363,14191.842773
29,0.431935,0.448810,14408.203125
30,0.431876,0.449093,15023.761719
31,0.373940,0.462954,16304.884766
32,0.373786,0.449211,16754.095703
33,0.275367,0.474466,17585.933594
34,0.275552,0.476101,17885.435547
35,0.346927,0.448562,18401.150391
36,0.367785,0.480411,19016.843750
37,0.365666,0.465523,19332.878906
38,0.358397,0.466899,19432.742188
39,0.398109,0.480079,20697.179688
40,0.444062,0.474951,21379.332031
41,0.540650,0.486356,21845.156250
42,0.542976,0.470971,22094.750000
43,0.766817,0.539117,22760.199219
44,0.836071,0.556764,23026.425781
45,0.845092,0.181462,24956.492188
0,0.802023,0.555412,382.616791
1,0.934581,0.559353,1214.503296
2,0.941457,0.469758,1613.849609
3,0.984805,0.442105,1780.231812
4,0.091522,0.424182,2761.871826
5,0.098976,0.437775,3793.334717
6,0.239188,0.410281,4641.953125
7,0.410975,0.441526,5640.176758
8,0.413420,0.428360,5889.719727
9,0.382399,0.426864,6289.022461
10,0.369148,0.429054,6472.030273
11,0.375184,0.419603,6821.391602
12,0.084018,0.435408,7852.902344
13,0.092167,0.596299,8119.127930
14,0.914287,0.539622,8634.874023
15,0.343028,0.866227,9999.192383
16,0.628401,0.407238,11047.314453
17,0.514492,0.499816,11579.755859
18,0.451743,0.481931,11862.623047
19,0.413219,0.451252,12029.008789
20,0.392923,0.450529,12278.541016
21,0.394376,0.436067,12561.335938
22,0.365755,0.425025,12777.745117
23,0.453004,0.472966,12993.958008
24,0.560903,0.288080,13692.815430
25,0.571961,0.567014,13992.225586
26,0.796344,0.471737,14940.507812
27,0.815987,0.526718,15156.910156
28,0.910004,0.484889,15539.458984
29,0.912936,0.465868,15689.212891
30,0.090631,0.446397,16537.832031
31,0.019202,0.548613,17386.265625
32,0.907424,0.537551,17702.343750
33,0.910454,0.528580,18001.888672
34,0.888072,0.434427,18201.529297
35,0.839073,0.451761,19066.755859
36,0.802564,0.503644,19349.464844
37,0.769625,0.493166,19632.310547
38,0.752227,0.475111,20098.181641
39,0.044614,0.163227,21695.410156
40,0.106818,0.339943,22444.222656
41,0.175717,0.368254,22793.462891
42,0.126015,0.378723,23059.667969
43,0.008596,0.459197,23342.519531
44,0.047196,0.510125,23642.091797
45,0.032985,0.606508,23991.396484
46,0.037493,0.678440,24324.160156
47,0.019351,0.712068,24606.988281
48,0.951841,0.617172,24989.662109
0,0.819505,0.540278,415.926086
1,0.904711,0.598431,881.795349
2,0.941147,0.582348,1147.974365
3,0.937659,0.563484,1347.659302
4,0.018499,0.450278,1880.002319
5,0.034082,0.414596,2079.719727
6,0.100445,0.508656,2412.428711
7,0.093074,0.479365,2711.945312
8,0.084736,0.477087,3261.014893
9,0.074231,0.670481,3593.722656
10,0.091830,0.460396,3943.099854
11,0.384944,0.506987,5157.632324
12,0.381538,0.495818,5290.744141
13,0.380632,0.453098,5490.362305
14,0.375591,0.441701,6039.410645
15,0.452668,0.480154,6322.288086
16,0.448652,0.477736,6438.779297
17,0.387573,0.464005,6671.696289
18,0.373628,0.463185,6871.292480
19,0.414583,0.531176,7387.172363
20,0.491000,0.512384,7703.164551
21,0.584402,0.471637,8335.389648
22,0.659204,0.499330,8601.642578
23,0.655373,0.497281,8834.530273
24,0.732020,0.511000,9050.833984
25,0.728258,0.513377,9200.584961
26,0.706634,0.476852,9466.829102
27,0.704281,0.465509,9799.521484
28,0.859606,0.506754,10198.866211
29,0.899860,0.518549,10465.049805
30,0.388822,0.496558,11995.763672
31,0.377407,0.488235,12245.308594
32,0.319050,0.442544,12627.930664
33,0.367887,0.502097,13010.561523
34,0.280827,0.434267,13443.215820
35,0.221495,0.413401,13676.141602
36,0.221833,0.408248,13825.890625
37,0.162432,0.389207,14075.366211
38,0.060377,0.474328,14607.890625
39,0.068114,0.473184,14740.879883
40,0.072355,0.480846,14973.795898
41,0.075647,0.489499,15256.692383
42,0.089398,0.490916,15472.934570
43,0.006885,0.381370,15755.778320
44,0.172287,0.391999,16554.462891
45,0.009382,0.557175,17103.425781
46,0.883754,0.499222,17569.281250
47,0.889429,0.485141,17685.736328
48,0.876348,0.473292,18068.437500
49,0.800395,0.473486,18434.470703
50,0.744521,0.528220,18883.769531
51,0.697678,0.483168,19249.689453
52,0.648226,0.491002,19599.074219
53,0.693750,0.461091,19881.878906
54,0.572324,0.490930,20564.130859
55,0.576252,0.491656,20780.314453
56,0.545338,0.440957,20946.791016
57,0.509861,0.539436,21379.396484
58,0.425412,0.662875,21728.664062
59,0.447128,0.523140,22111.341797
60,0.564499,0.571027,22843.398438
61,0.618281,0.557721,23159.576172
62,0.657198,0.495691,23791.773438
63,0.728928,0.527988,24107.888672
64,0.758948,0.522431,24423.986328
65,0.757438,0.523501,24573.746094
66,0.801718,0.541021,24823.261719
0,0.780142,0.420939,399.326904
1,0.792160,0.306486,848.532715
2,0.807142,0.303872,998.220947
3,0.802734,0.306109,1098.082642
4,0.900865,0.262903,1547.287231
5,0.919668,0.251059,1713.668579
6,0.958004,0.234786,2113.016357
7,0.958998,0.215227,2562.229004
8,0.956339,0.207049,2795.072021
9,0.978909,0.207701,2928.213135
10,0.001801,0.193941,3094.586914
11,0.057072,0.228335,3510.534424
12,0.059999,0.123640,4359.073242
13,0.018572,0.576716,5340.616699
14,0.914952,0.546754,5706.667969
15,0.907012,0.537296,5906.369141
16,0.880342,0.494124,6322.332520
17,0.847062,0.493564,6987.751465
18,0.807519,0.503622,7387.097656
19,0.780717,0.530413,7653.327148
20,0.717262,0.512523,7902.817383
21,0.652858,0.500273,8302.126953
22,0.630954,0.490693,8634.945312
23,0.601320,0.485041,8917.716797
24,0.603890,0.490616,9017.577148
25,0.558760,0.474298,9250.458984
26,0.555118,0.331719,9649.766602
27,0.557751,0.337211,9849.428711
28,0.531864,0.356477,10049.082031
29,0.500723,0.371715,10298.662109
30,0.474343,0.380989,10514.927734
31,0.433367,0.418731,10947.539062
32,0.402649,0.454762,11280.275391
33,0.397090,0.483848,11496.584961
34,0.388713,0.526185,11912.567383
35,0.362620,0.519831,12162.078125
36,0.336063,0.313626,12594.643555
37,0.353728,0.249814,12761.006836
38,0.350378,0.214279,12910.774414
39,0.275195,0.097060,13592.896484
40,0.272997,0.099955,13825.871094
41,0.234845,0.267942,14025.521484
42,0.132092,0.327812,14391.541992
43,0.168397,0.358030,14757.548828
44,0.139071,0.473747,15406.425781
45,0.106551,0.445632,15672.670898
46,0.073472,0.492928,15838.945312
47,0.065803,0.498126,16005.350586
48,0.153087,0.420525,16571.005859
49,0.179730,0.490096,17186.632812
50,0.210963,0.509841,17419.576172
51,0.247968,0.487974,17685.792969
52,0.282077,0.477915,17918.730469
53,0.315866,0.469663,18234.773438
54,0.408075,0.448672,18451.046875
55,0.430372,0.341017,18800.482422
56,0.427161,0.330083,18900.304688
57,0.490836,0.368282,19332.875000
58,0.495514,0.469877,19782.064453
59,0.507167,0.502363,19981.736328
60,0.510173,0.495859,20148.107422
61,0.523538,0.522473,20314.503906
62,0.538245,0.516905,20514.185547
63,0.577686,0.485331,20930.068359
64,0.639240,0.490828,21379.269531
65,0.642580,0.470152,21529.056641
66,0.680506,0.468678,21945.001953
67,0.678558,0.455851,22144.621094
68,0.713083,0.482617,22410.849609
69,0.755506,0.453608,22743.541016
70,0.780181,0.439663,23059.728516
71,0.799896,0.438275,23691.966797
0,0.771326,0.515872,199.579300
1,0.801136,0.541247,432.520081
2,0.887259,0.562813,915.143616
3,0.902220,0.547575,1197.827026
4,0.940964,0.582591,1447.477051
5,0.905278,0.512018,1763.542114
6,0.940173,0.597708,2528.876465
7,0.904010,0.498826,3111.183838
8,0.823917,0.528736,3510.498047
9,0.826190,0.531369,3627.003662
10,0.801310,0.554741,3809.938477
11,0.508342,0.551927,5107.672363
12,0.379398,0.510608,5556.886719
13,0.383852,0.505033,5789.811523
14,0.362592,0.497599,6006.115234
15,0.660995,0.514240,7869.537598
16,0.658328,0.431714,8102.465332
17,0.657756,0.435631,8202.268555
18,0.714082,0.420955,8451.818359
19,0.708202,0.473971,8934.322266
20,0.853516,0.380684,9999.141602
21,0.835285,0.429126,10381.826172
22,0.832848,0.447724,10481.644531
23,0.873673,0.435016,11130.507812
24,0.977152,0.391363,11629.625977
25,0.016443,0.347499,12361.665039
26,0.078521,0.407195,13426.468750
27,0.087616,0.442489,14541.199219
28,0.089545,0.419556,14657.671875
29,0.084536,0.432942,14907.226562
30,0.078782,0.518409,15722.455078
31,0.084422,0.465171,15922.126953
32,0.083272,0.459914,16188.303711
33,0.081837,0.660523,17120.021484
34,0.080453,0.664161,17253.144531
35,0.084496,0.449704,19399.353516
36,0.077101,0.461413,19532.474609
37,0.921693,0.563585,21146.333984
38,0.927476,0.573420,21329.355469
39,0.939786,0.611064,21462.453125
40,0.933969,0.576367,21895.000000
41,0.905308,0.592533,22344.257812
42,0.829754,0.492489,22893.271484
43,0.812384,0.535474,23176.115234
44,0.928519,0.557788,23991.353516
45,0.935684,0.400193,24457.207031
46,0.905137,0.366891,24756.669922
47,0.920309,0.371467,24972.966797
0,0.751170,0.526629,299.576141
1,0.807827,0.533614,615.582947
2,0.814439,0.559749,915.134216
3,0.806458,0.577861,1114.706543
4,0.829422,0.597067,1547.283569
5,0.868639,0.634326,1763.575806
6,0.889025,0.499652,2079.707764
7,0.901872,0.495265,2295.997803
8,0.872207,0.503085,2612.198975
9,0.926374,0.550111,3310.857910
10,0.948991,0.553072,3577.085938
11,0.913550,0.478890,3859.931885
12,0.893489,0.501320,4109.503906
13,0.855714,0.511367,4591.989258
14,0.785552,0.541656,4891.508789
15,0.767398,0.554848,5057.835449
16,0.767130,0.521270,5274.151855
17,0.818424,0.492916,5507.051758
18,0.698585,0.543664,6006.246582
19,0.674304,0.570476,6222.485840
20,0.630821,0.550928,6472.023438
21,0.622666,0.527172,6754.867676
22,0.693574,0.492861,7104.290527
23,0.631922,0.524584,7320.565430
24,0.614900,0.524057,7703.219727
25,0.521926,0.546456,8052.649414
26,0.508180,0.565390,8302.211914
27,0.510337,0.559897,8401.977539
28,0.418542,0.526822,8834.581055
29,0.389250,0.526555,9000.928711
30,0.378055,0.521098,9233.883789
31,0.357092,0.524592,9533.319336
32,0.348832,0.533601,9732.997070
33,0.399682,0.460165,9982.566406
34,0.412132,0.451805,10198.860352
35,0.439099,0.427420,10381.884766
36,0.457318,0.537570,10781.153320
37,0.440353,0.516999,11047.344727
38,0.407235,0.513164,11330.180664
39,0.392602,0.508902,11596.436523
40,0.352045,0.530433,11962.462891
41,0.348714,0.521616,12195.333008
42,0.303136,0.503253,12960.664062
43,0.321881,0.614738,13326.716797
44,0.370300,0.722395,13543.013672
45,0.381919,0.837302,15057.016602
46,0.388467,0.885766,15273.319336
47,0.374997,0.912374,15589.411133
48,0.381547,0.663365,16105.171875
49,0.380500,0.619350,16371.386719
50,0.381404,0.579499,16770.718750
51,0.381341,0.554400,16986.968750
52,0.377947,0.527217,17353.019531
53,0.352716,0.510093,17918.667969
54,0.380798,0.487775,18334.623047
55,0.387350,0.481888,18517.625000
56,0.401619,0.453473,18783.873047
57,0.405051,0.420352,18950.236328
58,0.388625,0.387249,19099.966797
59,0.382187,0.368039,19515.931641
60,0.385271,0.332346,19748.843750
61,0.399587,0.326539,19931.832031
62,0.443367,0.354731,20148.134766
63,0.445063,0.343135,20397.669922
64,0.445070,0.324811,20630.605469
65,0.386599,0.319440,20863.578125
66,0.454787,0.369543,21246.212891
67,0.455157,0.388372,21545.681641
68,0.427288,0.424432,21828.527344
69,0.375833,0.423316,22327.642578
70,0.375750,0.431212,22743.589844
71,0.358709,0.422623,22909.958984
72,0.391596,0.408136,23442.355469
73,0.384932,0.521484,23825.029297
74,0.422286,0.542362,24141.148438
75,0.400847,0.522033,24274.292969
76,0.442609,0.498749,24590.355469
77,0.438720,0.491015,24690.164062
0,0.716525,0.713704,33.253834
1,0.719521,0.599912,316.096252
2,0.735175,0.523636,532.482117
3,0.685213,0.473081,748.647461
4,0.638655,0.481285,915.041626
5,0.649327,0.508485,1264.482300
6,0.910909,0.611689,2079.710693
7,0.894450,0.627334,2362.575684
8,0.903355,0.591349,2645.402588
9,0.932391,0.630824,2861.652832
10,0.942055,0.713605,3077.968994
11,0.950891,0.748376,3260.955566
12,0.941132,0.545452,4242.621582
13,0.929242,0.475616,4442.232422
14,0.853577,0.486409,4758.451172
15,0.823522,0.467128,4991.334473
16,0.006281,0.525675,5324.063965
17,0.030407,0.507201,5540.341797
18,0.067863,0.481981,5756.577148
19,0.091546,0.486791,6072.811523
20,0.089017,0.478777,6172.550293
21,0.098842,0.529834,6521.924805
22,0.131899,0.591427,6704.937988
23,0.148327,0.554775,6921.262207
24,0.055323,0.505185,7220.722656
25,0.061109,0.480239,7337.172852
26,0.032765,0.641352,7986.020508
27,0.069144,0.614553,8318.804688
28,0.093254,0.466212,8584.987305
29,0.095102,0.414539,8751.402344
30,0.332152,0.566579,10015.836914
31,0.381642,0.591189,10315.341797
32,0.383448,0.549761,10548.204102
33,0.381846,0.544164,10714.602539
34,0.412296,0.517998,11113.924805
35,0.441847,0.516746,11396.750977
36,0.448375,0.534781,11662.931641
37,0.378158,0.473826,11895.870117
38,0.396718,0.479275,12178.707031
39,0.352229,0.427007,12511.456055
40,0.494127,0.539106,12910.782227
41,0.519171,0.548727,13110.389648
42,0.544531,0.461333,13376.622070
43,0.530880,0.418253,13626.173828
44,0.400388,0.445100,13942.282227
45,0.389662,0.498528,14108.701172
46,0.363223,0.481297,14275.044922
47,0.286579,0.541249,14724.265625
48,0.283561,0.487221,15007.117188
49,0.083468,0.530364,15872.276367
50,0.083993,0.496759,16021.996094
51,0.093164,0.673432,16571.031250
52,0.090113,0.740919,16704.132812
53,0.096569,0.652549,17086.806641
54,0.092109,0.516533,17386.300781
55,0.089492,0.452674,17536.007812
56,0.094243,0.454977,18367.896484
57,0.096503,0.485587,18600.818359
58,0.096599,0.565574,18950.195312
59,0.087299,0.527102,19199.748047
60,0.084394,0.458444,19782.072266
61,0.794645,0.532907,20663.882812
62,0.749355,0.544634,20913.429688
63,0.755000,0.541163,21013.265625
64,0.677297,0.483426,21695.386719
65,0.647775,0.517491,21944.978516
66,0.627098,0.552608,22261.119141
67,0.632897,0.539806,22527.267578
68,0.629713,0.533278,22627.144531
69,0.664682,0.340920,23159.531250
70,0.692338,0.332999,23442.376953
71,0.822739,0.568335,24041.318359
72,0.881500,0.524155,24290.863281
73,0.903357,0.492028,24507.162109
0,0.787288,0.536750,382.611725
1,0.781003,0.347970,632.301514
2,0.771389,0.293871,798.585754
3,0.746863,0.282777,998.294739
4,0.630554,0.463702,1647.178101
5,0.611831,0.516462,1830.078247
6,0.591713,0.519533,2046.475830
7,0.628476,0.504742,2628.679932
8,0.695855,0.493725,2845.040283
9,0.709127,0.494293,3011.442383
10,0.694104,0.492927,3260.967041
11,0.693174,0.490248,3643.608398
12,0.712592,0.484650,4292.558105
13,0.737144,0.457380,4508.753418
14,0.790519,0.453918,4725.066895
15,0.806084,0.328857,5107.704102
16,0.884979,0.455795,5473.721680
17,0.891158,0.485268,5606.874023
18,0.915661,0.526215,5823.184082
19,0.931674,0.565045,6072.739746
20,0.940113,0.555384,6405.464844
21,0.867333,0.618897,6704.926758
22,0.843838,0.641112,6838.099609
23,0.885309,0.586678,7070.935059
24,0.882586,0.512742,7303.884277
25,0.889364,0.489252,7436.979004
26,0.950661,0.466355,7719.830078
27,0.011376,0.455067,7919.571289
28,0.039939,0.443052,8119.166016
29,0.056465,0.397668,8352.010742
30,0.075540,0.512140,8684.794922
31,0.075910,0.516677,9533.336914
32,0.076131,0.503056,9633.124023
33,0.067028,0.311817,10265.393555
34,0.058134,0.297715,10415.106445
35,0.091804,0.181329,10947.553711
36,0.165912,0.416259,11313.566406
37,0.067046,0.524012,11529.852539
38,0.067165,0.582179,11796.004883
39,0.074118,0.524190,12212.003906
40,0.073627,0.495237,12378.334961
41,0.088199,0.531086,12844.181641
42,0.076323,0.494826,13326.695312
43,0.077808,0.484987,13725.963867
44,0.094593,0.471206,14025.463867
45,0.175176,0.440909,14275.041016
46,0.228772,0.458218,14474.691406
47,0.213574,0.293761,14890.642578
48,0.234820,0.313145,15389.728516
49,0.283013,0.402781,15672.614258
50,0.249960,0.618479,16121.829102
51,0.241371,0.658354,16288.193359
52,0.290210,0.698370,16504.433594
53,0.366391,0.709899,16987.046875
54,0.368433,0.492940,18234.775391
55,0.371343,0.468098,18467.757812
56,0.440526,0.484077,18767.265625
57,0.457670,0.492705,19016.738281
58,0.479111,0.453880,19233.029297
59,0.453628,0.396375,19599.142578
60,0.435648,0.401235,19815.402344
61,0.418929,0.447383,20031.613281
62,0.410548,0.468472,20264.568359
63,0.444579,0.388956,20663.888672
64,0.404687,0.473437,20996.632812
65,0.389002,0.492794,21262.791016
66,0.366482,0.503982,21462.468750
67,0.356471,0.503979,21628.851562
68,0.360873,0.328899,22111.330078
69,0.357156,0.299814,22427.466797
70,0.340489,0.320275,22810.132812
71,0.345638,0.343835,23059.714844
72,0.325514,0.354803,23359.185547
73,0.328292,0.459409,23691.910156
74,0.313979,0.464975,23941.474609
75,0.292768,0.466526,24423.949219
76,0.261133,0.462073,24706.785156
0,0.743310,0.593466,249.455673
1,0.902422,0.495229,1181.166260
2,0.921390,0.537296,1380.812744
3,0.906925,0.439328,2112.874756
4,0.925148,0.610935,4026.180664
5,0.922894,0.606785,4125.993164
6,0.839010,0.514601,4508.623047
7,0.541880,0.494119,5723.175293
8,0.382478,0.489499,6488.553711
9,0.355039,0.487715,6787.991211
10,0.399660,0.744281,7220.669922
11,0.418119,0.814087,7370.375488
12,0.779686,0.897205,8102.396484
13,0.793142,0.881703,8252.138672
14,0.391092,0.840224,8568.278320
15,0.352207,0.603052,8984.223633
16,0.348471,0.589408,9183.855469
17,0.730222,0.891790,9716.270508
18,0.767314,0.875936,9832.686523
19,0.759633,0.871625,10281.861328
20,0.351489,0.790203,10697.868164
21,0.351280,0.771189,10814.264648
22,0.728850,0.908895,11147.027344
23,0.769959,0.882656,11379.987305
24,0.777719,0.876933,11546.372070
25,0.785676,0.891189,11829.170898
26,0.369315,0.255429,14640.921875
27,0.461472,0.176907,14857.250977
28,0.494296,0.173609,15040.222656
29,0.842792,0.387471,16720.617188
30,0.805550,0.381721,17003.484375
31,0.780081,0.217450,17369.474609
32,0.798611,0.187984,17635.738281
33,0.786931,0.315253,17852.009766
34,0.790941,0.326230,18134.808594
35,0.766512,0.296487,18550.837891
36,0.768346,0.250239,19066.519531
37,0.791410,0.339607,19399.328125
38,0.910519,0.388208,19798.583984
39,0.893273,0.506430,20297.748047
40,0.896247,0.536545,20447.480469
41,0.924456,0.588996,20613.828125
42,0.926839,0.597204,20813.486328
43,0.936778,0.602250,22344.207031
44,0.786997,0.555216,23009.636719
45,0.739073,0.622123,23941.341797
46,0.696607,0.639978,24174.250000
47,0.693372,0.629267,24324.097656
48,0.635783,0.497987,24640.154297
49,0.573243,0.418374,24989.533203
0,0.755131,0.369913,133.213669
1,0.775042,0.538802,565.688660
2,0.833663,0.537941,782.018494
3,0.935674,0.505274,1264.485107
4,0.941215,0.527645,1530.697876
5,0.947360,0.558040,1713.715332
6,0.945013,0.356659,2296.011719
7,0.926311,0.358697,2512.300781
8,0.904617,0.457023,2678.739258
9,0.892512,0.433401,3227.743896
10,0.891796,0.440316,3377.480225
11,0.772700,0.456044,3726.823486
12,0.753059,0.482513,4026.346680
13,0.388856,0.448857,5074.507812
14,0.363086,0.438417,5340.772949
15,0.353056,0.508377,5806.566895
16,0.317741,0.569825,6106.047363
17,0.365475,0.433082,6455.459473
18,0.397196,0.415951,6804.811035
19,0.372214,0.440026,7237.446289
20,0.426907,0.442323,7653.322266
21,0.403324,0.414463,8052.648438
22,0.165801,0.400101,8884.501953
23,0.154510,0.349453,9034.240234
24,0.087898,0.397481,9300.461914
25,0.078267,0.443589,9566.680664
26,0.075613,0.428250,9733.024414
27,0.091895,0.583689,10415.168945
28,0.081380,0.417419,10847.733398
29,0.084562,0.397322,11014.167969
30,0.093081,0.450558,11563.185547
31,0.076279,0.528170,11796.101562
32,0.080167,0.535535,12212.064453
33,0.924116,0.449680,12478.255859
34,0.093624,0.413117,13343.353516
35,0.096651,0.412269,13676.144531
36,0.091247,0.408645,14058.793945
37,0.088332,0.408049,14225.181641
38,0.105216,0.460105,14657.729492
39,0.095421,0.513558,14874.048828
40,0.093397,0.402503,15306.658203
41,0.270797,0.397162,15755.811523
42,0.391006,0.466325,16354.847656
43,0.462505,0.480817,16704.216797
44,0.500962,0.509225,16953.771484
45,0.662831,0.489871,17802.275391
46,0.660838,0.483362,17935.375000
47,0.740784,0.507362,18135.089844
48,0.650804,0.473673,18501.068359
49,0.704764,0.433960,18817.150391
50,0.709548,0.419227,18966.859375
51,0.879659,0.496847,19782.134766
52,0.911578,0.494418,19965.121094
53,0.925118,0.482638,20198.126953
54,0.927996,0.479168,20297.857422
55,0.920450,0.468698,20480.931641
56,0.927262,0.564997,20730.490234
57,0.920536,0.559357,20863.570312
58,0.698088,0.435029,21529.103516
59,0.106891,0.470090,23093.099609
60,0.099686,0.446524,23276.042969
61,0.091710,0.455107,23442.494141
0,0.704360,0.587813,133.111847
1,0.743745,0.541055,332.751312
2,0.784106,0.513370,532.435059
3,0.814322,0.529118,698.775574
4,0.897776,0.475943,1314.372070
5,0.929970,0.517766,1830.180176
6,0.936914,0.560457,2013.165649
7,0.926437,0.599190,2196.250244
8,0.878450,0.654929,2462.407715
9,0.863426,0.661070,2662.014648
10,0.881101,0.663903,2961.549805
11,0.882682,0.688574,3061.341553
12,0.825364,0.704514,3244.385254
13,0.446096,0.512119,4691.809082
14,0.352565,0.480277,5407.216309
15,0.355837,0.466755,5606.873535
16,0.309351,0.445649,5956.287109
17,0.277062,0.464415,6239.116211
18,0.231696,0.451602,6655.047363
19,0.187056,0.446828,6921.287598
20,0.159125,0.462512,7137.542969
21,0.152604,0.411297,7486.918945
22,0.132118,0.410320,7786.423828
23,0.077052,0.466713,8035.973145
24,0.058784,0.486137,8302.164062
25,0.067101,0.567002,9383.602539
26,0.073803,0.599678,9666.478516
27,0.071800,0.485784,9999.201172
28,0.052946,0.361295,10697.974609
29,0.021677,0.311299,10880.991211
30,0.026649,0.265396,11080.656250
31,0.050373,0.244768,11330.208008
32,0.097245,0.295747,11646.310547
33,0.069281,0.499951,12028.980469
34,0.175033,0.440320,12810.964844
35,0.306662,0.452346,13476.468750
36,0.405117,0.494462,13892.397461
37,0.422528,0.499338,14158.594727
38,0.449523,0.506292,14474.712891
39,0.470640,0.522990,14724.282227
40,0.555728,0.440399,15223.428711
41,0.610393,0.470217,15606.052734
42,0.586695,0.483470,16155.116211
43,0.544667,0.442748,16338.110352
44,0.521695,0.409925,16554.421875
45,0.481158,0.365205,16820.605469
46,0.452417,0.346882,16970.359375
47,0.453446,0.406133,17269.837891
48,0.445890,0.473223,17469.464844
49,0.426480,0.519204,17685.750000
50,0.370420,0.519467,18035.160156
51,0.359276,0.516920,18168.248047
52,0.344907,0.543998,18467.742188
53,0.358720,0.476429,18700.662109
54,0.371368,0.412922,18900.322266
55,0.356755,0.370932,19216.427734
56,0.328635,0.328766,19449.343750
57,0.291669,0.343626,19815.400391
58,0.260420,0.357440,20048.326172
59,0.034702,0.410525,21013.281250
60,0.035482,0.357275,21296.132812
61,0.081621,0.386745,21662.158203
62,0.070025,0.475686,21945.007812
63,0.070952,0.507393,22111.361328
64,0.073141,0.475797,22444.113281
65,0.062532,0.540074,22876.681641
66,0.079193,0.491992,23226.091797
67,0.166795,0.451265,23558.824219
68,0.313445,0.282305,24440.632812
69,0.346915,0.264240,24656.906250
0,0.811295,0.543446,349.391510
1,0.819792,0.533569,499.148956
2,0.930645,0.504834,1064.806274
3,0.982418,0.390007,1281.062500
4,0.131026,0.369289,2096.288574
5,0.088608,0.500277,2778.458008
6,0.100472,0.657176,3244.278564
7,0.104618,0.674395,3377.463623
8,0.102373,0.419471,4209.272461
9,0.090222,0.582182,4591.917480
10,0.096863,0.463268,5190.878418
11,0.091266,0.447404,5457.083008
12,0.976516,0.295848,6272.395996
13,0.813412,0.580055,7170.828125
14,0.785415,0.574886,7470.254883
15,0.637466,0.524623,8618.263672
16,0.451750,0.500017,9849.458008
17,0.369885,0.447590,10747.868164
18,0.433415,0.240713,11296.886719
19,0.441482,0.135884,11563.098633
20,0.441839,0.148097,11679.536133
21,0.019976,0.879509,13875.738281
22,0.391658,0.582498,14757.583984
23,0.379240,0.502587,15389.724609
24,0.382143,0.478183,15672.581055
25,0.393067,0.732408,16038.626953
26,0.418761,0.842229,16188.337891
27,0.351665,0.990161,16537.773438
28,0.990397,0.897737,17253.193359
29,0.975537,0.904019,17469.417969
30,0.975422,0.911677,17635.828125
31,0.954186,0.906695,17802.175781
32,0.932618,0.924190,18268.029297
33,0.810752,0.958266,18717.300781
34,0.057593,0.474041,20281.238281
35,0.039586,0.423323,20430.941406
36,0.059815,0.417880,20796.982422
37,0.081196,0.432195,21096.423828
38,0.085937,0.440712,21412.576172
39,0.088702,0.508902,21811.958984
40,0.097762,0.572526,22111.371094
41,0.157988,0.619703,22510.644531
42,0.970349,0.908104,23592.076172
43,0.926777,0.908614,24091.208984
44,0.695876,0.971945,24656.855469
45,0.633307,0.948229,24806.646484
0,0.823288,0.467220,465.846619
1,0.828911,0.458236,615.561279
2,0.776496,0.360355,981.630371
3,0.760913,0.289817,1231.215454
4,0.763531,0.237309,1464.156250
5,0.767254,0.224302,1547.277710
6,0.781098,0.200432,1746.927979
7,0.810421,0.243819,2063.111572
8,0.843250,0.355899,2429.150146
9,0.876526,0.453763,2678.644775
10,0.891904,0.498347,2978.135010
11,0.891642,0.500396,3477.324951
12,0.923609,0.506278,4841.520508
13,0.943243,0.547575,5091.162598
14,0.966910,0.509572,5806.555176
15,0.020415,0.456207,6172.566406
16,0.065579,0.480798,6555.255371
17,0.087165,0.493894,6788.119141
18,0.084647,0.510948,8085.830566
19,0.082225,0.514297,8368.725586
20,0.078864,0.610782,8751.443359
21,0.084332,0.610998,9133.999023
22,0.100448,0.494920,9483.520508
23,0.096124,0.487282,9616.534180
24,0.094309,0.471148,9766.281250
25,0.098855,0.464981,10398.579102
26,0.094248,0.461355,10581.490234
27,0.412814,0.509019,11596.459961
28,0.463381,0.531191,12095.522461
29,0.492381,0.486065,12744.373047
30,0.469977,0.331733,13260.120117
31,0.386203,0.294948,13559.653320
32,0.390923,0.317555,14042.113281
33,0.385683,0.519805,14275.071289
34,0.335473,0.532134,15007.119141
35,0.341247,0.527897,15140.218750
36,0.295748,0.495708,15406.382812
37,0.064402,0.509181,16537.802734
38,0.066711,0.489979,16687.570312
39,0.076402,0.485485,16820.632812
40,0.078658,0.474976,16986.980469
41,0.085786,0.559577,17951.972656
42,0.082742,0.598602,18184.957031
43,0.082594,0.566145,18534.324219
44,0.079734,0.490715,18800.451172
45,0.083676,0.475919,18966.962891
46,0.083671,0.473358,19199.779297
47,0.998405,0.426014,19399.468750
48,0.974774,0.373592,19665.683594
49,0.962114,0.302165,19881.935547
50,0.959508,0.191510,20297.888672
51,0.952227,0.137366,20564.083984
52,0.963669,0.107572,20713.810547
53,0.973682,0.107745,20979.982422
54,0.961043,0.092937,21296.099609
55,0.945216,0.434645,21612.232422
56,0.923077,0.478032,22194.515625
57,0.925643,0.476022,22394.253906
58,0.910426,0.538946,22577.246094
59,0.935973,0.565875,22876.660156
60,0.874952,0.533649,23259.376953
61,0.836069,0.523372,23841.652344
62,0.838414,0.506098,23958.144531
0,0.806731,0.448504,399.343140
1,0.822332,0.568561,698.739014
2,0.805433,0.259671,1031.489258
3,0.816468,0.217374,1247.900879
4,0.882903,0.553561,1680.414551
5,0.797258,0.585713,2046.444702
6,0.791886,0.574031,2229.400146
7,0.934608,0.585552,2811.806641
8,0.928828,0.437559,3028.078125
9,0.024870,0.383717,3843.250488
10,0.029280,0.381625,4109.474121
11,0.047954,0.458645,4525.392090
12,0.903789,0.467314,4891.478027
13,0.890669,0.462332,5024.580078
14,0.889361,0.405344,5357.359863
15,0.836072,0.451805,5690.069824
16,0.883294,0.490931,6072.706543
17,0.953883,0.702122,6638.413086
18,0.934062,0.543179,6904.647461
19,0.728664,0.466887,7636.655273
20,0.684824,0.396293,7786.401855
21,0.630983,0.382608,8185.698730
22,0.589095,0.393186,8501.818359
23,0.528598,0.542490,8867.802734
24,0.515672,0.587586,9100.793945
25,0.475166,0.406733,9450.176758
26,0.457913,0.342833,9683.099609
27,0.390387,0.431593,9915.957031
28,0.372643,0.439592,10198.814453
29,0.414143,0.501082,10465.044922
30,0.377349,0.567633,10714.666016
31,0.433968,0.470558,11047.406250
32,0.459150,0.462534,11247.026367
33,0.463159,0.466725,11546.539062
34,0.472509,0.416586,11979.026367
35,0.498366,0.432641,12128.823242
36,0.496716,0.420314,12378.341797
37,0.492737,0.479751,12894.089844
38,0.398815,0.496677,13276.896484
39,0.385981,0.489342,13542.966797
40,0.296258,0.413326,13992.214844
41,0.246835,0.438062,14175.299805
42,0.165819,0.350667,14707.659180
43,0.144730,0.317858,14940.649414
44,0.194706,0.487481,15156.930664
45,0.199843,0.375748,15389.791016
46,0.348590,0.495999,15722.528320
47,0.408660,0.520972,16055.352539
48,0.419699,0.455344,16471.177734
49,0.413180,0.478751,16903.832031
50,0.472437,0.530065,17169.988281
51,0.529650,0.567079,17785.603516
52,0.545074,0.589016,18218.130859
53,0.504618,0.351734,18717.306641
54,0.496022,0.268246,18950.199219
55,0.629638,0.497129,20863.587891
56,0.626795,0.509052,21096.521484
57,0.691698,0.474401,21362.677734
58,0.636039,0.422053,21678.830078
59,0.639086,0.307027,22144.705078
60,0.687980,0.745084,22926.572266
61,0.800027,0.152067,23974.794922
62,0.900725,0.142784,24174.427734
63,0.901946,0.562591,24973.119141
0,0.750714,0.622113,282.952911
1,0.902850,0.538265,981.659668
2,0.895120,0.540942,1181.265991
3,0.934805,0.552356,1397.622559
4,0.929315,0.565502,1547.305542
5,0.929122,0.569792,1979.913086
6,0.875809,0.595029,2262.846680
7,0.893432,0.484981,2445.762695
8,0.909996,0.434205,2645.394287
9,0.910284,0.389964,2861.679443
10,0.916357,0.327726,3127.873047
11,0.902557,0.301646,3310.968750
12,0.887758,0.267340,3510.600342
13,0.883128,0.191686,3677.026855
14,0.856684,0.165083,3926.485352
15,0.823528,0.137918,4142.814941
16,0.839354,0.095493,4492.158203
17,0.853837,0.074640,4708.444824
18,0.711796,0.196056,5124.405762
19,0.710387,0.174919,5224.257812
20,0.745926,0.344026,5540.333008
21,0.680951,0.404204,6022.938477
22,0.707762,0.474593,6322.356445
23,0.689153,0.524202,6638.419434
24,0.703313,0.559436,6937.944336
25,0.764040,0.538250,7420.435059
26,0.508856,0.578347,8318.833984
27,0.512746,0.560442,8518.485352
28,0.463926,0.577767,8668.269531
29,0.410881,0.584641,8951.125977
30,0.382528,0.575635,9333.687500
31,0.360966,0.561804,9766.294922
32,0.359216,0.540430,10182.250000
33,0.295612,0.550856,10415.200195
34,0.278211,0.602187,10881.044922
35,0.283061,0.660935,11097.319336
36,0.107084,0.683708,11862.702148
37,0.052654,0.661157,12212.111328
38,0.064578,0.563653,12528.128906
39,0.062969,0.493088,12810.938477
40,0.065642,0.480669,13110.541016
41,0.074226,0.480670,13260.196289
42,0.071568,0.495371,13809.300781
43,0.076981,0.542324,13975.713867
44,0.072541,0.503567,14325.093750
45,0.111401,0.338489,15106.942383
46,0.122349,0.287174,15273.318359
47,0.172262,0.255287,15622.772461
48,0.172127,0.199338,15822.364258
49,0.152729,0.162671,15988.815430
50,0.255392,0.200887,16321.582031
51,0.248092,0.193020,16454.673828
52,0.254347,0.167844,16587.796875
53,0.153196,0.354194,17003.732422
54,0.267027,0.342210,17386.355469
55,0.347051,0.294835,17735.751953
56,0.377699,0.272228,18001.900391
57,0.357989,0.266126,18501.033203
58,0.376485,0.271252,18733.964844
59,0.475790,0.379830,19216.492188
60,0.479935,0.386709,19332.921875
61,0.507958,0.470249,19565.851562
62,0.496533,0.507019,19881.949219
63,0.496194,0.506341,19981.787109
64,0.496883,0.509606,20098.244141
65,0.541349,0.523308,20381.062500
66,0.496951,0.532344,20763.736328
67,0.561311,0.499685,20980.017578
68,0.585521,0.456517,21146.386719
69,0.574832,0.358010,21479.146484
70,0.613736,0.352726,21728.716797
71,0.612422,0.357308,21828.541016
72,0.632696,0.301362,22078.146484
73,0.648926,0.276231,22477.412109
74,0.681592,0.215196,22760.251953
75,0.691403,0.194606,22926.638672
76,0.718759,0.133671,23226.105469
77,0.776736,0.126784,23592.134766
78,0.773983,0.140193,23841.716797
79,0.735983,0.363427,24141.205078
80,0.739231,0.374896,24224.343750
81,0.721778,0.482614,24440.675781
0,0.750644,0.392018,166.343079
1,0.780953,0.466927,366.090759
2,0.800856,0.485122,549.037781
3,0.807490,0.499679,898.466675
4,0.808332,0.498682,1281.131226
5,0.819385,0.506332,1414.289185
6,0.900776,0.486269,1796.869263
7,0.930889,0.561563,2312.589844
8,0.937068,0.580877,2595.437012
9,0.979769,0.455766,2994.817383
10,0.023544,0.418903,3427.366943
11,0.048231,0.413613,3743.436279
12,0.087358,0.503251,4159.399414
13,0.074757,0.601605,4891.427734
14,0.077571,0.611573,5057.817871
15,0.085442,0.482677,5307.383301
16,0.076166,0.620079,6971.154297
17,0.081125,0.654371,7220.686035
18,0.057338,0.620242,7536.801758
19,0.906599,0.522887,7769.727051
20,0.907936,0.541854,8218.935547
21,0.929073,0.523792,8418.644531
22,0.851800,0.482697,8751.336914
23,0.843606,0.445800,9084.112305
24,0.780257,0.434584,9366.929688
25,0.745857,0.395371,9649.785156
26,0.676071,0.514853,10082.366211
27,0.653539,0.435939,10282.042969
28,0.621890,0.424701,10481.670898
29,0.597927,0.510385,10914.257812
30,0.496036,0.550420,11446.659180
31,0.478945,0.390643,11746.118164
32,0.466231,0.332587,11979.071289
33,0.434282,0.317194,12162.050781
34,0.406834,0.549992,12511.450195
35,0.381464,0.574418,12727.742188
36,0.347574,0.531692,13060.487305
37,0.341886,0.507606,13260.173828
38,0.367073,0.406810,13526.360352
39,0.530787,0.591556,14191.871094
40,0.551160,0.448156,14607.776367
41,0.557180,0.359465,14807.439453
42,0.564215,0.329813,14957.185547
43,0.684670,0.330400,15306.562500
44,0.734430,0.330233,15522.853516
45,0.805828,0.413528,15739.141602
46,0.802988,0.414155,15872.244141
47,0.859082,0.506598,16105.174805
48,0.887247,0.531320,16321.483398
49,0.894051,0.536115,16620.917969
50,0.873804,0.481747,16970.335938
51,0.806989,0.545843,17236.519531
52,0.786021,0.564791,17402.943359
53,0.799283,0.559151,18085.050781
54,0.796017,0.542860,18334.593750
55,0.788714,0.551142,18850.367188
56,0.918265,0.580638,19482.597656
57,0.932264,0.593944,19648.980469
58,0.926790,0.533346,20131.458984
59,0.926903,0.578230,20780.328125
60,0.934832,0.561700,21196.292969
61,0.077805,0.533267,21578.951172
62,0.087136,0.539038,21712.044922
63,0.088975,0.509009,21911.673828
64,0.084502,0.485207,22311.005859
65,0.167576,0.413836,23691.916016
66,0.176574,0.399706,23908.230469
67,0.177067,0.393313,24024.699219
68,0.132552,0.543276,24357.421875
69,0.133255,0.554356,24507.164062
0,0.764468,0.587746,83.257957
1,0.754717,0.567739,316.163239
2,0.754416,0.565365,565.708191
3,0.794716,0.565211,798.631958
4,0.883504,0.538368,1380.911865
5,0.891712,0.538747,1613.898682
6,0.898682,0.576603,2329.342529
7,0.943478,0.576697,2695.338623
8,0.025765,0.447701,3111.266357
9,0.023910,0.443155,3211.064941
10,0.088686,0.492092,3710.169189
11,0.090273,0.510846,3976.421387
12,0.080545,0.507900,4425.663086
13,0.078100,0.550472,4891.490723
14,0.075857,0.545400,5207.585449
15,0.238219,0.495957,5739.960938
16,0.296355,0.494308,5956.357422
17,0.418942,0.504161,6571.867676
18,0.410272,0.523339,6804.763672
19,0.419653,0.511562,7054.393555
20,0.463830,0.518037,7353.804199
21,0.438247,0.519269,7653.291992
22,0.375678,0.524419,7969.444336
23,0.391425,0.521313,8302.164062
24,0.394547,0.524938,8701.517578
25,0.397565,0.536867,8884.509766
26,0.361174,0.539110,9167.301758
27,0.398152,0.581290,9466.811523
28,0.401462,0.660341,9899.359375
29,0.403304,0.791876,10265.397461
30,0.396606,0.761687,10498.383789
31,0.361281,0.713491,10847.712891
32,0.387121,0.630552,11080.695312
33,0.395312,0.548169,11313.562500
34,0.392526,0.493536,11479.977539
35,0.404266,0.418553,11646.308594
36,0.386931,0.381315,11796.128906
37,0.352464,0.368084,12062.335938
38,0.405435,0.420142,12578.060547
39,0.450080,0.459228,12777.701172
40,0.443641,0.467608,13027.259766
41,0.472199,0.493303,13226.953125
42,0.407087,0.521126,13576.305664
43,0.409457,0.521889,14225.173828
44,0.456879,0.511272,14641.192383
45,0.462048,0.537714,14857.532227
46,0.380462,0.521301,15090.376953
47,0.379455,0.525336,15240.112305
48,0.371740,0.483788,15423.128906
49,0.349420,0.485213,16071.937500
50,0.352064,0.507208,16421.333984
51,0.332646,0.474614,16537.802734
52,0.331620,0.471998,16770.710938
53,0.339934,0.487124,17269.826172
54,0.356616,0.503599,17685.751953
55,0.371363,0.495648,18251.488281
56,0.376276,0.503649,19233.078125
57,0.352139,0.497166,19582.429688
58,0.383643,0.536165,20530.832031
59,0.307754,0.502609,20763.777344
60,0.305451,0.507396,21029.947266
61,0.298354,0.503541,21179.660156
62,0.313271,0.492684,21795.291016
63,0.340754,0.503924,22477.408203
64,0.384303,0.512333,23109.660156
65,0.330808,0.525022,23442.439453
66,0.371585,0.546596,24041.367188
67,0.367863,0.545086,24457.291016
0,0.801141,0.476569,332.827271
1,0.810928,0.524424,465.915161
2,0.631752,0.629552,1148.038330
3,0.642185,0.415610,1414.290283
4,0.662642,0.362893,1630.534912
5,0.630465,0.378889,1780.288818
6,0.593524,0.449808,2013.187378
7,0.560229,0.467425,2196.253418
8,0.479824,0.481991,2795.162842
9,0.446287,0.462021,3011.453857
10,0.419317,0.440949,3227.753174
11,0.406044,0.432686,3444.089600
12,0.428698,0.409833,3643.720703
13,0.452593,0.455954,3793.382080
14,0.391090,0.393359,4142.787598
15,0.383227,0.407660,4458.941406
16,0.413325,0.408638,5124.403809
17,0.428742,0.453269,5590.316406
18,0.392996,0.430712,5923.071289
19,0.398973,0.426125,6139.307129
20,0.400452,0.412135,6322.397949
21,0.402391,0.426564,6422.137207
22,0.402114,0.435225,6555.226562
23,0.902728,0.445781,7387.191895
24,0.938469,0.425326,7786.461426
25,0.002106,0.404672,7969.449219
26,0.093284,0.435056,8551.814453
27,0.079526,0.445935,8817.952148
28,0.080714,0.542529,9416.911133
29,0.083355,0.512968,9633.195312
30,0.085994,0.477668,9782.958984
31,0.096452,0.421995,10082.416016
32,0.374356,0.442376,11080.677734
33,0.362421,0.450209,11313.590820
34,0.371961,0.434753,11596.439453
35,0.374652,0.414540,11862.620117
36,0.403787,0.438136,12228.677734
37,0.433983,0.442866,12478.279297
38,0.469249,0.468120,12711.169922
39,0.403058,0.645248,12994.001953
40,0.395047,0.535006,13243.573242
41,0.465284,0.451519,13626.211914
42,0.467271,0.460629,13726.130859
43,0.521871,0.449244,14058.790039
44,0.525840,0.449834,14208.552734
45,0.530923,0.513170,14374.955078
46,0.538968,0.512973,14591.241211
47,0.247229,0.462183,15572.852539
48,0.251597,0.441564,15705.972656
49,0.271980,0.472735,15955.477539
50,0.275674,0.465296,16388.132812
51,0.265107,0.441794,17053.587891
52,0.361367,0.446736,18434.490234
53,0.366759,0.456064,18534.291016
54,0.373338,0.441270,18667.431641
55,0.378363,0.420985,20081.630859
56,0.382350,0.438928,20730.472656
57,0.356422,0.438201,20996.724609
58,0.050698,0.360603,21895.136719
59,0.097040,0.514282,22144.691406
60,0.080476,0.444900,22277.761719
0,0.754949,0.456650,116.437202
1,0.774898,0.425672,449.237305
2,0.774473,0.251301,682.136414
3,0.654614,0.441282,1064.783325
4,0.621669,0.470660,1380.924072
5,0.601531,0.418792,1713.647705
6,0.567392,0.404804,1996.506836
7,0.527397,0.494094,2295.983643
8,0.502596,0.588580,2578.757324
9,0.479905,0.443243,2844.995361
10,0.484851,0.422569,3027.977051
11,0.464159,0.469012,3260.940918
12,0.538951,0.576886,3510.525146
13,0.401283,0.585544,3909.823486
14,0.366584,0.567065,4175.988281
15,0.347606,0.521747,4458.798828
16,0.351825,0.510039,4741.658203
17,0.366863,0.460252,5457.146484
18,0.376382,0.469710,5556.921387
19,0.416055,0.440097,6006.159668
20,0.416517,0.600634,6305.621582
21,0.455052,0.453770,6721.507324
22,0.460740,0.396198,6987.708496
23,0.544285,0.382860,7353.777832
24,0.530234,0.376153,7586.680664
25,0.613849,0.416086,8218.930664
26,0.658308,0.497028,8535.014648
27,0.714449,0.492593,9000.877930
28,0.918511,0.528041,9965.874023
29,0.932878,0.602477,10415.067383
30,0.941004,0.611900,10581.479492
31,0.918990,0.753063,10964.151367
32,0.058690,0.266321,11629.691406
33,0.084130,0.214443,11945.754883
34,0.170321,0.287336,12195.276367
35,0.151881,0.332398,12511.423828
36,0.078607,0.536490,12827.518555
37,0.075096,0.515985,13027.163086
38,0.085532,0.379263,14042.056641
39,0.085863,0.439062,14324.940430
40,0.080783,0.464111,14724.228516
41,0.094947,0.357890,15023.712891
42,0.095783,0.437230,15855.586914
43,0.079289,0.441045,16188.293945
44,0.069358,0.442447,16537.734375
45,0.072224,0.386884,16803.990234
46,0.245037,0.426519,17369.613281
47,0.188873,0.812622,19499.246094
48,0.795556,0.846950,20896.804688
49,0.744530,0.864751,21129.736328
50,0.250011,0.985203,21345.992188
51,0.771676,0.942765,21595.597656
52,0.813224,0.874472,21878.412109
53,0.865251,0.873315,22127.980469
54,0.884664,0.850903,22444.089844
55,0.844209,0.884765,22660.369141
56,0.790693,0.906815,22876.669922
57,0.808622,0.712913,23192.726562
58,0.800933,0.580475,23458.972656
0,0.767130,0.491357,99.872932
1,0.767029,0.490957,249.566757
2,0.813507,0.549095,482.489624
3,0.812681,0.546752,748.724365
4,0.742883,0.582504,1081.459106
5,0.894014,0.741525,2479.029785
6,0.901292,0.524888,3310.891602
7,0.917319,0.496389,3493.925537
8,0.926629,0.536438,4342.433594
9,0.891230,0.501952,4658.531250
10,0.870821,0.505008,5141.046387
11,0.882434,0.509021,5490.419922
12,0.898845,0.463712,6089.367188
13,0.917052,0.431126,6488.674805
14,0.975407,0.432426,6838.073730
15,0.015921,0.416242,7154.165527
16,0.051814,0.459979,7570.132324
17,0.019841,0.406460,7902.878906
18,0.067974,0.376307,8285.530273
19,0.096626,0.515815,8518.470703
20,0.097216,0.584638,9117.435547
21,0.101586,0.643435,9633.177734
22,0.102539,0.633280,9766.270508
23,0.085606,0.455632,9965.917969
24,0.081008,0.434929,10132.312500
25,0.090281,0.438748,11047.378906
26,0.134961,0.362923,11396.776367
27,0.113093,0.415312,11862.625000
28,0.910539,0.347442,13310.095703
29,0.899548,0.352055,13759.295898
30,0.880640,0.289641,14108.695312
31,0.889489,0.206539,14557.906250
32,0.897759,0.204922,14757.567383
33,0.878975,0.196982,14890.670898
34,0.869592,0.192124,15073.661133
35,0.871765,0.236522,15356.507812
36,0.878830,0.243104,15472.961914
37,0.819114,0.313721,15655.990234
38,0.821664,0.313617,15772.455078
39,0.872048,0.286928,15938.817383
40,0.834383,0.264733,16571.044922
41,0.853523,0.512543,17419.580078
42,0.887706,0.519792,17669.160156
43,0.884306,0.505432,18268.095703
44,0.879216,0.489320,18484.371094
45,0.740187,0.455871,18817.152344
46,0.679163,0.496955,19399.449219
47,0.681547,0.556366,19998.416016
48,0.698919,0.637251,20297.888672
49,0.638895,0.615663,20797.005859
50,0.636235,0.614678,21046.572266
51,0.550023,0.560404,21312.775391
52,0.575784,0.501552,21761.994141
53,0.517483,0.533973,22311.027344
54,0.536998,0.532559,22743.615234
55,0.575152,0.537055,23292.666016
56,0.584269,0.581016,23825.048828
57,0.583310,0.579482,24157.832031
58,0.510261,0.608492,24490.562500
59,0.492357,0.524867,24939.765625
0,0.692214,0.510910,16.673773
1,0.769753,0.505119,449.202698
2,0.870660,0.502865,1746.904663
3,0.019118,0.397479,2495.665527
4,0.079652,0.550823,3244.324707
5,0.055577,0.604935,3943.067871
6,0.153652,0.430878,4425.593262
7,0.170750,0.401885,4575.352051
8,0.119451,0.853942,5972.862305
9,0.107154,0.893884,6222.432617
10,0.103445,0.948243,6405.470703
11,0.461473,0.972523,6821.387207
12,0.447815,0.945901,7087.582031
13,0.508730,0.940034,7436.977539
14,0.784369,0.895335,7719.806152
15,0.602316,0.944556,8019.285645
16,0.547598,0.944562,8169.042969
17,0.345852,0.939430,8518.434570
18,0.610944,0.941524,8967.624023
19,0.425074,0.924240,9183.924805
20,0.175365,0.946945,9799.522461
21,0.469605,0.835799,10132.265625
22,0.350784,0.895251,10814.407227
23,0.366405,0.585060,11463.280273
24,0.347481,0.583168,11679.553711
25,0.352405,0.564213,11879.216797
26,0.349375,0.553323,12195.341797
27,0.362067,0.589933,12677.819336
28,0.389586,0.571387,12894.118164
29,0.395803,0.533081,13476.452148
30,0.461094,0.486812,13909.003906
31,0.915136,0.511796,16554.417969
32,0.802645,0.240221,17336.343750
33,0.668665,0.533547,17985.208984
34,0.675232,0.529545,18134.960938
35,0.682467,0.514281,18268.048828
36,0.624734,0.549794,18883.648438
37,0.606065,0.540341,19249.660156
38,0.529471,0.572951,19465.960938
39,0.533418,0.553791,19632.333984
40,0.458529,0.570644,19915.173828
41,0.393823,0.568989,20231.277344
42,0.363514,0.558393,20597.324219
43,0.366247,0.539167,20747.044922
44,0.355102,0.551109,20996.621094
45,0.406749,0.466225,21745.320312
46,0.305930,0.530250,22044.781250
47,0.309404,0.528621,22211.152344
48,0.328030,0.659082,22427.451172
49,0.201688,0.632992,23126.212891
50,0.131767,0.603033,23525.515625
51,0.105659,0.588154,23658.634766
52,0.162968,0.470157,24290.849609
53,0.288005,0.768110,24806.623047
54,0.310618,0.784059,24956.382812
0,0.648443,0.465759,216.287262
1,0.653679,0.463040,332.745758
2,0.660718,0.585604,748.662292
3,0.893395,0.515546,1630.386230
4,0.088369,0.310903,2545.465332
5,0.076847,0.313697,2778.381592
6,0.094135,0.361447,2994.711914
7,0.160301,0.427648,3377.418457
8,0.075511,0.490020,4242.516602
9,0.069194,0.476790,5107.657715
10,0.072095,0.505393,5839.758789
11,0.069089,0.477517,6105.916992
12,0.065141,0.462919,6987.703613
13,0.066480,0.460755,7320.556152
14,0.067680,0.474020,7436.935547
15,0.070497,0.504980,7653.305664
16,0.071238,0.493911,7819.612305
17,0.075534,0.478406,8035.855957
18,0.841108,0.505065,9017.552734
19,0.760730,0.542136,9549.931641
20,0.765840,0.534266,9716.268555
21,0.703575,0.452278,9982.458984
22,0.645752,0.515000,10365.148438
23,0.614431,0.505561,10747.813477
24,0.577466,0.466963,11030.679688
25,0.641738,0.465452,11746.165039
26,0.783824,0.516170,12328.394531
27,0.835186,0.531859,12677.774414
28,0.084615,0.499388,13642.741211
29,0.160555,0.507386,14641.003906
30,0.321482,0.518516,15106.873047
31,0.318759,0.518542,15223.332031
32,0.388057,0.524414,15406.326172
33,0.416630,0.522127,15805.637695
34,0.407906,0.507473,15972.006836
35,0.397743,0.509988,16471.117188
36,0.393441,0.791808,16837.164062
37,0.368910,0.830531,17169.902344
38,0.385917,0.671911,17702.306641
39,0.117136,0.926912,18833.707031
40,0.037961,0.994365,19232.970703
41,0.701994,0.975084,19449.257812
42,0.750461,0.958366,19831.945312
43,0.712729,0.959309,19998.310547
44,0.887927,0.536698,21079.736328
45,0.874746,0.512266,21345.931641
46,0.877303,0.509114,21645.410156
47,0.079331,0.483767,23791.664062
48,0.063971,0.461566,23991.345703
49,0.050579,0.573169,24756.638672
0,0.784014,0.442658,16.672358
1,0.781028,0.537464,399.346527
2,0.811858,0.566156,582.334900
3,0.878803,0.544473,898.389526
4,0.901280,0.526340,1464.105103
5,0.908758,0.531643,1830.089844
6,0.898189,0.509796,2262.686279
7,0.887386,0.501016,3011.386719
8,0.798655,0.499812,3360.793213
9,0.807350,0.450007,3627.010254
10,0.769482,0.462902,3876.524902
11,0.763985,0.392854,4076.190918
12,0.788007,0.366624,4359.019043
13,0.800887,0.323585,4658.539551
14,0.757694,0.384392,5490.404297
15,0.737368,0.475772,5690.039551
16,0.677970,0.446467,6039.425293
17,0.649192,0.419360,6289.035645
18,0.627735,0.406766,6488.631836
19,0.539666,0.341340,7104.231445
20,0.535471,0.311153,7436.967773
21,0.493479,0.515074,7902.833008
22,0.502163,0.458452,8202.315430
23,0.465136,0.322823,8518.425781
24,0.482482,0.315356,8801.249023
25,0.508162,0.301176,8984.289062
26,0.418606,0.475442,9300.400391
27,0.371336,0.487456,9599.867188
28,0.350672,0.474193,9882.693359
29,0.347917,0.464252,10182.233398
30,0.345295,0.513620,10631.396484
31,0.349247,0.549088,10914.255859
32,0.357312,0.509612,11280.276367
33,0.420146,0.557616,11945.796875
34,0.369137,0.514716,12295.174805
35,0.362990,0.502193,12494.812500
36,0.925636,0.568586,14474.684570
37,0.919673,0.606045,14641.047852
38,0.902945,0.655206,14824.051758
39,0.975259,0.693118,15173.501953
40,0.021077,0.648750,15456.287109
41,0.053762,0.601780,15739.130859
42,0.081765,0.571104,15955.444336
43,0.086530,0.497159,16238.248047
44,0.061589,0.610681,16654.205078
45,0.082175,0.512564,16937.041016
46,0.085225,0.495414,17103.419922
47,0.073127,0.630392,17835.503906
48,0.066061,0.653915,18018.488281
49,0.060032,0.660999,18218.140625
50,0.078441,0.572699,19033.388672
51,0.070894,0.598412,20214.656250
52,0.075226,0.622168,20314.464844
53,0.064239,0.653156,20530.759766
54,0.065057,0.674482,20663.861328
55,0.040503,0.719277,20880.142578
56,0.801488,0.511551,22078.056641
57,0.830484,0.509013,22394.179688
58,0.831351,0.502952,22843.417969
59,0.787684,0.534464,23092.935547
60,0.746616,0.533241,23375.781250
61,0.794897,0.528482,23758.460938
62,0.807833,0.523803,23924.833984
63,0.855001,0.493181,24141.132812
64,0.827598,0.480451,24507.154297
65,0.821965,0.476826,24773.330078
0,0.810528,0.553907,598.933472
1,0.949084,0.591719,1364.214600
2,0.901523,0.245184,2179.543213
3,0.638549,0.470633,3028.022705
4,0.541028,0.518068,3643.608154
5,0.513315,0.593855,3826.628418
6,0.454197,0.575873,4142.704590
7,0.411695,0.554079,4392.294434
8,0.383198,0.560306,4725.042480
9,0.384645,0.544097,4874.781250
10,0.375339,0.513828,5124.356445
11,0.355498,0.330437,5523.645508
12,0.360165,0.275495,5690.018066
13,0.347492,0.198361,5839.788574
14,0.264550,0.501103,6488.590820
15,0.388087,0.505284,7021.080078
16,0.376634,0.505270,7237.276367
17,0.487245,0.521205,8435.252930
18,0.539864,0.503629,8668.158203
19,0.738554,0.495877,9450.115234
20,0.842717,0.477050,9949.272461
21,0.881312,0.346432,10232.082031
22,0.931544,0.348041,10548.221680
23,0.948256,0.556972,11014.049805
24,0.052805,0.406484,11579.731445
25,0.102312,0.476542,11862.658203
26,0.096409,0.489111,12128.732422
27,0.089384,0.471673,12394.989258
28,0.083335,0.525289,13143.622070
29,0.085668,0.541320,13426.548828
30,0.088964,0.484542,13726.030273
31,0.180275,0.375949,14458.006836
32,0.231527,0.397015,14624.408203
33,0.073769,0.466987,15190.077148
34,0.080170,0.486350,15389.718750
35,0.075744,0.509964,15572.754883
36,0.078548,0.530286,15772.380859
37,0.079072,0.538585,15988.705078
38,0.081011,0.553640,16105.126953
39,0.033872,0.395097,16421.318359
40,0.266337,0.356816,17669.064453
41,0.306801,0.435668,17935.261719
42,0.094556,0.475190,20247.958984
43,0.094951,0.578634,21678.742188
44,0.100586,0.643032,21911.695312
45,0.156738,0.889212,23292.558594
46,0.152347,0.904604,23558.779297
47,0.159912,0.915625,23908.207031
48,0.890575,0.882344,24423.951172
49,0.704246,0.589150,24956.312500
