Idx, longitude, latitude, start timestamp
0,0.753444,0.307677,16.706156
1,0.730319,0.349992,249.696930
2,0.649039,0.111399,848.684326
3,0.655250,0.103536,981.692322
4,0.643214,0.107203,1147.996094
5,0.502406,0.271749,2445.787109
6,0.515843,0.252744,2645.512207
7,0.707971,0.151043,3693.592529
8,0.697363,0.141828,3893.194336
9,0.680392,0.131462,4176.093750
10,0.905772,0.253165,5374.080566
11,0.899806,0.248324,5606.994629
12,0.922558,0.697163,6888.041992
13,0.898187,0.237835,7853.009766
14,0.222877,0.229193,9965.975586
15,0.912333,0.358860,11895.983398
16,0.496974,0.284440,13609.514648
17,0.503088,0.297712,14092.065430
18,0.669723,0.143536,14674.401367
19,0.910746,0.279383,15639.362305
20,0.740542,0.552759,18650.679688
21,0.852651,0.500676,19615.669922
22,0.032749,0.394970,21329.392578
23,0.993939,0.299576,22510.611328
24,0.008374,0.330379,22793.570312
25,0.005659,0.253760,23309.253906
26,0.138946,0.439030,24507.238281
0,0.713126,0.588463,366.000336
1,0.688021,0.545230,565.675720
2,0.632749,0.283525,1048.177856
3,0.621312,0.213509,1231.236572
4,0.619019,0.199810,1380.901611
5,0.771832,0.446360,2828.312256
6,0.846956,0.465696,3227.711182
7,0.915491,0.360511,3693.656494
8,0.844881,0.482653,4725.010254
9,0.826771,0.487926,4858.149414
10,0.860611,0.465882,5590.128906
11,0.838162,0.471500,6189.110840
12,0.737263,0.428004,6771.525879
13,0.722936,0.388710,6921.282227
14,0.735007,0.441503,8069.210449
15,0.747703,0.517840,8351.978516
16,0.817711,0.505079,8668.166016
17,0.843458,0.492500,8967.628906
18,0.856942,0.491300,9150.583008
19,0.013598,0.380390,10215.503906
20,0.916035,0.604704,11929.187500
21,0.938267,0.714755,13676.017578
22,0.134032,0.586224,14391.528320
23,0.227505,0.513994,15938.801758
24,0.143511,0.444847,16371.374023
25,0.319407,0.538042,17785.578125
26,0.274667,0.605226,18600.876953
27,0.389308,0.571259,19249.687500
28,0.356459,0.426097,20497.449219
29,0.505215,0.381983,21429.214844
30,0.498514,0.367982,21662.210938
31,0.494748,0.504420,21961.580078
32,0.483579,0.535381,22227.802734
33,0.478915,0.555170,22427.451172
34,0.504581,0.589099,23159.539062
35,0.496897,0.523581,23425.632812
36,0.468621,0.468245,23775.193359
37,0.470434,0.465870,24207.615234
38,0.493169,0.357481,24656.880859
0,0.773161,0.464730,16.588007
1,0.753966,0.451904,365.995850
2,0.689215,0.423845,931.548523
3,0.625952,0.227385,1364.231323
4,0.621769,0.201839,1513.957153
5,0.620583,0.189736,1647.156738
6,0.618739,0.183439,1830.079712
7,0.601368,0.523726,3061.160156
8,0.612138,0.524071,3244.309570
9,0.494194,0.462249,3543.634277
10,0.495406,0.377995,3893.163574
11,0.494113,0.360196,4026.171387
12,0.489417,0.352209,4259.165039
13,0.914912,0.357759,5806.453613
14,0.824511,0.490387,6638.362793
15,0.835556,0.474635,6987.715332
16,0.867176,0.472637,7353.729492
17,0.870616,0.605952,7703.075195
18,0.875642,0.615512,7786.380859
19,0.900993,0.641877,7952.701172
20,0.933199,0.653512,8218.830078
21,0.881995,0.669480,8468.529297
22,0.959775,0.719252,8801.327148
23,0.915148,0.573057,9749.595703
24,0.028388,0.624936,10215.445312
25,0.161348,0.546446,10814.347656
26,0.209133,0.426275,11014.086914
27,0.231745,0.368884,11246.908203
28,0.230444,0.329564,11429.916992
29,0.221146,0.323806,12045.652344
30,0.230013,0.327074,12478.182617
31,0.150612,0.428616,12794.326172
32,0.194249,0.541430,13077.005859
33,0.233935,0.567536,13276.752930
34,0.151549,0.435878,13775.926758
35,0.131659,0.288454,14291.624023
36,0.897110,0.361142,15223.237305
37,0.733328,0.431876,16055.276367
38,0.739752,0.433350,16188.249023
39,0.758643,0.488845,16387.978516
40,0.604841,0.229610,17003.621094
41,0.602315,0.216734,17169.958984
42,0.833875,0.097798,17868.751953
43,0.931959,0.099034,18567.478516
44,0.839621,0.515596,19465.917969
45,0.836114,0.496753,19565.730469
46,0.865126,0.449807,19848.597656
47,0.484316,0.455121,21329.279297
48,0.481795,0.364210,21662.066406
49,0.459837,0.520361,21928.255859
50,0.496157,0.364573,22826.697266
51,0.497819,0.350389,23126.187500
52,0.600733,0.339887,23658.656250
0,0.859955,0.495836,831.835388
1,0.854041,0.489650,931.585205
2,0.928162,0.398822,1147.965088
3,0.922086,0.349912,1380.798340
4,0.912934,0.348282,1846.684692
5,0.936049,0.477308,2362.386719
6,0.780261,0.820964,2944.741455
7,0.109792,0.330790,4525.451172
8,0.228972,0.342700,4907.989746
9,0.217804,0.329617,5140.980469
10,0.335869,0.442525,5706.602051
11,0.344152,0.421086,5939.431641
12,0.232257,0.212443,6388.648438
13,0.242974,0.191953,6521.744629
14,0.236969,0.208170,6671.531738
15,0.155403,0.462962,7703.037598
16,0.012987,0.577160,8218.746094
17,0.962906,0.535368,8451.708008
18,0.894341,0.379449,8767.798828
19,0.898894,0.339135,8967.436523
20,0.831663,0.463530,9383.450195
21,0.818543,0.485602,9566.353516
22,0.819399,0.491817,9649.589844
23,0.837115,0.487631,9782.645508
24,0.869708,0.454872,10714.397461
25,0.722488,0.404620,11596.158203
26,0.732138,0.383332,11729.285156
27,0.765736,0.490808,12045.392578
28,0.651648,0.238718,12511.303711
29,0.624410,0.212072,12644.415039
30,0.643280,0.204474,12860.584961
31,0.487558,0.469236,13625.945312
32,0.474381,0.398602,13808.900391
33,0.480560,0.349951,14025.217773
34,0.456454,0.533298,14524.329102
35,0.457204,0.549248,14640.772461
36,0.462252,0.577234,14940.291016
37,0.514521,0.546362,15273.044922
38,0.494009,0.327083,15522.665039
39,0.517822,0.265723,15855.350586
40,0.532238,0.256366,16121.483398
41,0.647717,0.242966,16420.964844
42,0.638729,0.207274,16620.677734
43,0.635238,0.199672,16886.910156
44,0.660094,0.427881,17269.486328
45,0.658285,0.510494,17502.406250
46,0.627962,0.250399,18517.273438
47,0.614151,0.203596,18683.748047
48,0.721057,0.303175,19182.734375
49,0.918755,0.367623,19648.589844
50,0.926232,0.352906,20014.619141
51,0.040771,0.368346,20613.585938
52,0.109283,0.313148,21245.873047
53,0.207330,0.407453,21511.953125
54,0.228493,0.360482,21711.761719
55,0.078664,0.880148,22976.109375
56,0.167831,0.837283,23209.037109
57,0.942701,0.679004,23708.103516
58,0.887096,0.620096,24057.574219
59,0.892018,0.566400,24273.900391
60,0.909223,0.553712,24623.187500
0,0.756416,0.531442,349.407074
1,0.750740,0.470807,515.781006
2,0.687946,0.471271,898.397766
3,0.587548,0.200946,1580.442139
4,0.583590,0.206230,2612.033203
5,0.620116,0.206690,2828.307373
6,0.469066,0.355253,3127.770020
7,0.475067,0.325223,3310.772949
8,0.446014,0.448816,3826.603516
9,0.446899,0.553461,4009.535889
10,0.442047,0.584746,4292.422852
11,0.406703,0.553548,4641.833008
12,0.415974,0.480145,4858.119629
13,0.531560,0.414036,5124.241211
14,0.681865,0.274110,5590.060547
15,0.674907,0.212627,5773.067383
16,0.754135,0.409469,6255.679199
17,0.755143,0.409756,6421.927734
18,0.857302,0.485264,6921.015137
19,0.932787,0.353301,7619.913574
20,0.025161,0.588796,9982.368164
21,0.155846,0.527258,10681.046875
22,0.214476,0.296627,11862.432617
23,0.314218,0.541028,12561.104492
24,0.343014,0.498345,12794.096680
25,0.339466,0.428115,13309.880859
26,0.139423,0.486139,14174.988281
27,0.131310,0.434483,14590.941406
28,0.894000,0.664266,16770.345703
29,0.874697,0.577698,17386.021484
30,0.879408,0.578729,17569.001953
31,0.863349,0.450254,18933.201172
32,0.838146,0.466105,19232.703125
33,0.805114,0.514219,19648.636719
34,0.635843,0.184840,22110.970703
35,0.475851,0.355392,22809.648438
36,0.472260,0.407329,23075.955078
37,0.464919,0.571163,23508.511719
38,0.600674,0.518394,24207.283203
0,0.936008,0.348873,1098.096802
1,0.928297,0.439058,1397.646484
2,0.938216,0.474677,1580.700195
3,0.019214,0.313667,2013.223267
4,0.033477,0.578597,2578.840332
5,0.009263,0.597117,2761.819824
6,0.881830,0.650043,3310.969971
7,0.883920,0.642632,3527.230957
8,0.884286,0.596048,4242.624512
9,0.897873,0.571790,4508.838867
10,0.955792,0.690330,4858.200195
11,0.623906,0.230525,6189.185059
12,0.612691,0.217768,6322.381348
13,0.531475,0.479770,6888.070801
14,0.474454,0.402229,7353.987793
15,0.486347,0.380203,7486.906250
16,0.467177,0.539040,7869.697266
17,0.434834,0.554334,8169.147461
18,0.436221,0.570390,8401.975586
19,0.406970,0.536165,8601.672852
20,0.386623,0.531248,9100.797852
21,0.346753,0.509025,9450.114258
22,0.301731,0.472874,9799.579102
23,0.256325,0.562986,10082.376953
24,0.321547,0.485355,10531.571289
25,0.391664,0.491530,10797.847656
26,0.389779,0.488372,10914.375977
27,0.402281,0.530094,11163.806641
28,0.455116,0.708477,11546.437500
29,0.495061,0.682367,11796.119141
30,0.513173,0.548732,12045.705078
31,0.506834,0.374097,12345.097656
32,0.479797,0.452682,12877.540039
33,0.464446,0.451290,13060.606445
34,0.460667,0.455698,13193.584961
35,0.302020,0.429578,13726.103516
36,0.250100,0.425288,14042.200195
37,0.253001,0.428616,14158.661133
38,0.198781,0.510623,14374.909180
39,0.192356,0.480705,14657.770508
40,0.210998,0.310360,15206.772461
41,0.217481,0.295569,15489.672852
42,0.230096,0.370175,15822.438477
43,0.216973,0.456271,16238.263672
44,0.310855,0.487167,16521.142578
45,0.325200,0.485774,16754.191406
46,0.386129,0.506776,17036.869141
47,0.475492,0.517404,17452.847656
48,0.502674,0.473222,17702.384766
49,0.666022,0.432025,18750.632812
50,0.705259,0.417892,18983.455078
51,0.766842,0.326044,19332.949219
52,0.838540,0.453193,19632.437500
53,0.917891,0.350031,20247.972656
54,0.916217,0.317918,20530.826172
55,0.901176,0.578927,20896.853516
56,0.900566,0.649378,21329.460938
57,0.954136,0.723451,21645.623047
58,0.969411,0.737667,22028.214844
59,0.945960,0.761181,23009.837891
60,0.940146,0.724122,23325.976562
61,0.944581,0.717189,23425.861328
62,0.840755,0.887427,23725.296875
63,0.632362,0.914861,23974.876953
0,0.759007,0.536917,49.985146
1,0.779778,0.528892,349.543304
2,0.838562,0.527099,582.309326
3,0.833923,0.518574,1181.314941
4,0.735361,0.676455,1397.603516
5,0.698421,0.690322,1647.182129
6,0.651055,0.691071,1880.077515
7,0.451232,0.270328,3410.644775
8,0.461447,0.253505,3693.560303
9,0.646876,0.119056,4691.749512
10,0.652212,0.129038,4891.422363
11,0.658512,0.120415,5157.657227
12,0.478349,0.301015,7387.107422
13,0.312417,0.517943,8451.937500
14,0.262803,0.582946,8934.404297
15,0.179303,0.220750,10148.947266
16,0.131407,0.376285,10697.964844
17,0.213386,0.645620,12012.258789
18,0.739248,0.453324,14924.045898
19,0.710602,0.352866,15972.123047
20,0.886428,0.702796,19399.410156
21,0.886187,0.693641,19599.070312
22,0.893212,0.547279,20414.330078
23,0.933526,0.577940,20863.517578
24,0.933049,0.570176,21063.175781
25,0.877932,0.542018,21579.052734
26,0.903107,0.688257,22028.179688
27,0.970009,0.775063,23043.125000
28,0.014833,0.600245,23575.527344
29,0.840372,0.431030,24540.531250
30,0.858250,0.412747,24939.710938
0,0.756557,0.539208,33.232166
1,0.754986,0.493836,332.675201
2,0.843024,0.479545,848.481689
3,0.906586,0.425639,1147.919800
4,0.924344,0.357919,1297.658691
5,0.927198,0.338975,1447.484253
6,0.918776,0.333740,1647.088257
7,0.880723,0.578983,2146.152588
8,0.899634,0.601969,2362.520996
9,0.921373,0.621202,2661.992188
10,0.219140,0.358632,3810.064697
11,0.231610,0.320097,3943.074707
12,0.224474,0.326265,4092.751465
13,0.222215,0.322571,4225.857422
14,0.207955,0.479006,4808.312988
15,0.190087,0.435471,5174.274414
16,0.185400,0.415632,5340.627441
17,0.207619,0.311854,5523.598633
18,0.210715,0.281527,5723.243164
19,0.212951,0.302942,6072.745117
20,0.211507,0.318987,6338.833496
21,0.318753,0.401674,6754.847168
22,0.160709,0.410637,7187.344727
23,0.899911,0.383834,7819.560547
24,0.887430,0.362089,8002.545898
25,0.890118,0.582869,8335.474609
26,0.896188,0.599179,8718.091797
27,0.629916,0.205437,9832.878906
28,0.604365,0.182542,9982.416016
29,0.477930,0.362455,10614.829102
30,0.399609,0.480912,11130.566406
31,0.358142,0.476304,11313.494141
32,0.366537,0.488641,11496.559570
33,0.370973,0.434953,11662.968750
34,0.647443,0.198118,12461.517578
35,0.655023,0.193894,12644.469727
36,0.595915,0.232898,12927.428711
37,0.643852,0.203126,13143.625977
38,0.670433,0.223776,13659.313477
39,0.641194,0.192504,14191.859375
40,0.815960,0.435140,15106.832031
41,0.845267,0.472638,15323.162109
42,0.837968,0.470346,15556.090820
43,0.861279,0.499926,16055.151367
44,0.920560,0.338553,16404.544922
45,0.012862,0.376501,16986.923828
46,0.153216,0.492988,17852.033203
47,0.156352,0.515650,18134.908203
48,0.208662,0.450278,18367.818359
49,0.228156,0.328132,18817.046875
50,0.239028,0.305217,19532.460938
51,0.218804,0.462146,19981.574219
0,0.756845,0.441704,16.600800
1,0.845765,0.462239,432.572693
2,0.938907,0.619247,998.256714
3,0.933301,0.611132,1081.442139
4,0.916504,0.648356,1247.854370
5,0.892601,0.299192,1680.491943
6,0.891617,0.283028,1880.095459
7,0.002722,0.288418,2379.209961
8,0.995517,0.276722,2495.672363
9,0.140267,0.403295,3044.648682
10,0.105853,0.314272,3227.757812
11,0.589469,0.210413,5074.414062
12,0.586056,0.192539,5174.311035
13,0.478769,0.398917,6056.089844
14,0.473150,0.570190,6505.263672
15,0.470533,0.626578,6788.137207
16,0.467265,0.579321,7087.632324
17,0.471662,0.441002,7337.080078
18,0.360833,0.521629,7636.641602
19,0.324116,0.483278,7886.202148
20,0.285788,0.541744,8185.793945
21,0.213193,0.313760,8734.713867
22,0.224323,0.274700,8901.150391
23,0.221361,0.348380,9333.709961
24,0.230005,0.385152,9816.186523
25,0.208423,0.340683,9965.891602
26,0.961268,0.770502,14324.996094
27,0.633171,0.148911,20630.449219
28,0.599096,0.129139,21129.708984
29,0.614646,0.127303,21362.611328
30,0.736293,0.400564,22077.966797
31,0.871776,0.434994,23675.167969
32,0.868190,0.431942,23858.185547
33,0.867450,0.427164,24041.304688
34,0.847932,0.483139,24290.802734
35,0.871100,0.447451,24606.919922
0,0.907629,0.499894,981.600098
1,0.906076,0.394882,1430.915039
2,0.896503,0.547752,1813.519775
3,0.891222,0.592604,2146.239014
4,0.891302,0.660243,2412.454590
5,0.889734,0.672639,2695.345703
6,0.924001,0.635124,3127.803955
7,0.866797,0.586497,3610.372070
8,0.899548,0.559890,4009.667236
9,0.824356,0.507380,4225.939453
10,0.819560,0.501899,4359.049316
11,0.826691,0.505970,4758.315430
12,0.912630,0.399260,5007.897949
13,0.649792,0.241487,6455.440918
14,0.639523,0.232258,6688.289551
15,0.628137,0.230683,7220.750977
16,0.483244,0.392766,8734.759766
17,0.494100,0.363949,9000.992188
18,0.486674,0.382880,9500.064453
19,0.476056,0.584880,9949.202148
20,0.448349,0.591167,10248.680664
21,0.424839,0.584804,10564.847656
22,0.510610,0.571027,10897.600586
23,0.352632,0.607882,11879.227539
24,0.292480,0.570167,12328.388672
25,0.206987,0.400411,12894.138672
26,0.199411,0.382709,13043.947266
27,0.197780,0.370041,13210.254883
28,0.203080,0.347177,13576.259766
29,0.207857,0.581672,14042.113281
30,0.231221,0.583060,14258.411133
31,0.280035,0.590548,14524.632812
32,0.158273,0.526783,16920.304688
33,0.186614,0.493837,17203.177734
34,0.996179,0.613042,17802.183594
35,0.030954,0.623680,17968.623047
36,0.049912,0.637113,18201.427734
37,0.016984,0.628465,18534.207031
38,0.002176,0.593582,18833.679688
39,0.934048,0.639639,19216.390625
40,0.953609,0.688887,19432.666016
41,0.977704,0.707112,19632.265625
42,0.980251,0.722233,19981.642578
0,0.759670,0.434214,166.234085
1,0.810290,0.448330,415.825439
2,0.757805,0.421839,632.112122
3,0.753615,0.255427,831.779053
4,0.742406,0.246234,1064.629639
5,0.669841,0.156957,1480.604736
6,0.647446,0.397097,3027.871582
7,0.639366,0.564614,3194.241699
8,0.757358,0.287319,3809.795898
9,0.743891,0.282213,3909.744141
10,0.864194,0.463290,4225.783203
11,0.859036,0.453433,4392.205566
12,0.955136,0.296365,4641.706543
13,0.957697,0.285314,4791.412598
14,0.949955,0.276818,4974.401367
15,0.839392,0.444540,5207.416016
16,0.839709,0.422555,5357.261719
17,0.880093,0.383966,5989.364746
18,0.264803,0.248079,8368.498047
19,0.266654,0.239153,8634.741211
20,0.261073,0.240245,8867.578125
21,0.254192,0.237194,9117.259766
22,0.278457,0.540455,9416.692383
23,0.386323,0.346740,10148.684570
24,0.403974,0.520131,10864.212891
25,0.471445,0.388345,11446.441406
26,0.135000,0.407177,12827.424805
27,0.939902,0.678593,14840.472656
28,0.903644,0.558670,15788.827148
29,0.883824,0.504832,16271.362305
30,0.809916,0.367528,16787.142578
31,0.936145,0.232905,17252.935547
32,0.832295,0.431496,17951.687500
33,0.704041,0.283845,18999.914062
34,0.459941,0.271297,21229.408203
35,0.465137,0.211261,21412.380859
36,0.471953,0.203905,21661.843750
37,0.474381,0.206245,22161.027344
38,0.458475,0.527527,23408.835938
39,0.528086,0.528153,23691.720703
0,0.749691,0.402384,282.817261
1,0.746628,0.346419,449.247803
2,0.840826,0.505024,815.223083
3,0.948039,0.344946,1497.337402
4,0.955149,0.357858,1796.871094
5,0.907256,0.510745,2063.072754
6,0.868302,0.554464,2262.742188
7,0.983531,0.352563,2662.020264
8,0.994767,0.317040,2828.338867
9,0.988510,0.337071,3360.726562
10,0.968302,0.315979,3560.380127
11,0.935983,0.299645,3793.369629
12,0.923121,0.376458,5024.549316
13,0.943085,0.471481,5823.151367
14,0.939988,0.485819,6089.365234
15,0.939691,0.472969,6355.536621
16,0.939244,0.478789,6871.291504
17,0.869924,0.666094,8019.299316
18,0.867673,0.660525,8218.952148
19,0.011694,0.617204,8884.462891
20,0.012917,0.641042,9017.595703
21,0.012102,0.282477,9616.473633
22,0.015903,0.307507,9899.326172
23,0.244608,0.311011,10631.364258
24,0.236725,0.292861,10764.498047
25,0.226642,0.293553,10880.925781
26,0.212368,0.640241,11230.353516
27,0.223357,0.613188,11646.307617
28,0.255115,0.663494,11879.245117
29,0.197463,0.590199,12145.458984
30,0.180218,0.602375,12378.333984
31,0.867582,0.632097,13509.708984
32,0.863659,0.614918,13809.199219
33,0.874727,0.608025,14092.071289
34,0.892124,0.658916,14274.984375
35,0.632095,0.149046,15289.935547
36,0.647992,0.160538,15456.316406
37,0.643272,0.195584,15755.800781
38,0.459602,0.301786,16038.688477
39,0.454618,0.527059,16587.626953
40,0.461744,0.429981,16903.857422
41,0.474150,0.431434,17136.707031
42,0.491928,0.543099,17602.570312
43,0.513760,0.606354,17802.207031
44,0.498077,0.541502,18018.482422
45,0.497221,0.297857,18301.363281
46,0.499832,0.267918,18451.111328
47,0.501957,0.253695,18584.232422
48,0.593832,0.444413,19116.660156
49,0.593897,0.461997,19299.589844
50,0.584848,0.538185,19449.289062
51,0.761124,0.391563,20198.046875
52,0.762772,0.402282,20314.427734
53,0.861840,0.440832,20630.599609
54,0.863717,0.475529,20780.287109
55,0.859903,0.476974,20946.708984
56,0.919417,0.277143,21196.285156
57,0.910916,0.279929,21529.109375
58,0.993572,0.240279,21795.205078
59,0.004772,0.245342,21978.281250
60,0.013693,0.309519,22277.773438
61,0.080897,0.189929,22543.970703
62,0.021760,0.229641,23192.744141
63,0.028346,0.565723,23592.074219
64,0.004726,0.570450,23741.826172
0,0.744351,0.464957,16.621927
1,0.748338,0.476359,249.517242
2,0.852968,0.469723,499.140472
3,0.857652,0.475972,582.293579
4,0.908138,0.467990,981.559937
5,0.902963,0.682059,1613.836548
6,0.886154,0.685872,1913.318848
7,0.871477,0.616022,2246.057373
8,0.867996,0.587617,2429.096191
9,0.929012,0.360508,2695.272705
10,0.926010,0.360844,2811.780273
11,0.016260,0.423312,3510.542236
12,0.035400,0.408435,3660.261963
13,0.036606,0.422268,3926.458008
14,0.048047,0.673850,4708.492676
15,0.044874,0.633817,4891.432129
16,0.010894,0.608466,5041.182617
17,0.045319,0.602385,5324.046387
18,0.171251,0.585169,5739.982910
19,0.179775,0.508172,6022.762207
20,0.190197,0.488658,6388.793457
21,0.219669,0.463892,6605.109375
22,0.240912,0.406045,6887.936523
23,0.248678,0.373407,7154.186035
24,0.241415,0.369835,7270.630371
25,0.239664,0.478675,7786.381836
26,0.254334,0.449289,8085.844238
27,0.213916,0.589602,8352.073242
28,0.339201,0.565262,8884.471680
29,0.327293,0.543205,9100.772461
30,0.343702,0.488130,9366.922852
31,0.404254,0.532031,9666.430664
32,0.878069,0.335123,11662.902344
33,0.694005,0.385054,12611.315430
34,0.593066,0.279140,13143.755859
35,0.569104,0.205110,13343.312500
36,0.582817,0.185965,13526.359375
37,0.596775,0.185035,13742.617188
38,0.608860,0.496411,14341.563477
39,0.499772,0.558742,14624.507812
40,0.474434,0.523291,14857.356445
41,0.467605,0.395226,15156.833008
42,0.464149,0.370015,15356.492188
43,0.461366,0.484679,15739.153320
44,0.458588,0.564766,15905.520508
45,0.462537,0.603757,16071.957031
46,0.533028,0.600392,16371.333984
47,0.390681,0.563148,16637.548828
48,0.331987,0.513677,17053.478516
49,0.409824,0.563791,17253.160156
50,0.439250,0.205046,18151.640625
51,0.492829,0.194402,18384.537109
52,0.521401,0.197668,18534.224609
53,0.663537,0.212445,18850.376953
54,0.671303,0.322421,19249.652344
55,0.672949,0.365006,19549.173828
56,0.638122,0.206072,19948.472656
57,0.771635,0.577944,20796.970703
58,0.953401,0.664245,21895.046875
59,0.965610,0.671145,22061.402344
60,0.916174,0.331083,22693.626953
61,0.910726,0.330456,22893.287109
62,0.809714,0.463004,23176.113281
63,0.872706,0.609307,23475.617188
64,0.877937,0.712616,23791.728516
65,0.825052,0.461409,24274.199219
66,0.877624,0.570557,24623.603516
0,0.842451,0.492113,532.380920
1,0.851165,0.490103,815.256531
2,0.925751,0.339022,1414.175781
3,0.915515,0.347759,1697.022583
4,0.901419,0.524552,1963.281128
5,0.894890,0.598624,2146.239014
6,0.899423,0.642731,2312.593506
7,0.902357,0.596677,2595.441895
8,0.986759,0.687056,3077.944580
9,0.029889,0.577296,3693.578125
10,0.011787,0.549381,4042.915771
11,0.020082,0.542565,4375.710449
12,0.985888,0.296199,4708.396973
13,0.877486,0.364004,5091.043945
14,0.596335,0.226183,5956.196777
15,0.591045,0.221684,6139.270508
16,0.498533,0.443290,6937.830078
17,0.472703,0.561506,7270.627930
18,0.439990,0.557293,7436.959473
19,0.348032,0.484163,7886.150391
20,0.315876,0.451604,8218.993164
21,0.265681,0.466268,8451.935547
22,0.236255,0.343339,8734.746094
23,0.223222,0.308127,8967.609375
24,0.189950,0.487466,9500.020508
25,0.185020,0.516292,9683.101562
26,0.213232,0.552101,10049.063477
27,0.272507,0.594905,10415.077148
28,0.333179,0.533981,10714.575195
29,0.340220,0.475412,11080.591797
30,0.234814,0.305674,11413.330078
31,0.228043,0.283503,11829.302734
32,0.227607,0.290326,12029.012695
33,0.435481,0.400142,12328.383789
34,0.485911,0.408289,12561.357422
35,0.495839,0.368592,12711.095703
36,0.401404,0.526080,13659.419922
37,0.442182,0.570559,13975.586914
38,0.494807,0.586287,14225.109375
39,0.667435,0.225233,14840.712891
40,0.622860,0.191256,15123.576172
41,0.600168,0.228257,15606.032227
42,0.664106,0.325582,15922.197266
43,0.668260,0.417741,16088.504883
44,0.602227,0.509393,16321.440430
45,0.591889,0.516219,16554.339844
46,0.611623,0.353253,16970.314453
47,0.743578,0.398194,17319.693359
48,0.762193,0.450834,17602.599609
49,0.844140,0.481639,17868.757812
50,0.853639,0.454491,18251.412109
51,0.841157,0.476501,18417.833984
52,0.919226,0.418268,18684.060547
53,0.921276,0.362197,18866.974609
54,0.935279,0.490404,19249.644531
55,0.941648,0.493911,19349.474609
56,0.908037,0.630117,20597.298828
57,0.906604,0.660242,20813.560547
58,0.969392,0.691931,21013.248047
59,0.005935,0.579525,21312.794922
60,0.982500,0.563326,21429.263672
61,0.810796,0.544011,21628.828125
62,0.801596,0.510627,21795.205078
63,0.801946,0.491172,22028.193359
64,0.826137,0.440880,22294.427734
65,0.834300,0.445292,22394.173828
66,0.796883,0.371319,22627.099609
67,0.780281,0.336286,22876.660156
68,0.172068,0.383806,23725.195312
69,0.223391,0.284200,24024.689453
70,0.214590,0.273168,24207.619141
71,0.150429,0.382612,24457.310547
72,0.132920,0.402655,24706.761719
0,0.756076,0.487475,66.494461
1,0.749127,0.399089,399.354095
2,0.674095,0.389541,948.263489
3,0.664033,0.305630,1181.212769
4,0.667599,0.619283,2828.324219
5,0.661214,0.631440,3294.208740
6,0.659016,0.588834,3543.739014
7,0.612099,0.527834,3809.932373
8,0.613257,0.484504,4176.004395
9,0.563473,0.417294,5174.289062
10,0.494340,0.491473,5723.249512
11,0.469580,0.274700,6139.202148
12,0.472364,0.254351,6288.930664
13,0.476582,0.579211,6654.999512
14,0.499028,0.523043,7220.649902
15,0.513970,0.593956,7703.145996
16,0.946725,0.382424,9100.700195
17,0.942415,0.281041,9250.445312
18,0.937870,0.617094,9915.928711
19,0.909291,0.663814,10148.893555
20,0.998480,0.743098,10331.892578
21,0.901031,0.623927,10631.457031
22,0.897719,0.604544,10764.509766
23,0.984679,0.926194,11829.260742
24,0.062699,0.558323,12761.011719
25,0.054762,0.582679,12960.709961
26,0.180987,0.537046,13293.386719
27,0.173045,0.529033,13426.487305
28,0.184810,0.450808,13626.115234
29,0.179583,0.440321,13759.219727
30,0.225803,0.215963,14225.085938
31,0.140995,0.338744,14557.825195
32,0.137393,0.385403,14874.006836
33,0.989627,0.302840,15306.536133
34,0.896542,0.279198,15855.594727
35,0.893736,0.268229,15972.051758
36,0.717919,0.374871,16820.601562
37,0.735886,0.271155,17070.125000
38,0.577208,0.081260,18085.017578
39,0.665066,0.203444,18284.677734
40,0.645263,0.507216,18534.269531
41,0.625881,0.431075,18800.486328
42,0.428908,0.355308,19715.503906
43,0.359279,0.452636,20064.859375
44,0.361603,0.462618,20148.162109
45,0.327612,0.452346,20297.816406
46,0.291438,0.505533,20564.093750
47,0.265148,0.621457,20930.017578
48,0.269298,0.609795,21163.027344
49,0.310395,0.486378,21512.376953
50,0.220542,0.075786,22693.617188
51,0.936535,0.401592,23442.332031
52,0.918702,0.643418,24673.585938
53,0.890747,0.549044,24973.050781
0,0.734027,0.500869,116.480049
1,0.831766,0.522986,382.707458
2,0.876155,0.503377,582.317322
3,0.939720,0.385075,1730.380615
4,0.943233,0.590028,2179.601562
5,0.072259,0.655951,2828.473389
6,0.894876,0.543831,3577.120850
7,0.244990,0.362883,4791.617188
8,0.254833,0.555296,5340.682129
9,0.240609,0.570348,5590.244629
10,0.345168,0.544052,5972.904297
11,0.414564,0.550117,6405.553223
12,0.446227,0.534729,6605.171875
13,0.470991,0.507752,6888.015137
14,0.514532,0.470505,7170.826660
15,0.432313,0.488702,7819.705566
16,0.369999,0.524921,8302.262695
17,0.380454,0.532589,8402.046875
18,0.353142,0.529338,8651.583984
19,0.355955,0.522270,8784.694336
20,0.430974,0.566113,9017.597656
21,0.522967,0.550306,9699.733398
22,0.515863,0.541795,9882.740234
23,0.587934,0.519503,10165.653320
24,0.642385,0.502380,10448.505859
25,0.638600,0.497119,10531.604492
26,0.676370,0.307496,11296.958984
27,0.667178,0.227325,11496.620117
28,0.655821,0.215648,11712.867188
29,0.846317,0.501330,12411.672852
30,0.843817,0.502272,12511.466797
31,0.856034,0.500702,12694.502930
32,0.381103,0.802674,13892.370117
33,0.699443,0.988392,14574.581055
34,0.202817,0.509605,15190.183594
35,0.049250,0.414526,15855.713867
36,0.001511,0.382091,16055.323242
37,0.992796,0.355301,16288.262695
38,0.005803,0.516025,16870.539062
39,0.992254,0.604664,17153.419922
40,0.812038,0.489909,17852.126953
41,0.747959,0.484695,18384.626953
42,0.757840,0.492277,18501.099609
43,0.714857,0.522117,18917.035156
44,0.716782,0.450345,19183.212891
45,0.744621,0.393188,19432.820312
46,0.813351,0.444100,19848.664062
47,0.961929,0.719798,21113.166016
48,0.058614,0.661185,21595.675781
49,0.100489,0.555180,22144.685547
50,0.093288,0.531402,22277.761719
51,0.163650,0.513579,22793.480469
52,0.154717,0.509322,22943.287109
53,0.149407,0.472993,23076.345703
54,0.179928,0.462053,23359.173828
55,0.170297,0.442685,23825.035156
56,0.020532,0.385832,24706.820312
57,0.917176,0.356542,24973.029297
0,0.748669,0.476276,266.140778
1,0.775849,0.451936,449.177521
2,0.816587,0.486181,748.661682
3,0.805449,0.542765,1031.500000
4,0.905173,0.578146,1380.902222
5,0.927638,0.366561,2179.495361
6,0.936267,0.331740,2362.492432
7,0.924983,0.335680,2578.903809
8,0.946728,0.493197,3161.134521
9,0.941354,0.479866,4891.395996
10,0.936665,0.484756,5057.874023
11,0.904015,0.585503,5440.485840
12,0.890556,0.608486,5656.782227
13,0.900061,0.659948,6022.751953
14,0.972700,0.703031,6555.208496
15,0.980347,0.717510,6721.520020
16,0.976911,0.720337,7004.454102
17,0.007152,0.731356,7303.893555
18,0.974151,0.721187,7703.173828
19,0.046366,0.615194,8102.449707
20,0.046098,0.599039,8218.987305
21,0.012238,0.573546,8418.653320
22,0.044422,0.584664,8651.501953
23,0.032775,0.581538,8834.516602
24,0.072228,0.492416,9267.137695
25,0.145408,0.519921,9816.199219
26,0.239190,0.547451,10664.653320
27,0.226054,0.323510,11246.996094
28,0.218384,0.317224,11596.351562
29,0.246850,0.585428,12228.602539
30,0.309719,0.446856,12860.807617
31,0.326404,0.429227,13077.087891
32,0.346886,0.446864,13310.104492
33,0.394418,0.503111,13659.476562
34,0.435704,0.483155,14191.805664
35,0.313550,0.450160,14607.777344
36,0.124756,0.460557,15339.867188
37,0.981398,0.346723,16188.370117
38,0.996844,0.340940,16354.791016
39,0.901822,0.368627,16704.097656
40,0.892325,0.360208,16870.595703
41,0.820487,0.484195,17269.828125
42,0.773960,0.454845,17535.998047
43,0.718028,0.432415,17735.693359
44,0.682388,0.435460,18035.097656
45,0.672587,0.357982,18201.490234
46,0.638408,0.348582,18351.328125
47,0.642180,0.345522,18451.052734
48,0.616044,0.253266,18634.099609
49,0.594757,0.204122,18783.845703
50,0.605116,0.191246,18933.554688
51,0.603938,0.228916,19532.605469
52,0.586157,0.582180,20264.535156
53,0.600545,0.615304,20497.478516
54,0.469698,0.579873,21179.611328
55,0.479619,0.366782,21562.294922
56,0.476607,0.340673,21712.031250
57,0.458177,0.570699,22211.140625
58,0.631833,0.519694,22943.191406
59,0.650637,0.468289,23159.472656
60,0.635191,0.171951,23924.814453
61,0.624843,0.183047,24041.277344
62,0.756744,0.374024,24973.015625
0,0.738784,0.384968,765.371155
1,0.676205,0.443265,1031.521484
2,0.830596,0.525750,2013.228149
3,0.844096,0.511783,2346.024658
4,0.846997,0.467476,2612.186768
5,0.873137,0.454455,3643.663574
6,0.902561,0.597182,3909.877197
7,0.908090,0.646070,4076.238037
8,0.930446,0.670836,4375.799805
9,0.901901,0.681619,4525.410645
10,0.907299,0.740391,4658.520996
11,0.886725,0.611494,4874.828125
12,0.924654,0.611584,5107.757324
13,0.914492,0.586322,5706.719727
14,0.917387,0.382659,5939.640137
15,0.926554,0.350798,6472.079102
16,0.943818,0.478210,6804.784180
17,0.916396,0.396615,7120.902832
18,0.850022,0.450326,7353.834473
19,0.825320,0.467678,7536.856934
20,0.853670,0.446436,7936.136230
21,0.004589,0.412123,8551.737305
22,0.983244,0.388192,8734.752930
23,0.024756,0.379302,8984.340820
24,0.020631,0.371881,9167.337891
25,0.030582,0.392478,9516.728516
26,0.028802,0.376996,9766.300781
27,0.019395,0.361728,9999.228516
28,0.061080,0.623853,10564.885742
29,0.005583,0.638212,10864.394531
30,0.953362,0.729906,11014.122070
31,0.948973,0.750986,11463.296875
32,0.954980,0.614380,12012.394531
33,0.964841,0.603017,12178.726562
34,0.100997,0.559860,12444.928711
35,0.139199,0.578093,12727.783203
36,0.159361,0.529557,13027.288086
37,0.168670,0.504295,13459.832031
38,0.179301,0.480241,13576.277344
39,0.164056,0.425898,13809.234375
40,0.205752,0.414694,14541.269531
41,0.228957,0.415156,14740.929688
42,0.223341,0.351354,15106.929688
43,0.227957,0.345188,15306.603516
44,0.233083,0.341781,15406.449219
45,0.230013,0.507609,16005.367188
46,0.197213,0.523679,16188.387695
47,0.159321,0.474331,16437.943359
48,0.142571,0.449099,16587.705078
49,0.120395,0.460012,16787.371094
50,0.228928,0.351088,17219.914062
51,0.233036,0.327978,17469.488281
52,0.224080,0.446494,18001.900391
53,0.219640,0.429333,18251.468750
54,0.223293,0.408957,18584.197266
55,0.213753,0.349472,18933.617188
56,0.218943,0.327320,19582.490234
57,0.219751,0.378302,19931.853516
58,0.331691,0.467595,20381.072266
59,0.332637,0.420566,21379.314453
60,0.323409,0.429156,21662.160156
61,0.402958,0.507425,22993.167969
62,0.444786,0.504822,23159.548828
63,0.440547,0.501570,23292.666016
64,0.447326,0.520626,23525.566406
65,0.466712,0.500380,23874.970703
66,0.475034,0.466946,24074.597656
67,0.482270,0.458946,24324.169922
68,0.493838,0.448088,24939.763672
0,0.750349,0.470702,432.585754
1,0.844780,0.514163,865.169189
2,0.928289,0.425245,1563.892090
3,0.924928,0.411525,2029.856934
4,0.925410,0.400704,2246.043213
5,0.929767,0.400387,2678.627930
6,0.905713,0.575434,2994.786621
7,0.879994,0.615992,3161.112549
8,0.863343,0.629391,3394.039551
9,0.863160,0.596914,3643.600098
10,0.902804,0.665057,3859.913086
11,0.871891,0.681251,4042.980469
12,0.888510,0.709221,4392.333496
13,0.896648,0.733843,4608.641113
14,0.044390,0.686810,5124.409668
15,0.057842,0.705990,5423.854004
16,0.057504,0.695632,5507.007324
17,0.091393,0.860411,5806.565430
18,0.046591,0.631593,6239.061035
19,0.008199,0.563980,6488.633789
20,0.018306,0.373194,6871.344238
21,0.822501,0.491102,7753.159668
22,0.684427,0.406031,8169.046387
23,0.618235,0.382724,8435.236328
24,0.604704,0.249977,8651.579102
25,0.598465,0.230122,8834.605469
26,0.454313,0.367777,9566.631836
27,0.479680,0.391939,9733.006836
28,0.482367,0.382778,9982.567383
29,0.237962,0.550582,11080.625000
30,0.228232,0.546405,11280.265625
31,0.201385,0.374655,11746.137695
32,0.294604,0.544991,12295.153320
33,0.280660,0.614719,12461.609375
34,0.318508,0.563106,12744.349609
35,0.409770,0.584010,12977.370117
36,0.443976,0.551609,13260.216797
37,0.461788,0.589474,13459.810547
38,0.496179,0.620018,13692.756836
39,0.521217,0.610183,14125.302734
40,0.518300,0.600087,14341.634766
41,0.469257,0.596279,14724.288086
42,0.443328,0.594040,15007.125000
43,0.458517,0.575706,15173.443359
44,0.475794,0.402019,15522.907227
45,0.490446,0.358373,15689.326172
46,0.633276,0.219531,16754.128906
47,0.745885,0.423621,17719.025391
48,0.756333,0.525571,17951.947266
49,0.846446,0.501346,18634.181641
50,0.818438,0.539781,18883.677734
51,0.828796,0.547779,19199.750000
52,0.821929,0.525657,19465.980469
53,0.927687,0.437956,19815.375000
54,0.920134,0.414248,20015.000000
55,0.900334,0.604137,21479.148438
56,0.923227,0.416667,21811.855469
57,0.923742,0.395393,21961.619141
58,0.934563,0.369942,22943.220703
59,0.951574,0.558600,23808.402344
60,0.910414,0.588964,23974.751953
61,0.909890,0.645325,24174.429688
0,0.776270,0.485891,49.956783
1,0.836045,0.404669,599.063293
2,0.809638,0.492136,798.653198
3,0.797080,0.520461,965.038574
4,0.933632,0.292826,1613.895874
5,0.998314,0.266795,2395.820557
6,0.939270,0.258201,2578.923584
7,0.922799,0.288286,2745.195312
8,0.895982,0.668097,3660.269531
9,0.934086,0.713525,3876.564941
10,0.688621,0.313019,5107.756348
11,0.642215,0.297150,5274.248047
12,0.618398,0.462304,6488.660645
13,0.681868,0.140502,6854.675293
14,0.462098,0.260915,7270.655762
15,0.478860,0.292779,7403.723633
16,0.478186,0.589068,7719.868164
17,0.472725,0.615919,7853.015625
18,0.461431,0.601231,8035.948242
19,0.459638,0.612853,8335.443359
20,0.507376,0.598523,8618.303711
21,0.494803,0.529359,8801.326172
22,0.473389,0.585941,9117.405273
23,0.479538,0.278687,9516.719727
24,0.481533,0.248755,9666.508789
25,0.383600,0.499582,9999.261719
26,0.360021,0.508634,10215.530273
27,0.296181,0.521091,10631.557617
28,0.269837,0.598166,10880.975586
29,0.325283,0.447144,11280.340820
30,0.340210,0.396074,11430.015625
31,0.232980,0.312496,11746.144531
32,0.174110,0.298482,12028.965820
33,0.170696,0.302086,12278.648438
34,0.187602,0.299272,12528.114258
35,0.193129,0.278319,12694.529297
36,0.214982,0.537456,13343.360352
37,0.217490,0.504518,13509.827148
38,0.133649,0.500417,13825.943359
39,0.226530,0.283904,14241.804688
40,0.224210,0.251527,14491.376953
41,0.252572,0.622806,14973.869141
42,0.307838,0.654796,15306.683594
43,0.299482,0.653012,15489.639648
44,0.149274,0.595690,15855.644531
45,0.019049,0.645478,16521.113281
46,0.012675,0.671474,16720.791016
47,0.999463,0.631466,16937.119141
48,0.930390,0.675622,17136.775391
49,0.933042,0.751453,17519.443359
50,0.880333,0.640514,17752.353516
51,0.925136,0.591021,17968.648438
52,0.894304,0.578867,18201.554688
53,0.886494,0.639244,18434.488281
54,0.889788,0.662760,18584.189453
55,0.891993,0.608883,18867.041016
56,0.010994,0.287644,19199.832031
57,0.018161,0.250332,19349.580078
58,0.015506,0.220653,19532.636719
59,0.029549,0.303078,19832.031250
60,0.898603,0.284599,20098.236328
61,0.889994,0.302446,20247.947266
62,0.872252,0.573240,20697.193359
63,0.825180,0.506901,20946.765625
64,0.821776,0.482285,21179.666016
65,0.903832,0.079374,22494.041016
66,0.936476,0.070784,22593.871094
67,0.455697,0.464521,23825.072266
68,0.501495,0.295167,24207.705078
69,0.510397,0.284152,24324.207031
70,0.627093,0.273382,24839.966797
71,0.638383,0.252298,24989.669922
0,0.749721,0.488163,332.751221
1,0.920577,0.293348,1813.512939
2,0.907668,0.663552,2063.024658
3,0.886868,0.720323,2295.963379
4,0.888260,0.608127,2545.540771
5,0.918311,0.608638,2778.487793
6,0.919515,0.651690,3427.351807
7,0.895346,0.704430,3610.296631
8,0.043618,0.657648,4142.738281
9,0.892000,0.321322,4725.052734
10,0.589352,0.153634,5789.862793
11,0.492577,0.217284,7486.964844
12,0.489634,0.561517,7986.112793
13,0.482068,0.610059,8169.042480
14,0.524886,0.631316,8501.815430
15,0.462251,0.310422,9034.260742
16,0.465494,0.290952,9183.979492
17,0.465317,0.284729,9333.739258
18,0.355565,0.547192,9766.241211
19,0.210269,0.284396,11163.808594
20,0.071584,0.427168,12228.584961
21,0.345401,0.265693,13193.588867
22,0.514509,0.380842,14058.723633
23,0.649134,0.213594,14824.116211
24,0.635675,0.227103,14973.811523
25,0.046078,0.074515,15672.639648
26,0.126221,0.045673,15855.710938
27,0.979874,0.827475,17502.734375
28,0.211663,0.858326,18251.494141
29,0.233478,0.864687,18367.853516
30,0.820837,0.443655,21146.359375
31,0.818030,0.440474,21246.162109
32,0.729692,0.508358,21678.796875
33,0.692227,0.472234,22044.759766
34,0.620102,0.457540,22610.464844
35,0.515081,0.544863,22826.767578
36,0.516558,0.534695,22926.542969
37,0.503090,0.597332,23142.937500
38,0.461942,0.340864,23542.154297
39,0.470021,0.306685,23741.851562
40,0.470365,0.578797,24124.472656
41,0.465249,0.584597,24224.345703
42,0.464061,0.617396,24490.511719
43,0.518458,0.600042,24656.861328
0,0.844877,0.399700,598.897888
1,0.849061,0.419343,748.694031
2,0.846545,0.493548,915.088196
3,0.915127,0.602993,1281.088379
4,0.911699,0.576152,1430.806030
5,0.907980,0.488848,1830.142090
6,0.920360,0.247361,2312.589355
7,0.910479,0.250951,2495.625977
8,0.908676,0.279158,2645.324219
9,0.830847,0.479863,3127.896729
10,0.686058,0.400510,4142.754883
11,0.621064,0.439551,4409.024414
12,0.666235,0.322470,4824.888672
13,0.664235,0.323074,5107.685059
14,0.641968,0.083168,5889.684570
15,0.651411,0.088985,5972.877930
16,0.469474,0.208305,6521.912109
17,0.511031,0.291643,8002.611816
18,0.501563,0.274530,8135.761230
19,0.338403,0.371718,8701.471680
20,0.351130,0.367483,8884.422852
21,0.315773,0.434627,9067.421875
22,0.832153,0.494612,10797.730469
23,0.851721,0.468039,10997.479492
24,0.849402,0.457799,11097.251953
25,0.850449,0.446440,11213.670898
26,0.930251,0.384006,11662.947266
27,0.979021,0.430106,12012.326172
28,0.026957,0.387988,12245.235352
29,0.076903,0.537668,12661.243164
30,0.176550,0.205190,13975.624023
31,0.297400,0.451858,14707.586914
32,0.125247,0.311869,15838.911133
33,0.846282,0.415822,17003.669922
34,0.828042,0.460725,17269.792969
35,0.680141,0.369091,17968.621094
36,0.503186,0.544421,18567.529297
37,0.507901,0.531237,18667.330078
38,0.500953,0.554539,18900.320312
39,0.519169,0.562645,19316.275391
40,0.609376,0.488273,19765.429688
41,0.858184,0.449547,20630.593750
42,0.912433,0.368560,21113.046875
43,0.915831,0.485845,21312.710938
44,0.905893,0.630001,21595.597656
45,0.827472,0.493445,22094.658203
46,0.823496,0.467951,22211.111328
47,0.830093,0.451728,22360.857422
48,0.833421,0.448695,22643.787109
49,0.762944,0.364813,22843.392578
50,0.769523,0.358662,23009.787109
51,0.774443,0.372251,23142.957031
52,0.777551,0.432319,24257.589844
0,0.777516,0.477696,249.570679
1,0.746774,0.452225,515.772583
2,0.613571,0.178568,1397.568359
3,0.612060,0.201070,1597.206055
4,0.914049,0.501433,2628.742188
5,0.924262,0.365152,2961.536133
6,0.927025,0.328696,3077.978271
7,0.912647,0.336237,3194.452881
8,0.902660,0.357934,3676.906494
9,0.910431,0.672137,4425.681641
10,0.936090,0.615658,4608.613770
11,0.908230,0.575227,4808.271973
12,0.947984,0.604952,5074.509766
13,0.979310,0.736289,5507.051270
14,0.029690,0.811040,5873.126465
15,0.075680,0.874200,6089.348633
16,0.831828,0.990473,6355.564453
17,0.166582,0.918865,7004.470703
18,0.135957,0.960283,7237.373047
19,0.206421,0.972738,7337.242676
20,0.211769,0.351359,8501.815430
21,0.242008,0.327050,8718.136719
22,0.401626,0.516103,9433.559570
23,0.501962,0.527663,10182.225586
24,0.530178,0.558598,10332.006836
25,0.471458,0.588229,10664.719727
26,0.477203,0.388527,11030.772461
27,0.428012,0.468279,11313.547852
28,0.389911,0.544169,11529.879883
29,0.373707,0.549152,11696.324219
30,0.283815,0.510774,12128.807617
31,0.612357,0.326130,12894.167969
32,0.611398,0.336060,13127.124023
33,0.702483,0.396197,13393.300781
34,0.679004,0.246422,13592.980469
35,0.688429,0.256815,13726.089844
36,0.740538,0.467354,14025.505859
37,0.742784,0.530228,14291.714844
38,0.819266,0.710287,14474.692383
39,0.765811,0.473906,14707.629883
40,0.775200,0.508100,14973.850586
41,0.779984,0.507069,15156.839844
42,0.840831,0.798878,15606.143555
43,0.858898,0.467616,16188.420898
44,0.936814,0.385406,16521.162109
45,0.952716,0.375312,16953.744141
46,0.945796,0.387124,17353.027344
47,0.926883,0.426316,17685.785156
48,0.942162,0.409558,18517.677734
49,0.967939,0.565903,19016.794922
50,0.942288,0.616973,19266.425781
51,0.057987,0.816624,19449.345703
52,0.941543,0.614097,19648.972656
53,0.018352,0.700704,20264.701172
54,0.963057,0.524416,20497.494141
55,0.946956,0.463014,20763.769531
56,0.943397,0.444803,21212.955078
57,0.916521,0.492133,21595.611328
58,0.937371,0.398848,22094.722656
59,0.930059,0.328744,22577.218750
60,0.020651,0.376451,22876.697266
61,0.045976,0.553676,23259.406250
62,0.048104,0.609297,23508.974609
63,0.068796,0.649345,23841.710938
64,0.157286,0.529690,24473.960938
65,0.153088,0.511312,24590.416016
0,0.739651,0.416929,99.823097
1,0.757342,0.380766,382.594849
2,0.741576,0.327356,748.620850
3,0.848319,0.430373,1081.373779
4,0.855541,0.449345,1297.655762
5,0.922813,0.293187,1763.510986
6,0.920607,0.255415,1996.456177
7,0.906372,0.687992,3077.941650
8,0.923048,0.603806,3410.682373
9,0.932961,0.619039,3610.352783
10,0.910872,0.676332,4009.628418
11,0.911267,0.695552,4275.791992
12,0.956335,0.739466,4542.028809
13,0.003709,0.749457,4841.600586
14,0.007498,0.740327,5074.408691
15,0.996738,0.768648,5274.079102
16,0.975237,0.746457,5457.065918
17,0.968050,0.735432,5623.466797
18,0.047902,0.562493,5989.449707
19,0.041688,0.566355,6272.327637
20,0.045226,0.550840,6422.082520
21,0.220661,0.221968,7403.652344
22,0.267005,0.559362,8002.656738
23,0.232653,0.634921,8218.893555
24,0.229873,0.540406,8568.307617
25,0.199480,0.235902,8884.398438
26,0.218804,0.232485,9100.741211
27,0.201347,0.622595,9749.581055
28,0.199773,0.641943,9932.676758
29,0.254218,0.619407,10448.373047
30,0.290480,0.629976,10631.366211
31,0.349687,0.498795,10847.672852
32,0.514358,0.275042,11629.622070
33,0.486634,0.255552,11829.273438
34,0.527699,0.617618,12644.526367
35,0.524135,0.620223,13110.363281
36,0.461635,0.567892,13443.111328
37,0.467014,0.552552,13676.034180
38,0.525059,0.597489,13925.601562
39,0.643936,0.109524,15356.446289
40,0.600954,0.105207,15556.078125
41,0.603045,0.127125,15789.016602
42,0.659897,0.182151,16138.397461
43,0.618806,0.140509,16354.677734
44,0.371956,0.574311,17852.066406
45,0.675826,0.190064,19233.015625
46,0.758901,0.325626,19465.937500
47,0.863048,0.500697,20048.263672
48,0.932907,0.280158,20697.101562
49,0.931510,0.264599,20930.033203
50,0.031645,0.295379,21345.972656
51,0.029742,0.311982,21528.970703
52,0.005029,0.265374,21795.181641
53,0.001046,0.256453,22177.841797
54,0.007086,0.256238,22294.304688
55,0.005303,0.245032,22394.187500
56,0.970163,0.197999,22610.437500
57,0.964348,0.184769,23142.876953
58,0.742171,0.325803,23974.695312
59,0.758586,0.505745,24274.183594
0,0.762040,0.539695,332.790741
1,0.747790,0.457213,482.454071
2,0.861067,0.457567,1014.890991
3,0.931436,0.378162,1414.223633
4,0.930861,0.352671,1630.453979
5,0.893849,0.594138,2129.583984
6,0.929632,0.623468,2395.796631
7,0.891157,0.643813,2695.295898
8,0.038473,0.625479,3244.346191
9,0.030671,0.618794,3327.580078
10,0.224392,0.524173,4758.407227
11,0.223869,0.345280,4941.387207
12,0.215969,0.316521,5091.120117
13,0.254796,0.504741,5490.427246
14,0.327270,0.402582,6006.191895
15,0.209973,0.362373,6305.706543
16,0.196473,0.332638,6438.780762
17,0.157857,0.454837,6971.165527
18,0.142260,0.475922,7187.469727
19,0.200924,0.311615,7387.114258
20,0.200160,0.276595,7619.980957
21,0.000019,0.361388,8218.938477
22,0.826562,0.499266,8934.480469
23,0.783292,0.484357,9283.763672
24,0.722290,0.448230,9549.955078
25,0.685557,0.420238,9716.335938
26,0.645802,0.404914,9916.027344
27,0.628387,0.445698,10215.480469
28,0.648608,0.530562,10664.725586
29,0.598308,0.550533,10897.618164
30,0.529865,0.570489,11113.926758
31,0.531583,0.564169,11280.353516
32,0.470638,0.410067,11662.954102
33,0.479385,0.359731,11829.318359
34,0.492855,0.562785,12228.625000
35,0.645003,0.206480,13093.852539
36,0.637232,0.196520,13293.488281
37,0.673597,0.263856,13759.284180
38,0.750765,0.390752,14374.920898
39,0.690129,0.322768,14591.131836
40,0.663779,0.248369,14824.161133
41,0.749255,0.255977,15106.934570
42,0.791451,0.394248,15439.714844
43,0.849914,0.485804,16055.282227
44,0.814423,0.539691,16254.932617
45,0.900589,0.627896,16770.714844
46,0.904080,0.646972,17003.595703
47,0.878269,0.761837,17236.566406
48,0.942378,0.763643,17685.814453
49,0.900364,0.674614,18151.638672
50,0.953496,0.741050,18517.652344
51,0.813308,0.520183,19149.835938
52,0.758615,0.520775,19316.259766
53,0.769640,0.630874,20031.679688
54,0.770342,0.633494,20247.914062
55,0.785880,0.535718,20946.693359
56,0.832891,0.475806,21329.378906
57,0.849415,0.450509,21529.005859
58,0.890873,0.457784,21978.312500
59,0.936460,0.457567,22177.878906
60,0.947040,0.481073,22477.376953
61,0.948802,0.490018,23275.992188
62,0.931673,0.397930,23741.822266
63,0.941756,0.340308,23991.392578
64,0.036781,0.401528,24290.867188
65,0.029563,0.404431,24407.318359
66,0.031232,0.395067,24673.552734
0,0.840253,0.497884,432.580872
1,0.752944,0.392910,1064.820801
2,0.749331,0.260700,1314.367554
3,0.657726,0.190286,1630.530884
4,0.658495,0.094140,2029.754395
5,0.631104,0.102637,2894.912842
6,0.906991,0.467660,3793.384033
7,0.922328,0.279922,4126.115234
8,0.944290,0.451959,4608.669434
9,0.936290,0.464083,4808.298828
10,0.034918,0.306032,5290.750488
11,0.872867,0.537969,6172.520508
12,0.874819,0.531279,6322.262695
13,0.873128,0.536783,6438.719727
14,0.891663,0.673708,6721.558105
15,0.939876,0.651021,7070.949707
16,0.959578,0.786632,7253.963379
17,0.962254,0.799171,7403.716309
18,0.234687,0.280087,8485.162109
19,0.239886,0.267971,8651.541016
20,0.249385,0.564475,8901.083008
21,0.308565,0.617335,9233.834961
22,0.325669,0.491645,9500.023438
23,0.318333,0.356973,9749.597656
24,0.334281,0.322072,9932.625000
25,0.330157,0.345024,10182.207031
26,0.390536,0.479697,10598.104492
27,0.404456,0.596570,10764.511719
28,0.406363,0.581886,10897.636719
29,0.458470,0.479812,11163.786133
30,0.481495,0.570178,12062.245117
31,0.469632,0.489383,12511.456055
32,0.418535,0.632190,12794.295898
33,0.278832,0.620167,13143.672852
34,0.281357,0.622485,13343.351562
35,0.190049,0.259514,13909.029297
36,0.208419,0.602522,14258.382812
37,0.229296,0.614467,14458.036133
38,0.126749,0.531618,14740.887695
39,0.124696,0.401452,14990.452148
40,0.989033,0.298189,15406.379883
41,0.997662,0.282235,15506.215820
42,0.992844,0.279902,15888.895508
43,0.016910,0.354573,16171.701172
44,0.021916,0.382181,16271.552734
45,0.010835,0.326050,16604.289062
46,0.035753,0.695993,17502.724609
47,0.931190,0.768345,17752.275391
48,0.944032,0.783820,17968.593750
49,0.880891,0.473156,18351.226562
50,0.912373,0.343985,18534.253906
51,0.928564,0.264697,18833.742188
52,0.944789,0.451377,19083.298828
53,0.941987,0.457500,19199.744141
54,0.945489,0.465761,19449.312500
55,0.817667,0.474679,19848.605469
56,0.816776,0.499993,20048.281250
57,0.813142,0.443543,20464.251953
58,0.660059,0.206793,20979.994141
59,0.604678,0.109913,21163.021484
60,0.606959,0.102799,21296.095703
61,0.531002,0.482247,22310.978516
62,0.765023,0.338784,23026.412109
63,0.756771,0.334528,23109.585938
64,0.765926,0.487311,23375.800781
65,0.843760,0.508788,23658.630859
66,0.844238,0.430440,23858.298828
67,0.801531,0.530177,24290.876953
68,0.773431,0.498630,24640.269531
0,0.708955,0.511450,16.609510
1,0.665312,0.495382,399.265808
2,0.605459,0.503836,665.494995
3,0.598700,0.218291,1347.642456
4,0.623923,0.221570,1464.149902
5,0.640931,0.230263,1996.541992
6,0.488555,0.347805,2695.289551
7,0.488191,0.329204,2845.011719
8,0.694792,0.288351,3527.186768
9,0.690873,0.256892,3710.145020
10,0.708153,0.265814,4209.265137
11,0.668675,0.252831,4525.391602
12,0.731081,0.428047,4808.307129
13,0.834899,0.493219,5091.132812
14,0.859638,0.441234,5357.356934
15,0.934255,0.367366,5656.800293
16,0.930075,0.341638,5789.842285
17,0.923937,0.342596,5956.237305
18,0.929284,0.342005,6106.027832
19,0.927951,0.344934,6255.704102
20,0.835740,0.457582,6455.354492
21,0.824723,0.461567,6704.996094
22,0.828715,0.452589,6887.956543
23,0.822043,0.460793,7187.416504
24,0.905025,0.599942,7536.788574
25,0.937061,0.617879,7836.299805
26,0.946318,0.636041,8085.882812
27,0.901374,0.624516,8468.487305
28,0.879658,0.589004,8684.795898
29,0.882489,0.635979,8934.436523
30,0.889782,0.610069,9117.417969
31,0.951005,0.357421,9317.032227
32,0.020987,0.396531,9516.692383
33,0.036732,0.511486,9849.453125
34,0.040861,0.594271,10032.475586
35,0.042369,0.604423,10331.941406
36,0.143256,0.554475,10598.219727
37,0.191999,0.449613,10864.390625
38,0.244485,0.415767,11330.188477
39,0.254532,0.424285,11596.396484
40,0.175356,0.409583,12145.446289
41,0.335955,0.520126,12844.186523
42,0.410980,0.566658,13127.113281
43,0.445077,0.548333,13509.694336
44,0.477185,0.514319,13809.189453
45,0.219648,0.321973,14824.164062
46,0.230538,0.318782,15323.204102
47,0.935365,0.441265,16820.646484
48,0.868300,0.388286,17502.726562
49,0.898897,0.351575,17968.607422
50,0.915838,0.346901,18351.244141
51,0.872453,0.379587,18667.365234
52,0.897852,0.339648,19066.693359
53,0.917294,0.370872,19249.691406
54,0.934643,0.446656,19482.630859
55,0.811906,0.509009,19765.429688
56,0.825213,0.476474,19965.080078
57,0.655397,0.439511,20613.976562
58,0.602682,0.231892,20996.669922
59,0.585132,0.222659,21129.779297
60,0.484065,0.360420,22310.968750
61,0.464411,0.345585,22477.341797
62,0.463276,0.356863,22810.189453
63,0.483779,0.444826,23325.923828
64,0.457607,0.473661,23492.298828
65,0.447928,0.482359,23741.837891
66,0.468506,0.557149,24041.294922
67,0.662782,0.264989,24989.667969
0,0.739082,0.462511,399.204681
1,0.708662,0.406734,1014.820251
2,0.723975,0.396772,1131.272827
3,0.750869,0.339742,1264.372803
4,0.903492,0.600922,2196.047119
5,0.901264,0.591735,2745.100098
6,0.059426,0.535860,3676.786621
7,0.235737,0.418697,4525.397461
8,0.259954,0.385507,4891.333984
9,0.261475,0.314758,5224.120117
10,0.261215,0.314047,5390.557617
11,0.891245,0.356904,6388.726074
12,0.822021,0.475199,6638.349609
13,0.811267,0.488771,6921.173828
14,0.818085,0.490714,7037.592285
15,0.822034,0.511238,7187.353516
16,0.649274,0.179644,8451.794922
17,0.518306,0.193112,8801.210938
18,0.469504,0.318224,8967.576172
19,0.468847,0.329077,9084.065430
20,0.440861,0.509898,9433.455078
21,0.421152,0.561973,9566.570312
22,0.366253,0.550118,9882.666016
23,0.340989,0.516490,10098.911133
24,0.336506,0.493506,10365.146484
25,0.312472,0.483418,10598.032227
26,0.270421,0.541319,10897.553711
27,0.356498,0.445503,11180.386719
28,0.394573,0.452856,11330.086914
29,0.390333,0.548003,11712.855469
30,0.564527,0.142104,12694.416992
31,0.623394,0.142118,12844.161133
32,0.637651,0.144415,13126.978516
33,0.633576,0.195195,13542.895508
34,0.469203,0.344136,13925.601562
35,0.959805,0.302976,16421.248047
36,0.948728,0.316020,16570.935547
37,0.959327,0.322924,16754.005859
38,0.978704,0.321151,16837.130859
39,0.023561,0.524280,17319.707031
40,0.063289,0.538416,17502.673828
41,0.030688,0.624791,17818.787109
42,0.129382,0.543035,18051.681641
43,0.134470,0.535904,18151.564453
44,0.205339,0.364154,18517.519531
45,0.119001,0.283318,19033.298828
46,0.163582,0.364479,19449.271484
47,0.191008,0.451255,19748.718750
48,0.187127,0.513791,20297.789062
49,0.180735,0.523441,20414.257812
50,0.196507,0.439862,20613.910156
51,0.182184,0.512992,21362.572266
52,0.196916,0.558272,21512.322266
53,0.217498,0.566227,21928.267578
0,0.825226,0.455790,415.960205
1,0.837976,0.465729,598.964111
2,0.830496,0.470679,782.009949
3,0.451326,0.351635,3094.672363
4,0.450071,0.322071,3460.669189
5,0.451931,0.605097,3810.070801
6,0.463185,0.631656,4209.382324
7,0.515935,0.618869,4458.961426
8,0.392714,0.550467,5290.814453
9,0.346810,0.438757,5557.035645
10,0.370282,0.459823,5889.788086
11,0.426371,0.434963,6222.539551
12,0.467117,0.614693,6588.500000
13,0.746506,0.301412,8002.729980
14,0.842873,0.468162,8418.650391
15,0.845852,0.483518,8568.400391
16,0.929121,0.276683,8851.228516
17,0.923778,0.271747,9034.231445
18,0.918601,0.259483,9167.322266
19,0.929518,0.267280,9466.842773
20,0.908419,0.302763,9849.482422
21,0.903313,0.228943,10348.605469
22,0.921172,0.219703,10481.713867
23,0.920219,0.237105,10781.203125
24,0.898065,0.323428,11014.243164
25,0.871460,0.685204,11413.426758
26,0.918734,0.708662,11696.248047
27,0.887438,0.662896,11929.186523
28,0.851467,0.631964,12145.453125
29,0.867419,0.736637,12528.142578
30,0.917324,0.715770,12894.162109
31,0.909791,0.253825,13459.862305
32,0.866581,0.419434,13925.681641
33,0.820177,0.451944,14141.975586
34,0.823042,0.413696,14424.845703
35,0.903943,0.270929,14857.412109
36,0.919293,0.235880,15057.035156
37,0.027703,0.685594,15722.550781
38,0.224213,0.274301,16870.537109
39,0.149683,0.351901,17170.042969
40,0.999780,0.261272,17619.277344
41,0.985761,0.264857,17785.593750
42,0.890172,0.249911,18151.662109
43,0.887037,0.262474,18301.398438
44,0.882643,0.245023,18534.294922
45,0.814311,0.427059,19216.445312
46,0.818351,0.406703,19499.322266
47,0.857733,0.474735,19815.384766
48,0.701682,0.400448,20098.253906
49,0.702243,0.377353,20297.894531
50,0.709125,0.280425,20480.894531
51,0.662532,0.633649,22743.621094
52,0.624647,0.641894,23076.365234
53,0.516402,0.614558,23425.746094
54,0.548125,0.660932,23658.708984
55,0.436420,0.415260,24057.974609
56,0.433512,0.405627,24240.982422
57,0.508879,0.712246,24607.011719
58,0.542105,0.690803,24956.419922
0,0.754456,0.450040,282.944824
1,0.841285,0.425753,499.227478
2,0.845647,0.422599,765.341675
3,0.820296,0.807278,1597.255981
4,0.979616,0.725646,2944.876953
5,0.953239,0.577310,3144.509033
6,0.046405,0.554515,3444.023682
7,0.041518,0.561478,3660.347656
8,0.907365,0.264624,3926.489746
9,0.877946,0.245094,4109.498047
10,0.883842,0.659014,4608.701660
11,0.913398,0.706079,4941.416016
12,0.894050,0.624963,5324.037109
13,0.875745,0.618701,5673.534668
14,0.900028,0.721237,5873.120117
15,0.839898,0.380322,6305.671387
16,0.823822,0.432713,6488.723145
17,0.913608,0.247986,6838.157715
18,0.909760,0.274289,7254.016113
19,0.197131,0.293045,10648.104492
20,0.183301,0.271487,10764.530273
21,0.225519,0.625296,11113.965820
22,0.203186,0.292627,11679.625000
23,0.330077,0.306755,12045.675781
24,0.504847,0.268867,12677.877930
25,0.488529,0.252069,12860.886719
26,0.488497,0.244297,12994.029297
27,0.467738,0.462521,13426.543945
28,0.476487,0.617299,13676.123047
29,0.517766,0.632548,13909.029297
30,0.454537,0.305128,14341.650391
31,0.455639,0.264275,14524.627930
32,0.731103,0.383107,15888.938477
33,0.758290,0.326557,16138.482422
34,0.768971,0.309064,16421.322266
35,0.846685,0.426330,16837.250000
36,0.833185,0.512526,17353.033203
37,0.908358,0.656826,17719.074219
38,0.901067,0.597787,18118.351562
39,0.960310,0.655640,18401.191406
40,0.961298,0.667771,18667.437500
41,0.979433,0.783603,19033.468750
42,0.968487,0.791857,19931.861328
43,0.967305,0.783292,20264.607422
44,0.042391,0.660028,20663.962891
45,0.016736,0.581186,20930.214844
46,0.064871,0.459493,21212.968750
47,0.124265,0.449250,21395.996094
48,0.221980,0.255429,22394.212891
49,0.219161,0.264498,22560.673828
50,0.148559,0.370811,23059.751953
51,0.026443,0.203432,23525.578125
52,0.970004,0.308446,23708.714844
53,0.959633,0.282583,24107.884766
54,0.866562,0.311537,24573.748047
0,0.851994,0.452885,665.555359
1,0.743499,0.499516,1247.882202
2,0.733078,0.444717,1647.151733
3,0.716720,0.390364,1930.020264
4,0.647071,0.439000,2462.396484
5,0.619222,0.393947,2828.446045
6,0.533545,0.291967,3261.029053
7,0.547600,0.282152,3394.107422
8,0.556589,0.269469,3493.962402
9,0.587700,0.570550,4092.880615
10,0.526159,0.623492,4858.208496
11,0.471188,0.434099,5823.187988
12,0.471659,0.393257,5956.298340
13,0.463946,0.514049,6388.870605
14,0.467319,0.521970,6488.696777
15,0.479298,0.562602,6621.794922
16,0.491264,0.505841,7087.681641
17,0.497056,0.485214,7453.668945
18,0.475459,0.370750,7786.432129
19,0.612677,0.328304,8202.374023
20,0.682128,0.433724,8634.952148
21,0.710670,0.457163,8934.420898
22,0.858146,0.521845,9782.979492
23,0.928848,0.421975,10065.799805
24,0.890664,0.602384,10498.366211
25,0.926410,0.608444,10947.565430
26,0.937051,0.641985,11263.735352
27,0.913933,0.667693,11762.812500
28,0.904251,0.392425,12128.827148
29,0.898872,0.355144,12245.336914
30,0.911108,0.333828,12877.538086
31,0.924549,0.342010,13193.629883
32,0.059795,0.521114,13543.070312
33,0.046562,0.579703,13892.423828
34,0.070220,0.595597,14258.456055
35,0.025478,0.618002,14641.150391
36,0.154562,0.411375,15040.421875
37,0.185059,0.327256,15689.294922
38,0.210587,0.284544,15988.760742
39,0.206763,0.258328,16205.058594
40,0.238843,0.449718,16637.675781
41,0.092627,0.518846,17436.232422
42,0.980032,0.346476,18068.474609
43,0.832309,0.505579,18684.070312
44,0.831281,0.482288,19083.365234
45,0.739157,0.456726,19366.246094
46,0.746785,0.501660,19698.951172
47,0.741314,0.393551,20048.320312
48,0.730323,0.326529,20497.548828
49,0.727373,0.332244,20747.123047
50,0.732017,0.300598,20880.255859
51,0.846866,0.509071,23658.716797
52,0.835290,0.530484,23941.558594
53,0.813875,0.521728,24340.873047
54,0.830253,0.541212,24640.316406
55,0.842945,0.526717,24956.431641
0,0.720058,0.608959,465.963745
1,0.729305,0.601093,582.428711
2,0.811042,0.591512,1114.824829
3,0.797000,0.559047,1480.875244
4,0.830802,0.539795,2013.244141
5,0.862388,0.549041,2196.253906
6,0.823720,0.523670,2429.183838
7,0.832698,0.525573,2678.779785
8,0.843897,0.524542,2778.595703
9,0.859114,0.519803,2961.627197
10,0.877884,0.512675,3061.427002
11,0.892540,0.503878,3227.845703
12,0.946114,0.516287,3327.638184
13,0.993507,0.503946,3693.668213
14,0.980497,0.487191,3976.470459
15,0.761276,0.509324,5207.685547
16,0.713760,0.585787,5523.790527
17,0.710369,0.563120,5723.436035
18,0.664640,0.574384,5989.624512
19,0.667951,0.558534,6089.454590
20,0.630080,0.528765,6305.786133
21,0.630775,0.467858,6505.392090
22,0.609322,0.449324,6938.008301
23,0.570044,0.541007,7487.034668
24,0.570674,0.552011,7686.691895
25,0.611266,0.485520,8102.593262
26,0.442586,0.573029,8901.246094
27,0.431010,0.572425,9084.210938
28,0.463295,0.468033,10115.738281
29,0.429433,0.546987,10315.399414
30,0.199718,0.463871,11762.879883
31,0.168272,0.584551,12228.733398
32,0.180777,0.608651,12461.642578
33,0.118407,0.634215,12744.521484
34,0.518969,0.766597,13476.541992
35,0.592378,0.760213,14025.589844
36,0.000562,0.807587,16188.497070
37,0.213308,0.751644,16720.867188
38,0.187380,0.533189,17286.574219
39,0.176607,0.537167,17552.787109
40,0.733246,0.538800,19316.376953
41,0.744463,0.545216,19432.841797
42,0.760262,0.524556,19765.541016
43,0.774857,0.532039,20031.808594
44,0.700503,0.516995,20297.980469
45,0.706808,0.516440,20580.787109
46,0.726233,0.518761,20697.273438
47,0.746595,0.522556,20847.001953
48,0.760593,0.521544,21013.396484
49,0.890523,0.539801,21396.076172
50,0.907029,0.537901,21495.884766
51,0.891266,0.543144,21995.068359
52,0.886544,0.545964,22194.683594
53,0.809861,0.554961,22510.777344
54,0.766962,0.594457,22876.773438
55,0.837418,0.638436,23542.285156
56,0.660178,0.484185,24956.474609
0,0.755142,0.499280,99.835907
1,0.742094,0.408538,382.668060
2,0.750175,0.343863,549.044678
3,0.648646,0.163471,1297.775024
4,0.846195,0.502521,2512.309082
5,0.888036,0.513025,2711.920898
6,0.916960,0.346759,2994.750977
7,0.911939,0.322347,3127.842529
8,0.886588,0.575832,3510.570557
9,0.913835,0.627478,3809.991455
10,0.950289,0.621799,4042.923340
11,0.829484,0.466709,4542.035156
12,0.462341,0.364942,6139.245605
13,0.479807,0.337044,6338.922852
14,0.447089,0.558000,6854.680176
15,0.266480,0.552425,7586.724121
16,0.208743,0.375861,8135.755859
17,0.134520,0.471725,8718.076172
18,0.146599,0.516347,8984.288086
19,0.020347,0.615201,9766.245117
20,0.016408,0.520675,9949.268555
21,0.221405,0.132404,10731.239258
22,0.463573,0.544475,12261.893555
23,0.847841,0.451709,13409.874023
24,0.842160,0.464843,13576.247070
25,0.851894,0.470728,13742.623047
26,0.912803,0.523241,13942.306641
27,0.947245,0.603806,14208.476562
28,0.944534,0.623354,14374.891602
29,0.959484,0.617470,14524.592773
30,0.893388,0.604507,14724.280273
31,0.875012,0.602586,14973.824219
32,0.926805,0.601016,15173.469727
33,0.895222,0.659070,15439.671875
34,0.189539,0.571822,16304.833008
35,0.232149,0.539347,16654.199219
36,0.218192,0.318235,17103.427734
37,0.139362,0.420313,17536.005859
38,0.927784,0.345238,18334.599609
39,0.919662,0.322824,18484.378906
40,0.898697,0.640491,19133.230469
41,0.901069,0.650605,19316.230469
42,0.891700,0.632879,19632.335938
43,0.929280,0.598347,19931.810547
44,0.952615,0.594149,20231.292969
45,0.885446,0.573405,20447.574219
46,0.854582,0.577288,20747.089844
47,0.930653,0.565543,20979.976562
48,0.963069,0.702076,21262.820312
49,0.928878,0.623782,21562.292969
50,0.018051,0.596015,21911.687500
51,0.028717,0.565766,22044.787109
52,0.001322,0.554850,22244.433594
53,0.014475,0.502638,22510.658203
54,0.998745,0.363366,22993.117188
55,0.001953,0.352835,23126.259766
56,0.958171,0.380551,23675.285156
57,0.965229,0.377423,23775.111328
58,0.889006,0.361283,24041.298828
59,0.891959,0.346493,24207.677734
60,0.907229,0.339448,24374.060547
61,0.812298,0.408307,24640.257812
0,0.761591,0.418134,149.699982
1,0.791857,0.480619,332.781036
2,0.857337,0.509413,698.756348
3,0.924625,0.302268,1214.570312
4,0.930205,0.267011,1497.328857
5,0.924020,0.292197,1746.982910
6,0.944463,0.370291,2495.677002
7,0.918353,0.376137,3061.281494
8,0.857032,0.650762,3543.893066
9,0.867724,0.647681,3760.183594
10,0.885405,0.546911,4375.691895
11,0.916072,0.629211,4908.076660
12,0.009819,0.677933,5556.995117
13,0.187154,0.455597,6272.359863
14,0.233379,0.285202,6704.930176
15,0.262905,0.677896,7353.879395
16,0.267053,0.672343,7453.679199
17,0.327151,0.631773,8135.741699
18,0.321416,0.545500,8385.411133
19,0.217565,0.269767,9017.572266
20,0.223080,0.289351,9466.826172
21,0.656251,0.134239,11679.622070
22,0.622428,0.139153,11862.564453
23,0.629142,0.164131,11979.064453
24,0.633579,0.170034,12195.319336
25,0.486385,0.395588,13176.962891
26,0.464629,0.597207,13626.243164
27,0.722822,0.181094,14191.856445
28,0.708213,0.133264,14341.549805
29,0.690797,0.123404,14607.811523
30,0.661785,0.160641,14707.578125
31,0.462102,0.425442,16005.318359
32,0.220356,0.306712,17086.851562
33,0.216179,0.257974,17269.775391
34,0.247949,0.315317,18018.500000
35,0.226400,0.519822,18983.513672
36,0.224604,0.487028,19199.773438
37,0.198128,0.516218,19482.603516
38,0.180633,0.578238,19915.195312
39,0.216579,0.641890,20547.441406
40,0.263965,0.264502,21162.982422
41,0.268341,0.225943,21395.892578
42,0.228210,0.246176,21745.402344
43,0.479138,0.613197,22477.382812
44,0.479976,0.325686,22826.816406
45,0.491780,0.322045,22993.230469
46,0.473369,0.629825,23275.964844
47,0.504193,0.670710,23642.023438
48,0.502077,0.659373,24041.367188
49,0.507021,0.607502,24290.878906
50,0.514109,0.580292,24557.044922
0,0.739928,0.388720,499.220154
1,0.650295,0.155983,1231.278931
2,0.640818,0.099090,1397.704224
3,0.687024,0.112731,1563.989014
4,0.670461,0.136504,2196.254150
5,0.650294,0.269159,2512.344482
6,0.493116,0.306595,3111.283691
7,0.688487,0.188122,4342.500977
8,0.659038,0.195464,4775.049316
9,0.642526,0.194950,5157.784668
10,0.940772,0.311740,6488.741699
11,0.039805,0.373391,7453.755371
12,0.190975,0.397572,8152.485840
13,0.255331,0.286959,8352.149414
14,0.243206,0.263604,8568.449219
15,0.247485,0.273269,8884.540039
16,0.227767,0.287886,9217.329102
17,0.353707,0.454755,9649.905273
18,0.354541,0.444711,9932.773438
19,0.329889,0.246643,10315.376953
20,0.292047,0.183768,10648.226562
21,0.254432,0.216513,10914.307617
22,0.132417,0.528570,11480.019531
23,0.022523,0.377548,12178.807617
24,0.019681,0.631278,12544.851562
25,0.839235,0.520289,13193.708008
26,0.845623,0.459483,13493.185547
27,0.951822,0.674715,14391.583008
28,0.984486,0.735181,14557.965820
29,0.061472,0.620616,14840.897461
30,0.250301,0.577073,15373.257812
31,0.305936,0.611849,15622.794922
32,0.293709,0.604869,15772.563477
33,0.300724,0.593368,15905.661133
34,0.347524,0.519205,16088.655273
35,0.232271,0.502337,16338.163086
36,0.227614,0.272065,16587.781250
37,0.228567,0.237560,16804.027344
38,0.941444,0.258767,17818.933594
39,0.921270,0.286822,18002.019531
40,0.830328,0.508385,18434.611328
41,0.840193,0.521130,18833.806641
42,0.876485,0.504186,19249.755859
43,0.747200,0.400948,20164.812500
44,0.739441,0.384792,20314.556641
45,0.751977,0.541390,20630.673828
46,0.754117,0.583062,20830.363281
47,0.761792,0.619072,21046.675781
48,0.725752,0.622912,21229.658203
49,0.507517,0.416060,21961.720703
50,0.499083,0.294375,22261.210938
51,0.506118,0.279922,22410.888672
52,0.408891,0.507079,22776.919922
53,0.397381,0.491018,23026.537109
54,0.471891,0.608465,23492.392578
55,0.530947,0.618625,23791.814453
56,0.657417,0.121599,24324.261719
