Idx, longitude, latitude, start timestamp
0,0.712438,0.273891,66.629211
1,0.747304,0.379168,382.716095
2,0.767485,0.558978,732.119690
3,0.696784,0.528819,915.086975
4,0.696605,0.513140,1048.198608
5,0.688102,0.475905,1164.762695
6,0.692779,0.468985,1630.622803
7,0.666407,0.479485,1946.718262
8,0.625771,0.479763,2096.520020
9,0.597879,0.490793,2345.981445
10,0.547809,0.516741,2695.296875
11,0.550003,0.513944,2795.213135
12,0.531855,0.429387,2978.165527
13,0.507853,0.424585,3344.166260
14,0.447693,0.528958,3527.181641
15,0.413650,0.492794,3810.066650
16,0.376578,0.442758,4059.670898
17,0.415351,0.353686,4525.531250
18,0.452737,0.292055,4708.530762
19,0.920424,0.463145,6288.999023
20,0.965290,0.442844,6621.903809
21,0.007957,0.423707,6788.243652
22,0.035254,0.396575,6954.632812
23,0.080422,0.463165,7220.767578
24,0.072720,0.425658,7503.637207
25,0.073762,0.206189,7836.384277
26,0.060481,0.161713,7986.064453
27,0.045807,0.144274,8152.446289
28,0.059026,0.114951,8485.246094
29,0.996567,0.123814,8684.892578
30,0.942636,0.171361,9000.967773
31,0.922564,0.180697,9450.201172
32,0.850747,0.220331,9683.075195
33,0.782844,0.153825,9932.718750
34,0.730836,0.138663,10415.217773
35,0.712888,0.145759,10581.543945
36,0.701198,0.144990,10814.449219
37,0.692094,0.161916,11080.637695
38,0.723592,0.144267,11280.260742
39,0.755614,0.054938,11679.633789
40,0.724677,0.095522,12145.522461
41,0.704514,0.124222,12578.016602
42,0.693697,0.300895,12877.492188
43,0.695007,0.290180,13027.296875
44,0.680904,0.343860,13260.293945
45,0.669876,0.501077,13626.220703
46,0.656852,0.593674,13942.420898
47,0.686735,0.576041,14125.390625
48,0.698758,0.548429,14591.288086
49,0.665112,0.512732,14807.441406
50,0.637100,0.515215,15140.264648
51,0.606506,0.505207,15339.876953
52,0.570615,0.508149,15705.935547
53,0.426964,0.523379,16471.216797
54,0.357637,0.473003,16754.082031
55,0.334563,0.460888,16953.730469
56,0.302259,0.671247,17319.675781
57,0.291991,0.706635,17502.837891
58,0.295676,0.562407,18268.005859
59,0.280057,0.570070,18550.912109
60,0.281749,0.576340,18684.001953
61,0.313839,0.679208,18900.310547
62,0.303788,0.705922,19216.419922
63,0.364655,0.624261,19815.441406
64,0.405260,0.529010,20114.845703
65,0.620942,0.520123,21329.394531
66,0.679239,0.559261,21545.726562
67,0.674791,0.549759,21678.740234
68,0.704932,0.542395,22011.574219
69,0.739383,0.534060,22244.533203
70,0.735885,0.523597,22460.695312
71,0.703377,0.504021,22660.458984
72,0.782752,0.526743,23142.955078
73,0.778849,0.504398,23392.474609
74,0.770666,0.492102,23675.332031
75,0.774298,0.509565,23924.839844
76,0.771261,0.506364,24124.546875
77,0.817146,0.513769,24490.546875
78,0.818929,0.518835,24673.578125
0,0.765925,0.421681,16.617916
1,0.723570,0.494060,282.917816
2,0.664904,0.533394,615.684265
3,0.546196,0.520199,1297.751221
4,0.638445,0.524988,1497.478882
5,0.686864,0.503620,1796.846069
6,0.726880,0.488856,1996.635254
7,0.726846,0.491945,2112.959229
8,0.806558,0.502113,2628.820557
9,0.989869,0.511066,3394.035400
10,0.038998,0.518823,3710.223633
11,0.020753,0.437394,4142.793945
12,0.108915,0.503093,4824.937500
13,0.102430,0.482625,4991.312012
14,0.136537,0.490316,5407.254883
15,0.990023,0.503358,5956.284668
16,0.994700,0.498542,6056.233887
17,0.836965,0.508033,6705.052734
18,0.847982,0.502379,6921.219238
19,0.840855,0.455276,7120.901367
20,0.737245,0.496024,7670.078125
21,0.685858,0.525542,8035.977539
22,0.674769,0.509910,8318.860352
23,0.712345,0.507719,8751.361328
24,0.767373,0.503989,9100.818359
25,0.803380,0.503120,9649.816406
26,0.837082,0.498329,9949.312500
27,0.834968,0.497083,10148.934570
28,0.675621,0.054504,11446.645508
29,0.878804,0.109762,11895.920898
30,0.838117,0.186985,12461.496094
31,0.747752,0.132542,12894.165039
32,0.747299,0.138322,13143.678711
33,0.758456,0.145278,13393.272461
34,0.817150,0.868671,14923.828125
35,0.895115,0.914699,15123.607422
36,0.789925,0.946573,15489.583008
37,0.845716,0.914866,16121.810547
38,0.596888,0.518077,17918.693359
39,0.618081,0.510392,18118.310547
40,0.615278,0.515240,18351.261719
41,0.597432,0.519926,18650.703125
42,0.931831,0.393776,20663.847656
43,0.879234,0.390327,22211.064453
44,0.965401,0.668924,22477.332031
45,0.883899,0.536875,22876.720703
46,0.924281,0.536887,23159.449219
47,0.853639,0.530354,23475.560547
48,0.948865,0.643049,23675.160156
49,0.877237,0.525192,23974.726562
50,0.884238,0.541312,24640.154297
51,0.880178,0.536975,24972.917969
0,0.645453,0.583328,582.156738
1,0.562495,0.571342,1081.311768
2,0.555141,0.581058,1264.272705
3,0.705285,0.579199,2196.060059
4,0.552201,0.594817,2911.486328
5,0.545605,0.576847,3061.212891
6,0.550367,0.576350,3177.591064
7,0.612170,0.567296,3343.998535
8,0.713348,0.518785,3676.741943
9,0.777218,0.562066,4076.139160
10,0.705433,0.218304,4758.229980
11,0.751226,0.090273,5490.234375
12,0.743342,0.094188,5573.561523
13,0.742510,0.101641,5773.106934
14,0.705460,0.550143,7004.279785
15,0.686761,0.583977,7303.931152
16,0.899756,0.571003,7786.346191
17,0.946942,0.557960,8019.190918
18,0.967036,0.553555,8268.827148
19,0.002079,0.557405,8684.689453
20,0.047375,0.551403,9117.309570
21,0.654121,0.574928,10697.949219
22,0.547894,0.585589,11496.504883
23,0.518953,0.562593,12627.886719
24,0.521594,0.578342,12877.352539
25,0.556091,0.579515,14591.064453
26,0.196288,0.528922,18001.781250
27,0.114996,0.573783,18484.283203
28,0.350481,0.060958,19965.078125
0,0.761148,0.516300,316.230377
1,0.711748,0.549626,698.773926
2,0.694213,0.506584,1281.085205
3,0.648739,0.520379,1647.122192
4,0.656920,0.522340,1813.448242
5,0.694081,0.504063,2212.878418
6,0.677919,0.503077,2395.810791
7,0.636609,0.504653,2745.217285
8,0.570728,0.523554,3410.721924
9,0.611075,0.435249,3809.958984
10,0.630998,0.422884,4009.672363
11,0.656155,0.351199,4375.713379
12,0.755687,0.226949,4891.444824
13,0.775811,0.224058,5024.573242
14,0.757407,0.120783,5257.470703
15,0.744806,0.062470,5873.069336
16,0.765010,0.063261,6106.081543
17,0.657648,0.180275,6422.152344
18,0.673500,0.182168,6738.188965
19,0.928060,0.538895,7669.937500
20,0.997622,0.532940,8185.626465
21,0.023343,0.492869,8418.640625
22,0.026553,0.389696,8601.645508
23,0.095619,0.510825,9217.311523
24,0.135841,0.523379,9716.336914
25,0.157212,0.528578,10082.396484
26,0.169593,0.511311,10332.007812
27,0.180708,0.517990,10531.652344
28,0.110938,0.501753,10980.822266
29,0.049088,0.465535,11413.380859
30,0.044835,0.435600,11862.600586
31,0.853012,0.528445,13093.867188
32,0.831391,0.527555,13443.225586
33,0.830991,0.522448,13775.909180
34,0.768256,0.518404,14042.250977
35,0.779892,0.499921,14441.401367
36,0.163723,0.616331,15589.402344
37,0.263535,0.587963,16171.802734
38,0.260709,0.582315,16304.954102
39,0.332567,0.731927,17086.781250
40,0.342098,0.689635,17502.792969
41,0.323364,0.721595,18151.677734
42,0.335444,0.700618,18667.394531
43,0.343349,0.678956,18983.484375
44,0.370623,0.623871,19299.609375
45,0.358869,0.588404,19565.894531
46,0.371385,0.575434,19848.574219
47,0.286790,0.648493,20181.314453
48,0.218031,0.649256,20630.660156
49,0.183915,0.673146,20780.326172
50,0.189025,0.683438,20996.593750
51,0.179358,0.678043,21162.960938
52,0.191525,0.514296,21479.175781
53,0.150187,0.514435,21761.937500
54,0.116635,0.503397,22078.177734
55,0.063737,0.517453,22327.679688
56,0.823422,0.520934,23342.560547
57,0.699232,0.527604,23825.060547
58,0.685104,0.533589,23991.398438
59,0.703682,0.515119,24573.798828
0,0.785174,0.462731,499.126312
1,0.699410,0.512983,732.064514
2,0.686669,0.518817,948.446167
3,0.647547,0.522821,1513.984985
4,0.648718,0.520504,1713.592651
5,0.581065,0.530570,1896.630371
6,0.584331,0.529543,1996.484619
7,0.542783,0.537939,2445.702637
8,0.481677,0.537947,2878.333008
9,0.457034,0.491112,3177.762207
10,0.412444,0.448334,3527.276367
11,0.459966,0.514456,4159.316406
12,0.335789,0.622589,4725.033691
13,0.335570,0.568238,5041.163086
14,0.323544,0.649833,5357.221680
15,0.176060,0.578104,6488.568359
16,0.152314,0.501288,6654.944336
17,0.104531,0.505326,7137.466309
18,0.061221,0.499298,7553.349609
19,0.045259,0.492793,7852.768555
20,0.023627,0.490873,8302.038086
21,0.026096,0.496411,8435.160156
22,0.995682,0.498488,8884.422852
23,0.978340,0.499690,9183.746094
24,0.942770,0.500752,9549.844727
25,0.927525,0.498588,9882.682617
26,0.972135,0.385537,10165.538086
27,0.012870,0.370695,10448.224609
28,0.050100,0.490170,10697.858398
29,0.045300,0.520037,10914.085938
30,0.050691,0.526459,11263.504883
31,0.114323,0.526843,11479.775391
32,0.142491,0.510239,11779.263672
33,0.189028,0.507192,12278.423828
34,0.190954,0.508958,12394.750000
35,0.097868,0.524410,13193.397461
36,0.145284,0.498008,13526.128906
37,0.170888,0.492684,13892.151367
38,0.183510,0.507663,14590.933594
39,0.057785,0.520892,15090.070312
40,0.995517,0.528247,15555.910156
41,0.974064,0.520321,15805.441406
42,0.818786,0.502095,17153.107422
43,0.716995,0.490518,18101.355469
44,0.695560,0.491108,18533.937500
45,0.148732,0.492663,21129.406250
46,0.203007,0.486367,21595.216797
47,0.205025,0.489898,21778.283203
48,0.201174,0.515086,22244.072266
49,0.273547,0.092573,23857.958984
50,0.295561,0.043067,24157.427734
51,0.398168,0.017356,24357.048828
52,0.401087,0.187752,24922.740234
0,0.800813,0.481531,33.421410
1,0.757899,0.530716,316.231232
2,0.745913,0.582724,565.727722
3,0.729590,0.615206,831.960999
4,0.735419,0.678518,1048.253052
5,0.753502,0.711461,1181.386230
6,0.687586,0.591855,1563.988281
7,0.676098,0.538183,1697.123169
8,0.655202,0.528349,1996.713867
9,0.630678,0.536712,2279.496582
10,0.609941,0.576674,2512.386475
11,0.641780,0.800515,2961.618164
12,0.650412,0.834875,3244.488770
13,0.620007,0.852052,3444.087402
14,0.568727,0.569505,3993.095215
15,0.573998,0.520376,4226.084473
16,0.615750,0.473477,4409.043945
17,0.648805,0.456612,4658.552246
18,0.673295,0.449342,4874.923340
19,0.707026,0.465073,5107.850098
20,0.715500,0.437132,5357.506836
21,0.699811,0.377166,5540.420410
22,0.700231,0.294548,6006.335938
23,0.771087,0.320529,6322.332031
24,0.867631,0.492321,6788.146484
25,0.924552,0.488293,7137.655762
26,0.945666,0.475667,7453.688477
27,0.936113,0.406048,7670.036133
28,0.965014,0.369645,7853.012695
29,0.964508,0.370579,7936.130371
30,0.000798,0.361855,8135.993164
31,0.050487,0.392314,8368.769531
32,0.064975,0.475317,8718.106445
33,0.065520,0.510162,8917.913086
34,0.094906,0.511505,9184.047852
35,0.122864,0.508978,9466.887695
36,0.092387,0.573830,9783.040039
37,0.080443,0.631962,9949.435547
38,0.093490,0.696540,10182.210938
39,0.184575,0.568639,10531.598633
40,0.219042,0.606189,10814.571289
41,0.193578,0.540588,11080.766602
42,0.183430,0.505370,11280.374023
43,0.205282,0.485317,11513.388672
44,0.094658,0.435552,11812.750000
45,0.865659,0.312055,12677.980469
46,0.884204,0.128496,13177.076172
47,0.791458,0.139886,13393.318359
48,0.745641,0.157754,13975.790039
49,0.695214,0.156653,14208.571289
50,0.622305,0.118791,14691.089844
51,0.608822,0.143925,14840.832031
52,0.547725,0.205615,15206.814453
53,0.634627,0.193610,15506.317383
54,0.623021,0.161854,15705.955078
55,0.570418,0.173370,16055.437500
56,0.461046,0.351277,16504.503906
57,0.447431,0.445560,16770.824219
58,0.452580,0.438813,16920.515625
59,0.515498,0.501054,17269.998047
60,0.588824,0.484679,17486.154297
61,0.751093,0.378445,18168.375000
62,0.690298,0.525495,18700.738281
63,0.690459,0.539678,18917.013672
64,0.714803,0.709748,19449.462891
65,0.705473,0.761198,19682.443359
66,0.705020,0.789988,19915.216797
67,0.693754,0.572051,20264.716797
68,0.685952,0.498597,20614.123047
69,0.822733,0.512398,21063.312500
70,0.866611,0.494099,21312.845703
71,0.664528,0.516956,21645.582031
72,0.674328,0.515673,21778.685547
73,0.648522,0.512990,22177.974609
74,0.613595,0.463536,22477.433594
75,0.571484,0.407507,22677.093750
76,0.525682,0.519671,23142.960938
77,0.428087,0.538766,23808.437500
78,0.384169,0.518514,23958.220703
79,0.351755,0.525767,24257.675781
80,0.321547,0.528425,24540.560547
0,0.637512,0.528202,1147.931641
1,0.555239,0.516950,1414.211426
2,0.497851,0.518047,1713.728149
3,0.499586,0.449976,2013.230103
4,0.542259,0.404349,2229.452148
5,0.645180,0.552319,3044.686279
6,0.693303,0.487728,4991.238281
7,0.103683,0.273176,7936.064941
8,0.336498,0.522471,9500.036133
9,0.331304,0.650646,10348.587891
10,0.347091,0.532614,10897.665039
11,0.184861,0.474976,11895.881836
12,0.089808,0.504964,12145.362305
13,0.007729,0.492104,12727.739258
14,0.911465,0.513968,13626.102539
15,0.859104,0.414846,14358.257812
16,0.823499,0.507486,14840.680664
17,0.673529,0.513821,16737.398438
18,0.639859,0.471186,17020.162109
19,0.697309,0.508529,18051.781250
20,0.703666,0.506782,18251.417969
21,0.703754,0.509374,18733.923828
0,0.754776,0.500558,382.584198
1,0.774399,0.473227,582.235962
2,0.685374,0.456995,848.438538
3,0.684560,0.462372,1164.551392
4,0.693852,0.465098,1297.673218
5,0.670593,0.460108,1663.687622
6,0.707094,0.466485,2029.674438
7,0.672011,0.459908,2612.098633
8,0.638906,0.453831,2844.983154
9,0.643068,0.469888,3044.644043
10,0.584252,0.441874,3577.034912
11,0.593893,0.378653,3743.481934
12,0.621470,0.325095,3976.266602
13,0.771325,0.104220,5057.728516
14,0.799273,0.060520,5240.729004
15,0.829920,0.050303,5473.723633
16,0.900505,0.501747,6272.261719
17,0.859561,0.464404,6621.724121
18,0.955108,0.464989,7303.816406
19,0.991144,0.461323,7536.722168
20,0.046428,0.270413,8435.193359
21,0.062467,0.239795,8601.543945
22,0.120526,0.472062,9383.581055
23,0.155168,0.462270,9666.292969
24,0.180769,0.464616,9899.308594
25,0.207809,0.725313,10963.994141
26,0.190549,0.790225,11263.528320
27,0.361282,0.667663,12145.407227
28,0.348880,0.634943,12278.489258
29,0.340377,0.632965,12627.863281
30,0.347119,0.608666,12827.500000
31,0.347382,0.559752,13176.858398
32,0.373675,0.478573,13892.357422
33,0.377492,0.458938,14158.547852
34,0.475439,0.543614,14840.596680
35,0.470969,0.364317,15190.045898
36,0.472574,0.326967,15389.720703
37,0.555708,0.536194,15922.038086
38,0.577838,0.494670,16188.299805
39,0.578695,0.483668,16288.065430
40,0.543012,0.300819,16704.136719
41,0.505662,0.267399,16970.263672
42,0.457457,0.173305,17369.544922
43,0.395338,0.149291,17535.884766
44,0.324038,0.123037,17752.140625
45,0.178114,0.477853,18733.789062
46,0.941809,0.477294,19981.673828
47,0.965890,0.483266,20314.333984
48,0.960981,0.478419,20480.748047
49,0.949291,0.475769,20630.451172
50,0.839647,0.478585,21445.718750
51,0.807615,0.483627,21761.876953
52,0.764412,0.469683,21994.837891
53,0.712758,0.462496,22244.296875
54,0.684729,0.472347,22843.302734
55,0.686806,0.476306,22976.408203
56,0.662230,0.467198,23242.529297
57,0.566089,0.470358,23924.673828
58,0.539201,0.470700,24290.830078
59,0.495369,0.471491,24457.197266
60,0.440902,0.490551,24739.884766
0,0.757359,0.561296,532.276184
1,0.774929,0.489262,765.218018
2,0.774115,0.482702,1048.075562
3,0.704641,0.493949,1280.963867
4,0.730614,0.471783,1597.138306
5,0.769721,0.440674,1813.387939
6,0.043286,0.510817,3593.679443
7,0.251401,0.317940,6655.019531
8,0.264633,0.738574,7337.094727
9,0.232697,0.790181,7636.551270
10,0.334748,0.658140,8302.100586
11,0.500915,0.572700,10049.035156
12,0.541140,0.527029,10548.179688
13,0.642489,0.483225,11529.750000
14,0.464940,0.587390,12328.367188
15,0.718001,0.521262,19066.537109
16,0.742186,0.511238,19549.021484
17,0.693848,0.516126,21196.138672
18,0.312602,0.648899,22943.146484
19,0.711685,0.510806,23941.351562
20,0.646799,0.516671,24939.603516
0,0.740787,0.464109,33.312172
1,0.753780,0.478965,582.349426
2,0.765511,0.493454,732.081970
3,0.731829,0.436236,1064.828369
4,0.714686,0.429680,1247.863159
5,0.700032,0.443467,1464.120239
6,0.693447,0.454058,1663.779663
7,0.718593,0.637492,1963.276733
8,0.726175,0.628290,2162.891846
9,0.669946,0.516739,2462.374023
10,0.686889,0.473443,2795.118652
11,0.645843,0.484595,3127.891113
12,0.644607,0.520389,3493.913086
13,0.643722,0.560291,3693.580566
14,0.637961,0.600079,3876.572510
15,0.639075,0.610799,4042.947021
16,0.642784,0.639430,4475.541504
17,0.584422,0.596012,4791.623535
18,0.586562,0.565826,5041.235352
19,0.611567,0.768968,5490.416016
20,0.610887,0.632693,6338.916504
21,0.597021,0.594799,6621.826172
22,0.564835,0.579183,6871.357422
23,0.548857,0.588274,7054.362793
24,0.532230,0.596136,7303.914551
25,0.514405,0.606330,7553.500488
26,0.504186,0.592458,7769.790527
27,0.487656,0.614549,8069.255859
28,0.480183,0.607635,8252.264648
29,0.465483,0.635094,8468.561523
30,0.473595,0.618267,9067.496094
31,0.605378,0.519862,9866.110352
32,0.678323,0.492046,10148.956055
33,0.698435,0.504826,10365.238281
34,0.724093,0.515896,10814.446289
35,0.844391,0.508252,11413.405273
36,0.981046,0.605279,12028.985352
37,0.012355,0.596042,12345.119141
38,0.024452,0.580564,12494.836914
39,0.989790,0.704947,12761.043945
40,0.979751,0.715930,12977.332031
41,0.998564,0.787703,13243.540039
42,0.032057,0.758373,13842.487305
43,0.048567,0.733174,14857.378906
44,0.039894,0.582791,15256.742188
45,0.059052,0.521682,15439.746094
46,0.066875,0.458363,15622.718750
47,0.133757,0.444656,16171.769531
48,0.185515,0.486447,16604.330078
49,0.195847,0.497259,16920.443359
50,0.817676,0.063365,18550.931641
51,0.991607,0.209897,18833.779297
52,0.792991,0.098890,19149.875000
53,0.709293,0.199307,19599.089844
54,0.423637,0.599427,21828.533203
55,0.464826,0.631436,22161.281250
56,0.489293,0.654888,22327.654297
57,0.442380,0.724061,22810.154297
58,0.467822,0.721428,23009.849609
59,0.556507,0.631969,23226.113281
60,0.583984,0.622260,23675.316406
61,0.620962,0.625386,23924.882812
62,0.638301,0.530993,24407.367188
63,0.606015,0.366356,24640.304688
0,0.762096,0.493819,166.508041
1,0.745286,0.486670,332.850891
2,0.709277,0.505540,665.592651
3,0.667394,0.493850,881.859436
4,0.658695,0.502989,1098.151489
5,0.649613,0.521132,1297.849609
6,0.624906,0.499793,1530.781860
7,0.595586,0.519613,1996.688599
8,0.574531,0.469973,2562.325684
9,0.562758,0.332158,2745.333740
10,0.503843,0.432534,3094.703125
11,0.519192,0.489245,3344.215332
12,0.495458,0.592632,3627.060791
13,0.490040,0.573351,4159.546875
14,0.490315,0.555880,4442.379883
15,0.496284,0.538814,4575.510742
16,0.449887,0.511027,4974.786621
17,0.430665,0.505962,5623.652344
18,0.424296,0.543227,6172.667480
19,0.354880,0.531805,6738.300293
20,0.325472,0.681447,7254.095215
21,0.331271,0.597761,7753.179199
22,0.327491,0.592886,8135.963379
23,0.319718,0.469761,8485.286133
24,0.324011,0.473839,8651.626953
25,0.311376,0.279478,9450.268555
26,0.308922,0.305932,9599.993164
27,0.273748,0.376625,9816.287109
28,0.262587,0.868618,10681.390625
29,0.254476,0.909544,10931.004883
30,0.221418,0.895548,11213.838867
31,0.197988,0.718437,11396.875977
32,0.179165,0.620932,11596.472656
33,0.134186,0.111267,12711.291992
34,0.225198,0.098664,12910.926758
35,0.292072,0.067812,13326.776367
36,0.265483,0.059906,13459.916016
37,0.415896,0.122910,13809.365234
38,0.425919,0.098269,13925.737305
39,0.579247,0.113149,14740.973633
40,0.550666,0.083276,15007.197266
41,0.532131,0.077872,15107.084961
42,0.545661,0.085072,15306.748047
43,0.758234,0.113042,15722.652344
44,0.781371,0.137058,15922.363281
45,0.571570,0.089421,16504.593750
46,0.864880,0.073867,17086.863281
47,0.693110,0.135835,17336.519531
48,0.769668,0.071047,17885.498047
49,0.734989,0.109225,18135.144531
50,0.741847,0.104312,18284.781250
51,0.728272,0.134684,18417.966797
52,0.727403,0.180707,18667.552734
53,0.764543,0.421538,19981.804688
54,0.751726,0.400141,20248.019531
55,0.771042,0.388380,20414.476562
56,0.853426,0.443122,20980.078125
57,0.883004,0.460384,21196.453125
58,0.872565,0.447536,21312.828125
59,0.881727,0.463446,21512.484375
60,0.932629,0.480111,21811.958984
61,0.024057,0.449690,22410.910156
62,0.991864,0.507792,22710.433594
63,0.961694,0.469356,23026.554688
64,0.988416,0.464637,23325.982422
65,0.999782,0.473949,23825.105469
66,0.954379,0.471997,24257.703125
67,0.953644,0.475144,24973.152344
0,0.903370,0.586649,2512.347168
1,0.906770,0.584909,2911.565918
2,0.009057,0.518358,3161.208008
3,0.011276,0.484051,4774.946289
4,0.008077,0.465374,5041.133789
5,0.866039,0.484445,5490.369629
6,0.871032,0.474234,8751.358398
7,0.173547,0.248390,17153.300781
8,0.132732,0.297101,17585.894531
9,0.543443,0.639152,19133.164062
10,0.511179,0.547692,19382.791016
11,0.451199,0.501579,20580.617188
12,0.446246,0.516067,20713.787109
13,0.296391,0.598958,21878.335938
14,0.304281,0.746249,24041.164062
15,0.443229,0.373292,24923.017578
0,0.759642,0.546080,16.646112
1,0.695896,0.600002,415.918823
2,0.618250,0.599160,931.603882
3,0.561330,0.633599,1331.021606
4,0.685068,0.555061,1697.054321
5,0.992681,0.560661,2828.353271
6,0.034392,0.544738,3011.334961
7,0.057079,0.528978,3310.860840
8,0.053283,0.510857,3693.520996
9,0.077557,0.482064,3959.687988
10,0.075660,0.441388,4309.132324
11,0.063693,0.306947,4508.680664
12,0.051760,0.196223,4908.087402
13,0.044676,0.167382,5157.528320
14,0.008071,0.163163,5323.919434
15,0.686082,0.445963,6521.878418
16,0.661730,0.507973,6887.870605
17,0.632634,0.529728,7104.118164
18,0.629730,0.558639,7287.299316
19,0.589657,0.561251,7453.671387
20,0.473696,0.575754,8102.475586
21,0.450563,0.593206,8401.843750
22,0.475416,0.479760,8784.583984
23,0.492408,0.433779,9000.912109
24,0.499277,0.392201,9250.456055
25,0.521941,0.338111,9466.841797
26,0.570578,0.361155,9749.671875
27,0.568514,0.355087,9849.362305
28,0.211903,0.524926,11612.923828
29,0.243074,0.537418,11978.945312
30,0.208880,0.759249,12578.008789
31,0.337588,0.676637,13027.136719
32,0.333382,0.631377,13958.914062
33,0.193463,0.706430,14857.260742
34,0.127125,0.541854,15522.810547
35,0.099320,0.432277,15905.504883
36,0.056616,0.186231,16587.677734
37,0.035962,0.166047,16803.869141
38,0.986986,0.549001,17652.451172
39,0.935928,0.607811,18084.939453
40,0.864920,0.578698,18284.615234
41,0.839010,0.573375,18600.804688
42,0.757756,0.561611,18966.892578
43,0.766099,0.578417,19166.478516
44,0.727059,0.580407,19332.863281
45,0.690340,0.556632,19599.060547
0,0.850393,0.513049,199.727234
1,0.893169,0.524380,482.465729
2,0.939763,0.774411,1231.120117
3,0.916709,0.823095,1397.454712
4,0.919513,0.755869,1697.008057
5,0.955326,0.500964,1930.030518
6,0.954349,0.456002,2162.820801
7,0.970850,0.502713,2512.228516
8,0.019666,0.493970,2795.085205
9,0.961678,0.370148,3111.290039
10,0.916192,0.254881,3527.219482
11,0.902792,0.167892,3843.222412
12,0.858899,0.171201,3992.935547
13,0.833310,0.513798,4392.323242
14,0.832279,0.527157,4691.774414
15,0.772131,0.516637,5140.884277
16,0.718055,0.527544,5490.383301
17,0.686281,0.530778,5640.186035
18,0.695938,0.523450,6239.023926
19,0.656876,0.604319,6438.613770
20,0.645053,0.643126,6721.556152
21,0.633025,0.570668,6921.161133
22,0.651124,0.517160,7170.728027
23,0.600062,0.509528,7370.401855
24,0.538954,0.530238,7719.714355
25,0.575071,0.511066,8085.876465
26,0.637994,0.501993,8302.078125
27,0.660356,0.225039,9134.015625
28,0.699293,0.120853,9866.123047
29,0.682970,0.100457,10198.797852
30,0.602554,0.148233,10781.079102
31,0.505712,0.357899,11296.849609
32,0.530271,0.597096,11746.016602
33,0.549276,0.552311,12095.438477
34,0.484495,0.555948,12378.300781
35,0.461259,0.549901,12644.626953
36,0.475811,0.540478,12993.936523
37,0.412016,0.542909,13243.424805
38,0.365636,0.540565,13459.789062
39,0.371186,0.538651,13675.979492
40,0.345945,0.540512,13842.405273
41,0.339923,0.543130,14058.776367
42,0.351098,0.544508,14274.967773
43,0.319163,0.642274,14524.499023
44,0.320952,0.696185,14757.500977
45,0.266072,0.841260,15306.445312
46,0.334000,0.637950,15822.201172
47,0.339268,0.621048,16471.085938
48,0.331238,0.638805,16803.857422
49,0.332727,0.595687,17020.171875
50,0.379456,0.523292,17402.875000
51,0.300863,0.427939,17652.439453
52,0.334051,0.222010,18168.150391
53,0.345105,0.180384,18401.054688
54,0.332535,0.161178,18634.078125
55,0.345640,0.121609,18866.923828
56,0.375313,0.122002,19183.052734
57,0.372036,0.267269,19732.175781
58,0.167408,0.516331,20447.570312
59,0.176829,0.520260,20564.060547
60,0.151967,0.524092,20913.349609
61,0.144731,0.519550,21146.273438
62,0.175637,0.517361,21346.027344
63,0.061052,0.504589,21778.535156
64,0.042962,0.518226,22144.451172
65,0.060381,0.481000,22460.683594
66,0.063683,0.452777,22760.115234
67,0.098484,0.456592,22993.160156
68,0.146682,0.471949,23192.730469
69,0.248825,0.421857,23625.302734
70,0.275573,0.519901,23908.101562
71,0.267033,0.707331,24157.666016
72,0.256742,0.767795,24324.109375
0,0.766834,0.490230,399.319641
1,0.813896,0.513217,1014.830505
2,0.864936,0.530432,1264.494507
3,0.926064,0.525056,1497.375732
4,0.982631,0.532067,2212.750488
5,0.012720,0.545390,2478.971191
6,0.008815,0.546320,2595.406494
7,0.980775,0.553123,2811.648682
8,0.871697,0.430123,3310.791504
9,0.838585,0.405773,3493.863770
10,0.818684,0.372910,3676.799805
11,0.817761,0.312311,3992.962891
12,0.826746,0.288743,4142.657227
13,0.862936,0.267400,4525.388184
14,0.854693,0.265071,4675.084473
15,0.879304,0.255501,4858.197266
16,0.890819,0.256740,5074.398926
17,0.878594,0.255212,5640.118652
18,0.855196,0.241263,5789.802734
19,0.824026,0.271447,6056.070312
20,0.802694,0.282651,6222.394531
21,0.784685,0.363379,6455.352539
22,0.788266,0.317057,6721.498535
23,0.758264,0.314105,6921.191406
24,0.681760,0.360021,7187.379883
25,0.473403,0.277402,8202.295898
26,0.451213,0.282565,8368.618164
27,0.402803,0.302582,8618.287109
28,0.371569,0.314255,8817.907227
29,0.365518,0.290934,9034.192383
30,0.363896,0.273083,9300.360352
31,0.366342,0.291152,9882.727539
32,0.373544,0.300311,10115.594727
33,0.291905,0.306666,10315.209961
34,0.224381,0.393762,10614.720703
35,0.257322,0.508647,10897.545898
36,0.207175,0.543304,11130.447266
37,0.186310,0.603945,11280.185547
38,0.107687,0.517636,11629.667969
39,0.018065,0.518759,12195.280273
40,0.032351,0.525363,12461.467773
41,0.038928,0.528442,12744.334961
42,0.075368,0.520365,12977.232422
43,0.080071,0.523084,13160.239258
44,0.197292,0.501580,13409.835938
45,0.181898,0.503650,13692.695312
46,0.172456,0.513933,14058.700195
47,0.116400,0.515290,14274.987305
48,0.095825,0.505032,14591.090820
49,0.137107,0.402559,15190.066406
50,0.238370,0.368148,15639.256836
51,0.291394,0.312627,16055.182617
52,0.325463,0.051437,16803.884766
53,0.334146,0.062191,16920.386719
54,0.332388,0.042010,17103.361328
55,0.242800,0.163456,17486.025391
56,0.234067,0.209211,17669.048828
57,0.242394,0.278914,18118.259766
58,0.244195,0.296029,18201.425781
59,0.265105,0.344665,18351.167969
60,0.349981,0.603450,18866.964844
61,0.316345,0.681262,19033.328125
62,0.269393,0.747356,19249.650391
63,0.240390,0.793881,19465.914062
64,0.259669,0.857802,19665.558594
65,0.323214,0.880128,19915.119141
66,0.365132,0.856558,20297.779297
67,0.356451,0.831167,20547.373047
68,0.372069,0.847457,20896.740234
69,0.370322,0.833703,20996.578125
70,0.527025,0.853526,21296.076172
71,0.519701,0.514727,21894.980469
72,0.637401,0.324029,22344.214844
73,0.671534,0.273653,22543.861328
74,0.645790,0.228951,22710.248047
75,0.667765,0.152915,22926.523438
76,0.668329,0.121792,23126.173828
77,0.693708,0.107804,23275.902344
78,0.774078,0.144680,23542.111328
79,0.780469,0.116709,23775.048828
80,0.670677,0.091235,23974.673828
81,0.639710,0.132960,24290.798828
82,0.664442,0.187312,24590.271484
0,0.759233,0.566986,349.372314
1,0.713489,0.520410,582.374390
2,0.691604,0.524670,1131.424316
3,0.684508,0.525061,1297.708130
4,0.604820,0.549366,1780.323242
5,0.576825,0.547433,1996.543091
6,0.551936,0.554573,2379.275391
7,0.488427,0.612860,2944.881836
8,0.505135,0.663977,3177.761719
9,0.532318,0.733436,3427.331543
10,0.503871,0.426844,3993.091797
11,0.500408,0.385100,4159.431152
12,0.515575,0.338880,4409.000488
13,0.504684,0.306415,4608.632324
14,0.511988,0.275072,4791.716797
15,0.509245,0.238248,4974.649414
16,0.523545,0.228140,5257.469727
17,0.536103,0.206159,5440.552734
18,0.559570,0.193955,5673.409180
19,0.603907,0.183495,5939.627441
20,0.644732,0.156045,6089.371094
21,0.677194,0.144860,6239.148926
22,0.706223,0.153236,6438.812012
23,0.730974,0.136763,6854.694336
24,0.742886,0.101709,7054.341309
25,0.753047,0.092502,7303.949219
26,0.759621,0.090322,7520.193848
27,0.790721,0.127122,7803.000000
28,0.806208,0.140922,8035.933105
29,0.804493,0.151480,8202.324219
30,0.815815,0.173755,8468.513672
31,0.817426,0.184562,8651.616211
32,0.841504,0.246474,8867.901367
33,0.837764,0.318059,9067.516602
34,0.830939,0.367062,9300.425781
35,0.819842,0.526207,10514.945312
36,0.837282,0.558350,10664.743164
37,0.842081,0.559608,10864.371094
38,0.866450,0.586090,11113.947266
39,0.899211,0.614668,11396.827148
40,0.987194,0.523013,11962.432617
41,0.998943,0.477843,12112.222656
42,0.011196,0.437513,12411.717773
43,0.026138,0.404465,12594.666992
44,0.097238,0.426313,12894.127930
45,0.095127,0.424685,12993.961914
46,0.142229,0.502938,13193.634766
47,0.214674,0.459473,13642.813477
48,0.224566,0.385565,13942.280273
49,0.218423,0.308640,14158.653320
50,0.190466,0.256924,14391.533203
51,0.111399,0.189498,14774.178711
52,0.127383,0.155643,15007.134766
53,0.164056,0.150890,15190.099609
54,0.199643,0.169028,15406.428711
55,0.247775,0.193927,15622.765625
56,0.266286,0.199943,15805.747070
57,0.345389,0.181667,16221.653320
58,0.404091,0.230195,16437.949219
59,0.422156,0.246187,16637.607422
60,0.472145,0.298612,17053.535156
61,0.444728,0.467760,17336.371094
62,0.400783,0.573994,17635.906250
63,0.335927,0.589195,17868.759766
64,0.313109,0.630738,18168.240234
65,0.310204,0.691999,18700.673828
66,0.321367,0.703595,19149.863281
67,0.323852,0.694902,19499.291016
68,0.354267,0.673212,19798.800781
69,0.460894,0.616386,19981.750000
70,0.487946,0.581562,20164.822266
71,0.514905,0.570493,20397.716797
72,0.507554,0.568377,20497.509766
73,0.458078,0.569237,20713.833984
74,0.440042,0.586242,21113.142578
75,0.313027,0.644561,21445.923828
76,0.308384,0.675286,21678.808594
77,0.312298,0.688436,21928.367188
78,0.183789,0.819315,22427.484375
79,0.133207,0.843264,22776.871094
80,0.154169,0.757137,22993.242188
81,0.202875,0.710386,23209.515625
82,0.929038,0.539869,24207.685547
83,0.927923,0.481633,24440.634766
84,0.930100,0.512198,24623.658203
85,0.937723,0.508933,24989.650391
0,0.721712,0.421371,16.637032
1,0.765297,0.499324,382.579773
2,0.777350,0.588085,565.589294
3,0.784664,0.601449,1364.258911
4,0.748767,0.509363,2046.385864
5,0.571200,0.514272,4192.601074
6,0.530734,0.535425,4525.460449
7,0.711786,0.421463,5107.667969
8,0.708045,0.411903,5224.130371
9,0.010060,0.359024,7120.809570
10,0.941935,0.429193,7453.674316
11,0.554848,0.323856,9267.135742
12,0.535870,0.457120,9566.541016
13,0.749803,0.526134,10248.681641
14,0.731522,0.451131,10631.378906
15,0.730816,0.441443,10830.989258
16,0.682680,0.454652,11014.022461
17,0.676667,0.434600,11230.338867
18,0.771385,0.404897,14458.015625
19,0.733727,0.374422,15905.473633
20,0.893204,0.739283,16504.421875
21,0.878953,0.752107,16803.937500
22,0.862312,0.544011,19416.050781
23,0.872712,0.547385,19615.667969
24,0.789375,0.378112,23142.851562
25,0.776831,0.385900,23359.140625
26,0.721081,0.387382,23691.867188
0,0.687185,0.502686,549.016357
1,0.640745,0.514994,898.355835
2,0.435325,0.528215,1880.050781
3,0.392134,0.503498,2112.955811
4,0.366082,0.509302,2429.111572
5,0.331984,0.604019,2711.865967
6,0.864594,0.501269,3660.268066
7,0.893937,0.506371,3943.097900
8,0.013777,0.504279,4508.789062
9,0.152423,0.498617,5140.937988
10,0.186991,0.509256,5340.673828
11,0.176942,0.503935,5573.541504
12,0.152215,0.548659,5906.283203
13,0.109030,0.529209,6472.008789
14,0.123332,0.502904,6854.679688
15,0.104775,0.625121,7270.590332
16,0.119021,0.745799,7719.773926
17,0.117018,0.817283,7919.445801
18,0.096779,0.910698,8152.413086
19,0.265032,0.911318,8451.839844
20,0.228291,0.909271,8634.933594
21,0.253532,0.635427,9217.157227
22,0.339907,0.684183,9666.376953
23,0.858176,0.174549,10914.214844
24,0.654175,0.165062,11762.774414
25,0.326406,0.608690,12578.003906
26,0.324484,0.662233,12761.000977
27,0.469488,0.571936,13210.231445
28,0.468117,0.558303,13393.308594
29,0.552657,0.533316,13726.057617
30,0.550050,0.523435,13842.434570
31,0.490423,0.496977,14108.613281
32,0.521150,0.505903,14491.330078
33,0.625958,0.524386,14641.012695
34,0.692652,0.518752,14990.414062
35,0.689146,0.514043,15140.155273
36,0.706103,0.507637,15289.900391
37,0.703762,0.500795,15622.734375
38,0.711112,0.501114,15772.385742
39,0.715883,0.497253,16021.991211
40,0.696137,0.492693,16371.370117
41,0.713403,0.498570,16837.224609
42,0.692671,0.501573,17386.230469
43,0.706926,0.509628,18134.914062
44,0.712380,0.502045,18434.425781
45,0.680553,0.516161,19033.388672
46,0.693790,0.501519,19416.085938
47,0.665149,0.507843,19615.640625
48,0.657500,0.548284,19881.869141
49,0.698656,0.511948,20314.464844
50,0.710857,0.500497,20530.710938
51,0.689135,0.535737,20963.333984
52,0.661429,0.554411,21196.226562
53,0.690272,0.515059,21612.154297
54,0.705130,0.503386,21828.486328
55,0.834785,0.506283,22510.640625
56,0.842203,0.511619,22726.910156
57,0.837399,0.506371,22876.744141
58,0.771302,0.480404,23259.294922
59,0.781510,0.479792,23758.423828
60,0.746936,0.502824,24374.017578
0,0.782558,0.521741,33.369873
1,0.713255,0.472119,848.592041
2,0.712449,0.488454,1048.161377
3,0.675214,0.501294,1314.441284
4,0.542962,0.524273,2229.475098
5,0.472696,0.527896,2562.183594
6,0.434409,0.523157,3044.677734
7,0.398404,0.471093,3310.904541
8,0.708157,0.527152,4558.722168
9,0.156363,0.513767,6937.919922
10,0.154202,0.365112,7403.769043
11,0.216493,0.557865,8019.401855
12,0.268438,0.508385,8618.304688
13,0.345029,0.530959,8851.302734
14,0.354979,0.714125,9300.455078
15,0.364822,0.459345,9782.948242
16,0.205062,0.461515,10099.080078
17,0.054742,0.509526,10814.477539
18,0.069086,0.328726,11047.380859
19,0.992180,0.520637,11446.712891
20,0.927462,0.441639,11796.107422
21,0.858515,0.422220,12228.662109
22,0.765430,0.470401,12561.432617
23,0.710388,0.530129,12777.665039
24,0.681716,0.543673,12977.348633
25,0.635406,0.562947,13310.128906
26,0.635580,0.555141,13426.560547
27,0.543948,0.522243,13958.951172
28,0.498782,0.440721,14424.778320
29,0.439671,0.511700,14923.919922
30,0.442905,0.515870,15073.701172
31,0.432814,0.534604,15289.960938
32,0.382019,0.490672,15672.613281
33,0.353991,0.431311,16055.315430
34,0.286692,0.410555,16404.695312
35,0.203401,0.500860,16820.644531
36,0.177892,0.528141,17020.353516
37,0.109081,0.476096,17552.707031
38,0.069145,0.445694,17835.595703
39,0.074602,0.447633,18068.423828
40,0.058930,0.496494,18284.753906
41,0.361923,0.758103,19931.888672
42,0.492706,0.511628,20314.572266
43,0.561248,0.517584,20564.080078
44,0.591866,0.426054,20980.054688
45,0.666282,0.525676,21462.552734
46,0.712132,0.525639,21911.740234
47,0.712686,0.523095,22078.125000
48,0.726386,0.507781,22261.121094
49,0.779362,0.487753,22959.908203
50,0.856660,0.504009,23592.117188
51,0.852464,0.513199,23691.966797
52,0.853095,0.496736,23991.421875
53,0.884477,0.529274,24274.308594
54,0.920940,0.538884,24956.408203
0,0.679964,0.629869,499.104523
1,0.637120,0.637956,964.911133
2,0.593417,0.641218,1414.212646
3,0.559798,0.595328,1713.684692
4,0.390477,0.037101,3111.362549
5,0.215282,0.039364,3493.858398
6,0.146800,0.076378,3726.776855
7,0.123096,0.420283,5806.497559
8,0.996633,0.115117,6172.441895
9,0.465903,0.617950,7486.940918
10,0.394947,0.589784,7753.093750
11,0.392997,0.582188,7919.488281
12,0.348653,0.604095,8085.838867
13,0.315781,0.650551,8718.016602
14,0.208589,0.749544,9217.186523
15,0.198840,0.696499,9633.173828
16,0.322751,0.638442,14873.942383
17,0.648051,0.659603,17552.675781
18,0.914432,0.570333,18401.164062
19,0.910876,0.567428,18600.751953
20,0.540007,0.645655,20048.193359
21,0.509205,0.654431,20314.427734
22,0.507208,0.525372,20597.232422
23,0.507424,0.514726,20746.962891
24,0.524053,0.648615,21229.410156
25,0.452156,0.731780,21711.980469
26,0.497556,0.721640,22061.503906
27,0.488565,0.726242,22294.310547
28,0.529203,0.650225,22710.199219
29,0.554014,0.578725,23092.937500
30,0.677843,0.557686,24989.623047
0,0.757065,0.520276,366.105530
1,0.763276,0.540721,715.517151
2,0.765715,0.544351,865.242310
3,0.741052,0.459011,1863.559082
4,0.750074,0.404986,2312.749268
5,0.753098,0.345171,2479.076904
6,0.760813,0.317111,2678.780029
7,0.774988,0.298149,3028.111816
8,0.844031,0.556216,3493.966064
9,0.691555,0.520032,3860.014160
10,0.652834,0.527389,4109.569336
11,0.610189,0.528467,4359.172852
12,0.574349,0.523066,4608.793457
13,0.495887,0.550112,5041.276855
14,0.499820,0.540941,5207.708008
15,0.442051,0.528368,5607.026367
16,0.406683,0.534803,5972.993164
17,0.385966,0.600862,6405.576172
18,0.369638,0.549616,6588.569824
19,0.374604,0.571232,6738.367676
20,0.331113,0.743334,7620.083984
21,0.330809,0.744776,7869.693848
22,0.180518,0.508799,8435.395508
23,0.295376,0.445131,9550.060547
24,0.309994,0.388071,9699.817383
25,0.331643,0.308340,9916.084961
26,0.368407,0.370558,10149.013672
27,0.422510,0.536980,10648.141602
28,0.515451,0.356044,11280.378906
29,0.602481,0.433230,11962.538086
30,0.624718,0.389777,12112.283203
31,0.726963,0.488012,12594.778320
32,0.708903,0.482999,12844.350586
33,0.712787,0.518947,13276.957031
34,0.723327,0.522097,13476.628906
35,0.713375,0.520534,13842.610352
36,0.737359,0.473920,14158.686523
37,0.847083,0.519841,15223.598633
38,0.856902,0.589940,15339.981445
39,0.889650,0.543318,15456.477539
40,0.959330,0.550372,15606.154297
41,0.014529,0.507477,16088.693359
42,0.075252,0.566238,16304.921875
43,0.016125,0.613902,16837.425781
44,0.120061,0.451305,17452.937500
45,0.173238,0.461677,18051.882812
46,0.187464,0.465037,18184.996094
47,0.053829,0.191882,19299.748047
48,0.005672,0.176172,19482.693359
49,0.989561,0.168443,19765.587891
50,0.948401,0.172265,20065.037109
51,0.917083,0.186243,20281.316406
52,0.939623,0.298087,20647.414062
53,0.967656,0.521980,21246.294922
54,0.039910,0.456350,22111.480469
55,0.161296,0.396943,23525.658203
56,0.102665,0.500400,24091.320312
57,0.043728,0.520501,24407.453125
58,0.008034,0.532538,24623.718750
0,0.710736,0.496779,515.812256
1,0.703289,0.509215,732.047668
2,0.750402,0.293712,1297.751953
3,0.761880,0.288505,1514.051880
4,0.779757,0.276820,1747.027466
5,0.777563,0.238560,1946.704224
6,0.787166,0.235526,2113.024414
7,0.821364,0.249167,2329.279541
8,0.850149,0.262456,2645.388916
9,0.801323,0.210486,2911.609375
10,0.861385,0.266601,3743.532471
11,0.850439,0.592793,4225.993652
12,0.848285,0.557673,4442.227051
13,0.853581,0.432228,4675.195312
14,0.864584,0.347858,4908.135742
15,0.877898,0.296180,5157.703125
16,0.883789,0.285442,5307.443359
17,0.854879,0.252430,5573.679199
18,0.860795,0.240039,5756.675293
19,0.912003,0.281932,6006.176758
20,0.930213,0.301484,6172.644531
21,0.936312,0.291213,6289.033691
22,0.929339,0.515666,6505.331055
23,0.927460,0.529334,6788.205566
24,0.936184,0.363189,7021.170898
25,0.938495,0.351870,7120.938477
26,0.953279,0.576402,7453.731445
27,0.960329,0.594438,7636.665527
28,0.029193,0.559110,9317.155273
29,0.011326,0.553918,9616.533203
30,0.084477,0.461306,10448.492188
31,0.090056,0.268128,10914.352539
32,0.109934,0.226305,11130.584961
33,0.119375,0.180015,11280.387695
34,0.149202,0.179288,11862.605469
35,0.178454,0.186676,12045.628906
36,0.171812,0.142271,12328.492188
37,0.169876,0.109772,12494.926758
38,0.174511,0.082566,12777.658203
39,0.237808,0.137977,13043.871094
40,0.142032,0.541347,13426.591797
41,0.189357,0.450062,13792.571289
42,0.142676,0.626293,14142.000000
43,0.121738,0.597126,14341.680664
44,0.140519,0.591184,14674.478516
45,0.095100,0.533490,15023.754883
46,0.174590,0.763333,15606.101562
47,0.232541,0.802773,16055.367188
48,0.249541,0.799396,16321.554688
49,0.241314,0.668116,16853.960938
50,0.213676,0.490150,17070.158203
51,0.218278,0.457054,17253.230469
52,0.235958,0.476710,17702.421875
53,0.213434,0.462307,18035.171875
54,0.274858,0.593100,18650.791016
55,0.351166,0.721072,19133.289062
56,0.354709,0.750849,19299.707031
57,0.356777,0.693903,19499.281250
58,0.395133,0.523191,20530.841797
59,0.467741,0.534422,21329.404297
60,0.469142,0.529111,21445.888672
61,0.501064,0.525067,21628.966797
62,0.516481,0.470368,22444.093750
63,0.522078,0.431899,22677.050781
64,0.398026,0.629360,23109.632812
65,0.369454,0.531411,23442.417969
66,0.363150,0.412341,23841.703125
67,0.389415,0.369108,24024.669922
68,0.358303,0.668379,24490.595703
69,0.349820,0.716996,24706.896484
0,0.701116,0.570997,199.700638
1,0.711229,0.516753,415.941620
2,0.770956,0.519680,648.836060
3,0.907540,0.564486,1414.209717
4,0.918890,0.550353,1713.679688
5,0.883088,0.477913,2046.378662
6,0.881586,0.386051,2262.722656
7,0.877292,0.389644,2395.871094
8,0.901751,0.360499,2595.407227
9,0.923390,0.333929,2911.540039
10,0.937777,0.284338,3377.381836
11,0.933254,0.280210,3593.725098
12,0.013710,0.342999,4175.999512
13,0.041441,0.313721,4525.443848
14,0.099767,0.295511,4774.981445
15,0.117255,0.247443,4974.603027
16,0.144839,0.265550,5274.133789
17,0.144175,0.260531,5440.494141
18,0.146548,0.285026,5623.456543
19,0.193520,0.327870,6006.176270
20,0.258397,0.327997,6372.216309
21,0.287934,0.335768,6605.103516
22,0.258977,0.609306,7337.132324
23,0.242643,0.688996,7503.537598
24,0.221549,0.767341,7669.901367
25,0.314080,0.762478,8335.427734
26,0.317153,0.743572,8551.685547
27,0.304748,0.806294,8917.718750
28,0.336856,0.691716,9333.651367
29,0.197236,0.601776,9649.791016
30,0.171419,0.481980,10065.703125
31,0.169155,0.492609,10198.811523
32,0.159795,0.482691,10331.966797
33,0.125640,0.505041,10598.164062
34,0.160080,0.520578,10947.490234
35,0.165019,0.532365,11197.065430
36,0.131735,0.475202,11429.968750
37,0.096550,0.203517,11929.132812
38,0.102487,0.161065,12112.151367
39,0.127009,0.131197,12378.407227
40,0.139246,0.115490,12611.340820
41,0.451347,0.408622,13526.368164
42,0.420839,0.582397,13942.265625
43,0.447330,0.603985,14175.207031
44,0.412334,0.600782,14624.520508
45,0.397122,0.559743,14873.959961
46,0.469526,0.651180,15589.411133
47,0.488001,0.670528,15838.979492
48,0.399437,0.837092,16254.897461
49,0.339451,0.817594,16421.304688
50,0.312253,0.670926,16637.644531
51,0.314414,0.659013,16903.765625
52,0.323045,0.641049,17369.658203
53,0.328695,0.604985,17585.972656
54,0.343120,0.528296,18168.224609
55,0.350308,0.510857,18467.736328
56,0.322450,0.668122,18916.919922
57,0.325198,0.703992,19083.277344
58,0.084599,0.500962,20081.544922
59,0.119635,0.514251,20281.179688
60,0.137136,0.502649,20630.568359
61,0.177170,0.529017,20846.908203
62,0.078062,0.494408,21129.742188
63,0.931353,0.540617,21811.896484
64,0.943754,0.514686,22227.800781
65,0.933727,0.505503,22976.511719
66,0.762264,0.512247,23592.144531
67,0.682021,0.527622,23991.388672
68,0.680407,0.528415,24174.394531
0,0.756872,0.511472,432.648346
1,0.804236,0.881371,1214.568359
2,0.132674,0.976427,1663.731567
3,0.203213,0.947937,1996.481323
4,0.175031,0.848232,2528.922607
5,0.493334,0.914522,3976.392334
6,0.344007,0.609480,5141.028320
7,0.353292,0.542253,5590.195312
8,0.372499,0.516437,5972.920410
9,0.468064,0.522593,6239.093750
10,0.497614,0.521280,6754.913086
11,0.555674,0.508414,6937.971680
12,0.553394,0.516649,7287.271973
13,0.609433,0.508922,7686.570312
14,0.604398,0.510080,7836.293945
15,0.689421,0.502763,8019.349609
16,0.718076,0.508271,8901.120117
17,0.704290,0.518048,9117.370117
18,0.001599,0.512281,10148.939453
19,0.976284,0.506828,10365.291016
20,0.981067,0.541330,10598.104492
21,0.980535,0.602243,10847.716797
22,0.074357,0.516969,11080.710938
23,0.109093,0.505987,11396.723633
24,0.144068,0.509011,11729.488281
25,0.120257,0.497105,12095.504883
26,0.214389,0.502540,12295.200195
27,0.217816,0.495925,12744.402344
28,0.149130,0.503621,12993.991211
29,0.120605,0.509624,13276.766602
30,0.121201,0.497207,13642.826172
31,0.059405,0.510001,14025.470703
32,0.699080,0.509081,16188.355469
33,0.540433,0.532715,17136.748047
34,0.480291,0.549992,17585.896484
35,0.325597,0.547429,18151.597656
36,0.387373,0.188193,19000.185547
37,0.477872,0.133665,19216.376953
38,0.352769,0.054991,19565.867188
39,0.695328,0.113514,19865.253906
40,0.730435,0.353894,21079.796875
41,0.747183,0.532758,21346.011719
42,0.711591,0.540689,21628.908203
43,0.824223,0.545729,21978.228516
44,0.771556,0.536046,22311.029297
45,0.783186,0.563774,22527.289062
46,0.783813,0.561319,22677.005859
47,0.766050,0.540765,23159.523438
48,0.758324,0.574679,23425.726562
49,0.761138,0.570467,23825.007812
50,0.775982,0.544029,24058.042969
51,0.801179,0.531571,24390.728516
52,0.799805,0.543776,24590.324219
53,0.773689,0.527950,24973.109375
0,0.812446,0.489481,99.969978
1,0.740843,0.519971,482.555298
2,0.769618,0.622475,981.716125
3,0.819044,0.804134,1447.577148
4,0.835976,0.847563,1763.710938
5,0.744467,0.805285,2345.977051
6,0.638393,0.572992,2928.240967
7,0.653852,0.359114,3710.267578
8,0.838435,0.325030,4275.899414
9,0.929103,0.365822,4924.792969
10,0.930572,0.350766,5174.344238
11,0.969272,0.481224,5573.646973
12,0.911566,0.520614,6039.520996
13,0.904945,0.519492,6322.343750
14,0.858092,0.505261,6854.817871
15,0.925155,0.484498,7486.956055
16,0.972517,0.495910,7902.932617
17,0.088468,0.504860,8451.999023
18,0.077986,0.507768,8585.088867
19,0.072323,0.505302,8917.817383
20,0.672793,0.498219,10182.358398
21,0.559120,0.540859,10548.400391
22,0.491212,0.535571,10914.326172
23,0.514461,0.471551,11296.975586
24,0.558528,0.438205,11679.635742
25,0.626785,0.536418,12162.167969
26,0.585593,0.528500,12811.040039
27,0.634540,0.462461,13459.836914
28,0.611637,0.512429,14008.882812
29,0.575780,0.616632,14474.755859
30,0.429413,0.561364,15240.092773
31,0.528779,0.461928,15689.402344
32,0.576127,0.349391,16155.199219
33,0.615227,0.331276,16388.121094
34,0.610826,0.336008,16521.236328
35,0.672112,0.455835,16770.742188
36,0.751338,0.439538,17203.333984
37,0.784933,0.423797,17669.203125
38,0.845173,0.401574,17885.441406
39,0.883041,0.393404,18234.894531
40,0.931168,0.414050,18750.626953
41,0.961886,0.490878,19183.177734
42,0.977641,0.523676,19865.435547
43,0.036014,0.409147,20231.357422
44,0.032704,0.370518,20480.958984
45,0.021602,0.379208,20730.511719
46,0.050328,0.436237,20980.044922
47,0.052248,0.463423,21079.878906
48,0.045033,0.552729,21479.162109
49,0.711901,0.524978,22793.582031
50,0.758239,0.513007,23475.685547
51,0.756843,0.525220,24107.900391
52,0.768036,0.552787,24390.740234
0,0.791182,0.578062,83.293762
1,0.712175,0.505523,415.916443
2,0.663524,0.457947,582.294800
3,0.600320,0.492749,1347.690918
4,0.645131,0.562478,1630.475342
5,0.861531,0.501980,2462.344727
6,0.796757,0.200283,3344.140869
7,0.823436,0.103061,4009.659180
8,0.024741,0.084408,4325.768066
9,0.086557,0.084872,4725.134277
10,0.484726,0.033874,5007.947266
11,0.686709,0.052362,5174.297363
12,0.408637,0.099171,6488.720703
13,0.248545,0.255012,7220.809082
14,0.372606,0.798837,8451.886719
15,0.372207,0.833930,8701.492188
16,0.449700,0.832388,8884.480469
17,0.368052,0.894647,9067.517578
18,0.255850,0.936389,9250.480469
19,0.138889,0.978764,9466.803711
20,0.612947,0.909945,9666.457031
21,0.480774,0.918865,10032.551758
22,0.358669,0.614059,11030.732422
23,0.375295,0.574808,11596.405273
24,0.556328,0.484081,13160.389648
25,0.598759,0.525329,13476.447266
26,0.594518,0.514572,13592.998047
27,0.615050,0.543205,13759.369141
28,0.606414,0.529746,13942.319336
29,0.683162,0.553365,14158.577148
30,0.670194,0.528488,14374.921875
31,0.767785,0.574308,14757.547852
32,0.721098,0.530421,15090.298828
33,0.719552,0.508038,15323.305664
34,0.706566,0.487430,15705.940430
35,0.735046,0.490865,15905.533203
36,0.690117,0.456613,16171.757812
37,0.682198,0.444176,16271.592773
38,0.753142,0.660467,16437.953125
39,0.882208,0.578074,16704.126953
40,0.880390,0.558947,16837.255859
41,0.999467,0.590997,18134.986328
42,0.996115,0.529052,18417.851562
43,0.965271,0.402117,18916.992188
44,0.930289,0.479201,19682.339844
45,0.572145,0.449343,21113.134766
46,0.458002,0.459257,21845.212891
47,0.418810,0.493066,22211.185547
48,0.302815,0.564139,23026.523438
49,0.147683,0.543070,24008.140625
50,0.135146,0.446222,24274.308594
51,0.118639,0.428044,24423.964844
52,0.110420,0.454236,24856.595703
0,0.710396,0.505312,399.214203
1,0.634750,0.532865,815.254211
2,0.605351,0.525486,1097.992798
3,0.537641,0.514843,1380.858154
4,0.538668,0.527258,1563.969971
5,0.545404,0.417277,1796.825684
6,0.581285,0.380619,2013.140869
7,0.716385,0.493164,2495.591309
8,0.716431,0.497300,2595.383789
9,0.978986,0.512065,3726.749268
10,0.006847,0.501789,3992.961426
11,0.015992,0.461886,4359.084961
12,0.055347,0.471801,4758.350586
13,0.055752,0.466006,4891.362305
14,0.084198,0.467817,5174.312012
15,0.092353,0.475516,5290.716797
16,0.125381,0.476203,5556.921875
17,0.129858,0.474032,5773.213379
18,0.148463,0.479292,5906.363281
19,0.153692,0.480411,6039.437500
20,0.199757,0.476874,6239.124023
21,0.225633,0.453229,6471.992676
22,0.249873,0.387491,6754.808594
23,0.249765,0.280718,7020.986816
24,0.254360,0.166922,7253.974121
25,0.248614,0.110358,7536.757324
26,0.178503,0.061055,7736.450195
27,0.327553,0.080666,7986.023438
28,0.934121,0.112751,8950.982422
29,0.013557,0.202002,9300.355469
30,0.060621,0.147400,9666.445312
31,0.356888,0.147554,10598.081055
32,0.326809,0.162339,10831.017578
33,0.353997,0.465277,11563.141602
34,0.349128,0.600152,11962.425781
35,0.333422,0.523644,12478.185547
36,0.324335,0.454382,12727.746094
37,0.166162,0.570099,13193.537109
38,0.136972,0.563105,13493.053711
39,0.137911,0.542887,13642.784180
40,0.087851,0.543076,13875.703125
41,0.080078,0.478995,14291.646484
42,0.012081,0.508194,14541.221680
43,0.940290,0.521530,14923.874023
44,0.632350,0.531419,16221.659180
45,0.616694,0.532186,16487.804688
46,0.512755,0.506888,16803.890625
47,0.456632,0.514086,17186.619141
48,0.551597,0.506133,17552.580078
49,0.614652,0.522152,17885.365234
50,0.636621,0.525338,18084.990234
51,0.690071,0.560480,18401.099609
52,0.703517,0.557084,18567.500000
53,0.712333,0.526072,18733.925781
54,0.714721,0.524594,18950.197266
55,0.672909,0.492849,19366.058594
56,0.713805,0.483988,19682.181641
57,0.841890,0.511962,20414.287109
58,0.891114,0.563603,20663.849609
59,0.876855,0.609756,20930.052734
60,0.876156,0.613047,21113.052734
61,0.863500,0.597834,21495.738281
62,0.816782,0.552107,21845.089844
63,0.817801,0.416527,22127.980469
64,0.809902,0.390036,22310.929688
65,0.707804,0.486812,22726.882812
66,0.684220,0.485690,22909.937500
67,0.649923,0.506186,23192.726562
68,0.636339,0.532161,23508.867188
69,0.652576,0.442709,23841.650391
70,0.602272,0.454146,24141.097656
71,0.598425,0.507164,24540.355469
72,0.621499,0.526206,24856.507812
0,0.732429,0.482980,299.419403
1,0.730434,0.302072,682.078918
2,0.745001,0.202812,1048.143921
3,0.768868,0.134020,1331.001099
4,0.718854,0.118844,1663.760620
5,0.616227,0.130485,1913.336426
6,0.575104,0.117077,2512.281738
7,0.985783,0.135794,2894.951172
8,0.963653,0.124274,2994.739746
9,0.990418,0.060238,3194.376953
10,0.479448,0.164035,3477.241699
11,0.641898,0.227504,4392.344238
12,0.631615,0.202951,4575.322266
13,0.608414,0.153770,4858.160156
14,0.656388,0.086551,5307.391602
15,0.635774,0.111970,5723.311035
16,0.593830,0.099941,6006.119629
17,0.633597,0.114437,6355.515625
18,0.611630,0.056867,6754.842773
19,0.266023,0.770468,8584.954102
20,0.283850,0.854448,8917.741211
21,0.295653,0.838927,9050.843750
22,0.324196,0.664156,9400.310547
23,0.336633,0.617790,9699.716797
24,0.386769,0.524317,10132.276367
25,0.490820,0.541912,10847.706055
26,0.562481,0.539926,11030.713867
27,0.559602,0.540019,11180.463867
28,0.647462,0.530903,11596.408203
29,0.684253,0.544756,11812.738281
30,0.713840,0.545706,12245.257812
31,0.740382,0.502027,12677.849609
32,0.736866,0.512932,12910.705078
33,0.775290,0.523066,13160.375977
34,0.771803,0.529747,13376.565430
35,0.837497,0.511985,13576.220703
36,0.894233,0.496491,14225.143555
37,0.937124,0.495880,14607.799805
38,0.937579,0.501025,14824.032227
39,0.968877,0.473080,15140.260742
40,0.021845,0.521798,15556.101562
41,0.014251,0.525170,15772.414062
42,0.041684,0.487125,15938.808594
43,0.884027,0.561052,16687.548828
44,0.687180,0.577404,17669.085938
45,0.605726,0.585856,18234.763672
46,0.547224,0.597837,18517.605469
47,0.551679,0.588667,18600.830078
48,0.554866,0.575091,18717.244141
49,0.541482,0.672743,18916.982422
50,0.468147,0.605936,19299.640625
51,0.472072,0.595998,19449.324219
52,0.470681,0.457457,19665.623047
53,0.545682,0.516592,19981.748047
54,0.552728,0.525022,20181.433594
55,0.704034,0.477413,20680.511719
56,0.726378,0.456613,20996.646484
57,0.742928,0.462375,21645.443359
58,0.719428,0.471283,22011.482422
59,0.676918,0.586704,22959.898438
60,0.693096,0.647515,23292.611328
61,0.658308,0.625565,23608.744141
62,0.649437,0.627320,23708.501953
63,0.556610,0.590097,24157.818359
64,0.496883,0.622028,24623.587891
65,0.506872,0.678507,24973.054688
0,0.688399,0.538658,665.548828
1,0.661094,0.518571,964.998352
2,0.583097,0.544718,1497.406616
3,0.535757,0.550915,1780.229004
4,0.496451,0.475800,2096.360107
5,0.510636,0.503936,2296.013428
6,0.451833,0.576582,2645.388428
7,0.722907,0.527428,3244.344238
8,0.715305,0.534294,3410.708008
9,0.710843,0.528908,3527.198242
10,0.880184,0.503971,4225.976562
11,0.658558,0.530813,4958.076172
12,0.697483,0.552594,5157.688477
13,0.967304,0.494931,6122.640137
14,0.955843,0.496233,6289.058105
15,0.770519,0.474973,7037.726562
16,0.824268,0.196280,7503.590332
17,0.803407,0.234895,8102.535156
18,0.080141,0.094828,8768.030273
19,0.751503,0.048311,9366.969727
20,0.340208,0.837269,11812.706055
21,0.258829,0.942306,12345.131836
22,0.343384,0.632028,12794.343750
23,0.333945,0.587806,12944.059570
24,0.333078,0.467919,13193.628906
25,0.192930,0.520025,13609.566406
26,0.203999,0.520220,13842.515625
27,0.267831,0.419832,14025.502930
28,0.290124,0.357594,14324.991211
29,0.212556,0.230982,14940.596680
30,0.301271,0.153574,15223.412109
31,0.343022,0.061021,15473.003906
32,0.507832,0.452248,17120.119141
33,0.037322,0.526655,18484.371094
34,0.991430,0.541291,18650.763672
35,0.951675,0.535264,19183.164062
36,0.159092,0.489057,19915.212891
37,0.653863,0.534102,22078.089844
38,0.489596,0.544588,23292.634766
39,0.496543,0.536897,23409.107422
40,0.535439,0.520348,23625.416016
41,0.541157,0.397110,24124.521484
42,0.510753,0.552684,24507.189453
43,0.556152,0.551196,24939.767578
0,0.710666,0.447266,349.353943
1,0.681091,0.478849,532.417969
2,0.678976,0.493034,698.728027
3,0.692723,0.517190,1197.903809
4,0.695523,0.527697,1364.267456
5,0.712453,0.539394,1597.242310
6,0.671002,0.517294,1830.087158
7,0.635793,0.509355,2079.644043
8,0.615792,0.552728,2379.160156
9,0.613765,0.577737,2545.550781
10,0.586258,0.533815,2795.100830
11,0.555244,0.523918,3111.239258
12,0.541201,0.533535,3260.915771
13,0.527195,0.510646,3477.296631
14,0.577919,0.462987,3676.889893
15,0.618713,0.425666,3859.877686
16,0.661713,0.375798,4126.108887
17,0.726036,0.228009,4591.927734
18,0.722888,0.140481,4941.340332
19,0.697662,0.102574,5091.132324
20,0.717091,0.027711,5390.556152
21,0.410495,0.001996,5540.309082
22,0.155389,0.078478,6039.423828
23,0.306047,0.709787,8218.956055
24,0.301550,0.786146,8618.244141
25,0.260291,0.830370,8801.245117
26,0.380115,0.503614,9500.040039
27,0.472650,0.513863,10015.833008
28,0.500280,0.594602,10398.470703
29,0.512548,0.508467,10714.563477
30,0.483994,0.465476,10947.506836
31,0.270204,0.296590,11779.396484
32,0.232878,0.281891,11962.398438
33,0.219137,0.324692,12228.625000
34,0.050770,0.512434,12960.635742
35,0.107768,0.503294,13343.324219
36,0.132340,0.483262,13642.794922
37,0.192996,0.483087,13942.251953
38,0.214181,0.481020,14158.583984
39,0.183813,0.507647,14408.103516
40,0.155833,0.502957,15073.640625
41,0.995906,0.506296,15739.137695
42,0.955857,0.496637,15972.078125
43,0.923778,0.503950,16221.623047
44,0.846589,0.508430,16704.119141
45,0.823622,0.497387,16887.134766
46,0.828172,0.485513,17020.244141
47,0.865876,0.417087,17486.095703
48,0.886520,0.368454,17669.070312
49,0.950783,0.314110,17868.746094
50,0.953848,0.288047,18051.744141
51,0.937211,0.309840,18467.689453
52,0.929042,0.269424,18717.269531
53,0.963957,0.215493,19632.328125
54,0.003501,0.183775,19815.330078
55,0.020736,0.194016,20081.544922
56,0.071981,0.217772,20381.023438
57,0.102129,0.230652,20697.173828
58,0.098114,0.288150,21096.433594
59,0.079338,0.303375,21312.722656
60,0.064985,0.319274,21512.375000
61,0.063262,0.378642,21861.748047
62,0.062431,0.460886,22111.332031
63,0.062155,0.516930,22294.330078
64,0.070993,0.522370,22477.335938
65,0.066340,0.470557,22710.287109
66,0.071702,0.435899,22909.947266
67,0.009053,0.418576,23575.439453
68,0.992434,0.436502,23741.804688
69,0.985620,0.471044,24041.285156
70,0.974666,0.489120,24290.853516
71,0.980394,0.512222,24623.595703
0,0.772062,0.530844,349.373657
1,0.690813,0.484364,998.255615
2,0.670135,0.548537,1247.795288
3,0.672527,0.546650,1347.599976
4,0.809098,0.440745,1780.165649
5,0.866463,0.446049,2112.950195
6,0.916575,0.449471,2329.250000
7,0.914183,0.466698,2478.984619
8,0.011155,0.581253,2928.210938
9,0.071939,0.619436,3676.949463
10,0.131591,0.505191,4392.324707
11,0.250689,0.481003,5091.158203
12,0.206053,0.580929,5324.038574
13,0.163109,0.822104,5706.649414
14,0.157453,0.722747,6089.345215
15,0.999307,0.307799,7303.907227
16,0.944423,0.352529,7586.773926
17,0.898773,0.299527,7852.893555
18,0.860179,0.249055,8102.464844
19,0.838715,0.181404,8235.570312
20,0.848118,0.186601,8335.516602
21,0.705179,0.617913,9084.136719
22,0.658931,0.615597,9383.573242
23,0.662340,0.605103,9483.476562
24,0.607338,0.578945,9683.076172
25,0.550004,0.578862,9949.301758
26,0.469858,0.600354,10465.093750
27,0.441279,0.701029,10864.328125
28,0.383155,0.649822,11047.317383
29,0.351683,0.768379,11546.485352
30,0.335129,0.229370,12345.064453
31,0.391665,0.141601,12528.052734
32,0.565359,0.174419,13276.752930
33,0.686691,0.210498,13776.007812
34,0.712581,0.201866,14125.350586
35,0.730027,0.356664,14341.564453
36,0.684203,0.614235,14641.089844
37,0.725897,0.563118,14923.940430
38,0.715315,0.506193,15223.451172
39,0.714523,0.499378,15323.175781
40,0.770499,0.485886,15672.607422
41,0.806251,0.477470,16038.628906
42,0.864090,0.500273,16421.259766
43,0.866685,0.492768,16604.339844
44,0.905086,0.489590,17003.666016
45,0.926044,0.345068,17269.816406
46,0.503362,0.070972,18085.052734
47,0.460787,0.110701,18268.068359
48,0.455022,0.141216,18451.089844
49,0.483839,0.160416,18950.265625
50,0.132634,0.157238,19515.888672
51,0.854195,0.124705,20880.152344
52,0.355601,0.635163,23292.582031
53,0.349982,0.488919,23658.650391
54,0.100114,0.456671,24557.109375
55,0.143437,0.381373,24972.984375
0,0.703855,0.527456,365.982178
1,0.776490,0.517720,732.024902
2,0.782056,0.478428,1014.834229
3,0.523380,0.519376,1946.533936
4,0.546741,0.453019,2179.456543
5,0.759805,0.402453,2695.219482
6,0.061109,0.491289,3893.174561
7,0.123000,0.439570,4175.959961
8,0.119289,0.446541,4309.074219
9,0.176168,0.516577,4774.903320
10,0.231539,0.596102,4991.244141
11,0.227948,0.609748,5157.669434
12,0.208830,0.638699,5390.534668
13,0.069119,0.340859,5922.909668
14,0.657604,0.525301,7270.584961
15,0.628502,0.570716,7619.942871
16,0.636816,0.557114,8002.615723
17,0.538707,0.529987,8235.537109
18,0.494621,0.504573,8501.746094
19,0.430058,0.561423,8867.756836
20,0.430545,0.469044,9150.600586
21,0.555896,0.375406,9566.572266
22,0.727375,0.591716,10232.050781
23,0.741270,0.579280,10681.262695
24,0.776579,0.619781,11213.719727
25,0.757897,0.456735,11812.624023
26,0.755716,0.454757,11995.634766
27,0.754573,0.414448,12178.646484
28,0.752176,0.438314,12411.560547
29,0.750972,0.459750,12528.024414
30,0.780618,0.436051,12860.777344
31,0.785539,0.311963,13160.256836
32,0.781924,0.358980,13393.183594
33,0.780973,0.395982,13576.199219
34,0.758785,0.579310,13842.413086
35,0.701033,0.583480,14391.476562
36,0.790663,0.649534,14840.668945
37,0.790733,0.629380,15190.066406
38,0.760920,0.486946,15439.616211
39,0.757511,0.457358,17535.949219
40,0.758570,0.419858,17685.728516
41,0.810291,0.547631,22177.839844
42,0.800588,0.229546,22926.521484
43,0.881897,0.288094,23209.367188
44,0.912809,0.197649,23442.320312
45,0.915203,0.202464,23608.673828
46,0.945141,0.336092,23791.701172
0,0.726671,0.484240,515.716736
1,0.771314,0.464312,948.348572
2,0.793373,0.494984,1380.866699
3,0.888714,0.489549,1830.165405
4,0.878356,0.504797,2046.381470
5,0.861440,0.454734,2279.378906
6,0.828487,0.405869,2861.601807
7,0.830660,0.395229,3793.405273
8,0.932785,0.434182,4026.272705
9,0.942339,0.462727,4458.854492
10,0.818191,0.370578,4941.304199
11,0.774355,0.358539,5740.000977
12,0.752436,0.339480,6172.549316
13,0.750017,0.270261,6388.825684
14,0.749317,0.221922,6605.125488
15,0.731946,0.170533,6854.643555
16,0.727899,0.157218,7170.774414
17,0.704565,0.132993,7453.615234
18,0.548212,0.082670,7819.614746
19,0.555045,0.065942,8035.893066
20,0.625467,0.118077,8535.051758
21,0.435573,0.064673,9034.260742
22,0.321444,0.075172,9599.867188
23,0.486462,0.181411,10082.376953
24,0.356078,0.082341,10465.029297
25,0.524495,0.045168,11030.778320
26,0.428723,0.138116,11330.154297
27,0.400673,0.178710,11746.124023
28,0.302774,0.161444,12261.853516
29,0.175291,0.176216,13276.803711
30,0.237577,0.174494,13493.079102
31,0.298767,0.195800,13725.991211
32,0.354216,0.437420,13958.973633
33,0.310039,0.509142,14241.779297
34,0.308281,0.496617,14341.548828
35,0.264587,0.396861,14807.402344
36,0.271970,0.376126,14940.549805
37,0.278812,0.361769,15938.814453
38,0.325193,0.554222,16820.542969
39,0.329999,0.527907,17036.849609
40,0.328019,0.560605,18068.414062
41,0.299838,0.659690,18850.363281
42,0.289586,0.699367,19116.560547
43,0.290129,0.701051,19382.734375
44,0.289635,0.707567,20530.804688
45,0.376570,0.730946,20980.060547
46,0.431068,0.651531,21179.609375
47,0.425308,0.631906,21529.001953
48,0.462397,0.500237,22327.603516
0,0.774799,0.477412,349.364868
1,0.775014,0.527042,515.702148
2,0.689009,0.502397,798.546631
3,0.693856,0.511246,964.950195
4,0.654690,0.534410,1314.351807
5,0.660679,0.557943,1863.466797
6,0.636998,0.543818,2146.269531
7,0.592775,0.536398,2628.714111
8,0.595599,0.519359,2861.618408
9,0.608133,0.509013,3244.274170
10,0.568623,0.540760,3460.654053
11,0.570119,0.552018,3543.794434
12,0.573566,0.541506,3643.576172
13,0.538539,0.538734,3810.025146
14,0.482301,0.535189,4259.215820
15,0.490395,0.531000,4675.151855
16,0.469750,0.518710,4941.369141
17,0.474324,0.486072,5107.697266
18,0.419560,0.466859,5390.527832
19,0.424211,0.471806,5507.102051
20,0.384955,0.508093,5690.050781
21,0.355464,0.532317,6089.358887
22,0.293316,0.454407,6521.980957
23,0.330710,0.187085,7220.736328
24,0.318178,0.129512,7370.428711
25,0.280900,0.105243,7586.709473
26,0.211879,0.094389,7786.383301
27,0.158285,0.069514,8002.665039
28,0.103294,0.212212,8468.527344
29,0.097426,0.251907,8901.132812
30,0.060294,0.490521,9549.928711
31,0.152052,0.529089,10049.052734
32,0.196790,0.546475,10298.622070
33,0.190669,0.533817,10431.781250
34,0.215364,0.506088,10881.011719
35,0.258384,0.464496,11197.083008
36,0.473034,0.469841,12411.659180
37,0.468835,0.478087,12528.076172
38,0.516348,0.493784,12727.755859
39,0.560215,0.496183,12977.297852
40,0.587354,0.512657,13326.704102
41,0.646968,0.482932,13542.995117
42,0.698022,0.496076,13859.066406
43,0.695332,0.497602,13992.176758
44,0.716025,0.515839,14158.557617
45,0.797935,0.475923,14824.041992
46,0.861683,0.471252,15306.561523
47,0.890033,0.481571,15606.005859
48,0.932986,0.487992,16021.956055
49,0.957233,0.492868,16188.343750
50,0.955931,0.487467,16288.187500
51,0.010898,0.486872,16554.365234
52,0.005903,0.483726,16754.023438
53,0.053452,0.488004,17070.126953
54,0.106294,0.490314,17569.279297
55,0.172743,0.472132,18118.292969
56,0.183198,0.482370,18334.589844
57,0.187749,0.505818,18700.638672
58,0.252241,0.719309,19116.560547
59,0.314189,0.916658,19715.507812
60,0.337039,0.908003,19815.318359
61,0.592969,0.960510,19981.751953
62,0.563583,0.964336,20148.083984
63,0.553324,0.931293,20480.822266
64,0.933830,0.599092,22776.818359
65,0.937417,0.599597,23043.031250
66,0.897120,0.418201,23475.599609
67,0.911387,0.545890,24141.107422
68,0.928898,0.541320,24340.769531
69,0.960291,0.535077,24557.064453
0,0.076213,0.914149,1813.596191
1,0.110629,0.870049,2512.390625
2,0.468624,0.911558,3477.309326
3,0.581042,0.956154,4176.099609
4,0.438649,0.891506,5091.218750
5,0.842954,0.660508,7969.555176
6,0.798803,0.591472,9333.752930
7,0.611451,0.128543,10481.752930
8,0.512818,0.240817,10881.068359
9,0.470157,0.361717,11213.797852
10,0.423565,0.536338,11646.389648
11,0.437634,0.536207,11812.765625
12,0.447486,0.521573,11929.191406
13,0.517273,0.545105,12178.807617
14,0.582428,0.557108,12428.337891
15,0.524455,0.535484,12711.169922
16,0.503183,0.456612,13642.900391
17,0.502537,0.491920,13875.794922
18,0.503256,0.504090,14258.468750
19,0.538858,0.512555,14508.032227
20,0.798842,0.456856,15456.409180
21,0.788319,0.471017,15772.503906
22,0.995117,0.513418,16687.570312
23,0.231542,0.648116,18068.478516
24,0.230711,0.625073,18184.939453
25,0.190544,0.124996,18850.445312
26,0.000024,0.052337,19515.964844
27,0.954004,0.079539,19715.623047
28,0.601241,0.969961,21096.527344
29,0.652930,0.951598,21612.298828
30,0.687602,0.969696,21745.388672
31,0.964076,0.862073,22627.183594
0,0.746060,0.514998,182.969543
1,0.704915,0.541054,715.437561
2,0.657584,0.526402,1281.086304
3,0.634747,0.545025,1497.320557
4,0.703894,0.515242,1830.127686
5,0.730272,0.329754,2495.584473
6,0.792308,0.237348,2844.968750
7,0.652041,0.129666,3477.247803
8,0.628417,0.114645,3693.447998
9,0.658293,0.156662,4175.978516
10,0.788804,0.084919,4725.006836
11,0.948610,0.503131,5773.158203
12,0.876036,0.526334,6122.562012
13,0.569269,0.539433,7420.341309
14,0.574846,0.548702,7536.839844
15,0.495422,0.521363,7686.547852
16,0.502212,0.530037,7786.318359
17,0.467147,0.539867,8268.785156
18,0.478726,0.478844,8668.091797
19,0.480793,0.481014,8784.582031
20,0.422816,0.558382,9183.952148
21,0.451192,0.575906,9433.468750
22,0.452439,0.570986,9732.938477
23,0.407977,0.443081,9915.949219
24,0.375807,0.431475,10132.202148
25,0.317840,0.640115,10947.446289
26,0.318361,0.664973,11180.456055
27,0.322545,0.683315,11529.794922
28,0.304689,0.716348,12062.332031
29,0.241647,0.729508,12394.969727
30,0.153350,0.506803,13077.075195
31,0.122728,0.502397,13376.597656
32,0.174596,0.524391,13692.672852
33,0.098295,0.495798,14175.130859
34,0.077291,0.485736,14557.843750
35,0.077965,0.480538,14807.399414
36,0.143392,0.523847,15023.745117
37,0.182366,0.535954,15456.284180
38,0.221981,0.548964,15755.788086
39,0.249678,0.557057,16238.241211
40,0.274780,0.569761,16487.808594
41,0.314495,0.624906,16770.609375
42,0.329549,0.678349,17053.445312
43,0.321079,0.670815,17319.634766
44,0.325944,0.680480,17785.582031
45,0.322843,0.662579,17968.568359
46,0.324258,0.668429,18301.357422
47,0.323620,0.673680,18767.210938
48,0.331395,0.695090,19465.943359
49,0.324200,0.665339,19715.527344
50,0.327245,0.606866,19915.150391
51,0.375230,0.546526,20347.708984
52,0.406519,0.522155,20647.220703
53,0.455449,0.559907,21179.570312
54,0.474683,0.454339,21678.730469
55,0.516839,0.539709,21878.375000
56,0.558724,0.565618,22211.132812
57,0.555079,0.552463,22344.244141
58,0.567241,0.570760,22610.408203
59,0.617731,0.584773,23026.333984
60,0.632149,0.614341,23292.574219
61,0.659025,0.575752,23508.826172
62,0.699619,0.534853,23841.593750
63,0.706613,0.525627,24107.800781
0,0.777635,0.853323,299.473419
1,0.739649,0.494357,515.783630
2,0.767517,0.508628,815.220520
3,0.807710,0.331468,1447.517944
4,0.876034,0.251656,1979.868408
5,0.910945,0.192508,2162.922852
6,0.957621,0.142005,2412.413818
7,0.013647,0.088918,2662.108398
8,0.040926,0.103311,3310.883789
9,0.057908,0.113123,3410.718018
10,0.950098,0.080396,3710.204102
11,0.814020,0.150380,4092.833252
12,0.057457,0.061338,4924.746582
13,0.150980,0.060123,5074.485840
14,0.179651,0.106302,5507.014160
15,0.842337,0.156351,6355.557129
16,0.888164,0.303380,6721.563477
17,0.996280,0.475820,7536.851074
18,0.036775,0.538200,7703.243164
19,0.091420,0.563230,8219.057617
20,0.094588,0.561413,8335.416992
21,0.082128,0.538359,8535.114258
22,0.148235,0.535256,8851.218750
23,0.202820,0.542805,9183.959961
24,0.222276,0.587274,9866.096680
25,0.250102,0.479528,10065.818359
26,0.344362,0.242343,10714.583984
27,0.381035,0.108337,11064.042969
28,0.534370,0.044350,11396.772461
29,0.581379,0.052998,11513.240234
30,0.627586,0.086828,11796.149414
31,0.613975,0.103718,11895.972656
32,0.591086,0.083168,12245.336914
33,0.296330,0.128871,12594.636719
34,0.292101,0.106553,13459.864258
35,0.432378,0.141138,13925.652344
36,0.361235,0.165327,14258.492188
37,0.646244,0.081973,14940.609375
38,0.693876,0.142195,15439.668945
39,0.681895,0.145277,15572.762695
40,0.701583,0.089119,15838.983398
41,0.663405,0.510818,17153.343750
42,0.612583,0.511634,17552.671875
43,0.561968,0.511031,17968.671875
44,0.511722,0.511289,18151.669922
45,0.548040,0.542626,18684.011719
46,0.595202,0.557909,19066.679688
47,0.669487,0.685940,19349.630859
48,0.515806,0.491376,19532.542969
49,0.467254,0.519289,19732.160156
50,0.503407,0.514106,20181.447266
51,0.500535,0.503712,20530.878906
52,0.497471,0.495749,21212.914062
53,0.677489,0.782849,21778.642578
54,0.658154,0.586893,21994.951172
55,0.597108,0.536011,22377.582031
56,0.556019,0.531962,22627.103516
57,0.541290,0.528501,23009.886719
58,0.477621,0.335807,23558.810547
59,0.483958,0.216811,23991.484375
60,0.492155,0.201779,24091.228516
61,0.520124,0.152686,24257.632812
62,0.532010,0.108325,24740.142578
63,0.540065,0.107449,24939.796875
0,0.778575,0.546978,16.761246
1,0.770603,0.544424,166.458298
2,0.761210,0.529534,316.297577
3,0.693678,0.513173,632.344543
4,0.641735,0.512219,1148.074585
5,0.632984,0.505892,1430.935303
6,0.579256,0.524097,1713.865112
7,0.584271,0.526037,1846.930908
8,0.581993,0.535177,2079.835449
9,0.637953,0.494665,2395.909424
10,0.935420,0.484184,3676.978760
11,0.984382,0.477911,3993.131104
12,0.032270,0.476399,4325.855469
13,0.028774,0.441597,4675.302246
14,0.216922,0.497497,5656.900391
15,0.271470,0.513381,5956.336426
16,0.292800,0.591183,6239.177246
17,0.327342,0.682525,6505.410645
18,0.306261,0.820930,6705.052734
19,0.262266,0.843378,7087.733398
20,0.263274,0.740973,7420.479980
21,0.269812,0.520004,7786.515625
22,0.260382,0.314053,8235.736328
23,0.310375,0.218136,8618.348633
24,0.245322,0.203784,8901.256836
25,0.232806,0.178040,9217.312500
26,0.163226,0.234050,9516.802734
27,0.082583,0.124752,9849.572266
28,0.009549,0.110895,10032.583984
29,0.908692,0.141499,10365.334961
30,0.870799,0.166913,10681.412109
31,0.853270,0.232960,10947.665039
32,0.767070,0.516163,11646.405273
33,0.748178,0.527408,12029.096680
34,0.748042,0.510574,12162.182617
35,0.692822,0.530836,12345.220703
36,0.691528,0.516427,12594.753906
37,0.692193,0.504872,12860.924805
38,0.653963,0.512188,13010.673828
39,0.674543,0.464749,13443.285156
40,0.678871,0.466666,13543.084961
41,0.077837,0.469407,15040.489258
42,0.118252,0.468021,15306.671875
43,0.134591,0.472726,15572.875977
44,0.136733,0.470338,15722.600586
45,0.150006,0.468761,15905.613281
46,0.104114,0.519057,16238.431641
47,0.079835,0.484434,16637.703125
48,0.087650,0.413816,16920.574219
49,0.088325,0.428272,17236.640625
50,0.063542,0.485268,17486.238281
51,0.016069,0.493847,18051.917969
52,0.959971,0.488126,18551.037109
53,0.799486,0.541844,19183.240234
54,0.518114,0.556698,20198.107422
55,0.417687,0.546682,20797.085938
56,0.371218,0.538477,21046.699219
57,0.350435,0.586021,21312.884766
58,0.341155,0.544012,21545.757812
59,0.392640,0.495290,21911.828125
60,0.394675,0.448888,22161.394531
61,0.397382,0.409807,22610.591797
62,0.442771,0.412896,23076.435547
63,0.447012,0.512972,23442.488281
64,0.488131,0.475387,23924.962891
65,0.490255,0.480221,24124.669922
66,0.535690,0.461600,24307.667969
67,0.532503,0.484223,24706.933594
0,0.736717,0.569693,66.594246
1,0.748682,0.517073,349.473907
2,0.748801,0.506675,599.026489
3,0.860008,0.362887,1214.567505
4,0.855306,0.370049,1464.180176
5,0.918207,0.471318,1730.306152
6,0.939121,0.559658,2345.942871
7,0.018821,0.511743,2944.866699
8,0.026035,0.419195,3144.570068
9,0.030649,0.409277,3310.985840
10,0.075306,0.270946,3760.149170
11,0.112795,0.285740,4059.659180
12,0.056712,0.201613,4542.061035
13,0.152093,0.256827,4858.288574
14,0.111698,0.400367,5174.308105
15,0.113247,0.409875,5373.973633
16,0.071444,0.423166,5640.242676
17,0.031036,0.472644,6056.156250
18,0.989871,0.465813,6255.753418
19,0.956403,0.482137,6438.788086
20,0.904125,0.494750,6738.315430
21,0.806702,0.458236,7653.395508
22,0.777870,0.481436,7936.225586
23,0.744960,0.490617,8285.542969
24,0.690784,0.533201,8468.527344
25,0.708435,0.430160,8851.181641
26,0.675000,0.533550,9200.665039
27,0.636933,0.537411,9383.586914
28,0.645706,0.541194,9483.537109
29,0.624223,0.577825,9649.791016
30,0.635733,0.594505,9849.451172
31,0.548094,0.558577,10215.528320
32,0.511475,0.561630,10614.777344
33,0.468497,0.564713,10831.142578
34,0.546725,0.539710,11247.067383
35,0.508645,0.536976,11513.302734
36,0.493115,0.551170,11779.512695
37,0.493334,0.543326,11895.871094
38,0.442855,0.590595,12195.453125
39,0.441524,0.474592,12594.639648
40,0.452591,0.413896,12860.859375
41,0.455421,0.339144,13193.684570
42,0.445761,0.266023,13476.457031
43,0.357203,0.296200,13742.633789
44,0.334951,0.283951,14042.204102
45,0.343733,0.242129,14391.550781
46,0.256878,0.336320,14691.020508
47,0.236751,0.414785,14923.924805
48,0.223558,0.588435,15522.868164
49,0.176712,0.557014,15805.756836
50,0.207723,0.678918,16138.520508
51,0.168640,0.590463,16604.353516
52,0.136182,0.519075,16887.187500
53,0.098670,0.510248,17136.781250
54,0.064318,0.515787,17286.578125
55,0.017486,0.505328,17985.337891
56,0.988760,0.509555,18268.064453
57,0.978616,0.546798,18634.099609
58,0.945626,0.519559,18983.500000
59,0.976154,0.483373,19366.175781
60,0.957869,0.455637,19665.638672
61,0.946731,0.544598,19965.193359
62,0.986464,0.527132,20164.869141
63,0.019115,0.361612,20963.408203
64,0.098961,0.403453,21229.621094
65,0.155535,0.440673,21529.039062
66,0.152741,0.446918,21778.646484
67,0.090700,0.474742,21945.107422
68,0.162609,0.479052,22311.085938
69,0.198044,0.481243,22593.843750
70,0.245164,0.466710,22860.154297
71,0.202468,0.643425,23209.427734
72,0.188398,0.761742,23425.773438
73,0.242708,0.791847,23725.199219
74,0.330903,0.643352,24723.449219
0,0.748705,0.516394,99.740227
1,0.699189,0.533755,798.556946
2,0.706099,0.389669,1214.499023
3,0.781974,0.641431,1680.356201
4,0.607044,0.573420,2013.075684
5,0.599283,0.529243,2146.192627
6,0.550541,0.546682,2695.223145
7,0.515292,0.565974,2944.780762
8,0.489236,0.561919,3626.963379
9,0.525152,0.515765,4192.637207
10,0.580817,0.325967,4542.020020
11,0.584353,0.316296,4625.166992
12,0.610669,0.278952,4924.684570
13,0.614627,0.269135,5074.423828
14,0.629776,0.276054,5207.529785
15,0.660608,0.270345,5506.976074
16,0.687677,0.184389,5823.106445
17,0.737973,0.256206,6056.061035
18,0.796939,0.181598,6355.504395
19,0.835688,0.150488,6621.735840
20,0.825464,0.144991,6771.433594
21,0.786610,0.123269,7087.596191
22,0.832667,0.093062,7669.905762
23,0.704278,0.172911,8352.024414
24,0.005884,0.116044,8884.406250
25,0.888871,0.114165,9200.521484
26,0.903904,0.145164,9732.953125
27,0.933405,0.157157,10049.069336
28,0.910493,0.171069,10464.989258
29,0.883506,0.361546,10897.537109
30,0.862975,0.478598,11197.039062
31,0.879216,0.523390,11596.351562
32,0.914859,0.503307,11962.349609
33,0.920014,0.503381,12211.949219
34,0.921192,0.499985,12345.026367
35,0.955924,0.480081,12544.683594
36,0.965131,0.496451,12894.104492
37,0.939072,0.587111,13160.308594
38,0.995329,0.477105,13676.041992
39,0.027426,0.451153,13925.578125
40,0.036841,0.449059,14008.774414
41,0.067070,0.441790,14341.580078
42,0.071605,0.428716,14591.105469
43,0.082108,0.406876,14790.754883
44,0.074271,0.403405,14923.842773
45,0.066390,0.392763,15173.427734
46,0.019733,0.446406,15439.635742
47,0.998601,0.431079,15705.821289
48,0.993125,0.416594,15905.470703
49,0.908838,0.550167,16321.419922
50,0.894296,0.504790,16504.433594
51,0.819423,0.531047,16986.902344
52,0.764529,0.539370,17569.226562
53,0.744853,0.527089,17852.099609
54,0.755438,0.496965,18334.583984
55,0.748740,0.567824,18717.212891
56,0.757085,0.635988,19831.937500
57,0.761923,0.544809,20214.623047
58,0.763349,0.480330,20514.070312
59,0.763377,0.433098,20863.490234
60,0.748416,0.426158,21229.507812
61,0.693241,0.623325,23775.054688
62,0.694930,0.549940,24041.250000
63,0.699703,0.531164,24324.091797
0,0.772112,0.585576,99.915199
1,0.550570,0.528112,1447.594482
2,0.514544,0.517488,1663.826782
3,0.494121,0.506548,1979.894775
4,0.453272,0.556834,2212.866699
5,0.452354,0.562619,2462.425293
6,0.442551,0.588328,2662.124023
7,0.411383,0.558214,2895.020508
8,0.475655,0.577914,3244.382812
9,0.538998,0.547936,3510.627197
10,0.696625,0.509692,4309.259766
11,0.710951,0.505913,4542.095215
12,0.674895,0.493622,4691.845703
13,0.708754,0.502714,4924.792969
14,0.741216,0.499400,5257.534668
15,0.921639,0.502633,6089.432617
16,0.913338,0.504806,6189.261719
17,0.946582,0.489812,6488.669922
18,0.019624,0.461690,6887.983887
19,0.095755,0.428455,7387.210449
20,0.062343,0.290204,7786.456055
21,0.018129,0.241866,7936.246582
22,0.945031,0.204669,8551.734375
23,0.945730,0.148918,9067.542969
24,0.948829,0.141113,9200.604492
25,0.843755,0.070283,9716.431641
26,0.820221,0.378518,10398.548828
27,0.791959,0.414036,10581.526367
28,0.770346,0.507604,10814.498047
29,0.776367,0.528901,11064.064453
30,0.706823,0.533682,11396.873047
31,0.834450,0.514916,11945.834961
32,0.947403,0.534821,12494.913086
33,0.992573,0.506858,12677.862305
34,0.041273,0.493197,12894.255859
35,0.188466,0.482135,13809.307617
36,0.229003,0.485725,13975.695312
37,0.344344,0.679564,14940.577148
38,0.427127,0.613273,15223.492188
39,0.445615,0.549765,15423.107422
40,0.442326,0.545745,15539.562500
41,0.383293,0.526828,15805.789062
42,0.409623,0.483789,16254.943359
43,0.403197,0.546928,16537.816406
44,0.191688,0.935998,17369.660156
45,0.272524,0.902274,17569.318359
46,0.099539,0.905334,17818.871094
47,0.062439,0.858090,18018.580078
48,0.071148,0.838109,18168.265625
49,0.002067,0.800403,18351.275391
50,0.956487,0.829345,18717.314453
51,0.905488,0.879892,18983.537109
52,0.813629,0.890946,19499.302734
53,0.829327,0.879606,19599.103516
54,0.738736,0.836458,19848.656250
55,0.711197,0.740298,20198.066406
56,0.661082,0.517343,20614.003906
57,0.580626,0.544820,21379.339844
58,0.558434,0.552998,21562.337891
59,0.604524,0.655055,21845.164062
60,0.585205,0.743103,22094.744141
61,0.562422,0.778518,22311.044922
62,0.574348,0.725693,22627.144531
63,0.540598,0.384161,23142.929688
64,0.598874,0.640277,23492.316406
65,0.601176,0.481988,23991.433594
0,0.712992,0.507212,515.802063
1,0.690296,0.506932,881.792603
2,0.623897,0.520926,1514.087402
3,0.638562,0.508691,1780.272339
4,0.548313,0.502957,1979.931641
5,0.509495,0.515858,2412.500488
6,0.437177,0.623612,2928.254883
7,0.375932,0.746676,3377.425537
8,0.382427,0.762966,3510.549072
9,0.295437,0.740085,3726.866699
10,0.313979,0.673593,4126.178223
11,0.320720,0.626612,4359.153809
12,0.337928,0.594402,4608.606934
13,0.250206,0.173163,5190.943848
14,0.211367,0.094183,5407.263672
15,0.252878,0.092080,5640.186523
16,0.248639,0.102652,5789.880371
17,0.067426,0.436022,6505.361328
18,0.081130,0.459282,6788.241699
19,0.374450,0.445795,7703.286621
20,0.736297,0.326975,8834.633789
21,0.971584,0.382177,9866.166016
22,0.970248,0.483931,10298.667969
23,0.013181,0.413241,10481.748047
24,0.996656,0.289894,11130.593750
25,0.968008,0.495295,11762.782227
26,0.127449,0.465653,13176.957031
27,0.033290,0.229781,13809.291992
28,0.984131,0.215559,14008.853516
29,0.951730,0.165456,14341.606445
30,0.921922,0.420133,14807.546875
31,0.965650,0.407703,15057.024414
32,0.933915,0.371805,15306.606445
33,0.889995,0.353521,15622.701172
34,0.901726,0.342733,15739.200195
35,0.875050,0.368718,16088.596680
36,0.878077,0.362707,16221.685547
37,0.846227,0.364813,16404.685547
38,0.842620,0.337308,16621.027344
39,0.668827,0.532880,17419.544922
40,0.652168,0.524098,17868.806641
41,0.621114,0.516207,18218.164062
42,0.627903,0.451248,18451.087891
43,0.632550,0.440132,18684.056641
44,0.659563,0.417204,19416.068359
45,0.659768,0.417098,19748.871094
46,0.685854,0.455020,20847.000000
47,0.678703,0.419236,21312.802734
48,0.784717,0.534298,21678.888672
49,0.756672,0.500271,22277.837891
50,0.708134,0.508791,22494.068359
51,0.703892,0.507702,22909.996094
52,0.710583,0.508514,22993.246094
53,0.705811,0.504751,23292.705078
54,0.685084,0.515893,23592.152344
0,0.751069,0.543775,83.255295
1,0.865059,0.541989,1098.067383
2,0.000273,0.520806,1580.553955
3,0.048113,0.552206,1880.104126
4,0.047179,0.542866,1996.459106
5,0.087483,0.506234,2229.437256
6,0.117958,0.543485,2512.326660
7,0.092644,0.512058,2761.769531
8,0.050296,0.465077,2978.129395
9,0.866126,0.587071,3743.407959
10,0.622160,0.584332,4858.127441
11,0.552111,0.533120,5357.242188
12,0.664679,0.543925,5873.046875
13,0.701969,0.553872,6139.232422
14,0.707906,0.530886,6405.516113
15,0.740999,0.512633,6738.234863
16,0.735094,0.518795,6971.083984
17,0.796305,0.438904,7470.278809
18,0.801962,0.570911,7636.616699
19,0.755260,0.570685,7986.076172
20,0.285050,0.603036,9333.742188
21,0.197592,0.634217,9533.398438
22,0.343808,0.703942,9932.658203
23,0.195626,0.623704,10315.301758
24,0.137027,0.530919,10548.161133
25,0.074508,0.514449,11047.361328
26,0.090851,0.432302,11546.548828
27,0.140101,0.346574,11712.861328
28,0.159649,0.264888,12028.949219
29,0.225249,0.237852,12278.507812
30,0.216227,0.254530,12394.998047
31,0.232140,0.183982,12561.324219
32,0.526088,0.100799,13526.358398
33,0.276276,0.031544,14674.298828
34,0.510043,0.050827,14923.934570
35,0.689788,0.289716,15822.296875
36,0.686435,0.293280,16271.530273
37,0.745746,0.477807,16853.863281
38,0.780978,0.071835,17452.814453
39,0.608612,0.047118,17985.263672
40,0.711994,0.058526,18417.804688
41,0.610263,0.105141,18983.421875
42,0.646867,0.054749,19266.312500
43,0.697721,0.046410,19499.218750
44,0.553900,0.091915,19965.130859
45,0.583875,0.065236,20231.365234
46,0.541124,0.199831,20780.380859
47,0.479908,0.645926,21512.460938
48,0.448550,0.644023,21728.621094
49,0.461969,0.580199,22011.515625
50,0.433836,0.562681,22244.494141
51,0.363666,0.492058,22593.900391
52,0.294534,0.712649,22943.167969
53,0.308195,0.696374,23209.388672
54,0.326882,0.613843,23691.933594
55,0.319147,0.663928,24074.585938
0,0.761867,0.427072,316.167999
1,0.782774,0.523822,765.369995
2,0.970922,0.506173,1647.108887
3,0.027715,0.506638,1896.718628
4,0.071501,0.487034,2129.694336
5,0.111111,0.475925,2429.108643
6,0.129147,0.385793,2711.959717
7,0.132812,0.262372,2978.183350
8,0.033130,0.117394,3360.822021
9,0.960855,0.123869,3577.083984
10,0.671000,0.325086,5074.487793
11,0.583200,0.396188,5257.522461
12,0.714584,0.329676,5507.037598
13,0.713667,0.299536,5673.407227
14,0.688298,0.116490,6106.014160
15,0.646731,0.076229,6405.503906
16,0.722249,0.069421,6605.179688
17,0.630453,0.464614,7037.681641
18,0.660861,0.626845,7370.479004
19,0.727137,0.527771,8052.638672
20,0.721305,0.499862,8302.171875
21,0.728784,0.502315,8784.698242
22,0.715941,0.495204,9383.590820
23,0.729342,0.498035,9999.237305
24,0.711106,0.493684,10365.249023
25,0.630119,0.541218,10664.682617
26,0.631360,0.533714,10831.104492
27,0.543050,0.547778,11363.571289
28,0.502899,0.548515,11613.073242
29,0.503873,0.540927,11779.447266
30,0.428243,0.549094,11995.753906
31,0.411358,0.503041,12311.817383
32,0.413225,0.495822,12428.278320
33,0.385785,0.471600,12694.486328
34,0.346660,0.559484,12910.818359
35,0.350367,0.732998,13343.363281
36,0.347700,0.674095,13559.655273
37,0.334446,0.596127,14208.529297
38,0.280035,0.158425,15572.809570
39,0.078619,0.511444,17003.607422
40,0.092227,0.489377,17186.654297
41,0.216585,0.489733,17536.015625
42,0.632141,0.513622,19066.689453
43,0.718887,0.512193,19416.060547
44,0.723846,0.508059,19565.845703
45,0.720276,0.514787,19815.363281
46,0.781723,0.503690,20098.267578
47,0.829211,0.489017,20247.986328
48,0.820651,0.484560,20381.056641
49,0.706084,0.498784,20663.976562
50,0.679807,0.504843,20896.892578
51,0.684840,0.499991,20980.083984
52,0.675407,0.488710,21196.339844
53,0.656516,0.487340,21512.453125
54,0.692508,0.502593,21811.898438
55,0.023788,0.486769,22909.972656
56,0.095087,0.472522,23492.316406
57,0.188019,0.447415,24008.132812
58,0.116116,0.248523,24324.255859
59,0.042522,0.452027,24540.425781
60,0.901534,0.513488,24989.710938
0,0.697937,0.474608,416.016693
1,0.674613,0.494247,798.621094
2,0.653214,0.552288,1031.548706
3,0.579194,0.536556,1530.723877
4,0.508515,0.520011,1946.706909
5,0.448406,0.500781,2695.328857
6,0.473452,0.457111,3277.658691
7,0.344484,0.405952,3577.174072
8,0.356839,0.410099,3776.821289
9,0.349660,0.442321,3993.092285
10,0.384076,0.508161,4309.196777
11,0.363024,0.525247,4508.824707
12,0.362260,0.599609,5041.225098
13,0.345714,0.620719,5706.689941
14,0.303246,0.648008,5939.615234
15,0.225647,0.355411,6971.139648
16,0.213834,0.504187,7786.477051
17,0.215107,0.646728,8435.300781
18,0.173393,0.569415,8967.694336
19,0.171186,0.563251,9134.126953
20,0.044095,0.512783,9433.560547
21,0.125110,0.659199,9782.921875
22,0.024792,0.547219,10398.566406
23,0.162584,0.580345,11446.684570
24,0.011973,0.402935,12112.264648
25,0.931641,0.397344,12378.415039
26,0.938451,0.406138,12478.319336
27,0.995037,0.380390,12744.433594
28,0.001990,0.339669,12960.722656
29,0.124419,0.749460,14657.804688
30,0.914461,0.564587,15140.212891
31,0.891459,0.527738,15289.954102
32,0.899873,0.516303,15439.738281
33,0.946199,0.514097,15656.035156
34,0.814171,0.471075,16072.035156
35,0.751443,0.459963,16521.132812
36,0.710063,0.475923,16970.355469
37,0.676523,0.481686,17236.558594
38,0.693181,0.487964,17469.486328
39,0.685377,0.488611,17652.544922
40,0.589906,0.484219,18501.023438
41,0.593889,0.496187,18617.525391
42,0.518865,0.483324,18850.396484
43,0.484038,0.470451,19183.152344
44,0.491233,0.439524,19449.365234
45,0.633614,0.473002,20065.003906
46,0.685589,0.526187,20530.798828
47,0.712803,0.553777,21163.064453
48,0.706594,0.551908,21296.148438
49,0.615196,0.551890,21778.677734
50,0.402902,0.506608,22427.492188
51,0.378431,0.496485,22693.718750
52,0.346190,0.562704,23592.154297
53,0.363019,0.517447,24058.025391
54,0.353930,0.427245,24523.845703
55,0.392081,0.479722,24956.406250
