Idx, longitude, latitude, start timestamp
0,0.768472,0.519466,183.096191
1,0.753544,0.537149,349.437012
2,0.768891,0.499523,682.113770
3,0.799553,0.379933,1098.106689
4,0.824470,0.380078,1430.909180
5,0.830021,0.378210,1680.395752
6,0.865090,0.363565,1979.894531
7,0.880589,0.373154,2146.208252
8,0.947437,0.437462,2845.049316
9,0.921669,0.425915,3111.194336
10,0.818359,0.458664,3344.205078
11,0.826196,0.444388,3460.604980
12,0.819343,0.431590,3577.066162
13,0.993654,0.374570,4092.862793
14,0.988802,0.382204,4192.793457
15,0.969556,0.422108,4475.583984
16,0.057372,0.455882,4791.627930
17,0.051239,0.408666,5124.467285
18,0.056417,0.400773,5390.527344
19,0.058986,0.411188,5606.970703
20,0.058768,0.397478,5706.680176
21,0.063440,0.377218,5839.805176
22,0.304753,0.464087,6638.437500
23,0.302071,0.520162,6937.930176
24,0.279504,0.505596,7237.368652
25,0.232153,0.499265,7653.312012
26,0.947049,0.443944,8668.099609
27,0.954119,0.453620,8817.881836
28,0.961640,0.443622,9067.460938
29,0.947341,0.452583,9500.162109
30,0.968497,0.487447,10015.832031
31,0.921056,0.471383,10598.083984
32,0.810930,0.483712,11479.952148
33,0.847538,0.493894,11845.976562
34,0.861047,0.498855,12278.529297
35,0.859093,0.488757,12528.064453
36,0.838878,0.472133,12677.846680
37,0.791920,0.459850,12894.250977
38,0.787128,0.453719,13210.160156
39,0.797634,0.411505,13726.044922
40,0.794850,0.429033,14125.294922
41,0.794193,0.433294,14341.512695
42,0.802082,0.438893,14591.140625
43,0.824169,0.454789,14740.886719
44,0.654524,0.275661,15855.567383
45,0.626281,0.261387,16121.706055
46,0.586534,0.223850,16820.576172
47,0.525929,0.250464,17053.482422
48,0.548227,0.247276,17319.695312
49,0.522086,0.575322,17935.337891
50,0.608920,0.548784,18983.429688
51,0.785458,0.504110,19915.148438
52,0.777721,0.471418,20497.421875
53,0.818254,0.315379,21046.554688
54,0.838046,0.188747,21312.621094
55,0.029110,0.243041,22909.894531
56,0.035011,0.208472,23109.617188
57,0.050857,0.199892,23359.076172
58,0.040430,0.292188,24340.712891
0,0.729989,0.575589,382.502045
1,0.830830,0.461494,648.837646
2,0.727874,0.585152,848.424683
3,0.736510,0.590375,1097.908081
4,0.887137,0.440064,1663.622437
5,0.907602,0.434242,1813.329224
6,0.905902,0.429291,1946.458618
7,0.933825,0.401511,2212.635742
8,0.929825,0.426416,2395.640137
9,0.969085,0.319312,3343.991455
10,0.987014,0.493563,3593.572510
11,0.001503,0.549910,3726.706787
12,0.051458,0.387620,4209.101562
13,0.063190,0.373261,4375.583496
14,0.071116,0.348423,4625.101562
15,0.062430,0.347584,4891.337891
16,0.997551,0.511295,5174.043457
17,0.970344,0.482042,5373.826172
18,0.766055,0.536369,6172.405762
19,0.565069,0.352095,7054.200195
20,0.492154,0.571396,7669.804688
21,0.552001,0.604184,7952.654297
22,0.503483,0.560094,8302.025391
23,0.466521,0.213593,9150.505859
24,0.370059,0.254374,9333.448242
25,0.304102,0.477867,9882.561523
26,0.309457,0.511077,10148.680664
27,0.352354,0.453022,10548.118164
28,0.396225,0.484843,10780.928711
29,0.447454,0.505043,10980.593750
30,0.562626,0.489852,11812.426758
31,0.600882,0.600296,12211.859375
32,0.535478,0.614816,12378.182617
33,0.542562,0.594593,12594.450195
34,0.541977,0.556780,12760.762695
35,0.867517,0.441566,13509.498047
36,0.923911,0.443984,13775.742188
37,0.936663,0.436217,13958.784180
38,0.932729,0.432698,14141.842773
39,0.944573,0.428066,14441.264648
40,0.934143,0.458402,14624.291016
41,0.931172,0.447141,16254.758789
42,0.949395,0.511378,16537.625000
43,0.945388,0.522610,16737.148438
44,0.848417,0.526223,17552.462891
45,0.849528,0.423396,18500.806641
46,0.904820,0.433562,18800.296875
47,0.901504,0.429455,19066.455078
48,0.876321,0.375470,20297.660156
49,0.875164,0.384938,20480.675781
50,0.878571,0.377515,20730.109375
51,0.796429,0.535534,22244.210938
52,0.821745,0.557031,22493.769531
53,0.744269,0.424358,23974.599609
0,0.735702,0.641878,16.584341
1,0.737197,0.595519,332.769928
2,0.731694,0.539061,515.652344
3,0.824265,0.421934,1147.961426
4,0.843222,0.434570,1380.795288
5,0.888683,0.435808,1630.363647
6,0.901609,0.439617,1846.657959
7,0.961132,0.467262,2329.135986
8,0.970915,0.472615,2528.806152
9,0.976908,0.415858,2745.130859
10,0.876986,0.425072,3111.149170
11,0.821338,0.426879,3360.591553
12,0.753182,0.514892,4026.293945
13,0.707398,0.514637,4492.100098
14,0.690294,0.490815,4741.584473
15,0.717316,0.546015,4957.844238
16,0.725169,0.557923,5107.631348
17,0.726520,0.541871,5806.577637
18,0.868793,0.422985,6388.759766
19,0.908712,0.435436,6654.964844
20,0.927148,0.439005,6854.631836
21,0.929642,0.441796,7237.228027
22,0.926025,0.463399,7736.490234
23,0.916879,0.447176,8002.566895
24,0.922746,0.435947,8135.658691
25,0.916804,0.441938,8402.017578
26,0.859760,0.355233,9067.463867
27,0.858268,0.354730,9217.193359
28,0.927728,0.450240,9882.672852
29,0.853829,0.345275,10182.197266
30,0.856793,0.363077,10664.627930
31,0.866618,0.369181,11097.239258
32,0.051015,0.445445,11928.985352
33,0.042906,0.440512,12295.150391
34,0.051365,0.435025,12494.754883
35,0.312620,0.530961,14408.068359
36,0.063218,0.542546,16088.467773
37,0.955060,0.415060,17086.695312
38,0.954116,0.372207,17336.310547
39,0.956547,0.442787,17619.214844
40,0.940390,0.457072,17935.345703
41,0.743254,0.495874,18600.785156
42,0.284539,0.542253,21013.226562
43,0.311517,0.560323,21296.025391
44,0.287973,0.548507,21512.341797
45,0.549288,0.575200,23242.582031
46,0.262694,0.517376,24490.423828
47,0.273914,0.511044,24723.312500
48,0.291947,0.495960,24972.962891
0,0.753183,0.472287,266.290771
1,0.730406,0.522643,499.262909
2,0.724298,0.528085,615.557312
3,0.844514,0.450430,948.392212
4,0.853953,0.361534,1164.751953
5,0.854445,0.378736,1264.428101
6,0.873187,0.396020,1397.541992
7,0.867573,0.408833,1580.539917
8,0.903050,0.424443,1763.536987
9,0.928682,0.451757,1979.948120
10,0.944144,0.452795,2279.438965
11,0.936436,0.448975,2445.873291
12,0.954869,0.454089,2595.497314
13,0.955784,0.461246,2745.236816
14,0.946648,0.474218,2928.264893
15,0.952896,0.558866,3177.775146
16,0.683526,0.400338,4442.250000
17,0.749406,0.592438,4808.181152
18,0.830589,0.557557,5673.457031
19,0.771406,0.551339,5906.325195
20,0.526883,0.443979,6638.398438
21,0.496292,0.627505,6921.168945
22,0.498913,0.628899,7170.730469
23,0.421638,0.519197,8135.701172
24,0.330016,0.545768,8335.393555
25,0.296303,0.566064,8568.219727
26,0.373036,0.260585,14075.172852
27,0.957671,0.462946,17718.779297
28,0.827247,0.423922,18367.677734
29,0.729821,0.564952,19781.855469
30,0.743234,0.563243,20047.958984
31,0.736836,0.519231,20746.841797
32,0.672575,0.448210,21412.326172
33,0.780813,0.543812,21977.917969
34,0.805556,0.535577,22144.304688
35,0.874319,0.452950,23475.271484
36,0.849315,0.447126,23974.367188
37,0.918855,0.374728,24423.574219
0,0.807069,0.538218,133.139816
1,0.760598,0.517955,382.702942
2,0.752991,0.496375,515.761047
3,0.807375,0.418049,715.336121
4,0.849998,0.417792,931.769043
5,0.889539,0.409614,1181.208130
6,0.916771,0.402187,1414.290894
7,0.895959,0.413724,1713.715332
8,0.867670,0.436616,1963.251709
9,0.840660,0.445925,2129.597900
10,0.816982,0.510690,2495.547119
11,0.804722,0.476783,2695.366211
12,0.739001,0.539602,2928.212891
13,0.725160,0.510872,3127.763428
14,0.705305,0.316658,3560.349121
15,0.825805,0.304099,3893.203613
16,0.841861,0.308597,4092.785889
17,0.907248,0.375304,4342.364746
18,0.882502,0.354208,4525.372559
19,0.966690,0.440117,4924.592773
20,0.993104,0.460763,5057.757324
21,0.952282,0.402330,6022.702637
22,0.936777,0.479888,6255.686523
23,0.927988,0.496409,6438.684082
24,0.923981,0.495557,6671.524414
25,0.939912,0.499962,6954.425293
26,0.706940,0.559818,8501.770508
27,0.447863,0.533319,10398.322266
28,0.424757,0.452978,10864.225586
29,0.272853,0.521716,12311.605469
30,0.237955,0.506749,12727.590820
31,0.281356,0.514581,13060.384766
32,0.299660,0.557615,13509.451172
33,0.281015,0.593143,13759.053711
34,0.396007,0.523627,14391.350586
35,0.397512,0.517423,14574.341797
36,0.337910,0.434309,15489.420898
37,0.499176,0.467418,16288.005859
38,0.676727,0.441473,17568.937500
39,0.611915,0.555050,18018.208984
40,0.608969,0.539600,18134.724609
41,0.620716,0.535381,18367.564453
42,0.640466,0.533506,18517.326172
43,0.725407,0.550223,18783.595703
44,0.746655,0.551672,18966.593750
45,0.793472,0.563462,20979.742188
46,0.816730,0.534492,21478.751953
47,0.820073,0.515417,22127.708984
48,0.953044,0.499746,23791.404297
49,0.943966,0.491803,24007.617188
50,0.944214,0.493044,24207.281250
51,0.972579,0.484835,24473.525391
0,0.770818,0.541988,565.690613
1,0.769906,0.470593,715.505188
2,0.845459,0.432806,1297.773193
3,0.840749,0.432127,1397.614014
4,0.858495,0.433790,1613.811890
5,0.882527,0.439210,1846.796143
6,0.912629,0.446989,2146.300293
7,0.920084,0.447098,2379.206543
8,0.942864,0.451608,2695.312988
9,0.949155,0.445789,3028.053711
10,0.984239,0.449825,3693.559814
11,0.026040,0.481554,3993.072754
12,0.062259,0.453660,4225.879883
13,0.072490,0.440902,4974.641602
14,0.071344,0.438663,5523.682617
15,0.069758,0.390963,6655.014160
16,0.063502,0.485665,7104.272461
17,0.073566,0.443418,7270.664551
18,0.075820,0.407442,7570.127441
19,0.272091,0.441477,8401.948242
20,0.305964,0.496087,8867.816406
21,0.326540,0.565450,9267.067383
22,0.348246,0.514180,9633.236328
23,0.349777,0.477238,9966.000977
24,0.337464,0.434743,10282.046875
25,0.333650,0.514404,10814.458984
26,0.357323,0.386588,11213.656250
27,0.344936,0.421019,11380.153320
28,0.243314,0.183316,12478.137695
29,0.053057,0.275471,13027.306641
30,0.954933,0.364246,13792.569336
31,0.767233,0.501303,14774.149414
32,0.783675,0.485309,14923.988281
33,0.812042,0.436278,15339.906250
34,0.820281,0.465570,15656.033203
35,0.507198,0.509885,16571.199219
36,0.512169,0.519739,16737.525391
37,0.330242,0.506893,17419.640625
38,0.284888,0.494556,17619.232422
39,0.280218,0.508543,17835.525391
40,0.291377,0.528337,18118.314453
41,0.521499,0.580834,18767.240234
42,0.514264,0.569294,18883.773438
43,0.550809,0.576568,19282.976562
44,0.568228,0.563117,19615.720703
45,0.621051,0.577728,19931.847656
46,0.620497,0.566081,20297.972656
47,0.627523,0.539817,20480.923828
48,0.706686,0.544708,20697.187500
49,0.756917,0.544641,20880.267578
50,0.751320,0.555443,21096.398438
51,0.796376,0.537008,21412.523438
52,0.804745,0.509818,21712.056641
53,0.839691,0.496150,22044.886719
54,0.857812,0.454760,22360.943359
55,0.899724,0.540419,22543.923828
56,0.911949,0.556296,22693.626953
57,0.985020,0.533758,22976.513672
58,0.978909,0.524367,23126.255859
59,0.991520,0.497142,23242.775391
60,0.987793,0.461162,23625.406250
61,0.993339,0.416600,23808.503906
62,0.953378,0.724544,24058.027344
0,0.778557,0.521208,99.840958
1,0.752659,0.487238,282.794769
2,0.737202,0.432367,449.183655
3,0.766855,0.416092,648.838074
4,0.736214,0.477957,1164.552612
5,0.824031,0.337425,1464.036743
6,0.903293,0.342512,1846.791748
7,0.973200,0.429846,2512.254883
8,0.970260,0.394142,2645.354492
9,0.902423,0.192461,2978.102783
10,0.855868,0.145717,3127.898193
11,0.825428,0.141523,3344.136719
12,0.860912,0.358608,3893.126221
13,0.003312,0.392720,4492.079102
14,0.978595,0.444348,4691.785156
15,0.917533,0.420724,4974.611328
16,0.925385,0.411005,5157.582031
17,0.918130,0.402644,5373.954590
18,0.831001,0.462986,5739.938477
19,0.808111,0.456960,5956.237793
20,0.710796,0.462728,6438.730957
21,0.642698,0.260372,7104.220215
22,0.569781,0.253198,7320.467285
23,0.607552,0.233309,7669.967285
24,0.505964,0.663458,8651.524414
25,0.510216,0.656205,8801.291016
26,0.367003,0.167638,9683.124023
27,0.339291,0.153570,9915.876953
28,0.263803,0.338681,10514.898438
29,0.221027,0.324739,10797.753906
30,0.223653,0.282699,11063.914062
31,0.155492,0.547703,12228.679688
32,0.149650,0.528893,12328.390625
33,0.023526,0.529186,13177.008789
34,0.882280,0.269211,15622.746094
35,0.640505,0.270537,20264.515625
36,0.776619,0.421414,21562.222656
37,0.822526,0.432627,21811.900391
38,0.770626,0.492799,22776.861328
39,0.688340,0.459302,23259.326172
40,0.722335,0.418234,23508.853516
41,0.739534,0.390122,23808.310547
42,0.746168,0.372553,24091.191406
43,0.717119,0.285107,24490.490234
0,0.766400,0.455184,216.387253
1,0.761905,0.396596,449.187042
2,0.825774,0.324240,948.450928
3,0.829257,0.394937,1497.455444
4,0.880420,0.398112,1713.674683
5,0.831015,0.337746,2129.686279
6,0.888452,0.354850,2595.518799
7,0.903031,0.363286,3144.488525
8,0.885110,0.361931,3676.875000
9,0.845072,0.456856,3993.026123
10,0.850278,0.199300,4392.426270
11,0.918949,0.120345,4808.250977
12,0.022526,0.295655,5690.067383
13,0.997265,0.379314,6155.967773
14,0.053372,0.448126,6405.461914
15,0.077717,0.396128,6605.060547
16,0.070365,0.374056,6754.860352
17,0.045582,0.382427,7104.323730
18,0.039571,0.365953,7303.833496
19,0.061094,0.370969,7603.462402
20,0.075062,0.385164,7769.779297
21,0.966440,0.329634,8701.483398
22,0.966159,0.274729,8951.072266
23,0.452116,0.436170,10365.304688
24,0.292354,0.453743,10947.486328
25,0.545249,0.465272,11729.461914
26,0.562852,0.474209,11862.592773
27,0.562353,0.500005,12128.749023
28,0.554717,0.500711,12544.700195
29,0.610006,0.474210,12711.149414
30,0.649905,0.282977,13260.199219
31,0.735399,0.308808,13559.611328
32,0.783987,0.424263,14008.818359
33,0.730160,0.463433,15722.510742
34,0.835252,0.392821,16737.373047
35,0.844616,0.326996,17020.304688
36,0.881783,0.257433,19515.875000
0,0.758049,0.529433,415.882416
1,0.725770,0.528310,765.319946
2,0.823096,0.516926,1097.998535
3,0.864278,0.448540,1480.714355
4,0.836355,0.422311,1696.971558
5,0.804052,0.397084,1879.982178
6,0.864116,0.346996,2129.558838
7,0.912989,0.339023,2295.982178
8,0.930568,0.282421,2528.806885
9,0.957056,0.245936,2711.840332
10,0.860147,0.342024,2994.696045
11,0.859509,0.348204,3210.906982
12,0.982179,0.496089,3660.269043
13,0.981987,0.489515,3760.079102
14,0.972922,0.482477,3909.771729
15,0.971622,0.385041,4192.581543
16,0.051088,0.470420,4542.054688
17,0.064721,0.447527,4708.501465
18,0.023679,0.513303,5689.992676
19,0.986772,0.501800,5956.140625
20,0.991906,0.498095,6105.867188
21,0.933588,0.483049,6338.874512
22,0.718553,0.532763,7087.498047
23,0.726897,0.522252,7220.630859
24,0.719037,0.533328,7403.621094
25,0.738210,0.416260,7886.079102
26,0.536700,0.559851,8584.947266
27,0.536347,0.565297,8767.956055
28,0.546367,0.493101,9134.003906
29,0.521256,0.416692,9483.365234
30,0.441884,0.399571,9649.711914
31,0.511179,0.568810,9982.420898
32,0.506502,0.556066,10248.668945
33,0.494937,0.535589,10581.473633
34,0.287535,0.546858,11130.447266
35,0.268734,0.517644,11396.637695
36,0.272021,0.490658,11612.963867
37,0.228512,0.513838,11962.247070
38,0.304014,0.554653,12478.120117
39,0.310998,0.560756,12760.919922
40,0.335625,0.389821,13409.774414
41,0.372379,0.345851,13626.133789
42,0.397622,0.331043,13809.105469
43,0.457730,0.399058,14208.364258
44,0.518641,0.296022,14557.755859
45,0.566584,0.220748,14857.206055
46,0.629521,0.254702,15056.996094
47,0.639993,0.263356,15323.095703
48,0.666344,0.275063,15572.720703
49,0.716491,0.318912,15755.721680
50,0.742240,0.364297,15922.104492
51,0.773772,0.451551,16238.209961
52,0.776643,0.474379,16387.976562
53,0.781986,0.502318,16537.763672
54,0.813291,0.516032,16936.949219
55,0.891309,0.227252,17785.386719
56,0.017183,0.362131,18301.285156
57,0.026524,0.361030,18467.687500
58,0.072789,0.490712,18783.810547
59,0.130330,0.543102,19083.224609
60,0.157405,0.547567,19282.935547
61,0.184492,0.566633,19549.046875
62,0.231522,0.575985,19798.626953
63,0.253269,0.553645,20081.476562
64,0.251745,0.527523,20330.978516
65,0.252268,0.488631,20547.326172
66,0.264902,0.399950,20796.884766
67,0.193008,0.199885,21345.888672
68,0.124430,0.151502,21512.353516
69,0.063112,0.173687,21728.607422
70,0.089017,0.151785,21911.585938
71,0.968335,0.365539,22394.179688
72,0.956925,0.402271,22610.300781
73,0.960508,0.491761,22926.476562
74,0.962748,0.445878,23275.796875
75,0.951879,0.486640,23558.664062
76,0.956454,0.484071,23891.437500
77,0.903941,0.464172,24141.082031
78,0.932802,0.472640,24440.488281
79,0.852314,0.431882,24789.933594
0,0.753427,0.494632,282.861908
1,0.766865,0.443560,582.393311
2,0.922563,0.235372,1430.853760
3,0.992525,0.499224,2229.460205
4,0.067699,0.456393,2695.376709
5,0.057451,0.444886,2811.725830
6,0.051147,0.448300,2961.482422
7,0.060095,0.444215,3643.694580
8,0.324573,0.469967,4824.980469
9,0.347176,0.304007,5107.793945
10,0.428584,0.311782,5473.869141
11,0.409339,0.214430,5823.142090
12,0.439877,0.523352,6338.978027
13,0.432084,0.522395,6455.468262
14,0.333400,0.550494,6788.135742
15,0.270541,0.553127,6971.120605
16,0.225423,0.533700,7353.779297
17,0.257476,0.523356,7536.900879
18,0.254758,0.497345,7703.231445
19,0.253623,0.567018,8302.124023
20,0.959336,0.464980,9217.200195
21,0.027117,0.274910,9500.115234
22,0.074942,0.472531,9766.339844
23,0.069007,0.489074,9932.538086
24,0.023029,0.377774,10348.566406
25,0.069521,0.447681,10598.036133
26,0.061173,0.440936,10714.630859
27,0.891614,0.300182,11147.151367
28,0.892470,0.310415,11363.469727
29,0.971435,0.398972,11629.694336
30,0.500678,0.530543,12661.218750
31,0.286871,0.520619,13443.199219
32,0.278986,0.514588,13809.218750
33,0.255620,0.529900,13958.891602
34,0.384607,0.321518,14508.017578
35,0.513060,0.545262,14790.763672
36,0.553987,0.585587,15173.448242
37,0.500525,0.589750,15755.724609
38,0.591307,0.581611,16155.096680
39,0.569767,0.575064,16404.546875
40,0.790541,0.486941,17203.222656
41,0.837292,0.492242,17635.810547
42,0.819943,0.432064,18367.789062
43,0.834973,0.437831,18617.400391
44,0.885694,0.441449,19366.154297
45,0.893775,0.444339,19615.623047
46,0.897623,0.445099,19865.298828
47,0.916207,0.443771,20114.732422
48,0.856853,0.215088,20896.730469
49,0.086661,0.529954,21845.126953
50,0.056957,0.541490,23558.792969
0,0.751523,0.487557,349.476990
1,0.764474,0.462426,582.381104
2,0.703260,0.483644,948.350830
3,0.702963,0.453251,1364.298462
4,0.710192,0.413477,1530.718994
5,0.717850,0.392441,1746.918091
6,0.870579,0.380737,2978.213379
7,0.886679,0.387769,3211.104004
8,0.895579,0.396380,3360.779297
9,0.872318,0.444438,3760.103760
10,0.869509,0.499690,3926.484863
11,0.961049,0.444781,4159.474609
12,0.968055,0.445242,4375.650879
13,0.963816,0.424368,4608.595703
14,0.959694,0.382718,4874.837402
15,0.918710,0.469391,5141.014648
16,0.991845,0.442449,5540.402832
17,0.029524,0.439716,5756.610840
18,0.059762,0.448292,6172.545410
19,0.066004,0.418721,6355.549316
20,0.050353,0.391284,6671.774902
21,0.045157,0.405758,7270.718750
22,0.800283,0.478558,8352.108398
23,0.806837,0.503671,8751.352539
24,0.810280,0.509574,8867.805664
25,0.851808,0.457410,9050.847656
26,0.829954,0.395946,9433.500977
27,0.813586,0.420663,9649.807617
28,0.857128,0.321872,9932.624023
29,0.859714,0.312834,10165.586914
30,0.870221,0.246448,10548.216797
31,0.913303,0.247038,10831.104492
32,0.953543,0.329983,11163.793945
33,0.968337,0.314992,11346.845703
34,0.978743,0.355299,11662.987305
35,0.998756,0.326626,11779.383789
36,0.994777,0.360203,12078.871094
37,0.971508,0.433266,12328.423828
38,0.031310,0.310723,12644.535156
39,0.063594,0.314911,12827.563477
40,0.204243,0.127617,13559.618164
41,0.274030,0.142968,13742.713867
42,0.254023,0.151627,13842.439453
43,0.296209,0.298210,14258.428711
44,0.245394,0.570981,14741.011719
45,0.236497,0.654459,14890.618164
46,0.199766,0.738959,15356.540039
47,0.147527,0.813633,15539.500977
48,0.999752,0.787468,15972.138672
49,0.859624,0.647926,16704.234375
50,0.834205,0.661516,16853.849609
51,0.842875,0.655181,17003.626953
52,0.010414,0.487189,17719.070312
53,0.995670,0.472954,17968.607422
54,0.433671,0.563407,19349.482422
55,0.290033,0.515218,19815.365234
56,0.276140,0.511172,19931.882812
57,0.280507,0.505463,20214.646484
58,0.259765,0.485806,20530.779297
59,0.566886,0.520295,21712.085938
60,0.587912,0.557621,21961.623047
61,0.584776,0.554475,22111.394531
62,0.622773,0.549047,22360.912109
63,0.677035,0.547657,22577.250000
64,0.733362,0.554062,22810.222656
65,0.772091,0.538239,23043.041016
66,0.792174,0.522306,23242.705078
67,0.785767,0.496551,23492.365234
68,0.742840,0.485713,24157.783203
69,0.709694,0.469082,24390.710938
70,0.719449,0.447195,24740.078125
0,0.751275,0.464723,16.643248
1,0.727728,0.588716,365.951355
2,0.722442,0.629446,515.741150
3,0.716510,0.626468,731.919373
4,0.711677,0.581409,1164.657471
5,0.906213,0.379207,2345.900391
6,0.902436,0.420399,2645.333252
7,0.861699,0.330943,3144.430664
8,0.856029,0.360941,3393.995605
9,0.815866,0.529135,3743.483643
10,0.839428,0.561807,4076.113037
11,0.845065,0.545621,4209.294434
12,0.786663,0.618428,4475.427734
13,0.761607,0.587915,4708.398438
14,0.757342,0.575515,4858.125000
15,0.768592,0.660160,5074.365723
16,0.786832,0.910855,6405.368652
17,0.552973,0.956350,6571.744141
18,0.290996,0.698843,7237.268066
19,0.299143,0.658407,7453.602539
20,0.279168,0.691537,7603.302734
21,0.253693,0.591582,7902.910645
22,0.280229,0.525380,8135.718262
23,0.307121,0.478986,8351.963867
24,0.565123,0.610459,9267.083984
25,0.557234,0.646135,9450.120117
26,0.565549,0.669827,9733.002930
27,0.598397,0.664191,9999.058594
28,0.599751,0.661619,10215.377930
29,0.909416,0.586593,10814.243164
30,0.960634,0.579778,11213.681641
31,0.930266,0.546045,11463.170898
32,0.924344,0.534899,11563.008789
33,0.925021,0.502016,11712.764648
34,0.898068,0.472973,12062.148438
35,0.880997,0.476150,12228.484375
36,0.847071,0.564710,12428.151367
37,0.821927,0.492532,12894.021484
38,0.808184,0.494292,13077.068359
39,0.785056,0.493772,13243.319336
40,0.714665,0.623227,14075.345703
41,0.719137,0.622902,14358.124023
42,0.721991,0.620283,14607.742188
43,0.764565,0.637994,14923.876953
44,0.903924,0.699792,15722.436523
45,0.917753,0.681604,15922.061523
46,0.967245,0.621545,16171.676758
47,0.974643,0.602808,16338.109375
48,0.043229,0.773731,16903.667969
49,0.042410,0.483982,17269.625000
50,0.039564,0.484593,17369.503906
51,0.075020,0.502861,18068.298828
52,0.061257,0.540704,18201.421875
53,0.063353,0.545756,18617.384766
54,0.061012,0.532157,18983.402344
55,0.063604,0.495813,19382.595703
56,0.055259,0.488143,19865.113281
57,0.065807,0.481457,20164.619141
58,0.061351,0.470403,20464.121094
59,0.045304,0.460680,20880.011719
60,0.046327,0.452982,21079.679688
61,0.888669,0.503661,21795.070312
62,0.857899,0.514848,22044.722656
63,0.831922,0.523412,22277.541016
64,0.792053,0.525765,22593.699219
65,0.789210,0.503228,22826.669922
66,0.790342,0.510802,23026.322266
67,0.839795,0.482000,23292.570312
68,0.824393,0.486030,23542.070312
69,0.879547,0.464263,23725.115234
70,0.890729,0.460302,23974.634766
71,0.852178,0.317421,24224.181641
0,0.779246,0.478316,16.573067
1,0.812265,0.471803,682.084961
2,0.836453,0.424983,981.605225
3,0.852323,0.391501,1131.324951
4,0.889595,0.404544,1547.195557
5,0.911281,0.410042,1813.468262
6,0.891263,0.294469,2196.078857
7,0.978744,0.551702,3477.199219
8,0.990160,0.560092,3693.537598
9,0.020762,0.514709,4042.864502
10,0.003936,0.437679,4458.730469
11,0.733433,0.350377,5207.468262
12,0.748748,0.318570,5373.962402
13,0.991033,0.312310,5856.397461
14,0.560622,0.570753,7902.824219
15,0.298961,0.504194,8884.450195
16,0.242383,0.434332,9117.333008
17,0.383252,0.456173,9666.333008
18,0.431338,0.570150,9949.189453
19,0.470087,0.417871,10248.661133
20,0.504466,0.379051,10614.656250
21,0.530188,0.456439,10814.445312
22,0.562433,0.585880,11047.239258
23,0.553861,0.630545,11396.650391
24,0.517529,0.562641,11696.099609
25,0.524602,0.559202,12028.892578
26,0.517252,0.557057,12178.639648
27,0.374549,0.491002,12761.023438
28,0.434355,0.386238,13010.535156
29,0.445041,0.387316,13293.355469
30,0.289328,0.524410,13842.416992
31,0.753778,0.486240,15422.932617
32,0.765306,0.416271,15655.876953
33,0.780947,0.520744,15922.110352
34,0.776565,0.531424,16288.074219
35,0.756619,0.384610,16604.162109
36,0.830662,0.402055,17935.255859
37,0.991561,0.387759,18500.917969
38,0.984867,0.288829,19199.654297
39,0.062441,0.375414,20114.695312
40,0.059686,0.372346,20364.210938
41,0.073061,0.350047,20613.855469
42,0.075023,0.363189,20863.449219
43,0.067106,0.385404,21162.867188
44,0.069014,0.381869,21345.955078
45,0.065628,0.373770,21595.425781
46,0.056666,0.360524,21894.958984
47,0.061503,0.371534,22626.960938
48,0.058550,0.360398,22826.666016
49,0.855379,0.507927,24124.400391
50,0.867320,0.274141,24923.011719
0,0.808328,0.464291,349.399231
1,0.733501,0.500524,648.959167
2,0.718715,0.488073,865.128052
3,0.718313,0.478710,965.025085
4,0.730677,0.457311,1197.848511
5,0.761673,0.355431,1863.385864
6,0.767486,0.318570,2079.697998
7,0.763367,0.265731,2279.341309
8,0.670591,0.212426,2495.570312
9,0.597328,0.476906,2878.234375
10,0.586026,0.522424,3027.975586
11,0.555933,0.420061,3360.731934
12,0.560304,0.402443,3527.095947
13,0.535292,0.482129,3843.217529
14,0.537896,0.466347,4109.397461
15,0.536670,0.349554,4275.832031
16,0.680410,0.207422,4641.782715
17,0.738787,0.151008,4891.385742
18,0.762972,0.175751,5057.803223
19,0.878126,0.256064,5290.693359
20,0.867978,0.471303,5789.749023
21,0.840467,0.450267,6039.369629
22,0.914328,0.326847,6821.333984
23,0.946249,0.340614,7270.654297
24,0.933905,0.331126,7869.464355
25,0.962146,0.269912,8202.283203
26,0.017283,0.112624,8651.527344
27,0.992973,0.340843,8934.276367
28,0.044868,0.366995,9200.434570
29,0.086321,0.288775,9666.309570
30,0.065843,0.437086,9982.458984
31,0.055470,0.372477,10381.886719
32,0.056724,0.355512,10481.537109
33,0.080094,0.296817,10714.537109
34,0.068248,0.288464,11180.452148
35,0.184550,0.384465,11679.534180
36,0.173844,0.494879,12012.287109
37,0.254265,0.448630,12245.188477
38,0.264079,0.483227,12461.546875
39,0.277476,0.478501,12760.927734
40,0.326953,0.496047,13010.565430
41,0.335030,0.476150,13243.382812
42,0.325043,0.470087,13493.006836
43,0.322428,0.534041,13676.032227
44,0.359573,0.293259,13942.160156
45,0.328474,0.273438,14258.422852
46,0.212075,0.105346,15106.823242
47,0.091376,0.037228,15506.121094
48,0.018474,0.064467,15722.537109
49,0.030533,0.120878,15922.082031
50,0.020549,0.143731,16155.030273
51,0.901618,0.186732,16487.734375
52,0.963481,0.317468,16820.576172
53,0.888578,0.231724,17120.009766
54,0.876181,0.138640,17386.162109
55,0.891819,0.103594,17652.458984
56,0.898079,0.083941,17885.324219
57,0.903469,0.066187,18101.587891
58,0.859659,0.124620,18367.812500
59,0.815904,0.480699,18950.167969
60,0.769555,0.473869,19216.294922
61,0.723042,0.365652,19482.500000
62,0.727971,0.302723,19765.423828
63,0.630763,0.233851,20197.931641
64,0.568194,0.189484,20447.527344
65,0.503963,0.442272,20946.630859
66,0.508129,0.567058,21329.285156
67,0.539811,0.558784,21529.007812
68,0.548256,0.535425,21911.658203
69,0.584948,0.516258,22360.871094
70,0.607208,0.366800,22743.501953
71,0.545901,0.491865,23109.433594
72,0.603307,0.268393,23492.234375
73,0.527055,0.322920,23858.189453
74,0.628526,0.271561,24091.037109
75,0.627341,0.166827,24640.156250
76,0.647753,0.178025,24989.582031
0,0.795549,0.376027,449.268829
1,0.831105,0.356865,648.916809
2,0.843295,0.379392,848.533386
3,0.851492,0.393972,1014.921448
4,0.863106,0.372614,1430.884888
5,0.883970,0.371582,1630.528809
6,0.902457,0.383291,1963.290405
7,0.901921,0.382066,2395.842041
8,0.923306,0.385021,2795.159180
9,0.917440,0.390193,3227.704834
10,0.924908,0.385870,3976.416992
11,0.940998,0.386241,5091.125977
12,0.929241,0.363231,7087.647949
13,0.947473,0.336787,7387.125000
14,0.931375,0.364336,8069.272461
15,0.931167,0.390422,8202.411133
16,0.859401,0.415217,9300.464844
17,0.838444,0.448389,9566.653320
18,0.828085,0.465310,9683.140625
19,0.772582,0.466280,9916.018555
20,0.787353,0.508220,10132.359375
21,0.795419,0.520134,10331.974609
22,0.756041,0.480733,10648.069336
23,0.709783,0.279783,11430.067383
24,0.681097,0.262290,11629.764648
25,0.661929,0.241342,11845.999023
26,0.568085,0.628103,12777.716797
27,0.544280,0.543738,12993.995117
28,0.528233,0.473641,13226.937500
29,0.520363,0.139600,13709.439453
30,0.574040,0.093912,14042.220703
31,0.597602,0.086565,14308.392578
32,0.349226,0.095513,14574.588867
33,0.321868,0.105621,14724.308594
34,0.502647,0.079350,15572.811523
35,0.425097,0.111083,15822.365234
36,0.291422,0.368888,16737.490234
37,0.328005,0.265975,17236.562500
38,0.793639,0.515772,19515.947266
39,0.804353,0.344087,19748.902344
40,0.799512,0.324699,19948.509766
41,0.925143,0.298678,20181.449219
42,0.972892,0.312186,20480.914062
43,0.992287,0.371177,20946.789062
44,0.032971,0.401923,21146.416016
45,0.053761,0.500827,21362.689453
46,0.052024,0.484277,21595.626953
47,0.055340,0.474092,21695.466797
48,0.971097,0.500633,22494.074219
49,0.978632,0.527884,22876.701172
50,0.071249,0.621987,23159.556641
51,0.060608,0.624452,23475.664062
52,0.954113,0.592335,24191.126953
53,0.932754,0.540017,24523.841797
54,0.904573,0.522303,24740.136719
55,0.881248,0.491888,24973.076172
0,0.725551,0.304994,83.134293
1,0.724741,0.491122,366.033905
2,0.813712,0.434971,582.298340
3,0.826962,0.393226,781.941040
4,0.859693,0.386365,1014.901794
5,0.889014,0.375669,1247.825562
6,0.889438,0.386818,1447.448608
7,0.913547,0.370049,1663.718872
8,0.919368,0.369822,2279.353516
9,0.914890,0.387437,2645.378174
10,0.841079,0.287300,3460.590820
11,0.865029,0.293192,3793.333496
12,0.879339,0.331197,4392.337402
13,0.868491,0.308005,4641.852539
14,0.844268,0.300702,5190.944336
15,0.847145,0.284635,5573.572266
16,0.815914,0.222189,5889.657715
17,0.855103,0.283024,6155.889160
18,0.861901,0.277656,6488.635742
19,0.858280,0.276192,6821.409668
20,0.850062,0.277873,7204.088867
21,0.427559,0.399785,8601.597656
22,0.454952,0.367709,8934.369141
23,0.513651,0.576239,9267.106445
24,0.509873,0.601986,9450.154297
25,0.543235,0.611201,9683.036133
26,0.532208,0.595658,9965.875000
27,0.533772,0.572164,10132.248047
28,0.505390,0.375448,10315.289062
29,0.542219,0.361726,10731.247070
30,0.526158,0.417886,11030.725586
31,0.515930,0.416978,11263.600586
32,0.531619,0.523249,11629.639648
33,0.528676,0.518306,11796.008789
34,0.534718,0.566922,12078.871094
35,0.538985,0.543448,12178.701172
36,0.505439,0.515543,12511.445312
37,0.396580,0.483460,13210.233398
38,0.363870,0.453895,13393.255859
39,0.306262,0.470238,13725.995117
40,0.294828,0.491003,13875.741211
41,0.238438,0.452162,14208.457031
42,0.226022,0.462009,14474.662109
43,0.215034,0.401748,14873.996094
44,0.227730,0.483567,15173.442383
45,0.250574,0.463602,15572.768555
46,0.247717,0.274812,15789.071289
47,0.334144,0.272617,16254.899414
48,0.340078,0.273102,16471.179688
49,0.292135,0.424395,16853.841797
50,0.662372,0.305897,18001.859375
51,0.842758,0.277460,18567.529297
52,0.841275,0.227376,18800.445312
53,0.764871,0.467063,19016.761719
54,0.984923,0.511122,19765.410156
55,0.967382,0.484483,19915.179688
56,0.963862,0.482995,20014.996094
57,0.044157,0.351980,20247.933594
58,0.048976,0.357733,20414.382812
59,0.970807,0.188227,20663.875000
60,0.947067,0.167654,20846.882812
61,0.604394,0.210113,21695.376953
62,0.605708,0.244609,21845.132812
63,0.677013,0.065850,22111.324219
64,0.613460,0.068401,22377.531250
65,0.593128,0.084698,22577.183594
66,0.579056,0.085297,22743.556641
67,0.625751,0.348700,23076.292969
68,0.608614,0.342406,23292.585938
69,0.626255,0.304666,23592.072266
70,0.639068,0.300241,23908.224609
71,0.710719,0.321636,24423.978516
0,0.752450,0.535008,332.860107
1,0.730029,0.534315,582.344055
2,0.710287,0.537444,881.842285
3,0.715621,0.543346,1064.841797
4,0.722609,0.544241,1297.775513
5,0.737946,0.421026,2196.189453
6,0.742560,0.412425,2296.065430
7,0.757158,0.415863,2445.737549
8,0.829330,0.458949,2662.082520
9,0.831893,0.427004,2845.044189
10,0.857984,0.418231,3061.347168
11,0.879720,0.421915,3310.923340
12,0.897604,0.403644,3610.412842
13,0.907772,0.389404,3776.787109
14,0.861829,0.328018,3976.468994
15,0.855713,0.325251,4309.221680
16,0.866883,0.327786,4658.543457
17,0.926550,0.432301,4958.064941
18,0.949374,0.448170,5157.744629
19,0.941144,0.440603,5457.156738
20,0.924690,0.437037,5673.459961
21,0.930513,0.434107,5939.653320
22,0.923992,0.438988,6255.798340
23,0.939204,0.470598,6555.228027
24,0.965898,0.479145,6987.831543
25,0.973042,0.446988,7170.822754
26,0.965003,0.386339,7470.314941
27,0.961596,0.340971,7669.961914
28,0.890557,0.319233,7969.442383
29,0.850760,0.341630,8169.126465
30,0.847492,0.346956,8368.758789
31,0.870999,0.347718,8684.845703
32,0.869187,0.335499,9749.661133
33,0.866847,0.342709,9965.954102
34,0.867839,0.354921,10165.588867
35,0.871198,0.365256,10381.902344
36,0.865605,0.374355,10764.545898
37,0.865003,0.407596,12045.651367
38,0.842121,0.453546,12278.569336
39,0.657265,0.335022,13027.269531
40,0.624661,0.332548,13310.123047
41,0.536988,0.541787,13825.854492
42,0.490772,0.572290,13992.248047
43,0.494882,0.570370,14125.359375
44,0.548554,0.578617,14308.348633
45,0.466167,0.488017,14724.297852
46,0.411339,0.482175,15007.171875
47,0.429417,0.420646,15173.503906
48,0.396413,0.327708,15339.919922
49,0.354253,0.337870,15539.534180
50,0.314026,0.436317,15822.389648
51,0.290017,0.568891,16288.257812
52,0.251635,0.521329,16537.789062
53,0.228918,0.517695,16670.890625
54,0.207706,0.514524,16920.453125
55,0.139924,0.515898,17219.929688
56,0.148855,0.515219,17303.128906
57,0.126915,0.474335,17536.050781
58,0.124237,0.421548,17768.978516
59,0.146073,0.363900,17935.390625
60,0.142989,0.303490,18201.564453
61,0.116398,0.226865,18417.843750
62,0.091830,0.231606,18634.128906
63,0.086887,0.199261,18800.498047
64,0.031670,0.417670,19083.335938
65,0.039252,0.426870,19366.199219
66,0.045669,0.428487,19931.867188
67,0.048519,0.433344,20214.701172
68,0.045554,0.436154,20564.097656
69,0.053589,0.451952,20880.195312
70,0.047554,0.444166,21246.230469
71,0.057565,0.499845,22227.841797
72,0.993901,0.497104,22510.701172
73,0.981027,0.474212,22693.738281
74,0.967323,0.409779,22943.271484
75,0.947094,0.472516,23142.941406
76,0.956114,0.385264,23575.535156
77,0.963454,0.350987,23741.917969
78,0.992067,0.341072,24124.550781
79,0.066397,0.319959,24307.564453
0,0.843250,0.482577,83.180122
1,0.846262,0.496043,216.276810
2,0.865465,0.394291,548.978943
3,0.866263,0.418290,732.072021
4,0.904256,0.422964,931.751953
5,0.993070,0.339796,2262.681152
6,0.958593,0.327156,2479.046631
7,0.479171,0.495583,3959.720459
8,0.540384,0.569900,4192.692383
9,0.276652,0.478049,5041.197754
10,0.234131,0.460704,5340.687012
11,0.213603,0.431981,5656.782715
12,0.145162,0.476523,5922.930664
13,0.143948,0.487230,6039.398438
14,0.171943,0.334162,6372.253418
15,0.195884,0.307651,8767.961914
16,0.166551,0.310773,9067.456055
17,0.156687,0.395316,9416.919922
18,0.176915,0.465691,9666.465820
19,0.241083,0.320784,10132.247070
20,0.251071,0.260712,10348.541016
21,0.254011,0.247575,10814.386719
22,0.208738,0.300065,10997.387695
23,0.748427,0.408904,13010.551758
24,0.539501,0.557716,13459.836914
25,0.542387,0.540536,13576.328125
26,0.540752,0.505253,13859.046875
27,0.858460,0.428119,14824.023438
28,0.856161,0.416239,14973.826172
29,0.883578,0.415962,15289.875977
30,0.943509,0.451839,15572.835938
31,0.890673,0.343056,15988.684570
32,0.893175,0.319142,16105.130859
33,0.896668,0.311060,16354.695312
34,0.871239,0.316895,16737.464844
35,0.871646,0.325688,16953.683594
36,0.870947,0.444647,17319.763672
37,0.853014,0.464973,17536.050781
38,0.844449,0.403422,17835.455078
39,0.810316,0.392690,18218.121094
40,0.830613,0.459922,18434.443359
41,0.875705,0.497971,18684.017578
42,0.858890,0.526815,18950.166016
43,0.914587,0.547833,19283.025391
44,0.970349,0.535798,19499.197266
45,0.947177,0.504123,19715.488281
46,0.925220,0.427607,20164.712891
47,0.940520,0.448002,20414.261719
48,0.946664,0.454169,20613.933594
49,0.938503,0.446602,20830.210938
50,0.001688,0.485911,21329.330078
51,0.996219,0.384931,21845.134766
52,0.972031,0.346978,22044.765625
53,0.992965,0.365845,22311.021484
54,0.029739,0.496886,22577.214844
55,0.754811,0.511857,23508.884766
56,0.806489,0.491936,23708.503906
57,0.765121,0.471524,24057.923828
58,0.853606,0.459107,24640.279297
0,0.734486,0.508162,316.101532
1,0.727972,0.517110,465.788025
2,0.707445,0.509653,748.716064
3,0.794700,0.490486,1114.708618
4,0.871952,0.468341,1696.966064
5,0.903581,0.474369,1879.981934
6,0.903377,0.461431,1979.801392
7,0.928144,0.451153,2196.210449
8,0.931373,0.441068,2445.718994
9,0.859116,0.341355,2728.583252
10,0.853614,0.422315,3477.262451
11,0.844422,0.476360,3693.477783
12,0.709879,0.507834,4525.396484
13,0.510005,0.559460,5207.585938
14,0.492542,0.558290,5373.871582
15,0.495533,0.552956,5506.982422
16,0.482283,0.554038,5806.505859
17,0.314576,0.540811,6388.792480
18,0.288346,0.546251,6605.064941
19,0.273750,0.515663,6821.431641
20,0.300796,0.543594,7120.821289
21,0.442352,0.473295,7719.857422
22,0.469490,0.398694,7969.436035
23,0.370704,0.415988,8285.501953
24,0.607917,0.416083,9084.118164
25,0.601420,0.402017,9250.574219
26,0.820007,0.430416,10165.555664
27,0.797699,0.434828,10465.081055
28,0.790600,0.461876,10831.070312
29,0.793582,0.432409,11263.639648
30,0.798239,0.420588,11413.355469
31,0.906982,0.430186,11862.589844
32,0.931298,0.434156,12062.234375
33,0.935255,0.430955,12261.939453
34,0.924091,0.438348,12594.717773
35,0.931206,0.472093,12910.735352
36,0.167256,0.449874,13825.852539
37,0.044374,0.415651,14075.375977
38,0.054693,0.421013,14774.109375
39,0.888106,0.426568,16088.480469
40,0.855344,0.326925,16371.403320
41,0.859888,0.342592,16571.080078
42,0.868765,0.350389,17719.025391
43,0.849821,0.346273,18018.494141
44,0.843534,0.426832,18667.339844
45,0.923380,0.470780,19000.109375
46,0.919508,0.460495,19216.353516
47,0.931519,0.495124,19482.542969
48,0.270705,0.412610,20347.712891
49,0.257872,0.484334,20514.121094
50,0.280371,0.544085,20880.128906
51,0.306850,0.501371,21063.228516
52,0.313437,0.539883,21578.947266
53,0.322101,0.556025,21795.259766
54,0.145492,0.570304,22194.597656
55,0.166392,0.526256,22527.251953
56,0.084819,0.547636,22909.914062
57,0.079110,0.544300,23142.843750
58,0.050421,0.546482,23375.775391
59,0.993567,0.904503,24124.556641
60,0.971868,0.935178,24324.158203
0,0.816356,0.409114,449.255402
1,0.886957,0.389551,981.582947
2,0.917811,0.416538,1148.000854
3,0.916828,0.407090,1247.853394
4,0.915306,0.393803,1380.887329
5,0.905857,0.363950,1530.675659
6,0.891100,0.283950,1730.308105
7,0.848869,0.391265,2312.596680
8,0.987737,0.535034,2595.463623
9,0.983451,0.530646,2695.318604
10,0.990810,0.297771,3161.203369
11,0.079865,0.440414,3527.155029
12,0.070576,0.378225,3843.354736
13,0.056789,0.374054,3976.371826
14,0.203288,0.471955,4425.593750
15,0.249910,0.440250,4741.697266
16,0.302939,0.512018,5091.090332
17,0.322187,0.481304,5224.172852
18,0.325003,0.599947,5773.235352
19,0.325873,0.598783,5989.629883
20,0.130979,0.588282,7220.680176
21,0.722557,0.504962,8451.906250
22,0.726564,0.515043,8834.534180
23,0.740920,0.362478,9217.246094
24,0.807392,0.474762,9616.505859
25,0.748460,0.538306,10032.428711
26,0.621075,0.551957,10315.270508
27,0.583110,0.543642,10498.363281
28,0.535351,0.537357,10864.413086
29,0.575686,0.548608,11313.536133
30,0.534493,0.582879,11746.148438
31,0.406698,0.523592,12494.849609
32,0.413781,0.436881,12711.208984
33,0.426490,0.573868,13310.079102
34,0.387448,0.570223,13759.249023
35,0.387381,0.556411,13942.288086
36,0.302693,0.567800,14225.142578
37,0.309408,0.558752,14358.243164
38,0.296009,0.500284,14824.135742
39,0.356089,0.469286,15140.173828
40,0.428534,0.440635,15539.474609
41,0.815712,0.460322,16920.412109
42,0.894778,0.318482,17436.234375
43,0.884257,0.304801,17735.726562
44,0.877366,0.303045,17968.574219
45,0.867749,0.323890,18850.386719
46,0.857137,0.339403,19149.880859
47,0.867528,0.312400,19765.464844
48,0.863957,0.314646,20114.826172
49,0.867036,0.289177,20497.556641
50,0.839630,0.540115,22560.652344
51,0.856230,0.427517,22860.029297
52,0.906111,0.417837,23026.488281
53,0.933976,0.434408,23425.759766
54,0.871404,0.274388,24024.683594
55,0.883049,0.301146,24390.777344
0,0.740470,0.517460,432.615845
1,0.727451,0.531557,582.280334
2,0.838594,0.416350,1098.048828
3,0.843554,0.411297,1347.728394
4,0.881622,0.414559,1514.073364
5,0.902291,0.420544,1713.752441
6,0.927105,0.415613,2362.641357
7,0.921244,0.414198,2478.971436
8,0.930876,0.417607,2761.843750
9,0.863439,0.351544,3310.897217
10,0.845074,0.345044,3560.417725
11,0.841181,0.340306,3843.342285
12,0.834141,0.197348,4142.775879
13,0.846196,0.181121,4275.874023
14,0.847346,0.162294,4542.144531
15,0.859094,0.245426,4708.407227
16,0.825881,0.474638,4991.279297
17,0.807223,0.524025,5290.771973
18,0.672213,0.368020,5939.629883
19,0.668267,0.316217,6189.259766
20,0.642252,0.343231,6555.265625
21,0.581778,0.292596,7021.113770
22,0.562533,0.259944,7220.697266
23,0.555379,0.245477,7503.541016
24,0.491264,0.243441,7769.795898
25,0.541240,0.485942,8085.937500
26,0.530204,0.571821,8302.202148
27,0.525766,0.569909,8568.367188
28,0.493244,0.556426,8917.770508
29,0.495422,0.590810,9150.649414
30,0.278687,0.543226,9965.949219
31,0.264995,0.528378,10282.090820
32,0.225887,0.527765,10731.224609
33,0.198563,0.495008,11030.707031
34,0.202753,0.491009,11163.793945
35,0.157620,0.537800,11380.100586
36,0.138339,0.551118,11563.115234
37,0.107035,0.531156,11812.665039
38,0.109789,0.522343,12062.328125
39,0.065514,0.535124,12245.303711
40,0.026689,0.528536,12528.125977
41,0.017793,0.456705,12794.387695
42,0.993773,0.460911,12993.970703
43,0.995787,0.459957,13160.304688
44,0.959947,0.469041,13343.420898
45,0.929362,0.482136,13559.629883
46,0.929936,0.480517,13676.083984
47,0.932884,0.410709,13875.826172
48,0.956013,0.395574,14125.391602
49,0.975162,0.368260,14324.946289
50,0.055704,0.427033,14707.625977
51,0.063928,0.422355,15256.655273
52,0.066834,0.253812,15705.898438
53,0.072810,0.272043,15955.537109
54,0.112280,0.247309,16171.748047
55,0.155744,0.239389,16354.752930
56,0.183522,0.265771,16820.689453
57,0.219240,0.193246,17053.509766
58,0.144299,0.315558,17319.722656
59,0.210625,0.315150,17602.593750
60,0.248044,0.322757,17802.228516
61,0.277794,0.289770,18051.791016
62,0.301648,0.294414,18284.751953
63,0.286673,0.320716,18617.482422
64,0.272622,0.410382,18833.769531
65,0.275644,0.449497,19133.210938
66,0.364304,0.347306,19599.095703
67,0.341155,0.376631,19981.843750
68,0.352397,0.413820,20347.794922
69,0.359843,0.405596,20697.136719
70,0.435105,0.431280,20963.441406
71,0.429512,0.427580,21379.289062
72,0.428103,0.387636,21562.302734
73,0.432681,0.326227,21811.929688
74,0.459533,0.394299,22094.812500
75,0.508812,0.552602,22527.281250
76,0.755652,0.509022,23342.605469
77,0.762341,0.474704,23708.587891
78,0.750967,0.396865,23924.845703
79,0.786913,0.399618,24274.257812
80,0.783967,0.446636,24640.292969
0,0.751284,0.622155,349.442780
1,0.924074,0.401706,2046.409424
2,0.874516,0.268333,2412.381104
3,0.872338,0.253150,2578.818604
4,0.882858,0.271350,3244.334473
5,0.878446,0.290981,3543.761719
6,0.909575,0.326236,5041.156738
7,0.903601,0.456289,5556.886719
8,0.865712,0.273560,6654.985840
9,0.946962,0.520086,7570.046387
10,0.944807,0.518918,7703.138672
11,0.975326,0.294273,8435.199219
12,0.906602,0.584328,8734.682617
13,0.943624,0.511981,9067.439453
14,0.945982,0.496905,9383.576172
15,0.014591,0.511501,9566.556641
16,0.023247,0.480355,9849.412109
17,0.969108,0.472422,10098.988281
18,0.960364,0.473339,10281.980469
19,0.957435,0.496965,10531.547852
20,0.838802,0.491778,11047.323242
21,0.816513,0.470211,11246.962891
22,0.826857,0.433405,11496.518555
23,0.784463,0.439726,11895.833984
24,0.764409,0.470192,12261.870117
25,0.740131,0.516286,12661.165039
26,0.733055,0.552239,12877.444336
27,0.730771,0.559048,13043.817383
28,0.675241,0.406282,13859.048828
29,0.661869,0.392840,14108.617188
30,0.603717,0.416957,14275.012695
31,0.582916,0.366237,14557.839844
32,0.586906,0.248542,15156.788086
33,0.601786,0.211542,15306.540039
34,0.532697,0.392213,15755.756836
35,0.541760,0.487557,15922.121094
36,0.556778,0.546484,16188.331055
37,0.556769,0.554931,16371.335938
38,0.604406,0.597461,16637.525391
39,0.551662,0.599499,16986.935547
40,0.553562,0.630117,17236.490234
41,0.533491,0.432841,17502.695312
42,0.442765,0.430285,17802.167969
43,0.511793,0.584439,18251.410156
44,0.395965,0.556513,18700.601562
45,0.410940,0.528033,19000.078125
46,0.322517,0.530567,19332.855469
47,0.297074,0.516410,19549.121094
48,0.282240,0.498777,19748.798828
49,0.278828,0.433328,20031.607422
50,0.347461,0.293132,20297.859375
51,0.246127,0.511613,20963.296875
52,0.232452,0.532191,21528.994141
53,0.226670,0.494366,21745.289062
54,0.241637,0.339190,22078.023438
55,0.245668,0.308804,22211.142578
56,0.308828,0.562249,22627.076172
57,0.304113,0.545846,22793.476562
58,0.321138,0.593343,23009.732422
59,0.326584,0.605807,23259.320312
60,0.298492,0.509417,23542.175781
61,0.293600,0.469014,23791.734375
62,0.288811,0.406761,24157.759766
63,0.286938,0.394889,24274.181641
64,0.174557,0.543400,24656.890625
65,0.158056,0.549477,24972.978516
0,0.824394,0.462359,948.326477
1,0.820276,0.425264,1114.681152
2,0.849326,0.421879,1314.352783
3,0.886498,0.426965,1580.575806
4,0.922446,0.436704,2129.621582
5,0.932739,0.475073,2828.357910
6,0.777897,0.513257,3643.607178
7,0.754095,0.499586,3843.281982
8,0.759749,0.503322,3943.097168
9,0.737720,0.508830,4425.546387
10,0.742019,0.508200,4608.606445
11,0.750792,0.513758,5091.082520
12,0.728963,0.532124,5373.906250
13,0.723476,0.545343,5556.919922
14,0.728703,0.554187,5972.847656
15,0.734547,0.556931,6089.326660
16,0.739300,0.556792,6255.698730
17,0.726350,0.554346,6405.518555
18,0.736264,0.555064,6821.418457
19,0.767804,0.513766,7154.128418
20,0.759870,0.513265,7287.322266
21,0.748508,0.503483,7503.529297
22,0.639010,0.337178,8019.315918
23,0.593107,0.400221,8218.894531
24,0.548942,0.548183,8651.484375
25,0.737211,0.541110,9500.052734
26,0.774404,0.572206,9849.477539
27,0.843662,0.472642,10381.889648
28,0.856425,0.415247,10648.038086
29,0.896345,0.426137,10831.028320
30,0.908053,0.430411,11097.194336
31,0.935782,0.439034,11396.716797
32,0.933247,0.433299,11679.518555
33,0.989327,0.457424,12361.680664
34,0.984484,0.355464,12644.597656
35,0.969633,0.411429,13060.554688
36,0.035832,0.505449,14075.388672
37,0.957327,0.478428,14308.266602
38,0.963300,0.478734,14557.849609
39,0.315309,0.536389,15672.594727
40,0.310489,0.529340,15772.380859
41,0.294659,0.522181,16238.223633
42,0.327697,0.510193,16471.212891
43,0.361951,0.539289,16870.457031
44,0.359183,0.539859,17036.832031
45,0.303381,0.540644,17203.320312
46,0.276884,0.511152,17369.677734
47,0.297079,0.535536,17752.242188
48,0.289217,0.508929,18085.099609
49,0.264882,0.502022,18417.744141
50,0.234864,0.512250,18750.503906
51,0.241745,0.482785,18983.460938
52,0.239269,0.407267,19216.423828
53,0.232182,0.371790,19349.482422
54,0.144762,0.382561,19582.443359
55,0.147636,0.378474,19665.554688
56,0.966094,0.496419,20430.902344
57,0.938255,0.491655,20796.931641
58,0.905263,0.491024,21063.138672
59,0.887235,0.447155,21345.996094
60,0.749069,0.502747,21845.105469
61,0.759034,0.492874,22061.416016
62,0.710653,0.522781,22344.234375
63,0.643483,0.526753,22893.265625
64,0.631923,0.504256,23159.476562
65,0.530566,0.558984,23858.253906
66,0.544678,0.546461,24290.824219
67,0.617278,0.392930,24723.433594
68,0.649475,0.406104,24972.968750
0,0.761088,0.423197,16.645105
1,0.798718,0.352113,399.240692
2,0.830534,0.338650,549.063843
3,0.845553,0.339532,731.991821
4,0.877338,0.353566,915.077271
5,0.897276,0.359932,1131.321533
6,0.909308,0.362107,1297.741211
7,0.925479,0.363557,1830.212158
8,0.876596,0.248906,2096.347656
9,0.873550,0.231696,2229.449707
10,0.802300,0.361944,2928.225098
11,0.781097,0.372956,3094.525635
12,0.784938,0.365131,3793.376709
13,0.756989,0.482971,4292.474609
14,0.766617,0.450511,4492.198730
15,0.729963,0.513497,4908.031250
16,0.715137,0.464191,5091.145020
17,0.729839,0.568172,5307.377441
18,0.939153,0.410618,5739.966797
19,0.968505,0.440340,5922.995605
20,0.985492,0.385026,6139.246582
21,0.939124,0.402621,6372.185059
22,0.726839,0.537817,7054.289551
23,0.937783,0.354367,7819.644531
24,0.926403,0.353861,8069.224609
25,0.965507,0.368219,8302.218750
26,0.987169,0.323005,8485.162109
27,0.965081,0.288428,8701.508789
28,0.914396,0.345911,8901.127930
29,0.932725,0.420594,9133.990234
30,0.965049,0.443561,9383.597656
31,0.984232,0.311232,9716.406250
32,0.011153,0.293336,9965.851562
33,0.049162,0.303591,10132.297852
34,0.069940,0.378191,10348.544922
35,0.074856,0.365972,10831.076172
36,0.074894,0.308832,11363.527344
37,0.056333,0.247839,11579.760742
38,0.998942,0.186510,11845.901367
39,0.040474,0.183430,12145.435547
40,0.913574,0.188444,12428.227539
41,0.971667,0.332476,12661.182617
42,0.987700,0.493451,12877.488281
43,0.990927,0.517075,13110.424805
44,0.937543,0.511816,13310.051758
45,0.859125,0.521109,13526.369141
46,0.830512,0.516918,13726.016602
47,0.767142,0.449655,14391.485352
48,0.716956,0.460748,14591.109375
49,0.727114,0.390950,14824.035156
50,0.745784,0.335374,15156.780273
51,0.594606,0.264893,15655.987305
52,0.565314,0.230454,15822.347656
53,0.584248,0.403758,16121.815430
54,0.562752,0.609422,16454.539062
55,0.545617,0.635899,16604.267578
56,0.607275,0.333849,16903.824219
57,0.543433,0.572436,17585.916016
58,0.495128,0.572651,17802.189453
59,0.556210,0.564709,18251.431641
60,0.451038,0.339361,18500.996094
61,0.436401,0.197784,18916.964844
62,0.335892,0.202885,19715.566406
63,0.318678,0.256974,19965.099609
64,0.289919,0.442883,20198.093750
65,0.281199,0.513908,20364.361328
66,0.306159,0.560604,20564.109375
67,0.361739,0.577457,20813.587891
68,0.398884,0.592691,20980.105469
69,0.304342,0.556567,21412.525391
70,0.280142,0.531030,21545.642578
71,0.276228,0.512411,21811.876953
72,0.245977,0.743684,22460.742188
73,0.222436,0.487217,22743.552734
74,0.151460,0.467138,23109.552734
75,0.257968,0.263738,23658.625000
76,0.259439,0.252852,23741.845703
0,0.751568,0.758072,415.933075
1,0.739300,0.490414,948.356201
2,0.757706,0.488586,1247.788208
3,0.758131,0.493455,1464.181641
4,0.865768,0.416112,2711.951416
5,0.895740,0.407732,2878.377930
6,0.898997,0.410850,3011.473633
7,0.903641,0.277577,3244.326172
8,0.885723,0.231420,3377.517578
9,0.848054,0.204406,3543.828613
10,0.769729,0.498546,4625.280273
11,0.839993,0.427557,5490.361816
12,0.885160,0.415414,5773.237305
13,0.928952,0.408989,5939.685547
14,0.937656,0.412501,6288.979492
15,0.939780,0.398922,6555.164551
16,0.922606,0.422008,6954.517578
17,0.933082,0.418800,7104.218750
18,0.826790,0.465946,7886.172363
19,0.850425,0.438678,8085.866211
20,0.965500,0.485896,8618.282227
21,0.066833,0.430757,9000.940430
22,0.949270,0.448989,9533.347656
23,0.954319,0.455159,9649.766602
24,0.035723,0.262362,10248.769531
25,0.088493,0.222151,10415.163086
26,0.227160,0.505629,11912.569336
27,0.216149,0.501169,12095.558594
28,0.244524,0.488544,12378.384766
29,0.306680,0.522641,12960.684570
30,0.307854,0.517169,13143.667969
31,0.298106,0.457931,13426.607422
32,0.425895,0.341002,13875.741211
33,0.506441,0.423152,14125.323242
34,0.566724,0.545064,14657.789062
35,0.514093,0.555811,15057.108398
36,0.610578,0.501601,15406.403320
37,0.442776,0.978076,16471.291016
38,0.632510,0.900386,17269.900391
39,0.350297,0.884706,17752.332031
40,0.907095,0.940353,18184.900391
41,0.732729,0.495229,19599.140625
42,0.749878,0.376069,20247.960938
43,0.929268,0.265828,21246.230469
44,0.912880,0.367439,21645.578125
45,0.956160,0.408992,22044.771484
46,0.942171,0.435963,22261.101562
47,0.920268,0.658359,23658.753906
48,0.923671,0.650381,23758.554688
49,0.913224,0.551036,24141.140625
50,0.939651,0.510330,24374.062500
51,0.955879,0.478838,24973.039062
0,0.814407,0.446414,382.784027
1,0.820949,0.409705,565.712891
2,0.901183,0.367373,1197.979736
3,0.897196,0.375826,1331.051514
4,0.904754,0.387931,1464.109253
5,0.900048,0.392861,1580.602051
6,0.923317,0.385397,1747.043701
7,0.844839,0.278049,2246.100830
8,0.846143,0.511673,2928.218994
9,0.782750,0.469026,3410.830811
10,0.819851,0.499090,3909.915039
11,0.651490,0.459887,4442.233887
12,0.579033,0.452879,4775.040527
13,0.586652,0.356059,4958.130859
14,0.424152,0.374467,5906.345703
15,0.434503,0.375414,6039.444336
16,0.511021,0.607432,6322.282227
17,0.566561,0.594184,6771.602051
18,0.647425,0.574447,7237.355957
19,0.634523,0.570135,7437.086914
20,0.740183,0.526233,7753.157715
21,0.800400,0.456911,7952.811523
22,0.042261,0.468190,9183.997070
23,0.071778,0.448045,9483.472656
24,0.053476,0.418999,9816.252930
25,0.122734,0.496764,10431.831055
26,0.054842,0.389108,10698.019531
27,0.052108,0.376636,10964.227539
28,0.061948,0.381986,11613.051758
29,0.065249,0.383374,11879.245117
30,0.963970,0.423365,12544.741211
31,0.941881,0.488704,12827.592773
32,0.928165,0.497393,13043.904297
33,0.930632,0.481975,13310.070312
34,0.849758,0.496843,13626.217773
35,0.885037,0.244240,14141.955078
36,0.066860,0.316601,15123.585938
37,0.228662,0.363325,16254.935547
38,0.133578,0.480914,16754.060547
39,0.951252,0.581137,17536.033203
40,0.712761,0.763008,18534.308594
41,0.686761,0.371336,19166.541016
42,0.744675,0.563915,19532.550781
43,0.821658,0.497656,20247.962891
44,0.835576,0.477481,20480.875000
45,0.766961,0.489234,20996.675781
46,0.802926,0.488008,21395.941406
47,0.769717,0.618461,21745.361328
48,0.734029,0.583868,22177.953125
49,0.737012,0.574458,22527.322266
50,0.752045,0.575959,23009.902344
51,0.783901,0.476246,23375.849609
0,0.731068,0.471655,183.073532
1,0.939854,0.403889,2146.352539
2,0.914704,0.439599,2662.124023
3,0.902243,0.445574,2845.127686
4,0.032708,0.366026,3510.598633
5,0.030331,0.355936,3677.054932
6,0.043933,0.332030,4126.195801
7,0.870591,0.273246,5157.707031
8,0.593603,0.388272,6056.212402
9,0.566396,0.379795,6189.281250
10,0.613074,0.508009,6904.677246
11,0.578584,0.595991,7170.909668
12,0.580711,0.583679,7304.037109
13,0.578386,0.584234,7420.420898
14,0.528777,0.535600,7603.443359
15,0.500667,0.594483,7819.724609
16,0.434749,0.404398,8368.766602
17,0.419133,0.452901,8568.435547
18,0.584885,0.296015,9050.923828
19,0.575704,0.294223,9150.720703
20,0.672005,0.193032,9333.750000
21,0.023219,0.422344,11180.528320
22,0.042514,0.356834,11729.563477
23,0.023850,0.374230,11895.916992
24,0.028158,0.382872,12078.944336
25,0.245861,0.311316,12544.818359
26,0.239592,0.302928,12711.162109
27,0.228536,0.502923,13276.844727
28,0.234256,0.503619,13393.309570
29,0.196444,0.494704,13825.888672
30,0.173154,0.789601,14424.855469
31,0.026964,0.883034,15090.347656
32,0.002535,0.864375,15240.086914
33,0.987122,0.656327,15905.616211
34,0.923159,0.694908,16221.708008
35,0.876512,0.718500,16421.375000
36,0.839279,0.767326,16621.000000
37,0.822767,0.807276,16887.208984
38,0.754172,0.716185,17086.857422
39,0.700138,0.705955,17452.904297
40,0.678774,0.692289,17652.550781
41,0.685200,0.720300,17968.679688
42,0.636904,0.862635,18401.224609
43,0.617721,0.902026,18550.990234
44,0.641929,0.923237,18750.648438
45,0.646694,0.902234,18867.083984
46,0.587427,0.437299,19216.460938
47,0.527962,0.458831,19515.962891
48,0.514831,0.468851,19698.964844
49,0.518635,0.472193,19832.066406
50,0.520718,0.487864,19998.447266
51,0.523931,0.496996,20181.462891
52,0.512372,0.480777,20331.185547
53,0.485701,0.499282,20547.523438
54,0.494921,0.380781,20980.062500
55,0.548759,0.384626,21262.917969
56,0.516166,0.389721,21512.453125
57,0.507783,0.346658,21728.740234
58,0.515100,0.336488,21845.222656
59,0.620017,0.233700,22078.150391
60,0.620338,0.237113,22460.792969
61,0.618577,0.256953,22627.197266
62,0.774035,0.279088,22910.037109
63,0.786359,0.288574,23142.943359
64,0.829485,0.312873,23375.884766
65,0.834161,0.329240,23575.521484
66,0.876899,0.330657,23741.904297
67,0.866457,0.422010,23991.453125
68,0.938105,0.343016,24357.486328
69,0.933959,0.337308,24457.339844
70,0.955702,0.405326,24673.607422
0,0.868823,0.375158,1314.327881
1,0.904655,0.410840,1730.252563
2,0.912123,0.406849,1880.011597
3,0.933377,0.394841,2196.100830
4,0.910263,0.346269,3111.146484
5,0.888811,0.287474,4126.044434
6,0.896258,0.322300,4375.627441
7,0.904966,0.382584,6704.913574
8,0.890882,0.130659,7070.863281
9,0.833047,0.118672,7237.254395
10,0.821197,0.108273,7353.720215
11,0.711311,0.413313,7936.126465
12,0.681980,0.461078,8168.972168
13,0.571405,0.211617,8618.211914
14,0.513520,0.604651,9283.688477
15,0.308472,0.838886,10464.951172
16,0.365840,0.973243,10964.110352
17,0.378602,0.597838,11296.845703
18,0.329070,0.424949,11712.760742
19,0.326169,0.443702,11845.872070
20,0.320427,0.476043,11995.616211
21,0.161177,0.504011,13027.141602
22,0.294781,0.181758,14008.774414
23,0.332097,0.196892,14241.684570
24,0.415248,0.333746,14591.113281
25,0.471550,0.372113,15239.954102
26,0.534143,0.272026,15755.712891
27,0.716051,0.274201,16637.496094
28,0.609733,0.151802,17136.625000
29,0.477426,0.057546,17951.861328
30,0.564071,0.141057,18384.429688
31,0.043166,0.514423,19698.812500
32,0.963313,0.481339,20347.701172
33,0.028958,0.123214,21146.283203
34,0.070870,0.487633,21728.613281
35,0.073490,0.500955,21845.066406
36,0.579375,0.576254,23908.142578
0,0.816579,0.373766,598.932007
1,0.861029,0.369985,998.249695
2,0.897828,0.379582,1164.608032
3,0.902351,0.376308,1464.112183
4,0.869715,0.265569,1697.054688
5,0.938455,0.464984,2196.231445
6,0.934791,0.393212,2495.684326
7,0.920004,0.372975,2795.155029
8,0.851851,0.480648,3161.173096
9,0.821958,0.391587,3344.221924
10,0.812174,0.362474,3560.455078
11,0.819672,0.348694,3660.344727
12,0.879733,0.359328,3859.900635
13,0.878061,0.245682,4142.833496
14,0.796552,0.462768,5041.189453
15,0.717403,0.475284,5440.506348
16,0.690767,0.413574,5706.666504
17,0.691167,0.405375,5839.779297
18,0.726247,0.525864,6305.645020
19,0.733912,0.527423,6521.974609
20,0.586854,0.547734,6954.555664
21,0.585212,0.550599,7054.354004
22,0.538993,0.534422,7337.156738
23,0.528149,0.492458,7536.848633
24,0.527003,0.487573,7669.969727
25,0.527852,0.492275,7819.698730
26,0.559381,0.472519,7986.017090
27,0.601960,0.444625,8235.667969
28,0.605239,0.365930,8435.273438
29,0.315880,0.449696,9383.667969
30,0.291102,0.448044,9599.867188
31,0.242532,0.434650,10148.996094
32,0.258366,0.423393,10731.262695
33,0.475526,0.409927,11696.222656
34,0.480200,0.316521,11862.594727
35,0.558021,0.431440,12195.362305
36,0.564393,0.518784,12744.379883
37,0.603870,0.440336,12944.049805
38,0.733491,0.509979,13426.540039
39,0.729478,0.509354,13609.524414
40,0.803041,0.386128,14324.972656
41,0.881509,0.502381,14824.073242
42,0.865264,0.457819,15123.549805
43,0.944891,0.490291,15339.887695
44,0.942659,0.455974,15589.423828
45,0.939524,0.437090,15972.079102
46,0.933602,0.411785,16105.170898
47,0.941068,0.410405,16704.140625
48,0.932757,0.452945,18018.523438
49,0.933082,0.432047,18417.806641
50,0.060372,0.389365,19449.345703
51,0.041471,0.413597,19682.259766
52,0.050350,0.410689,19948.470703
53,0.066086,0.384682,20081.576172
54,0.074405,0.364793,20680.541016
55,0.019521,0.401464,21296.134766
56,0.143150,0.447500,21645.503906
57,0.174974,0.581052,21944.990234
58,0.177324,0.577792,22044.796875
59,0.286467,0.407113,22577.234375
60,0.264053,0.234994,22943.226562
61,0.875987,0.308201,24324.150391
62,0.599539,0.308387,24973.025391
0,0.726292,0.438443,16.572243
1,0.775475,0.451184,299.412323
2,0.808409,0.395448,582.304626
3,0.823729,0.353294,815.214294
4,0.849058,0.360389,981.531616
5,0.829145,0.359461,1297.677124
6,0.842856,0.353052,1630.452026
7,0.853890,0.354678,1863.425659
8,0.847151,0.350583,2212.729492
9,0.870743,0.359631,2429.077637
10,0.886332,0.368764,2711.873047
11,0.894019,0.376480,2994.695557
12,0.915911,0.394004,3876.539062
13,0.907089,0.398619,4092.814941
14,0.906650,0.425983,4325.753906
15,0.918409,0.432123,4458.841309
16,0.927403,0.424289,4774.933594
17,0.916242,0.409017,5673.331543
18,0.921206,0.406413,6006.144531
19,0.910296,0.398875,6821.386230
20,0.980258,0.229963,7370.391602
21,0.869972,0.121375,8035.896484
22,0.964088,0.094497,8352.056641
23,0.069807,0.117683,8535.068359
24,0.066147,0.135016,8668.143555
25,0.067472,0.540336,9433.440430
26,0.071307,0.515960,9732.948242
27,0.065405,0.510871,9882.761719
28,0.060569,0.496142,9999.120117
29,0.047697,0.418921,10298.630859
30,0.046320,0.445406,10631.466797
31,0.179435,0.482327,11263.582031
32,0.308536,0.503274,12245.237305
33,0.306055,0.515678,12345.065430
34,0.314118,0.552010,12561.297852
35,0.264681,0.302794,13293.388672
36,0.189373,0.320897,13659.444336
37,0.176902,0.252352,13958.885742
38,0.027097,0.116823,14707.550781
39,0.960008,0.143656,15090.250000
40,0.967471,0.329436,15522.942383
41,0.905354,0.302177,15739.139648
42,0.871718,0.287481,16055.270508
43,0.811586,0.263874,16354.692383
44,0.813018,0.210458,16604.363281
45,0.854166,0.352159,16887.125000
46,0.849500,0.388984,17120.035156
47,0.657461,0.286539,17802.195312
48,0.614502,0.327690,18168.183594
49,0.569730,0.407768,18500.941406
50,0.537137,0.540244,18783.763672
51,0.504844,0.503578,19166.490234
52,0.562060,0.486355,19465.957031
53,0.593508,0.505798,19732.150391
54,0.758357,0.540119,20613.980469
55,0.771932,0.522512,20796.960938
56,0.863962,0.461508,21113.068359
57,0.837027,0.417487,21445.816406
58,0.835882,0.406552,21578.914062
59,0.854376,0.404376,21728.640625
60,0.874358,0.395322,22094.730469
61,0.887639,0.388654,22394.115234
62,0.897164,0.365992,22627.109375
63,0.919753,0.360377,23142.814453
64,0.036413,0.486647,23658.699219
65,0.060453,0.417022,23941.439453
66,0.052834,0.404165,24124.511719
67,0.053457,0.383759,24274.230469
0,0.740612,0.474189,482.501404
1,0.733298,0.420801,615.548279
2,0.870368,0.428684,1297.660522
3,0.901139,0.452031,1513.968628
4,0.921905,0.452877,1763.518555
5,0.879961,0.353287,2112.931396
6,0.883244,0.363936,2295.998291
7,0.745339,0.486042,2978.071289
8,0.747837,0.387111,3327.536377
9,0.759121,0.385895,3660.242188
10,0.747012,0.508344,4026.360596
11,0.716483,0.520787,4259.185059
12,0.774348,0.498213,4891.420898
13,0.791710,0.513862,5141.004395
14,0.751718,0.531805,5373.938965
15,0.818886,0.476996,5623.460449
16,0.897303,0.479403,5939.563477
17,0.959117,0.529728,6155.879883
18,0.959655,0.519517,6272.308105
19,0.970693,0.487682,6471.962891
20,0.983961,0.417889,6954.536133
21,0.984284,0.401088,7070.912598
22,0.995936,0.329577,7220.642578
23,0.059178,0.345620,7636.582031
24,0.985860,0.317322,8169.050781
25,0.921262,0.232837,8368.692383
26,0.913301,0.262071,8701.448242
27,0.978737,0.535932,9267.196289
28,0.040085,0.556468,9533.292969
29,0.050874,0.544951,10098.956055
30,0.930540,0.478974,10814.430664
31,0.940381,0.480566,11180.426758
32,0.107932,0.532099,11596.383789
33,0.159018,0.525206,11796.093750
34,0.178258,0.537530,12112.116211
35,0.167965,0.534331,12228.583008
36,0.178516,0.534160,12478.239258
37,0.047942,0.503624,13010.529297
38,0.033637,0.498632,13326.689453
39,0.300931,0.515073,14191.798828
40,0.292421,0.513853,14324.894531
41,0.323367,0.554840,14574.605469
42,0.247175,0.391322,15156.821289
43,0.216727,0.452288,15439.682617
44,0.247634,0.502156,15839.013672
45,0.304082,0.510608,16138.409180
46,0.342387,0.502260,16454.541016
47,0.343237,0.430572,16787.339844
48,0.359408,0.355591,17169.966797
49,0.390593,0.531841,17536.021484
50,0.295891,0.563638,17868.791016
51,0.275985,0.508535,18284.638672
52,0.275775,0.502457,18384.478516
53,0.004300,0.478595,19166.458984
54,0.948030,0.443572,19665.642578
55,0.958685,0.404130,19898.496094
56,0.975418,0.356997,20114.867188
57,0.978264,0.354795,20414.292969
58,0.895033,0.467502,20713.732422
59,0.745147,0.468327,21229.527344
60,0.754533,0.464073,21495.814453
61,0.733407,0.390428,21878.460938
62,0.667392,0.477559,22194.556641
63,0.716075,0.532743,22444.097656
64,0.722729,0.543439,22593.892578
65,0.768535,0.518474,22860.035156
66,0.757802,0.513369,23242.695312
67,0.817196,0.482344,23492.289062
68,0.824397,0.424550,23708.582031
69,0.856691,0.429033,23974.822266
70,0.878320,0.375280,24191.035156
71,0.881755,0.363445,24290.884766
72,0.887136,0.352610,24423.972656
73,0.916487,0.435336,24690.150391
74,0.934309,0.434089,24973.001953
0,0.771732,0.511206,366.097382
1,0.830340,0.449922,815.352722
2,0.851154,0.451590,1031.566528
3,0.887730,0.440580,1414.279053
4,0.898329,0.432073,1580.621094
5,0.902078,0.427647,1979.989136
6,0.932321,0.429822,2312.726562
7,0.924762,0.424919,2528.949951
8,0.930204,0.422326,2811.825684
9,0.927694,0.413955,3277.638184
10,0.970159,0.367858,3627.109863
11,0.948884,0.454460,4043.046875
12,0.937594,0.462150,4242.640625
13,0.765740,0.487792,5041.296875
14,0.688249,0.441852,5423.886230
15,0.616016,0.411343,5673.522461
16,0.593834,0.410178,5989.643555
17,0.590650,0.386834,6122.745605
18,0.595272,0.317443,6488.708496
19,0.616472,0.278435,6655.107910
20,0.485114,0.325213,7004.551758
21,0.499147,0.478111,7303.942383
22,0.532131,0.573854,7686.661621
23,0.423531,0.490701,8119.235840
24,0.409232,0.427011,8335.546875
25,0.344030,0.427638,8701.547852
26,0.309639,0.500786,9150.745117
27,0.280146,0.523710,9367.047852
28,0.266816,0.507758,9666.475586
29,0.236787,0.511182,9899.472656
30,0.218433,0.514546,10431.898438
31,0.155734,0.484204,10997.524414
32,0.294498,0.438520,11629.760742
33,0.311211,0.454900,11846.081055
34,0.289395,0.494456,12212.071289
35,0.379667,0.427144,12644.662109
36,0.400156,0.367748,12894.172852
37,0.433807,0.295719,13127.159180
38,0.457920,0.251656,13326.865234
39,0.461989,0.201035,13526.416992
40,0.890193,0.008701,14591.213867
41,0.217406,0.197871,14924.067383
42,0.231757,0.188028,15057.137695
43,0.263706,0.283017,15722.575195
44,0.370855,0.424991,15988.784180
45,0.476248,0.428963,16687.617188
46,0.547051,0.487581,16970.390625
47,0.542715,0.478333,17086.892578
48,0.566894,0.538422,17336.498047
49,0.550077,0.544026,17619.326172
50,0.561814,0.542584,18101.736328
51,0.618192,0.406862,18268.156250
52,0.604475,0.390271,18501.087891
53,0.757077,0.408669,19299.712891
54,0.778431,0.424747,19599.175781
55,0.778361,0.435000,19715.593750
56,0.811913,0.420506,19915.234375
57,0.836262,0.405690,20131.533203
58,0.825061,0.440226,20431.058594
59,0.845357,0.334857,20730.470703
60,0.869054,0.333811,20946.808594
61,0.878114,0.404980,21762.083984
62,0.875926,0.361012,22194.617188
63,0.941602,0.333810,22926.667969
64,0.871542,0.300558,23326.011719
65,0.826153,0.287024,23492.335938
66,0.826513,0.313252,24290.996094
67,0.820657,0.448136,24457.382812
0,0.754106,0.494437,332.830109
1,0.744225,0.471159,532.400391
2,0.775651,0.424507,881.811951
3,0.817390,0.411639,1048.177979
4,0.841118,0.354534,1414.245361
5,0.854206,0.360096,1747.033447
6,0.854374,0.369517,1863.392212
7,0.886355,0.373524,2212.850342
8,0.889506,0.375226,2379.186035
9,0.912015,0.391666,2895.043701
10,0.916500,0.396582,3044.672607
11,0.891390,0.373084,3793.398193
12,0.853273,0.343060,4226.013672
13,0.866943,0.331780,4492.151855
14,0.839747,0.319701,4675.201172
15,0.804898,0.298841,4958.065918
16,0.811770,0.308756,5806.512695
17,0.926255,0.447127,6172.588867
18,0.864121,0.474422,6355.543457
19,0.840962,0.447114,6571.959961
20,0.836266,0.414506,6771.504395
21,0.762327,0.377439,7304.004883
22,0.739426,0.369960,7570.139160
23,0.734539,0.375205,7686.565918
24,0.699342,0.392926,7886.254395
25,0.700819,0.517719,8302.249023
26,0.729743,0.540553,8768.054688
27,0.713983,0.536829,9001.033203
28,0.581057,0.548120,9566.612305
29,0.589166,0.558560,9716.388672
30,0.732423,0.568231,10032.461914
31,0.726951,0.560965,10148.995117
32,0.493041,0.541611,10947.585938
33,0.533291,0.584755,11263.651367
34,0.545284,0.474822,11579.784180
35,0.545024,0.412492,11762.803711
36,0.606046,0.389123,11979.069336
37,0.609941,0.379263,12128.858398
38,0.601880,0.336110,12428.317383
39,0.291852,0.525360,13093.775391
40,0.261921,0.528633,13393.274414
41,0.264517,0.483336,13709.408203
42,0.233323,0.503247,13875.774414
43,0.287588,0.352112,14275.131836
44,0.349579,0.262956,14458.081055
45,0.431349,0.297380,14857.406250
46,0.471684,0.304034,15040.441406
47,0.548632,0.377741,15439.730469
48,0.549586,0.386595,15556.189453
49,0.552424,0.530428,15888.937500
50,0.843600,0.464543,17319.810547
51,0.852195,0.474250,17502.787109
52,0.883273,0.395250,17818.859375
53,0.906562,0.391162,18051.898438
54,0.903466,0.263533,18517.687500
55,0.889812,0.241083,18734.021484
56,0.877373,0.237777,19050.046875
57,0.871861,0.235268,19166.537109
58,0.874551,0.231377,19382.826172
59,0.974315,0.442129,22011.585938
60,0.969037,0.376593,22261.166016
61,0.921084,0.415328,22610.525391
62,0.044843,0.430654,23508.955078
63,0.062259,0.405817,23708.646484
64,0.075128,0.396361,24191.072266
65,0.078857,0.391676,24507.283203
66,0.967473,0.344502,24723.486328
0,0.780384,0.443622,399.238800
1,0.846509,0.392563,615.603821
2,0.852179,0.363857,898.410767
3,0.882669,0.376117,1147.996216
4,0.943461,0.377078,1613.816772
5,0.932640,0.367785,1830.124634
6,0.954641,0.364169,2112.987061
7,0.938322,0.357826,2395.784424
8,0.953030,0.385706,2861.610840
9,0.947522,0.402694,3011.344727
10,0.949763,0.216902,3443.949707
11,0.825744,0.466882,3976.346191
12,0.860512,0.465911,4325.740723
13,0.798365,0.434393,4575.311035
14,0.825706,0.515175,5224.148438
15,0.725856,0.539081,5856.391602
16,0.721286,0.556958,6089.296387
17,0.723167,0.543033,6405.414062
18,0.766434,0.521992,6954.456543
19,0.669806,0.570508,9034.144531
20,0.771369,0.519237,9283.720703
21,0.806820,0.516636,9450.081055
22,0.810861,0.517268,9816.105469
23,0.814023,0.448481,10098.949219
24,0.867682,0.385881,10415.060547
25,0.890698,0.348988,10714.540039
26,0.913781,0.366852,10880.967773
27,0.940353,0.399628,11063.960938
28,0.014871,0.463023,11496.529297
29,0.012277,0.489898,11779.393555
30,0.099515,0.212897,12677.780273
31,0.196665,0.227115,13226.818359
32,0.319772,0.410116,15805.774414
33,0.336299,0.439990,16055.266602
34,0.154888,0.394952,17386.238281
35,0.269971,0.063017,18351.214844
36,0.224342,0.065788,18451.013672
37,0.181659,0.119529,18783.814453
38,0.534045,0.504534,20780.386719
39,0.529018,0.506021,20913.478516
40,0.482342,0.410173,21129.712891
41,0.440559,0.329167,21379.259766
42,0.262332,0.440875,22394.146484
43,0.240041,0.448524,22710.304688
44,0.243840,0.431966,22843.392578
45,0.977384,0.464028,23808.410156
46,0.041520,0.107013,24407.306641
47,0.680410,0.292335,24989.667969
0,0.760502,0.504147,316.213562
1,0.813106,0.444022,599.012024
2,0.842983,0.368425,798.628296
3,0.870888,0.343931,998.287720
4,0.907643,0.350841,1181.325317
5,0.910672,0.358485,1364.375000
6,0.932680,0.366163,1680.440796
7,0.933248,0.376294,1780.244385
8,0.867741,0.256232,1963.311401
9,0.860546,0.260659,2312.647949
10,0.054357,0.372895,3743.523926
11,0.056147,0.371301,3976.524658
12,0.285604,0.422667,4841.636719
13,0.289550,0.430684,5207.587402
14,0.737408,0.474743,7237.395996
15,0.730615,0.487792,7952.787598
16,0.764019,0.479622,8451.911133
17,0.772272,0.437229,8684.842773
18,0.512233,0.503924,9500.087891
19,0.509591,0.478257,9749.738281
20,0.548180,0.373223,9999.321289
21,0.467503,0.374639,10315.365234
22,0.459324,0.311563,10531.652344
23,0.586332,0.345713,11130.660156
24,0.577428,0.334505,11480.008789
25,0.331758,0.427202,12162.183594
26,0.326252,0.427274,12361.835938
27,0.321610,0.350973,12544.809570
28,0.313974,0.352952,12644.639648
29,0.312860,0.317641,12894.160156
30,0.321277,0.282903,13043.979492
31,0.448977,0.293633,13443.257812
32,0.445142,0.248070,13726.045898
33,0.492988,0.359735,14391.565430
34,0.707588,0.431250,15656.111328
35,0.672991,0.361113,15922.256836
36,0.753830,0.380946,16620.998047
37,0.780335,0.395852,17885.451172
38,0.795114,0.382645,19282.998047
39,0.899196,0.341823,20064.980469
40,0.931931,0.334098,20214.730469
41,0.926699,0.340357,20314.537109
42,0.900944,0.352848,20780.365234
43,0.892050,0.361298,20963.394531
44,0.899096,0.423073,21312.800781
45,0.897534,0.371885,21795.302734
46,0.888501,0.317612,22344.310547
47,0.884489,0.316151,22477.412109
48,0.912523,0.317892,22760.304688
49,0.912639,0.340581,22959.904297
50,0.912032,0.350926,23292.656250
51,0.924615,0.397697,23625.400391
52,0.921334,0.396851,24457.283203
0,0.752957,0.473623,316.181854
1,0.814605,0.423061,515.919861
2,0.821217,0.433735,698.910278
3,0.854487,0.434850,981.764160
4,0.894416,0.462377,1597.280029
5,0.902017,0.449373,1963.395996
6,0.892314,0.403756,2529.012207
7,0.923474,0.451614,2712.041748
8,0.893619,0.306682,3061.472900
9,0.949083,0.537924,3510.638672
10,0.944767,0.540528,4009.846680
11,0.010431,0.555297,4359.122559
12,0.934816,0.353673,4808.401855
13,0.984460,0.547179,5340.857422
14,0.017161,0.326915,5440.569824
15,0.078134,0.375686,5706.773926
16,0.066465,0.359340,6089.489258
17,0.069493,0.374676,6455.465332
18,0.071571,0.361325,6688.458496
19,0.067022,0.365081,6888.070312
20,0.067585,0.347929,7087.751953
21,0.069706,0.367864,7220.909180
22,0.209775,0.289804,7653.380859
23,0.261682,0.234828,8269.056641
24,0.253304,0.262761,8618.373047
25,0.249631,0.262682,8751.449219
26,0.030206,0.192890,9267.216797
27,0.022303,0.186225,9417.007812
28,0.995864,0.317238,9766.415039
29,0.956894,0.359480,9949.403320
30,0.001689,0.492723,10182.327148
31,0.122385,0.554136,10881.081055
32,0.282625,0.602994,11396.897461
33,0.299683,0.637126,11596.545898
34,0.300924,0.651670,11829.512695
35,0.308368,0.635750,12228.697266
36,0.311419,0.513694,12844.323242
37,0.316804,0.513433,13110.533203
38,0.313317,0.506254,13243.604492
39,0.370097,0.261210,14241.883789
40,0.385280,0.317421,14508.050781
41,0.485205,0.591679,14741.027344
42,0.577260,0.510032,15755.909180
43,0.611246,0.350874,16504.636719
44,0.724794,0.517836,17902.212891
45,0.725244,0.514974,18051.857422
46,0.719953,0.529912,18567.718750
47,0.723425,0.535531,18667.474609
48,0.750781,0.440957,19283.078125
49,0.719822,0.555188,19516.005859
50,0.719643,0.547641,19665.765625
51,0.718370,0.529905,20281.318359
52,0.714619,0.535574,20464.382812
53,0.299978,0.574840,21545.789062
54,0.310905,0.623667,21828.660156
55,0.322464,0.490479,22261.259766
56,0.299082,0.543063,22610.597656
57,0.228034,0.507337,23043.134766
58,0.318085,0.197517,23825.117188
59,0.401032,0.202156,23991.523438
60,0.482781,0.175974,24191.125000
61,0.500317,0.195016,24607.136719
62,0.438746,0.210321,24939.890625
0,0.749928,0.333058,16.661072
1,0.739494,0.504388,415.910980
2,0.773282,0.422908,665.545959
3,0.799707,0.374543,898.447998
4,0.797554,0.323811,1297.709351
5,0.802365,0.318300,1380.923218
6,0.837561,0.311258,1730.395996
7,0.863981,0.306825,2146.251953
8,0.872368,0.321771,2795.128418
9,0.822233,0.899330,3527.175537
10,0.024711,0.980122,3859.906006
11,0.854305,0.787448,4242.570801
12,0.985797,0.235855,5074.487305
13,0.061860,0.399170,5340.723633
14,0.052635,0.339527,5673.504395
15,0.045953,0.345454,5856.395508
16,0.053739,0.338237,6189.163574
17,0.051934,0.323384,6438.767578
18,0.015843,0.388240,6605.103516
19,0.983984,0.450701,7320.538086
20,0.964407,0.341336,8135.790039
21,0.923584,0.474340,8651.570312
22,0.953607,0.408677,8967.682617
23,0.948430,0.274035,9250.544922
24,0.832671,0.189810,9699.800781
25,0.877543,0.358294,10165.636719
26,0.815874,0.367311,10348.576172
27,0.921604,0.329459,10731.255859
28,0.912901,0.332655,10930.919922
29,0.923204,0.317336,11363.457031
30,0.744300,0.445552,11746.176758
31,0.747023,0.430271,11845.952148
32,0.755046,0.500210,12195.328125
33,0.705955,0.454714,12378.337891
34,0.705289,0.423482,12528.127930
35,0.756087,0.386299,12844.223633
36,0.550435,0.395449,13459.891602
37,0.551224,0.625243,13759.294922
38,0.280781,0.468106,15206.806641
39,0.231926,0.475844,15356.509766
40,0.057138,0.983090,16421.324219
41,0.890120,0.886741,17136.707031
42,0.062959,0.869781,17536.001953
43,0.018919,0.684164,18234.798828
44,0.997792,0.398144,18500.982422
45,0.986162,0.345958,18684.023438
46,0.936210,0.330959,18917.025391
47,0.934245,0.268450,19183.140625
48,0.053714,0.328119,19499.302734
49,0.049807,0.371125,19798.783203
50,0.044478,0.378681,19931.853516
51,0.052935,0.372475,20264.638672
52,0.209256,0.399132,20763.689453
53,0.250848,0.488860,21262.818359
54,0.150436,0.491283,21778.685547
55,0.154759,0.483800,22044.775391
56,0.196063,0.468535,22177.888672
57,0.295343,0.443880,22726.933594
58,0.289455,0.440253,22843.398438
59,0.288988,0.614870,23126.281250
60,0.335691,0.528090,23475.660156
61,0.423448,0.465489,23858.330078
62,0.421319,0.463683,23991.378906
63,0.417243,0.443135,24240.949219
64,0.452266,0.789179,24490.607422
0,0.903429,0.419935,1181.256592
1,0.795590,0.420968,1547.339844
2,0.790379,0.411928,1913.354980
3,0.831106,0.403024,2479.020264
4,0.952851,0.437250,2894.992188
5,0.936874,0.419994,3094.617920
6,0.993227,0.355293,3410.727051
7,0.847848,0.419728,3826.645508
8,0.910078,0.427631,4109.482422
9,0.928802,0.428369,4359.045410
10,0.870035,0.323440,4608.616211
11,0.548280,0.489271,6039.459473
12,0.501188,0.515013,6272.373535
13,0.485383,0.546246,6555.211914
14,0.416799,0.435693,6788.149414
15,0.425015,0.423880,6937.860840
16,0.724938,0.553136,7603.416992
17,0.734631,0.551906,7803.036133
18,0.769822,0.454575,8302.150391
19,0.287044,0.505626,9583.257812
20,0.229530,0.453414,10049.137695
21,0.225665,0.485346,10648.057617
22,0.115841,0.373605,11263.639648
23,0.312750,0.530997,11862.610352
24,0.309002,0.536805,11995.729492
25,0.304565,0.467685,12245.256836
26,0.387486,0.329591,12744.401367
27,0.423069,0.277848,13027.237305
28,0.603224,0.142538,13742.642578
29,0.520938,0.252521,14308.348633
30,0.550485,0.496038,14674.386719
31,0.552197,0.571245,14857.375977
32,0.600014,0.568025,15339.865234
33,0.051623,0.280201,16737.408203
34,0.061886,0.297399,16853.876953
35,0.056448,0.418734,17203.269531
36,0.064325,0.417304,17852.138672
37,0.149743,0.487031,18417.812500
38,0.138771,0.319093,18850.425781
39,0.174684,0.531383,19349.531250
40,0.953141,0.396111,19998.378906
41,0.003433,0.357216,20597.355469
42,0.869094,0.459790,21212.943359
43,0.973244,0.498174,21495.787109
44,0.924341,0.479008,21861.810547
45,0.926202,0.461732,22128.007812
46,0.874563,0.425690,22993.167969
47,0.822376,0.421805,23359.189453
48,0.806155,0.437870,23725.216797
49,0.764845,0.444220,24091.232422
50,0.793981,0.459563,24640.261719
51,0.725462,0.527827,24973.068359
0,0.746611,0.665192,66.564163
1,0.770096,0.459559,615.622559
2,0.825712,0.434564,1031.541992
3,0.824009,0.412058,1147.985596
4,0.845801,0.368124,1297.719238
5,0.872932,0.363352,1547.279785
6,0.886738,0.364273,1830.139160
7,0.876958,0.368538,2096.284912
8,0.894801,0.371378,2262.668457
9,0.974733,0.432861,2495.634521
10,0.991013,0.386543,2894.894287
11,0.038963,0.350638,3094.595215
12,0.029126,0.359267,3427.347656
13,0.036837,0.340066,3760.083252
14,0.030640,0.352149,3993.018066
15,0.028908,0.360868,4176.039551
16,0.034633,0.344714,4359.030273
17,0.532025,0.438401,5590.240234
18,0.461516,0.378630,5789.872070
19,0.436020,0.371884,6039.452148
20,0.346039,0.504237,6521.882812
21,0.305717,0.528414,6804.779785
22,0.306320,0.522058,6937.911133
23,0.281171,0.468003,7087.633301
24,0.247601,0.455009,7303.858398
25,0.232435,0.274484,7786.421875
26,0.237612,0.523833,8185.729004
27,0.171953,0.512383,8451.858398
28,0.296518,0.491425,9150.657227
29,0.330926,0.469648,9400.195312
30,0.384793,0.480546,9616.471680
31,0.590417,0.499426,10365.184570
32,0.625638,0.496698,10548.185547
33,0.760209,0.459219,11147.136719
34,0.805179,0.437059,11396.711914
35,0.840214,0.415481,11629.648438
36,0.908678,0.456505,12062.215820
37,0.970830,0.448823,12245.222656
38,0.015149,0.435805,12794.289062
39,0.223874,0.305138,14291.669922
40,0.165986,0.096461,14873.964844
41,0.491218,0.447308,17402.888672
42,0.482122,0.435349,17519.363281
43,0.527587,0.459651,17818.812500
44,0.525223,0.478497,18517.658203
45,0.539049,0.470718,18717.265625
46,0.520159,0.477233,19016.722656
47,0.575375,0.478411,19682.232422
48,0.540832,0.492186,19898.521484
49,0.544528,0.504329,20098.189453
50,0.504305,0.521540,20530.746094
51,0.554454,0.536870,21296.109375
52,0.587971,0.489623,21562.275391
53,0.696050,0.428779,22127.949219
54,0.713817,0.448249,22277.701172
55,0.268937,0.441316,23958.082031
56,0.015239,0.466030,24923.083984
0,0.697022,0.877253,99.795448
1,0.736154,0.773901,565.625061
2,0.738177,0.584062,765.304138
3,0.750833,0.479860,1014.821228
4,0.780731,0.480983,1264.501587
5,0.748450,0.459225,1480.751709
6,0.824223,0.535491,1946.588135
7,0.796769,0.570924,2246.051514
8,0.969904,0.524963,3194.416504
9,0.975878,0.491620,3493.852539
10,0.966297,0.423965,3809.933350
11,0.932322,0.391046,4042.866943
12,0.868017,0.311592,4259.179199
13,0.853464,0.226822,4658.500000
14,0.860099,0.210723,4974.600586
15,0.701608,0.263178,5373.901855
16,0.685036,0.313426,5556.872070
17,0.674671,0.371973,5839.758301
18,0.629450,0.418318,6205.833984
19,0.760470,0.518807,6854.633301
20,0.772870,0.508671,7037.637695
21,0.770487,0.515232,7436.923828
22,0.570967,0.549791,8268.815430
23,0.535536,0.541108,8501.794922
24,0.538576,0.558493,8734.705078
25,0.547938,0.577283,8934.372070
26,0.546273,0.576186,9200.607422
27,0.540881,0.580492,10082.331055
28,0.504018,0.569580,10614.753906
29,0.541313,0.557244,11413.400391
30,0.500437,0.519029,11995.648438
31,0.482708,0.562093,12411.586914
32,0.408912,0.536597,13226.879883
33,0.363013,0.519330,13725.948242
34,0.307050,0.506608,14075.411133
35,0.287338,0.508408,14374.832031
36,0.276667,0.481484,14641.042969
37,0.237238,0.466019,15206.714844
38,0.293234,0.506655,15572.751953
39,0.292298,0.481158,15772.370117
40,0.289610,0.467361,16221.576172
41,0.307961,0.508595,16787.250000
42,0.374855,0.484902,19266.302734
43,0.387418,0.486844,19415.988281
44,0.509835,0.549736,19798.673828
45,0.540946,0.565992,19998.320312
46,0.558211,0.570713,20131.429688
47,0.987133,0.507181,21728.617188
48,0.983745,0.501938,21895.003906
49,0.012974,0.473699,22078.019531
50,0.063160,0.483582,22344.208984
51,0.097874,0.514954,22660.337891
52,0.120281,0.518350,22943.164062
53,0.158335,0.519205,23192.724609
54,0.177467,0.512150,23475.558594
55,0.223447,0.522364,23725.195312
56,0.230224,0.511054,24124.437500
