Idx, longitude, latitude, start timestamp
0,0.742244,0.518782,232.995804
1,0.714440,0.503087,399.346466
2,0.698025,0.480267,615.596069
3,0.644994,0.775025,1297.720581
4,0.616608,0.729523,1730.310547
5,0.606762,0.698698,1996.577393
6,0.570009,0.624561,2412.435547
7,0.487985,0.832960,2662.095947
8,0.428243,0.875277,2978.299805
9,0.411832,0.925740,3227.688965
10,0.246542,0.941566,3493.934570
11,0.399712,0.660536,3976.433105
12,0.407184,0.577626,4142.777344
13,0.414493,0.550096,4375.713867
14,0.379810,0.595366,4758.375488
15,0.339997,0.642353,4991.371094
16,0.313399,0.604812,5240.990234
17,0.320347,0.506920,5457.178223
18,0.320561,0.474782,5690.121582
19,0.342799,0.405349,6289.020996
20,0.649261,0.266255,8684.864258
21,0.607861,0.287309,8951.100586
22,0.418087,0.461169,10415.172852
23,0.216031,0.451941,11945.757812
24,0.998951,0.532681,13925.637695
25,0.147348,0.518378,14907.269531
26,0.116136,0.472017,15855.566406
27,0.106307,0.485781,16155.132812
28,0.261026,0.438832,17136.679688
29,0.263322,0.417088,17552.666016
30,0.260824,0.356314,17802.195312
31,0.268365,0.345023,18035.166016
32,0.176948,0.230756,19016.787109
33,0.184440,0.236578,19299.660156
34,0.183837,0.246486,19499.248047
35,0.190347,0.237383,19732.109375
36,0.359880,0.500705,21429.203125
37,0.356711,0.512083,21695.345703
38,0.371171,0.516907,22028.070312
39,0.376786,0.519562,22427.455078
40,0.397398,0.513938,22993.068359
41,0.393182,0.530721,23675.292969
42,0.394596,0.531176,23874.929688
43,0.438060,0.567872,24374.044922
0,0.742122,0.777911,865.224060
1,0.745765,0.756843,1031.648804
2,0.863530,0.357461,1697.092896
3,0.746409,0.197446,2462.322510
4,0.612082,0.353623,3011.496094
5,0.500812,0.633914,3859.941406
6,0.479397,0.479058,4242.538086
7,0.505498,0.415249,4475.541016
8,0.534402,0.429891,4791.769043
9,0.902319,0.441511,6338.963379
10,0.954362,0.322061,6638.374023
11,0.007890,0.471464,6921.307617
12,0.043544,0.533409,7137.493164
13,0.028078,0.578962,7353.938965
14,0.091359,0.537393,7769.714355
15,0.004486,0.564555,8135.751465
16,0.103234,0.503466,8518.459961
17,0.153847,0.515521,8801.361328
18,0.177311,0.462981,9017.620117
19,0.180398,0.382258,9233.937500
20,0.119061,0.443534,9433.477539
21,0.090133,0.473756,9666.437500
22,0.896744,0.348595,10431.915039
23,0.863243,0.365197,11064.105469
24,0.734602,0.373927,11296.952148
25,0.729860,0.386802,11496.526367
26,0.731726,0.361465,11762.834961
27,0.747054,0.472575,12212.053711
28,0.733503,0.344015,12444.949219
29,0.735713,0.324906,12810.902344
30,0.723597,0.539494,13243.502930
31,0.756014,0.489423,13409.909180
32,0.655420,0.312666,13659.539062
33,0.636932,0.320511,13842.527344
34,0.696965,0.706933,14624.482422
35,0.639442,0.220629,15190.126953
36,0.615625,0.252009,15606.205078
37,0.614076,0.248027,15922.236328
38,0.363678,0.513307,16903.804688
39,0.353479,0.440560,17236.546875
40,0.356589,0.375168,17502.667969
41,0.406357,0.318825,17835.503906
42,0.406967,0.621480,18101.705078
43,0.361770,0.692079,18384.533203
44,0.730849,0.758690,19715.537109
45,0.826007,0.462454,20397.634766
46,0.796783,0.510803,20613.902344
47,0.833866,0.560655,20813.628906
48,0.842030,0.619561,21595.652344
49,0.786921,0.621789,22111.255859
50,0.803477,0.628168,22427.507812
51,0.784918,0.420488,23026.367188
52,0.789273,0.419516,23292.644531
53,0.746012,0.622216,23642.000000
54,0.755797,0.692714,23958.050781
55,0.740735,0.455563,24374.056641
0,0.725037,0.618512,99.677017
1,0.615752,0.603684,848.494568
2,0.560485,0.575440,1164.596191
3,0.498746,0.546477,1414.075317
4,0.501197,0.549034,1497.327148
5,0.468123,0.536952,1713.535278
6,0.438919,0.532070,1946.566895
7,0.411214,0.564056,2112.906738
8,0.378393,0.551117,2345.834229
9,0.659897,0.431031,3227.684814
10,0.658081,0.363118,3427.304932
11,0.654636,0.372537,3527.049072
12,0.683366,0.403597,3693.551514
13,0.703390,0.524799,3959.745605
14,0.702528,0.519831,4092.736328
15,0.722764,0.617712,4308.983398
16,0.779012,0.586247,4658.427734
17,0.789092,0.557126,4924.736328
18,0.822751,0.542011,5224.171387
19,0.861609,0.489718,5473.604004
20,0.857353,0.488168,5623.406738
21,0.813343,0.455823,5839.791504
22,0.793080,0.427521,6039.471191
23,0.748499,0.451222,6272.263184
24,0.715080,0.452481,6604.952148
25,0.661740,0.413746,6804.704590
26,0.644426,0.361813,7037.698242
27,0.643520,0.318675,7237.285156
28,0.664455,0.309727,7536.747559
29,0.664770,0.347554,7969.348633
30,0.698654,0.377253,8268.937500
31,0.724713,0.344147,8534.969727
32,0.773786,0.319114,8817.861328
33,0.793476,0.299037,9067.480469
34,0.818873,0.316686,9300.291016
35,0.846473,0.363724,9533.333984
36,0.866954,0.400954,9782.789062
37,0.880136,0.420138,9999.110352
38,0.904024,0.476740,10348.590820
39,0.896656,0.472611,10431.686523
40,0.826941,0.508806,10731.157227
41,0.715181,0.563689,11180.392578
42,0.641528,0.575161,11579.668945
43,0.642653,0.651979,11796.015625
44,0.661210,0.703478,12162.075195
45,0.676551,0.647223,12411.558594
46,0.703838,0.682595,12977.319336
47,0.167293,0.510097,14690.957031
48,0.233982,0.500134,15057.018555
49,0.253459,0.490255,15273.238281
50,0.277790,0.492708,15572.751953
51,0.308955,0.496787,15805.606445
52,0.338427,0.506699,16071.888672
53,0.370716,0.517169,16321.349609
54,0.403451,0.518562,16704.117188
55,0.451662,0.518280,16986.974609
56,0.391324,0.526676,17519.355469
57,0.385480,0.523337,17685.734375
58,0.388087,0.536191,17918.607422
59,0.397242,0.509638,18251.408203
60,0.394295,0.534698,19116.533203
61,0.250602,0.516551,19715.404297
62,0.109622,0.506348,20414.419922
63,0.065963,0.505285,20630.640625
64,0.864031,0.361960,21545.634766
65,0.722522,0.357676,22244.410156
66,0.683867,0.400273,22494.060547
67,0.627617,0.405212,22793.376953
68,0.616756,0.364862,22976.464844
69,0.587393,0.446777,23409.009766
70,0.573061,0.478223,23542.134766
71,0.550076,0.499640,23741.798828
0,0.779951,0.461488,416.031708
1,0.792595,0.544830,748.844299
2,0.800856,0.587104,1031.480957
3,0.837230,0.562482,1330.997559
4,0.887802,0.581976,1547.402100
5,0.920835,0.572034,1796.830811
6,0.932355,0.557815,2013.225586
7,0.001971,0.568721,2346.009033
8,0.017506,0.554724,2578.831299
9,0.009765,0.544418,3028.139404
10,0.958699,0.363271,3443.979736
11,0.952016,0.300986,3643.737305
12,0.914714,0.302709,3843.354980
13,0.828829,0.540553,4475.584473
14,0.802380,0.559473,4891.536133
15,0.805586,0.560939,4991.331543
16,0.727541,0.463569,5873.012207
17,0.735794,0.469132,6022.762207
18,0.740675,0.414903,6455.442871
19,0.739138,0.346602,6638.469727
20,0.732029,0.298972,6888.034180
21,0.742047,0.283658,7120.870117
22,0.734969,0.343891,7320.595703
23,0.707765,0.502920,7570.172852
24,0.647314,0.518290,7919.571777
25,0.635226,0.629371,8202.423828
26,0.645879,0.696750,8468.552734
27,0.669957,0.645337,8817.969727
28,0.598575,0.765821,9167.415039
29,0.605677,0.512087,9583.344727
30,0.602160,0.517841,10065.739258
31,0.584410,0.482370,10398.532227
32,0.501561,0.512448,10648.081055
33,0.452210,0.521267,11047.373047
34,0.414400,0.538201,11246.938477
35,0.388741,0.524687,12594.609375
36,0.390063,0.524571,12694.440430
37,0.387824,0.521477,12827.558594
38,0.386543,0.524761,13093.804688
39,0.349697,0.533071,13592.958008
40,0.281528,0.538414,14591.147461
41,0.245323,0.478775,15206.816406
42,0.248353,0.479143,15323.260742
43,0.250719,0.458537,15589.433594
44,0.234233,0.568594,16071.915039
45,0.230540,0.496481,16687.501953
46,0.106874,0.524079,18783.898438
47,0.051030,0.521645,19050.126953
48,0.996324,0.559415,19815.328125
49,0.989137,0.550712,20015.101562
50,0.096184,0.561167,20547.443359
51,0.105014,0.535912,20747.085938
52,0.117557,0.499057,20996.720703
53,0.087352,0.499741,21329.421875
54,0.150901,0.510691,21878.421875
55,0.157823,0.574819,22311.050781
56,0.139972,0.593285,22593.943359
57,0.124281,0.627695,22826.814453
58,0.214303,0.522437,23691.892578
59,0.245436,0.529282,24407.412109
60,0.242845,0.517956,24973.041016
0,0.766055,0.536173,16.584641
1,0.772390,0.786566,632.129822
2,0.665281,0.819060,865.047546
3,0.675345,0.811221,964.825500
4,0.631968,0.801354,1097.949585
5,0.679247,0.621647,1397.445435
6,0.473729,0.527976,1913.164917
7,0.463190,0.477260,2196.072510
8,0.361120,0.554826,3726.675049
9,0.401330,0.518577,3942.963135
10,0.408700,0.517811,4408.780273
11,0.403104,0.475878,5190.777344
12,0.402910,0.487890,5773.021973
13,0.398136,0.499587,5989.304199
14,0.395101,0.497913,6238.848633
15,0.366028,0.766429,6738.001465
16,0.485003,0.589532,7919.252930
17,0.513689,0.471818,8135.545410
18,0.678689,0.321370,9283.536133
19,0.622011,0.182322,10231.858398
20,0.825979,0.224095,10464.790039
21,0.774527,0.154613,11096.950195
22,0.849334,0.159461,11329.833008
23,0.104902,0.124401,14823.774414
24,0.209326,0.578113,15988.325195
25,0.075084,0.437248,17136.283203
26,0.978453,0.496564,17901.646484
27,0.623840,0.249811,21129.275391
28,0.614039,0.253707,21229.027344
0,0.809297,0.361443,698.762207
1,0.802326,0.341444,881.848572
2,0.751151,0.244433,1330.951294
3,0.704302,0.256282,1597.218506
4,0.703241,0.237923,1763.529297
5,0.678848,0.205819,1913.372314
6,0.594514,0.580175,2761.822754
7,0.427426,0.509654,3377.444580
8,0.408916,0.539108,3560.433350
9,0.485680,0.505784,3810.063721
10,0.570181,0.488005,4325.843262
11,0.888175,0.492908,5457.228027
12,0.938210,0.483725,5673.394531
13,0.970332,0.398101,5923.025879
14,0.052950,0.465330,6638.346191
15,0.083809,0.451742,6788.123047
16,0.084666,0.447517,6954.529785
17,0.116039,0.462635,7170.706055
18,0.288915,0.389816,8718.109375
19,0.249232,0.325314,9117.323242
20,0.912074,0.951044,10581.452148
21,0.958257,0.353082,11063.921875
22,0.489642,0.390592,12611.306641
23,0.487293,0.397379,12777.664062
24,0.933254,0.298430,15922.084961
25,0.795552,0.349931,18900.316406
26,0.729648,0.274063,19615.701172
27,0.821194,0.287080,20580.689453
28,0.668108,0.266490,24673.488281
0,0.753675,0.494898,332.752350
1,0.743907,0.680947,532.376892
2,0.776902,0.675413,732.095581
3,0.779038,0.754832,915.152893
4,0.800410,0.794608,1064.844727
5,0.674266,0.871026,1946.627197
6,0.725973,0.140842,3460.611572
7,0.748964,0.202326,3893.171875
8,0.955768,0.291304,4575.307617
9,0.970454,0.377067,4841.603516
10,0.929141,0.488738,5041.171387
11,0.035076,0.550564,5590.275391
12,0.070589,0.512221,6106.059570
13,0.008249,0.495473,6838.065918
14,0.212378,0.266774,11047.363281
15,0.234078,0.656756,12528.093750
16,0.232727,0.733805,12727.835938
17,0.651922,0.808257,16221.638672
18,0.747141,0.446762,17353.001953
19,0.734881,0.389703,18018.498047
20,0.839485,0.483269,19266.417969
21,0.827034,0.479491,19465.958984
22,0.704480,0.904458,21728.679688
23,0.750924,0.919297,21978.355469
24,0.687225,0.891742,22261.046875
0,0.767500,0.541099,465.874634
1,0.734144,0.657572,748.651978
2,0.750001,0.747003,1181.289551
3,0.713834,0.718244,1364.286743
4,0.671653,0.672953,1613.899536
5,0.638849,0.630566,1946.709229
6,0.570814,0.552520,2345.864502
7,0.441003,0.509649,3077.954590
8,0.401005,0.509723,3244.384766
9,0.361204,0.523555,3527.142822
10,0.342642,0.493156,3760.119385
11,0.331968,0.480999,3992.977539
12,0.386795,0.486462,4225.858887
13,0.434887,0.405688,4458.850586
14,0.911243,0.289404,5956.146484
15,0.972282,0.304531,6172.559570
16,0.172295,0.507867,6987.816895
17,0.357665,0.506257,8485.137695
18,0.361318,0.506388,8734.758789
19,0.361052,0.504719,10248.733398
20,0.365450,0.504298,10448.316406
21,0.406430,0.478425,10964.080078
22,0.075825,0.516252,12910.708008
23,0.961824,0.535953,13692.657227
24,0.967475,0.533837,13892.306641
25,0.007454,0.533038,14191.769531
26,0.005213,0.517200,15423.041016
27,0.020921,0.499692,16071.854492
28,0.106183,0.429194,17269.714844
29,0.184230,0.505605,18051.681641
30,0.248490,0.485954,18750.453125
31,0.247712,0.487842,18983.466797
32,0.282271,0.496179,19515.773438
33,0.298370,0.486735,19715.421875
34,0.266263,0.493659,19998.318359
0,0.783267,0.534733,349.356201
1,0.865789,0.706281,948.265930
2,0.925975,0.791592,1181.247803
3,0.917486,0.483800,2312.546631
4,0.657911,0.350969,3344.177002
5,0.029927,0.467405,6488.608887
6,0.202152,0.824287,7703.092285
7,0.155675,0.853195,7952.706543
8,0.514275,0.998197,8884.455078
9,0.218184,0.495382,11596.428711
10,0.175278,0.500485,11845.898438
11,0.242625,0.388219,12627.881836
12,0.061082,0.096693,14042.083984
13,0.166411,0.461887,17935.310547
14,0.815453,0.360003,20563.970703
15,0.475806,0.487564,24024.589844
16,0.531266,0.429450,24473.816406
0,0.756933,0.488968,449.188507
1,0.823108,0.351102,848.534424
2,0.852502,0.330211,1097.972656
3,0.886587,0.335037,1280.970825
4,0.922665,0.292988,1497.382446
5,0.967215,0.354592,1780.300659
6,0.009503,0.516578,2262.786377
7,0.046346,0.504599,2595.550781
8,0.069491,0.551735,2911.631836
9,0.109106,0.547729,3127.869873
10,0.136783,0.543652,3294.291016
11,0.194687,0.525710,3527.047852
12,0.205501,0.520878,3660.202393
13,0.211794,0.513912,3776.680420
14,0.262693,0.561326,4076.170654
15,0.240634,0.588710,4359.076660
16,0.199490,0.577661,4591.943848
17,0.259250,0.517850,4941.324707
18,0.252615,0.488100,5074.437500
19,0.265748,0.433491,5373.949219
20,0.259985,0.408545,5889.693359
21,0.262731,0.384984,6072.687012
22,0.274094,0.379995,6288.994629
23,0.304296,0.368513,6538.521484
24,0.276943,0.510797,6904.552246
25,0.280320,0.550287,7486.906738
26,0.270081,0.562340,7753.138672
27,0.353106,0.531265,10664.627930
28,0.203062,0.520899,11446.533203
29,0.208532,0.521944,11529.846680
30,0.197714,0.531970,11662.853516
31,0.094141,0.579464,12195.298828
32,0.044759,0.570699,12361.686523
33,0.031903,0.549887,12544.680664
34,0.073008,0.481824,12860.802734
35,0.107832,0.487750,13077.010742
36,0.118200,0.445435,13393.124023
37,0.241105,0.483593,13759.282227
38,0.254879,0.526030,13925.672852
39,0.283275,0.507962,14141.855469
40,0.294605,0.489104,14275.101562
41,0.307859,0.483269,14474.622070
42,0.264099,0.485174,14690.883789
43,0.289606,0.531738,14990.373047
44,0.280976,0.572914,15289.878906
45,0.275540,0.560078,15506.155273
46,0.228390,0.583986,15705.872070
47,0.201161,0.575098,15872.251953
48,0.236409,0.551146,16005.225586
49,0.337890,0.499570,16188.472656
50,0.369708,0.516133,16437.865234
51,0.382292,0.537912,16637.498047
52,0.400433,0.599341,16870.488281
53,0.398127,0.608400,17036.871094
54,0.402430,0.638146,17186.554688
55,0.434024,0.671304,17486.105469
56,0.435301,0.685804,17635.740234
57,0.482533,0.721073,17835.539062
58,0.492345,0.766932,18051.683594
59,0.422149,0.843778,18367.785156
60,0.456063,0.869077,18567.449219
61,0.649754,0.760076,18850.312500
62,0.640129,0.808405,19066.603516
63,0.633281,0.804356,19199.730469
64,0.664455,0.637848,19532.390625
65,0.592986,0.585070,19782.095703
66,0.533100,0.549626,19981.640625
67,0.346380,0.522534,20979.873047
68,0.261303,0.475378,21296.054688
69,0.258726,0.474990,21395.974609
70,0.256863,0.464427,21595.537109
71,0.298086,0.522118,22144.488281
72,0.222829,0.600017,22510.652344
73,0.211191,0.582642,24989.566406
0,0.759401,0.445146,49.899235
1,0.813746,0.448482,316.173553
2,0.814895,0.298474,865.222290
3,0.756933,0.303787,1314.350342
4,0.709334,0.336782,1530.700806
5,0.672216,0.364430,1713.649536
6,0.779625,0.303549,2462.364746
7,0.619519,0.433871,3626.987549
8,0.607879,0.479767,3876.538330
9,0.608925,0.479341,4026.329590
10,0.607550,0.451411,4309.208008
11,0.628085,0.385362,4974.658691
12,0.669492,0.364613,6455.419922
13,0.699554,0.372720,6771.500977
14,0.725640,0.371733,7021.048340
15,0.766996,0.367303,7220.696777
16,0.836072,0.288338,7769.749512
17,0.827899,0.419323,8585.003906
18,0.951648,0.199045,9400.276367
19,0.994833,0.289348,9583.247070
20,0.010440,0.402235,9799.578125
21,0.013239,0.497716,9965.930664
22,0.082841,0.492295,10448.443359
23,0.128374,0.443419,10814.451172
24,0.199780,0.416340,11413.415039
25,0.234410,0.500201,11596.447266
26,0.264564,0.413754,12029.060547
27,0.268848,0.391103,12178.704102
28,0.277633,0.545904,12711.118164
29,0.231780,0.534441,13077.145508
30,0.147027,0.427085,13709.391602
31,0.014963,0.416187,14840.785156
32,0.975199,0.439534,15023.740234
33,0.965431,0.564006,15356.501953
34,0.967219,0.579347,15655.973633
35,0.959752,0.653994,15838.990234
36,0.986709,0.718973,16021.996094
37,0.988477,0.702275,16105.206055
38,0.008219,0.766822,16321.474609
39,0.045181,0.861793,16654.251953
40,0.130580,0.897854,16870.541016
41,0.138742,0.902859,17136.734375
42,0.162138,0.906970,17269.857422
43,0.187091,0.918135,17452.861328
44,0.160217,0.921757,17585.968750
45,0.162777,0.917445,17885.521484
46,0.183963,0.925968,18001.964844
47,0.208602,0.906384,18234.824219
48,0.280493,0.870144,18750.566406
49,0.269176,0.884958,18900.294922
50,0.295231,0.865696,19149.968750
51,0.266041,0.835583,19349.595703
52,0.295366,0.847804,19482.656250
53,0.279514,0.843791,19815.417969
54,0.958365,0.644000,20447.601562
55,0.983100,0.744639,20713.804688
56,0.991065,0.773253,20930.095703
57,0.963807,0.568320,21129.724609
58,0.954570,0.622731,21628.919922
59,0.909869,0.658077,22044.875000
60,0.132440,0.835132,22577.269531
61,0.169118,0.844970,22826.794922
62,0.221764,0.844371,23176.214844
63,0.208063,0.808318,23508.980469
64,0.230862,0.822632,24241.041016
65,0.222641,0.820815,24374.146484
66,0.189514,0.729948,24790.027344
0,0.751399,0.508131,16.610060
1,0.749223,0.429336,282.727448
2,0.685558,0.341075,682.138489
3,0.631651,0.596654,1297.754517
4,0.599996,0.640136,1563.816650
5,0.549529,0.642737,1796.801636
6,0.477486,0.523386,2179.502197
7,0.456432,0.503948,2395.790283
8,0.400761,0.492999,2894.914551
9,0.402199,0.580801,3194.303223
10,0.418272,0.668497,3493.783691
11,0.322986,0.572997,3976.282227
12,0.302978,0.575911,4209.268066
13,0.387727,0.460307,4475.387695
14,0.396019,0.474593,4691.775391
15,0.686601,0.339461,5806.560547
16,0.705209,0.217112,6072.637207
17,0.665089,0.144458,6255.680664
18,0.915347,0.259110,7886.070312
19,0.983126,0.202240,8368.624023
20,0.043885,0.473967,9583.166992
21,0.082169,0.454762,10065.649414
22,0.124610,0.477593,10598.060547
23,0.295474,0.445070,12511.367188
24,0.295777,0.425142,12761.000977
25,0.328363,0.489042,13043.769531
26,0.303933,0.578279,14208.332031
27,0.315038,0.486739,15239.977539
28,0.020824,0.374890,16887.050781
29,0.689610,0.605143,18916.917969
30,0.514627,0.504808,20630.470703
31,0.493139,0.431622,21079.740234
32,0.480303,0.446600,21578.884766
33,0.907812,0.327068,23791.658203
34,0.865716,0.236476,24573.556641
35,0.866590,0.199321,24773.298828
0,0.792437,0.605358,16.684504
1,0.855794,0.637250,615.658936
2,0.835467,0.577304,831.849243
3,0.815993,0.462278,1014.983826
4,0.797967,0.389429,1164.623657
5,0.710968,0.447468,1430.858887
6,0.748099,0.417613,1730.345215
7,0.591743,0.510385,2412.437744
8,0.599680,0.577413,2695.342529
9,0.676312,0.709907,2944.858154
10,0.400128,0.523989,7586.741699
11,0.379056,0.780945,8535.113281
12,0.329219,0.822195,8784.698242
13,0.165881,0.437599,10082.495117
14,0.131688,0.416727,10331.969727
15,0.273047,0.561780,12095.511719
16,0.250340,0.480247,12810.875977
17,0.424361,0.610903,14208.535156
18,0.385677,0.648781,14458.121094
19,0.394192,0.616482,14790.837891
20,0.420601,0.679698,15007.154297
21,0.436644,0.652277,15289.955078
22,0.363463,0.620238,16021.947266
23,0.197844,0.433244,17253.232422
24,0.158411,0.397181,17652.429688
25,0.141110,0.406758,17935.287109
26,0.085464,0.399524,18434.416016
27,0.069998,0.399664,19133.134766
28,0.281009,0.555028,19915.123047
29,0.709659,0.613084,22610.490234
30,0.716612,0.248799,23824.947266
31,0.728985,0.347105,24390.703125
0,0.743290,0.545386,349.275970
1,0.737257,0.625640,548.956299
2,0.751562,0.754011,848.426086
3,0.747069,0.832377,1064.650757
4,0.764741,0.886166,1347.548584
5,0.455472,0.820766,2462.286621
6,0.434047,0.531855,3460.500732
7,0.514932,0.497204,4159.333496
8,0.527137,0.490067,4408.853516
9,0.738105,0.330964,6155.851074
10,0.778561,0.544021,6638.331543
11,0.798904,0.567793,6871.203125
12,0.861130,0.602839,7619.909668
13,0.869650,0.586753,7819.513672
14,0.909342,0.502697,8119.057617
15,0.961009,0.303473,8834.376953
16,0.011850,0.521229,10298.470703
17,0.005749,0.523533,10548.159180
18,0.082980,0.605163,10847.603516
19,0.086669,0.606164,11047.251953
20,0.110305,0.743844,11546.335938
21,0.164108,0.595251,12062.120117
22,0.172915,0.569544,12278.471680
23,0.173637,0.481046,12527.984375
24,0.131071,0.462358,12760.963867
25,0.075121,0.478287,13326.543945
26,0.110291,0.478632,13559.563477
27,0.136394,0.493695,14025.276367
28,0.164648,0.497864,14274.935547
29,0.174138,0.492881,14574.446289
30,0.394383,0.513632,16820.556641
31,0.420614,0.504524,17020.113281
32,0.245079,0.446512,17768.826172
33,0.421591,0.494952,18750.478516
34,0.374241,0.367773,19532.326172
35,0.091388,0.490816,21695.269531
36,0.072360,0.498003,21994.792969
37,0.112713,0.502111,22543.773438
38,0.130679,0.506265,23225.919922
39,0.133096,0.501234,23408.894531
40,0.152565,0.490557,24157.634766
41,0.161047,0.492914,24440.546875
0,0.767164,0.482073,349.455292
1,0.796521,0.536611,515.853577
2,0.766056,0.619318,898.467957
3,0.708421,0.523434,1480.784790
4,0.685528,0.486146,1663.813354
5,0.689250,0.420919,1913.353882
6,0.702351,0.373510,2113.015381
7,0.713962,0.326134,2329.347656
8,0.718893,0.260495,2578.878662
9,0.722406,0.235644,2761.901367
10,0.626733,0.264469,3127.888672
11,0.616375,0.265513,3310.910156
12,0.632297,0.262977,3627.069580
13,0.691446,0.302753,3943.165283
14,0.685802,0.300171,4242.612305
15,0.702464,0.301216,4392.341797
16,0.743808,0.291427,4575.369141
17,0.754567,0.256155,4791.665527
18,0.792534,0.235192,5190.978027
19,0.866423,0.283891,5407.265137
20,0.874466,0.286968,5557.013184
21,0.865657,0.321978,5823.207031
22,0.859560,0.364187,6089.391602
23,0.820393,0.438681,6272.412598
24,0.817778,0.495628,6738.248047
25,0.925515,0.418955,7254.012207
26,0.959886,0.416740,7653.322754
27,0.942997,0.481649,8102.550293
28,0.959342,0.528355,8302.178711
29,0.992375,0.511976,8551.777344
30,0.980181,0.376551,8817.988281
31,0.959839,0.382705,9134.075195
32,0.937033,0.383003,9333.698242
33,0.928184,0.392045,9649.896484
34,0.924359,0.399312,9916.036133
35,0.912038,0.450663,10315.349609
36,0.951923,0.397757,10731.287109
37,0.918025,0.367432,11014.113281
38,0.949991,0.384554,11829.378906
39,0.960499,0.497711,12378.402344
40,0.967647,0.529303,12611.343750
41,0.989993,0.516724,12927.441406
42,0.022730,0.509144,13409.958008
43,0.991387,0.366366,13659.497070
44,0.979348,0.334736,13842.535156
45,0.966179,0.332869,14175.256836
46,0.954302,0.332144,14374.926758
47,0.053230,0.399800,14691.047852
48,0.952248,0.372494,14957.229492
49,0.946682,0.391796,15190.147461
50,0.960228,0.398635,16188.422852
51,0.969155,0.464585,16554.439453
52,0.961688,0.458407,16787.380859
53,0.966573,0.499859,17353.031250
54,0.019604,0.548606,17702.453125
55,0.034024,0.498427,18201.560547
56,0.081442,0.474742,18567.605469
57,0.103256,0.460754,18767.234375
58,0.169734,0.487662,19099.974609
59,0.208814,0.488387,19565.841797
60,0.234671,0.482413,19782.128906
61,0.244440,0.500953,20098.232422
62,0.301425,0.571494,20281.257812
63,0.296195,0.598697,20497.527344
64,0.272857,0.632488,20747.121094
65,0.213425,0.611056,20980.031250
66,0.170766,0.581894,21296.148438
67,0.083833,0.546153,21745.396484
68,0.072923,0.478400,22028.203125
69,0.014279,0.463476,22294.394531
70,0.946307,0.452949,22677.066406
71,0.956041,0.425072,22909.994141
72,0.973128,0.410610,23076.384766
73,0.949647,0.424435,23342.570312
74,0.910780,0.423230,23642.031250
75,0.862974,0.435478,24224.371094
76,0.805674,0.452552,24390.742188
0,0.742850,0.504270,83.220581
1,0.770733,0.507117,332.845581
2,0.758095,0.458646,565.693970
3,0.742492,0.476474,865.135559
4,0.728627,0.487248,1397.583618
5,0.732914,0.465841,1630.517700
6,0.709451,0.489703,1813.581665
7,0.659166,0.483852,2562.249756
8,0.602467,0.508927,2811.771484
9,0.370641,0.525223,3660.261719
10,0.328183,0.566061,3859.890137
11,0.335893,0.565013,4009.737061
12,0.288438,0.580702,4325.751953
13,0.381745,0.706559,4958.003418
14,0.410333,0.594242,5257.497559
15,0.410369,0.531943,5889.791504
16,0.472759,0.524715,6305.656250
17,0.682345,0.498542,7287.247559
18,0.755133,0.469104,7669.908203
19,0.795769,0.470896,8152.397949
20,0.789050,0.491830,8252.250977
21,0.835584,0.529875,8584.980469
22,0.873880,0.484493,8901.092773
23,0.886850,0.503195,9400.292969
24,0.960242,0.522620,9716.328125
25,0.978705,0.505808,10049.186523
26,0.038618,0.481512,10781.179688
27,0.065095,0.435089,10997.418945
28,0.058586,0.400423,11180.458008
29,0.135533,0.539487,11829.328125
30,0.204236,0.474872,12012.368164
31,0.235426,0.439955,12378.369141
32,0.233538,0.450645,12511.461914
33,0.251019,0.488544,12694.464844
34,0.256572,0.498515,12960.707031
35,0.203421,0.513663,13360.051758
36,0.118256,0.594007,13825.841797
37,0.037338,0.640611,14474.670898
38,0.943765,0.525906,15023.823242
39,0.952985,0.518593,15123.586914
40,0.030773,0.501636,15373.194336
41,0.017497,0.488651,15622.664062
42,0.846634,0.535146,16254.972656
43,0.807205,0.541400,16720.781250
44,0.726529,0.510652,16970.337891
45,0.654791,0.523164,17236.597656
46,0.664926,0.511939,17452.865234
47,0.653913,0.520721,17669.210938
48,0.612076,0.521016,17918.673828
49,0.507543,0.589291,18567.583984
50,0.488512,0.641874,18833.732422
51,0.693999,0.511885,19565.765625
52,0.682073,0.513735,19682.300781
53,0.672213,0.516123,20314.476562
54,0.677716,0.491874,20597.363281
55,0.707276,0.456595,21146.380859
56,0.716346,0.372124,21578.927734
57,0.717113,0.365486,21712.035156
58,0.717212,0.320260,21944.972656
59,0.703721,0.357305,22078.048828
60,0.730143,0.500585,22693.759766
61,0.724191,0.501671,23425.761719
62,0.701903,0.294014,24141.128906
63,0.704940,0.305118,24307.531250
64,0.741915,0.277619,24557.093750
0,0.763803,0.528275,349.416260
1,0.748540,0.628099,748.723328
2,0.737504,0.590298,915.084656
3,0.729517,0.583974,1380.941528
4,0.724269,0.590018,1580.657349
5,0.705087,0.688807,1813.526489
6,0.672593,0.696663,1996.602295
7,0.608861,0.554875,2229.534912
8,0.568223,0.542205,2528.948242
9,0.514713,0.580323,2795.104980
10,0.459863,0.606840,3094.622070
11,0.434988,0.581857,3360.772949
12,0.460944,0.513445,3660.291504
13,0.637662,0.302879,4458.939453
14,0.738137,0.243871,4858.157227
15,0.782318,0.262123,5074.499023
16,0.669957,0.233939,5340.738281
17,0.625621,0.227022,5507.025391
18,0.744049,0.299669,5806.614258
19,0.930779,0.297886,6438.735840
20,0.980860,0.305658,6655.066895
21,0.974887,0.309013,7104.228027
22,0.138197,0.495291,8302.228516
23,0.262585,0.519153,9067.491211
24,0.262141,0.529206,9167.353516
25,0.258099,0.573115,9383.648438
26,0.239271,0.597092,9599.887695
27,0.252138,0.614145,9932.627930
28,0.244952,0.776625,10714.652344
29,0.213917,0.562388,11047.352539
30,0.170093,0.509750,11330.191406
31,0.165330,0.486864,11596.408203
32,0.115025,0.475616,11812.706055
33,0.082238,0.478055,12012.347656
34,0.099378,0.479650,12328.443359
35,0.912506,0.407957,13243.513672
36,0.935530,0.390104,13543.006836
37,0.981865,0.431994,13759.283203
38,0.980614,0.489595,13992.207031
39,0.983247,0.483170,14141.950195
40,0.002666,0.468773,14507.973633
41,0.033268,0.473367,14674.369141
42,0.034737,0.460864,14890.645508
43,0.034012,0.489172,15156.861328
44,0.949516,0.502700,15772.436523
45,0.881429,0.567491,16188.382812
46,0.731377,0.482072,17136.712891
47,0.778949,0.461795,17436.179688
48,0.796061,0.421033,17619.234375
49,0.797352,0.433335,17835.521484
50,0.511258,0.485662,18850.388672
51,0.514957,0.513022,19099.939453
52,0.522364,0.540798,19233.056641
53,0.785096,0.718754,20114.847656
54,0.772399,0.702964,20264.611328
55,0.828930,0.640923,20697.162109
56,0.975813,0.685647,21445.843750
57,0.328052,0.550951,23409.078125
58,0.348352,0.487321,23658.662109
59,0.384283,0.491556,23924.871094
60,0.369318,0.529976,24240.998047
61,0.368039,0.533384,24590.357422
62,0.296921,0.517956,24823.292969
63,0.260032,0.501019,24989.654297
0,0.740415,0.570413,715.448547
1,0.794010,0.566579,881.823669
2,0.819920,0.608850,1364.331665
3,0.868335,0.601054,1663.771851
4,0.913180,0.555462,1996.506470
5,0.182287,0.555803,3227.736816
6,0.219587,0.569650,3427.413086
7,0.258204,0.580785,3843.326904
8,0.208503,0.662777,4159.452637
9,0.108846,0.724517,4375.724121
10,0.513219,0.554032,6838.055664
11,0.545083,0.651700,7071.054199
12,0.629297,0.720347,7320.604980
13,0.678920,0.677620,7536.869629
14,0.746292,0.618350,8036.050293
15,0.809006,0.625224,8202.321289
16,0.868271,0.626610,8451.889648
17,0.900805,0.596140,8718.103516
18,0.937523,0.572848,9017.603516
19,0.892631,0.449486,9367.008789
20,0.977729,0.516218,9683.099609
21,0.368004,0.576955,11063.992188
22,0.399128,0.598720,11313.614258
23,0.404601,0.673036,11563.110352
24,0.353135,0.700520,11746.143555
25,0.299223,0.689672,11962.431641
26,0.284346,0.534802,12212.009766
27,0.249653,0.514376,12411.658203
28,0.247681,0.411401,12711.150391
29,0.276502,0.407595,12993.987305
30,0.257939,0.488135,13276.801758
31,0.221497,0.510802,13526.405273
32,0.193421,0.551614,13809.210938
33,0.198977,0.474847,14008.843750
34,0.203362,0.463926,14275.056641
35,0.162179,0.479027,14507.981445
36,0.139498,0.536403,14807.488281
37,0.105191,0.580234,15057.018555
38,0.067054,0.554896,15506.259766
39,0.017934,0.545527,15755.796875
40,0.937004,0.463380,16371.412109
41,0.453453,0.598211,17569.310547
42,0.407858,0.623728,17852.173828
43,0.380753,0.571083,18085.048828
44,0.376428,0.550031,18284.714844
45,0.426631,0.493174,18534.265625
46,0.529703,0.501375,18950.210938
47,0.654475,0.509467,19532.539062
48,0.753648,0.495581,20048.285156
49,0.750151,0.491545,20148.126953
50,0.810581,0.536052,20414.347656
51,0.841629,0.435569,20613.998047
52,0.851656,0.397606,20763.742188
53,0.806229,0.444379,21196.302734
54,0.864157,0.485758,21512.412109
55,0.922937,0.490002,21778.611328
56,0.965069,0.510288,22011.544922
57,0.976297,0.509833,22360.912109
58,0.037917,0.511475,22610.492188
59,0.033386,0.444403,22993.173828
60,0.089069,0.494753,23325.900391
61,0.044824,0.546137,23675.296875
62,0.053461,0.506381,24074.599609
63,0.002124,0.541299,24340.814453
64,0.989189,0.535867,24873.207031
65,0.982437,0.537895,24989.675781
0,0.851973,0.585646,83.247261
1,0.771339,0.501793,415.946777
2,0.775396,0.421546,632.272522
3,0.807707,0.343785,815.307800
4,0.836700,0.313693,1031.478394
5,0.849785,0.294546,1247.904785
6,0.866970,0.287313,1430.822510
7,0.881819,0.494615,1929.983276
8,0.889115,0.522591,2196.212158
9,0.653789,0.482858,2894.946289
10,0.572703,0.478281,3161.158203
11,0.532000,0.477646,3443.974121
12,0.503016,0.505059,3626.981934
13,0.456335,0.653326,3909.801025
14,0.483467,0.895859,4725.062500
15,0.520542,0.879949,4891.425293
16,0.761377,0.989534,5240.784180
17,0.726786,0.910140,5407.280273
18,0.787932,0.950720,5640.109863
19,0.017816,0.815875,6388.847168
20,0.019663,0.794050,6555.234863
21,0.087915,0.818578,7070.976074
22,0.259408,0.637890,7503.561035
23,0.307899,0.569897,8019.353516
24,0.309073,0.512140,8302.183594
25,0.374975,0.512062,8718.106445
26,0.395533,0.517777,9050.841797
27,0.245111,0.519702,9400.198242
28,0.917792,0.396305,10847.780273
29,0.914475,0.319926,11080.612305
30,0.854773,0.393883,11430.000000
31,0.858148,0.529272,11979.102539
32,0.870437,0.361990,12677.842773
33,0.877692,0.386249,13010.676758
34,0.869070,0.480469,13293.395508
35,0.878669,0.445029,13908.986328
36,0.896005,0.413347,14175.177734
37,0.856425,0.445803,14840.702148
38,0.881194,0.457364,15140.158203
39,0.881490,0.498441,15506.178711
40,0.892229,0.519414,15838.988281
41,0.984755,0.622483,16121.883789
42,0.904911,0.480793,16321.471680
43,0.874864,0.444751,17036.929688
44,0.898665,0.396820,17219.916016
45,0.886197,0.448295,17619.169922
46,0.876086,0.531328,17852.119141
47,0.891827,0.450229,18534.226562
48,0.901278,0.372962,18717.244141
49,0.028819,0.529272,19881.980469
50,0.949895,0.506762,20198.033203
51,0.960188,0.479471,20497.478516
52,0.963253,0.472286,20930.105469
53,0.012872,0.512715,21162.980469
54,0.033635,0.508296,21479.085938
55,0.029229,0.488104,21778.597656
56,0.020676,0.544511,22294.357422
57,0.031121,0.546101,23126.246094
58,0.108800,0.653305,23941.464844
59,0.005365,0.552005,24124.472656
60,0.987418,0.596791,24424.027344
0,0.711488,0.687309,931.806458
1,0.803024,0.532596,1514.020996
2,0.788352,0.500284,1979.937134
3,0.827266,0.497306,2479.024658
4,0.788059,0.374922,2994.806152
5,0.829204,0.290880,3360.834229
6,0.805122,0.262503,3560.485107
7,0.833725,0.262083,3793.433105
8,0.987147,0.343510,4242.646484
9,0.972296,0.355100,4359.104492
10,0.980155,0.470785,4658.581543
11,0.948598,0.513972,4858.206055
12,0.014859,0.504371,5124.498535
13,0.901625,0.422472,5573.639160
14,0.614668,0.349568,6838.110352
15,0.621159,0.511691,7154.213867
16,0.611914,0.583494,7486.935059
17,0.582508,0.618850,7753.130859
18,0.546262,0.624934,8035.963867
19,0.472569,0.585501,8219.050781
20,0.502231,0.574334,8501.845703
21,0.487811,0.534668,8751.391602
22,0.853600,0.587124,9633.215820
23,0.845847,0.588188,9749.641602
24,0.867663,0.594945,9949.329102
25,0.856460,0.557426,10115.663086
26,0.931896,0.532155,10331.990234
27,0.938893,0.528748,10581.585938
28,0.394352,0.501909,12428.306641
29,0.350357,0.514398,12677.842773
30,0.247017,0.558757,13127.124023
31,0.248808,0.470203,13642.869141
32,0.212454,0.450839,13909.064453
33,0.429031,0.467410,14824.109375
34,0.408403,0.494558,15057.039062
35,0.056858,0.537895,15888.928711
36,0.019475,0.545124,16038.666016
37,0.988232,0.521840,16221.691406
38,0.956211,0.543950,16571.062500
39,0.993472,0.607472,16870.548828
40,0.989097,0.631060,17053.537109
41,0.051068,0.707651,17269.841797
42,0.161484,0.784697,17502.748047
43,0.465126,0.924187,18317.990234
44,0.553466,0.914582,18550.972656
45,0.358025,0.875549,18983.503906
46,0.670823,0.954405,19915.212891
47,0.008779,0.965661,20247.962891
48,0.770467,0.914596,20431.015625
49,0.978548,0.932055,20663.910156
50,0.959668,0.966648,21079.841797
51,0.923960,0.956619,21495.830078
52,0.421256,0.964790,21795.287109
53,0.498640,0.454785,22893.375000
54,0.376808,0.510879,23425.740234
55,0.341443,0.523645,23875.019531
56,0.415536,0.391327,24191.093750
57,0.412640,0.343082,24424.001953
58,0.421000,0.660205,24973.082031
0,0.749416,0.460054,33.277649
1,0.812236,0.538123,415.957397
2,0.859468,0.649995,931.771362
3,0.875604,0.663854,1181.235718
4,0.946400,0.632108,1663.757446
5,0.002687,0.715353,1996.482422
6,0.997598,0.704275,2096.300781
7,0.045668,0.657404,2429.035645
8,0.064670,0.614641,2578.787354
9,0.062546,0.600109,2728.615967
10,0.010270,0.528239,3061.271240
11,0.010065,0.512871,3327.486572
12,0.699216,0.273616,4841.510254
13,0.821519,0.262783,5739.942383
14,0.977894,0.342835,6438.723633
15,0.959685,0.331958,6655.001953
16,0.516208,0.468296,7520.180176
17,0.450231,0.478693,7769.708496
18,0.402799,0.584971,8102.497559
19,0.344643,0.509813,8535.044922
20,0.350080,0.508694,8668.140625
21,0.203937,0.562689,9233.818359
22,0.196980,0.440141,9666.423828
23,0.115464,0.537135,10165.541016
24,0.053711,0.524657,10564.830078
25,0.131680,0.445992,10797.772461
26,0.145729,0.422560,11030.686523
27,0.291360,0.526776,11546.443359
28,0.349591,0.540181,11879.186523
29,0.344756,0.525271,12112.162109
30,0.405628,0.593223,12345.057617
31,0.406885,0.574381,12461.539062
32,0.405411,0.564168,12711.064453
33,0.399064,0.552810,12810.929688
34,0.392125,0.588945,13176.926758
35,0.324025,0.788875,14158.569336
36,0.001914,0.520320,15423.010742
37,0.000757,0.536688,15722.503906
38,0.088704,0.433087,15955.424805
39,0.136903,0.422360,16338.093750
40,0.193433,0.432572,16887.107422
41,0.249104,0.494499,17386.244141
42,0.286612,0.561983,17602.546875
43,0.315168,0.450664,17902.021484
44,0.395108,0.509149,18284.677734
45,0.500665,0.583662,18733.888672
46,0.494209,0.558005,18817.083984
47,0.456304,0.552684,19166.470703
48,0.458175,0.484933,19532.509766
49,0.455725,0.471372,19798.707031
50,0.238565,0.489879,20846.855469
51,0.249150,0.453531,21113.078125
52,0.260936,0.382095,21279.443359
53,0.146563,0.454859,21961.570312
54,0.164940,0.451386,22477.351562
55,0.170045,0.452809,22710.283203
56,0.132568,0.571045,22893.292969
57,0.199443,0.566921,23242.660156
58,0.207401,0.534135,23658.630859
59,0.220615,0.544552,24174.371094
60,0.242760,0.767445,24557.083984
0,0.746151,0.479480,266.181335
1,0.765714,0.472268,399.358978
2,0.679573,0.485677,748.694336
3,0.684504,0.488076,898.415405
4,0.691076,0.639662,1330.979858
5,0.709416,0.718586,1497.388428
6,0.805082,0.899860,2096.326904
7,0.855199,0.959619,2279.343750
8,0.973062,0.500623,3543.795654
9,0.967505,0.508754,3693.535156
10,0.010674,0.510818,3926.474365
11,0.016450,0.515294,4026.255371
12,0.018113,0.525300,4275.824707
13,0.021831,0.503342,4725.020996
14,0.048814,0.472177,4941.338379
15,0.862165,0.316729,5689.989258
16,0.126539,0.547515,6838.000977
17,0.190976,0.554990,7403.724609
18,0.208363,0.521324,7536.833008
19,0.219213,0.482091,7769.705566
20,0.243069,0.481557,8035.934570
21,0.251949,0.441466,8335.431641
22,0.287326,0.475113,8784.638672
23,0.254890,0.427566,9000.929688
24,0.304566,0.483806,9317.014648
25,0.345322,0.521303,9549.958984
26,0.396847,0.547493,9749.720703
27,0.365605,0.506298,9965.914062
28,0.393612,0.500600,10331.922852
29,0.437654,0.546846,10598.116211
30,0.438363,0.552497,10731.182617
31,0.470769,0.515484,10914.195312
32,0.493616,0.511286,11180.456055
33,0.461481,0.495347,11429.978516
34,0.500857,0.566117,11895.845703
35,0.465896,0.518175,12278.556641
36,0.464282,0.509869,12411.644531
37,0.458886,0.506309,12511.425781
38,0.461410,0.506274,12777.675781
39,0.420521,0.507559,13077.148438
40,0.341242,0.551505,13509.689453
41,0.288804,0.565172,13676.068359
42,0.249288,0.573901,13975.557617
43,0.213832,0.568068,14324.965820
44,0.181751,0.571897,14574.474609
45,0.177622,0.566355,14824.086914
46,0.153750,0.483478,15057.052734
47,0.071807,0.494670,15556.092773
48,0.585034,0.447699,16953.660156
49,0.548332,0.490941,17169.964844
50,0.513221,0.505961,17536.007812
51,0.493242,0.490196,17669.093750
52,0.460021,0.512415,17985.185547
53,0.444506,0.526248,18218.195312
54,0.456779,0.553038,18417.865234
55,0.725971,0.785697,19133.177734
56,0.715158,0.820591,19349.470703
57,0.451136,0.535969,20264.589844
58,0.442278,0.513977,20447.568359
59,0.447097,0.511851,20946.697266
60,0.521155,0.481937,21212.867188
61,0.601557,0.468444,21761.988281
62,0.666103,0.354484,22177.894531
63,0.682117,0.290117,22410.787109
64,0.692957,0.285844,22760.210938
65,0.743501,0.292884,22976.564453
66,0.794549,0.292525,23259.355469
67,0.829410,0.312647,23558.832031
68,0.844373,0.294986,23808.341797
69,0.863016,0.266817,24024.748047
70,0.885072,0.262204,24240.906250
71,0.886642,0.348786,24507.162109
72,0.927961,0.345823,24740.078125
0,0.751962,0.504478,149.720154
1,0.746377,0.554294,365.991364
2,0.752192,0.583816,499.122070
3,0.746825,0.521675,648.862488
4,0.730364,0.486041,1214.518677
5,0.702824,0.558698,1414.146606
6,0.650623,0.526113,1896.691284
7,0.634649,0.473994,2146.218994
8,0.647023,0.378506,2329.250488
9,0.608990,0.467467,2678.651367
10,0.586672,0.550862,2944.862793
11,0.600574,0.587959,3310.937744
12,0.617079,0.668924,3793.312012
13,0.661720,0.712953,4026.288574
14,0.665465,0.732752,4292.470703
15,0.663789,0.721456,4408.943359
16,0.668403,0.431933,4758.335938
17,0.666868,0.383813,5041.142090
18,0.661222,0.386340,5207.596191
19,0.651279,0.397386,5407.273438
20,0.666528,0.346121,6056.063965
21,0.498103,0.572481,6821.387207
22,0.484600,0.511687,7087.591309
23,0.649346,0.501591,7553.421875
24,0.994548,0.756262,9699.653320
25,0.924682,0.448502,10831.090820
26,0.914378,0.402729,11080.625977
27,0.898624,0.371642,11330.219727
28,0.875695,0.350268,11513.189453
29,0.862742,0.311261,11746.125000
30,0.859161,0.336314,11995.706055
31,0.791268,0.371233,12228.594727
32,0.768672,0.401073,12395.041992
33,0.795702,0.233696,12927.472656
34,0.824412,0.217676,13226.839844
35,0.822313,0.210368,13459.750000
36,0.798792,0.239128,13709.346680
37,0.852258,0.312223,14008.815430
38,0.883638,0.351232,14191.869141
39,0.173219,0.525726,15456.371094
40,0.200503,0.486962,15955.458008
41,0.229745,0.503092,16171.716797
42,0.248872,0.536214,16903.843750
43,0.261772,0.516660,17519.375000
44,0.298921,0.499174,17918.664062
45,0.307716,0.510971,18101.757812
46,0.315696,0.478116,18534.248047
47,0.245348,0.534445,18750.605469
48,0.220163,0.539201,18933.566406
49,0.179526,0.514939,19133.175781
50,0.151131,0.505484,19366.099609
51,0.117186,0.502856,19582.443359
52,0.099040,0.505166,19931.861328
53,0.080692,0.515877,20098.216797
54,0.054784,0.522489,20347.738281
55,0.987004,0.537344,20697.167969
56,0.994883,0.534590,20913.445312
57,0.027610,0.504283,21329.330078
58,0.110582,0.537541,21578.906250
59,0.108193,0.536667,21712.048828
60,0.194324,0.574586,22194.587891
61,0.386830,0.516388,23092.988281
62,0.399781,0.524944,23275.951172
63,0.384880,0.513766,23592.089844
64,0.201293,0.509505,24174.367188
65,0.179731,0.506438,24457.259766
66,0.262621,0.472331,24973.015625
0,0.788781,0.562125,349.396423
1,0.745078,0.338122,648.867371
2,0.738012,0.291929,781.922424
3,0.740745,0.268484,931.680176
4,0.745152,0.245517,1081.457520
5,0.753382,0.206340,1214.626953
6,0.750299,0.179120,2562.169922
7,0.749386,0.615335,4891.481445
8,0.751329,0.671780,5091.073242
9,0.753090,0.654620,5423.849609
10,0.758312,0.703255,5690.080566
11,0.794656,0.780114,5906.348633
12,0.794401,0.829081,6289.041992
13,0.917551,0.819103,7054.303223
14,0.829760,0.508956,7553.441406
15,0.814839,0.470066,7753.149902
16,0.797426,0.482880,8052.565430
17,0.761261,0.539107,8568.339844
18,0.851145,0.411821,8984.281250
19,0.851860,0.399153,9100.835938
20,0.839036,0.378082,9300.410156
21,0.835096,0.351964,9533.340820
22,0.838552,0.333518,9733.015625
23,0.834879,0.307733,10282.056641
24,0.829795,0.282899,10514.920898
25,0.842167,0.286755,10814.415039
26,0.895802,0.450071,11230.357422
27,0.901942,0.456826,11463.297852
28,0.880475,0.517652,11812.709961
29,0.890236,0.515716,12128.870117
30,0.901150,0.511619,12361.727539
31,0.905483,0.432713,12627.916016
32,0.921702,0.399985,12910.827148
33,0.938173,0.392746,13127.065430
34,0.968977,0.396746,13409.882812
35,0.937854,0.381790,13709.389648
36,0.947963,0.513690,14424.804688
37,0.965276,0.554705,14641.107422
38,0.943640,0.529677,15273.301758
39,0.939361,0.509330,15389.756836
40,0.988304,0.610342,15655.943359
41,0.989827,0.628416,15922.164062
42,0.003026,0.664031,16271.635742
43,0.034763,0.543257,16571.041016
44,0.021917,0.529948,16837.226562
45,0.067764,0.543660,17103.417969
46,0.070145,0.520811,17286.533203
47,0.044696,0.359381,17602.562500
48,0.106035,0.464383,17985.212891
49,0.147761,0.490133,18550.898438
50,0.139798,0.536959,18800.484375
51,0.191718,0.522371,19332.855469
52,0.129325,0.530439,19648.972656
53,0.184463,0.580114,19981.751953
54,0.197959,0.574480,20131.462891
55,0.270234,0.393710,21029.919922
56,0.272699,0.501684,21828.537109
57,0.276613,0.512170,22011.503906
58,0.270295,0.524672,22311.007812
59,0.261455,0.421495,22527.289062
60,0.323946,0.437417,22893.328125
61,0.336281,0.411832,23126.292969
62,0.377197,0.466884,23625.355469
63,0.367770,0.524171,24041.359375
64,0.316913,0.583945,24490.527344
65,0.316194,0.677036,24873.177734
66,0.308914,0.676644,24973.023438
0,0.769976,0.644624,249.514603
1,0.876077,0.365494,1780.172607
2,0.867109,0.580221,2196.140869
3,0.861327,0.694456,2462.350342
4,0.996368,0.611146,3144.448486
5,0.033171,0.682630,3593.647461
6,0.041128,0.671441,3693.502441
7,0.018089,0.480793,4159.411133
8,0.103032,0.608307,4941.289062
9,0.130987,0.611411,5157.674316
10,0.146347,0.537664,5373.928223
11,0.166980,0.537143,5606.819336
12,0.158861,0.531578,5706.628906
13,0.172723,0.573830,5906.339355
14,0.191993,0.625867,6255.691406
15,0.181184,0.652747,6422.145020
16,0.184826,0.664655,6521.926758
17,0.177320,0.707263,6771.479492
18,0.201491,0.779013,6987.756836
19,0.220055,0.786170,7204.102051
20,0.056336,0.904840,8468.516602
21,0.092831,0.854504,8834.494141
22,0.959033,0.504146,9866.060547
23,0.952555,0.464496,10165.530273
24,0.883120,0.544362,10531.586914
25,0.863103,0.598860,10764.459961
26,0.818109,0.584548,11014.038086
27,0.812177,0.568500,11280.247070
28,0.779247,0.590062,11629.642578
29,0.791522,0.610481,11929.137695
30,0.420463,0.559072,13409.825195
31,0.386939,0.600057,13576.234375
32,0.386243,0.591932,13775.909180
33,0.356090,0.570101,14058.709961
34,0.372463,0.557141,14840.681641
35,0.417794,0.688279,15156.827148
36,0.367464,0.568844,15622.638672
37,0.365949,0.522048,15855.585938
38,0.394687,0.487972,16055.213867
39,0.301193,0.569186,16820.558594
40,0.293155,0.530294,17003.609375
41,0.294263,0.529445,17103.408203
42,0.270776,0.491532,17253.136719
43,0.284153,0.449324,17535.978516
44,0.317416,0.458067,17902.011719
45,0.375468,0.485849,18351.191406
46,0.369970,0.508394,18451.046875
47,0.371338,0.498759,18783.837891
48,0.375920,0.501932,19083.255859
49,0.373184,0.521995,19366.130859
50,0.359205,0.524860,19532.470703
51,0.350866,0.521600,19815.302734
52,0.358800,0.499553,20148.123047
53,0.332322,0.502059,20347.718750
54,0.358974,0.543904,20597.277344
55,0.365048,0.538124,20880.134766
56,0.391038,0.522409,21895.042969
57,0.353604,0.530987,22211.162109
58,0.354247,0.516832,22543.896484
59,0.395688,0.532861,23026.380859
60,0.393634,0.560013,23558.777344
61,0.399785,0.553731,23758.423828
62,0.397221,0.551750,23874.904297
63,0.400499,0.575563,24107.837891
64,0.476637,0.533232,24540.406250
65,0.497245,0.514471,24806.597656
66,0.470022,0.521125,24972.990234
0,0.775133,0.466651,316.079895
1,0.799811,0.511404,499.073547
2,0.915089,0.380134,1264.392334
3,0.907853,0.342185,1430.785278
4,0.944997,0.271842,1796.795776
5,0.998255,0.357178,2013.153198
6,0.015867,0.410168,2229.361328
7,0.986339,0.536348,2595.429688
8,0.968802,0.566495,2795.024414
9,0.959739,0.532824,3061.254395
10,0.012877,0.529574,3477.206055
11,0.025567,0.509640,3660.212158
12,0.019928,0.473093,3843.203369
13,0.938908,0.329798,4076.113525
14,0.946487,0.319441,4242.506348
15,0.885336,0.421876,4575.248047
16,0.867913,0.469532,4774.905762
17,0.830470,0.453353,5007.845703
18,0.804323,0.440367,5240.739258
19,0.774753,0.433974,5407.154785
20,0.751473,0.475872,5606.770020
21,0.730133,0.473350,5789.791504
22,0.714441,0.562522,6039.356445
23,0.728843,0.487931,6205.731445
24,0.670818,0.324028,6488.604492
25,0.711367,0.317523,6887.859863
26,0.689471,0.307555,7104.167969
27,0.654077,0.366624,7303.808594
28,0.616897,0.510915,7669.840332
29,0.642704,0.630585,7919.407715
30,0.679995,0.651821,8085.775879
31,0.691674,0.663599,8235.528320
32,0.684746,0.591942,8468.441406
33,0.664946,0.347006,8934.330078
34,0.656983,0.321286,9100.691406
35,0.606401,0.403888,9383.504883
36,0.499795,0.527085,9899.306641
37,0.513208,0.489851,10132.222656
38,0.524755,0.476329,10581.427734
39,0.499686,0.485574,10897.558594
40,0.464880,0.469207,11330.124023
41,0.447440,0.494664,11546.407227
42,0.437697,0.377870,11895.787109
43,0.414837,0.426833,12195.278320
44,0.428141,0.452718,12378.282227
45,0.390029,0.521011,12594.573242
46,0.386380,0.533319,12777.578125
47,0.364795,0.519960,12943.949219
48,0.355656,0.511526,13226.836914
49,0.374842,0.542764,13542.912109
50,0.418422,0.555159,13725.970703
51,0.454574,0.520201,13942.243164
52,0.438622,0.506272,14241.726562
53,0.348103,0.422536,14474.628906
54,0.366524,0.447426,14923.863281
55,0.404771,0.379646,15156.815430
56,0.366066,0.487075,15539.472656
57,0.365182,0.521758,15705.825195
58,0.307779,0.518677,16038.541992
59,0.241600,0.489985,16404.681641
60,0.241291,0.468448,16571.029297
61,0.215359,0.519725,16870.466797
62,0.223739,0.594162,17269.728516
63,0.233545,0.679361,17619.134766
64,0.162020,0.810862,17951.908203
65,0.083078,0.840203,18251.376953
66,0.070323,0.861419,18417.783203
67,0.158920,0.845640,18634.058594
68,0.086579,0.725708,19282.896484
69,0.119986,0.590190,19465.986328
70,0.144573,0.534546,19648.984375
71,0.160752,0.479408,19831.968750
72,0.056360,0.518094,20181.304688
73,0.038334,0.524698,20347.726562
74,0.070600,0.487781,20563.960938
75,0.063053,0.481109,20846.824219
76,0.124406,0.458210,21046.462891
77,0.144253,0.463849,21196.210938
78,0.166166,0.471000,21412.505859
79,0.156047,0.478099,21612.195312
80,0.176135,0.506774,21878.404297
81,0.164055,0.470508,22177.841797
82,0.127890,0.504337,22377.513672
83,0.120907,0.515131,23409.003906
84,0.229283,0.472557,23991.322266
85,0.257477,0.467658,24157.681641
86,0.266044,0.524217,24390.603516
87,0.247295,0.552894,24640.226562
88,0.260034,0.508017,24823.292969
0,0.756632,0.537529,366.128418
1,0.819743,0.663491,898.459167
2,0.830493,0.841690,1148.115845
3,0.882309,0.893728,1364.281494
4,0.980486,0.806459,1713.745850
5,0.032631,0.610637,2595.507812
6,0.076376,0.525794,2828.391113
7,0.098201,0.469746,3044.735596
8,0.094967,0.470792,3360.816162
9,0.998053,0.514516,3643.663574
10,0.992868,0.519293,3810.066650
11,0.997511,0.422830,4126.163574
12,0.957437,0.360170,4325.835938
13,0.935279,0.307620,4525.440918
14,0.297873,0.489552,5623.571777
15,0.292091,0.500918,5823.246094
16,0.380134,0.511597,6122.704102
17,0.385589,0.516759,6422.190430
18,0.404117,0.522353,6655.110840
19,0.530627,0.468388,7669.969238
20,0.479775,0.244744,8235.625977
21,0.499055,0.157470,8418.663086
22,0.674998,0.227583,8684.844727
23,0.675556,0.197941,9034.257812
24,0.736338,0.227456,9200.619141
25,0.755951,0.214236,9433.552734
26,0.764385,0.241166,9566.635742
27,0.791639,0.252019,9949.294922
28,0.826447,0.176068,10232.159180
29,0.891339,0.176840,10531.599609
30,0.949380,0.208114,10864.394531
31,0.888315,0.507606,11463.356445
32,0.852403,0.566155,11646.351562
33,0.785523,0.556500,12062.270508
34,0.864805,0.596568,12511.520508
35,0.859926,0.585674,12711.171875
36,0.731335,0.432881,13709.424805
37,0.638293,0.468010,14075.430664
38,0.606659,0.503358,14308.356445
39,0.608660,0.503932,14458.088867
40,0.570173,0.580491,14657.745117
41,0.508080,0.561498,14857.407227
42,0.471784,0.538894,15057.082031
43,0.460407,0.536462,15256.705078
44,0.512436,0.482459,15539.566406
45,0.421011,0.555728,16304.860352
46,0.807638,0.519857,17486.150391
47,0.833484,0.534462,17902.064453
48,0.951679,0.740546,18417.851562
49,0.940925,0.754004,18700.681641
50,0.951329,0.500848,19599.142578
51,0.039682,0.728531,19698.949219
52,0.989073,0.575735,19931.878906
53,0.034561,0.540287,20414.339844
54,0.024057,0.518337,20597.365234
55,0.129305,0.548406,21562.359375
56,0.225110,0.546316,22776.890625
57,0.279173,0.482672,23575.501953
58,0.231952,0.465277,23891.605469
59,0.163609,0.486248,24191.105469
60,0.079042,0.473207,24656.951172
61,0.054931,0.483383,24873.240234
0,0.751831,0.532796,565.722107
1,0.744622,0.655716,831.977722
2,0.743208,0.706221,1613.912109
3,0.687770,0.583165,1946.690186
4,0.640436,0.522377,2246.149414
5,0.633749,0.427229,2678.697266
6,0.701902,0.447103,3111.303467
7,0.752401,0.379746,3410.738770
8,0.751712,0.392361,3560.563477
9,0.808908,0.484952,3843.340576
10,0.828599,0.566429,4275.913086
11,0.813619,0.414342,4641.905762
12,0.808891,0.368466,4891.512207
13,0.837753,0.366806,5390.620605
14,0.809349,0.460060,6239.125977
15,0.810760,0.468908,7786.421875
16,0.811195,0.462323,10049.156250
17,0.803339,0.246165,10531.630859
18,0.763377,0.209475,10847.850586
19,0.559651,0.427262,11629.723633
20,0.566306,0.436874,11779.508789
21,0.516826,0.479051,12029.020508
22,0.593395,0.441494,12494.869141
23,0.465822,0.391669,12777.724609
24,0.474048,0.405204,12877.603516
25,0.449943,0.451841,13177.042969
26,0.488113,0.526241,13493.117188
27,0.452981,0.428540,13842.576172
28,0.589767,0.646824,14458.213867
29,0.675366,0.648529,14907.293945
30,0.835269,0.629944,15689.347656
31,0.975639,0.488867,16487.914062
32,0.976722,0.432213,16670.904297
33,0.048088,0.453091,17170.031250
34,0.094580,0.466875,17735.742188
35,0.132210,0.464699,18068.460938
36,0.104374,0.418477,18484.416016
37,0.048606,0.441478,18783.886719
38,0.023646,0.440953,19166.544922
39,0.691393,0.660215,20547.451172
40,0.671183,0.636968,20797.031250
41,0.718311,0.566153,21994.949219
42,0.725206,0.494106,22244.500000
43,0.740297,0.517937,22876.714844
44,0.797750,0.491997,23142.921875
45,0.798015,0.489873,23242.763672
46,0.796477,0.481569,23409.105469
47,0.789432,0.610907,23675.324219
0,0.785329,0.516624,532.335144
1,0.783504,0.442728,765.320496
2,0.738193,0.254512,1098.084229
3,0.613340,0.260712,1647.145508
4,0.465378,0.543614,2645.359375
5,0.456477,0.485168,2911.530762
6,0.593408,0.565549,3577.086670
7,0.610634,0.604188,3876.560303
8,0.689037,0.639820,4292.482910
9,0.689689,0.640420,4458.813477
10,0.776466,0.611237,4758.311523
11,0.950532,0.523292,5640.119629
12,0.040484,0.530272,5989.516602
13,0.109416,0.511688,6239.078613
14,0.165915,0.522556,6455.356934
15,0.164731,0.522171,6605.102539
16,0.176385,0.541720,6771.482422
17,0.184051,0.464331,7170.821289
18,0.187763,0.417450,7353.748047
19,0.185688,0.332162,7636.659180
20,0.162597,0.232810,7902.802246
21,0.025528,0.123904,8501.763672
22,0.896325,0.226132,8917.765625
23,0.905607,0.253169,9034.246094
24,0.929236,0.314088,9283.755859
25,0.942072,0.504710,9599.848633
26,0.958236,0.535837,9899.319336
27,0.993797,0.586330,10098.961914
28,0.050622,0.653210,10365.206055
29,0.241120,0.697340,11246.985352
30,0.143167,0.815832,11929.086914
31,0.350161,0.471360,12544.715820
32,0.345542,0.477746,12694.423828
33,0.353532,0.443577,12844.153320
34,0.269970,0.395466,13310.103516
35,0.193879,0.363625,13526.323242
36,0.095983,0.242892,14141.968750
37,0.772065,0.260114,15339.909180
38,0.754671,0.246354,15722.508789
39,0.683348,0.274465,16071.883789
40,0.704198,0.374623,16421.300781
41,0.686334,0.321690,16770.664062
42,0.692909,0.313453,16920.373047
43,0.632132,0.364486,17103.486328
44,0.464031,0.457195,17835.474609
45,0.469328,0.467881,17968.607422
46,0.451292,0.491240,18101.695312
47,0.529546,0.505081,18650.736328
48,0.605799,0.516195,19183.142578
49,0.683154,0.531667,19615.691406
50,0.693199,0.527151,19931.880859
51,0.696871,0.517755,20015.011719
52,0.705414,0.456478,20430.984375
53,0.766544,0.507014,20680.466797
54,0.759311,0.452149,21063.195312
55,0.800482,0.427972,21262.839844
56,0.799655,0.357862,21529.037109
57,0.722227,0.256678,21845.113281
58,0.711108,0.235306,22011.517578
59,0.787577,0.227964,22543.927734
60,0.794585,0.242543,22860.060547
61,0.708229,0.486087,23192.792969
62,0.710037,0.495741,23309.222656
63,0.722267,0.484531,23442.367188
64,0.699503,0.626309,23908.197266
0,0.749490,0.511993,515.764587
1,0.732564,0.599503,831.917969
2,0.749498,0.664213,1197.958740
3,0.843069,0.835978,2079.664062
4,0.777242,0.714461,2595.422363
5,0.915832,0.549954,3543.785156
6,0.887936,0.456245,3743.409668
7,0.879861,0.354458,4042.915527
8,0.892286,0.306300,4259.175781
9,0.642211,0.338472,5124.336426
10,0.496621,0.508532,5856.395508
11,0.470175,0.480966,6139.232422
12,0.504693,0.456921,6388.803711
13,0.604259,0.502923,6621.722656
14,0.624961,0.479373,6887.923828
15,0.626646,0.467710,7004.382324
16,0.753481,0.643433,7204.038574
17,0.708777,0.530287,7387.087402
18,0.672495,0.473805,7686.523438
19,0.709201,0.434562,7902.827148
20,0.737825,0.391068,8152.376953
21,0.786675,0.485820,8401.979492
22,0.779218,0.567915,8767.970703
23,0.745914,0.631724,9317.005859
24,0.781421,0.636843,9866.048828
25,0.856034,0.637405,10148.886719
26,0.032825,0.550060,11346.804688
27,0.073012,0.503314,11579.716797
28,0.070765,0.507942,11712.840820
29,0.077928,0.682200,12195.324219
30,0.083760,0.773183,12777.644531
31,0.109064,0.766047,12877.481445
32,0.150493,0.517017,13243.479492
33,0.152492,0.524814,13443.131836
34,0.140723,0.470456,13609.533203
35,0.268475,0.467877,14474.688477
36,0.249671,0.454859,14774.156250
37,0.136147,0.513183,15007.111328
38,0.120952,0.515401,15273.268555
39,0.111214,0.549327,15789.043945
40,0.071076,0.553051,16221.598633
41,0.015256,0.559786,16454.550781
42,0.976772,0.552178,16770.667969
43,0.124632,0.566247,17685.712891
44,0.197849,0.606683,18134.931641
45,0.261455,0.576930,18384.486328
46,0.278429,0.537571,18650.705078
47,0.335085,0.488667,18883.634766
48,0.372317,0.467580,19216.375000
49,0.398689,0.466584,19798.708984
50,0.430730,0.559331,20064.921875
51,0.467519,0.508682,20364.380859
52,0.363095,0.499384,20663.900391
53,0.286861,0.524490,21179.648438
54,0.246220,0.519806,21379.271484
55,0.247609,0.502741,21645.460938
56,0.228763,0.554778,21845.117188
57,0.196351,0.569831,22094.697266
58,0.168266,0.520883,22444.078125
59,0.188158,0.418919,22693.625000
60,0.253210,0.401636,22976.486328
61,0.201080,0.401742,23592.080078
62,0.144909,0.364513,23841.662109
0,0.779381,0.513138,449.241425
1,0.999928,0.623411,1563.972656
2,0.997356,0.574664,1713.716919
3,0.978922,0.491835,1946.694946
4,0.929896,0.397187,2196.178223
5,0.930334,0.387641,2296.014404
6,0.893453,0.280079,2645.416748
7,0.888224,0.258676,2894.965332
8,0.816924,0.417779,3244.368164
9,0.734652,0.377915,3726.875977
10,0.711534,0.297795,3943.108887
11,0.642454,0.314854,4176.060547
12,0.703745,0.485828,4542.061523
13,0.749784,0.503767,4774.993164
14,0.669426,0.560434,5007.949707
15,0.543840,0.583944,5839.770020
16,0.601929,0.609037,6022.799805
17,0.706917,0.623665,6521.944336
18,0.704874,0.660177,6821.439453
19,0.689892,0.661118,6971.134277
20,0.824922,0.596850,7370.471680
21,0.888328,0.511484,7786.466797
22,0.915970,0.477485,7986.071777
23,0.871015,0.428070,8235.591797
24,0.840832,0.409163,8451.899414
25,0.814262,0.467138,8701.521484
26,0.728603,0.500029,8901.215820
27,0.697586,0.478217,9183.950195
28,0.659707,0.535117,9333.711914
29,0.526742,0.499600,10115.640625
30,0.358257,0.546464,11113.906250
31,0.363327,0.543919,11247.008789
32,0.288562,0.544587,11513.221680
33,0.172869,0.529302,12028.966797
34,0.144186,0.525794,12211.995117
35,0.152072,0.516528,12345.098633
36,0.187833,0.511090,12661.213867
37,0.269773,0.529855,12993.957031
38,0.267898,0.470788,13359.985352
39,0.283173,0.581872,13592.909180
40,0.324318,0.541621,14158.576172
41,0.373892,0.542764,14574.537109
42,0.384312,0.542379,14790.810547
43,0.348926,0.570709,15007.101562
44,0.409931,0.541030,15456.310547
45,0.475355,0.519773,15838.994141
46,0.364903,0.557404,16105.202148
47,0.385481,0.547736,16304.858398
48,0.391291,0.544111,16437.929688
49,0.391192,0.560506,16837.265625
50,0.389858,0.523933,17269.810547
51,0.022104,0.516859,19199.779297
52,0.010898,0.532728,19632.363281
53,0.015161,0.669602,19931.828125
54,0.086563,0.676315,20148.128906
55,0.021417,0.671965,20647.234375
56,0.065189,0.801814,20979.982422
57,0.058119,0.825919,21113.099609
58,0.152410,0.721704,21395.935547
59,0.168008,0.721298,21645.500000
60,0.158566,0.562678,21878.437500
61,0.135333,0.486694,22128.009766
62,0.118578,0.431843,22327.640625
63,0.070099,0.505161,22643.775391
64,0.041807,0.590229,23226.095703
65,0.179979,0.444911,23508.916016
66,0.166105,0.387549,24008.035156
67,0.144996,0.459798,24440.626953
0,0.750955,0.527093,316.033264
1,0.722816,0.591358,549.059082
2,0.889128,0.592993,1231.103271
3,0.876113,0.634005,1430.761230
4,0.940075,0.554511,1663.689087
5,0.971958,0.529044,1946.564697
6,0.988055,0.554612,2279.290039
7,0.915217,0.554604,2528.910400
8,0.881804,0.578757,2711.878662
9,0.858455,0.624870,2894.991943
10,0.854146,0.645948,3161.149658
11,0.776973,0.606251,3926.424805
12,0.789901,0.523475,4325.808594
13,0.806876,0.526538,4741.708008
14,0.766285,0.528435,5057.812500
15,0.684816,0.525689,5357.268066
16,0.642547,0.531873,5590.260742
17,0.611053,0.541278,5856.380859
18,0.592864,0.614789,6006.207520
19,0.578363,0.659278,6289.016113
20,0.484327,0.560765,6704.910645
21,0.463363,0.545916,6921.233887
22,0.709423,0.240492,8002.662598
23,0.749139,0.208610,8218.950195
24,0.793423,0.178216,8601.570312
25,0.783612,0.211990,8768.056641
26,0.779977,0.237215,8950.975586
27,0.468302,0.501930,9749.602539
28,0.405179,0.568888,10182.235352
29,0.457750,0.523219,10415.052734
30,0.383416,0.534955,10614.744141
31,0.352713,0.523584,10980.738281
32,0.313675,0.523590,11180.424805
33,0.287318,0.531760,11413.308594
34,0.245420,0.547350,11629.600586
35,0.248738,0.540689,11779.366211
36,0.222744,0.535178,11929.120117
37,0.194129,0.562226,12128.736328
38,0.183418,0.536509,12411.601562
39,0.149777,0.526468,12677.763672
40,0.103196,0.521166,12943.996094
41,0.068928,0.517246,13110.367188
42,0.041816,0.510986,13443.120117
43,0.014758,0.504694,13659.417969
44,0.000748,0.527796,13925.614258
45,0.979361,0.504897,14274.986328
46,0.011699,0.507223,14574.474609
47,0.079081,0.506071,14857.300781
48,0.018362,0.503350,15339.791016
49,0.075077,0.507254,15705.827148
50,0.099039,0.501967,15955.390625
51,0.106119,0.527775,16188.305664
52,0.130137,0.508110,16587.609375
53,0.172387,0.507489,16870.476562
54,0.192496,0.502810,17120.033203
55,0.232100,0.496525,17419.505859
56,0.261158,0.498043,17585.865234
57,0.281745,0.491426,17802.166016
58,0.307216,0.488533,18101.664062
59,0.334231,0.485343,18334.556641
60,0.324100,0.481105,18484.312500
61,0.360354,0.451582,18733.859375
62,0.365441,0.442852,18933.529297
63,0.315464,0.483075,19282.912109
64,0.305206,0.502003,19482.544922
65,0.263411,0.524793,19765.382812
66,0.261679,0.488749,20148.062500
67,0.253066,0.483589,20347.716797
68,0.245003,0.481213,20663.812500
69,0.230889,0.480007,20896.767578
70,0.215808,0.481613,21279.400391
71,0.202950,0.483838,21528.978516
72,0.182954,0.479594,22394.111328
73,0.123326,0.529888,22793.437500
74,0.104081,0.517971,23226.003906
75,0.082267,0.493496,23458.933594
76,0.101005,0.485179,23775.058594
77,0.126857,0.477775,24074.519531
78,0.139055,0.481669,24307.478516
79,0.151492,0.488198,24706.767578
0,0.775388,0.444796,83.150490
1,0.843775,0.500941,299.472717
2,0.837930,0.454632,881.674927
3,0.830783,0.378361,1098.020386
4,0.820388,0.373163,1314.315552
5,0.779602,0.587708,1963.130981
6,0.718885,0.573497,2229.339111
7,0.713014,0.561110,2528.807861
8,0.678875,0.522227,2711.817383
9,0.676256,0.495822,2828.409912
10,0.663949,0.443243,3077.843750
11,0.730712,0.326776,3360.758789
12,0.865192,0.322023,4176.031738
13,0.951398,0.372878,4558.614258
14,0.987421,0.448110,4808.205566
15,0.033788,0.433362,5074.410156
16,0.071124,0.425652,5357.250977
17,0.090095,0.399553,5756.537109
18,0.894687,0.457272,6804.698730
19,0.645143,0.442920,7486.903320
20,0.604861,0.414829,7902.759766
21,0.569101,0.394352,8102.458496
22,0.695415,0.170966,8884.383789
23,0.506627,0.537866,9466.775391
24,0.347652,0.501337,10198.850586
25,0.350559,0.507104,10315.243164
26,0.323660,0.467021,10481.637695
27,0.259733,0.462340,10731.158203
28,0.249241,0.393023,11363.421875
29,0.241702,0.387735,11446.568359
30,0.293308,0.535460,14341.562500
31,0.374340,0.549169,14757.432617
32,0.419166,0.576252,14957.138672
33,0.495593,0.425972,15988.677734
34,0.429553,0.446316,16304.785156
35,0.385052,0.512372,16587.703125
36,0.319861,0.505042,16837.207031
37,0.299291,0.501909,17003.511719
38,0.264088,0.498414,17303.037109
39,0.255448,0.501930,17635.781250
40,0.245398,0.516528,17918.648438
41,0.267252,0.363969,18118.232422
42,0.242213,0.433232,18584.154297
43,0.160072,0.464394,19183.070312
44,0.114519,0.448495,19782.029297
45,0.106788,0.456388,19965.003906
46,0.081384,0.439169,20297.744141
47,0.021499,0.523063,20863.464844
48,0.998700,0.468764,21113.003906
49,0.025767,0.440291,21345.941406
50,0.159339,0.693433,21745.242188
51,0.110602,0.433998,21911.615234
52,0.058988,0.498582,22294.261719
53,0.137415,0.552859,22593.757812
54,0.184410,0.557583,22810.056641
55,0.218952,0.552030,23176.115234
56,0.252163,0.552206,23475.583984
57,0.604148,0.478935,24956.302734
0,0.765767,0.476700,316.152313
1,0.784879,0.503632,615.685120
2,0.781585,0.576410,998.330261
3,0.890411,0.571774,1447.524292
4,0.881311,0.590565,1547.393921
5,0.917797,0.567063,1846.787720
6,0.919756,0.519791,2096.395508
7,0.908588,0.461812,2395.885254
8,0.889257,0.413592,2612.158936
9,0.893522,0.382830,2795.193359
10,0.958985,0.469329,3094.653564
11,0.958628,0.451924,3327.571045
12,0.955562,0.370651,3577.085449
13,0.864691,0.325910,4176.116699
14,0.840933,0.311855,4558.814941
15,0.814343,0.301458,4841.610840
16,0.798102,0.304062,5357.307617
17,0.799088,0.296460,5540.324219
18,0.697164,0.241834,5873.082520
19,0.697487,0.256476,5972.953613
20,0.698512,0.335631,6122.683105
21,0.695581,0.320610,6455.404785
22,0.720568,0.273542,6804.792480
23,0.731597,0.388990,7237.379395
24,0.685411,0.409166,7586.804199
25,0.650455,0.408784,7886.246094
26,0.629966,0.372865,8119.274414
27,0.622699,0.368083,8219.010742
28,0.610277,0.400920,8451.950195
29,0.598996,0.419794,8734.837891
30,0.601917,0.416012,8951.081055
31,0.604707,0.481130,9134.161133
32,0.590675,0.553400,9649.866211
33,0.529486,0.514869,10232.172852
34,0.522432,0.472973,10515.004883
35,0.485910,0.498509,11413.481445
36,0.436140,0.531791,12162.202148
37,0.389255,0.542774,12727.773438
38,0.365239,0.559063,13160.406250
39,0.346732,0.567045,13576.384766
40,0.348706,0.552964,13676.208984
41,0.304593,0.580224,13958.989258
42,0.280595,0.582942,14258.434570
43,0.236331,0.588631,14624.490234
44,0.235826,0.575766,14807.491211
45,0.200448,0.595740,14990.521484
46,0.202151,0.575262,15356.552734
47,0.154080,0.547415,15656.009766
48,0.150655,0.546341,16254.988281
49,0.149115,0.556987,16720.787109
50,0.173529,0.496776,17269.853516
51,0.151679,0.454082,17652.585938
52,0.148333,0.431650,17968.664062
53,0.079594,0.567903,18334.746094
54,0.040553,0.588971,18551.007812
55,0.008556,0.607753,18900.367188
56,0.995203,0.586315,19266.408203
57,0.984526,0.634913,19582.550781
58,0.959216,0.679038,19865.380859
59,0.282485,0.935453,21163.033203
60,0.179109,0.865469,22111.425781
61,0.175398,0.515441,22876.691406
62,0.181330,0.489107,23109.726562
63,0.182680,0.457124,23359.228516
64,0.100239,0.440371,24274.277344
65,0.033237,0.448665,24740.128906
0,0.767209,0.508488,349.467834
1,0.804775,0.533002,582.461365
2,0.840981,0.531645,898.579285
3,0.755069,0.235453,1547.385254
4,0.765985,0.198482,1963.319092
5,0.561090,0.505795,2845.140381
6,0.450828,0.500844,3410.820801
7,0.455000,0.511905,3510.618896
8,0.434467,0.403494,3776.797119
9,0.373377,0.410685,4109.544922
10,0.374062,0.432573,4242.645508
11,0.312939,0.469011,4525.550293
12,0.281296,0.501096,4791.730957
13,0.270420,0.489478,5174.335938
14,0.220061,0.435633,5557.101074
15,0.196963,0.497672,5889.874023
16,0.200302,0.512854,6006.219238
17,0.146244,0.417899,6438.839844
18,0.099298,0.417028,7087.709473
19,0.131828,0.582081,7403.799805
20,0.180911,0.597661,7703.254395
21,0.309100,0.442390,8202.392578
22,0.307992,0.407075,8485.255859
23,0.392115,0.545342,8851.279297
24,0.386639,0.539158,9067.586914
25,0.368477,0.518447,9217.291992
26,0.412869,0.545803,9832.936523
27,0.405869,0.464897,10149.011719
28,0.364599,0.412742,10381.984375
29,0.246831,0.492483,10997.629883
30,0.231747,0.510494,11180.524414
31,0.237349,0.512684,11280.354492
32,0.261090,0.408195,11596.455078
33,0.204313,0.553903,11962.482422
34,0.194652,0.581795,12295.259766
35,0.997238,0.481276,13010.768555
36,0.992841,0.474267,13293.500977
37,0.028523,0.510961,13842.521484
38,0.986687,0.502139,14025.585938
39,0.978160,0.547800,14358.305664
40,0.019767,0.555695,14657.806641
41,0.017331,0.544015,14790.912109
42,0.015057,0.541094,15240.121094
43,0.859724,0.509830,15805.773438
44,0.774434,0.530147,16254.994141
45,0.727129,0.524763,16438.000000
46,0.791309,0.503712,16687.605469
47,0.823745,0.501283,16837.361328
48,0.824477,0.540402,17136.773438
49,0.817839,0.555532,17419.646484
50,0.829303,0.351128,17685.847656
51,0.850851,0.271353,17885.541016
52,0.891722,0.283013,18118.513672
53,0.953211,0.307568,18650.787109
54,0.947254,0.306581,18867.105469
55,0.962191,0.309777,19399.507812
56,0.073258,0.519367,19915.347656
57,0.095577,0.489526,20114.892578
58,0.092582,0.462677,20397.742188
59,0.085218,0.463844,20963.431641
60,0.070973,0.460182,21179.761719
61,0.122954,0.537659,21429.275391
62,0.119444,0.524029,21728.869141
63,0.153044,0.609301,22244.542969
64,0.192980,0.477433,22843.466797
65,0.236422,0.463884,23142.941406
66,0.192587,0.525896,23475.732422
67,0.176617,0.481254,23675.457031
68,0.155169,0.495900,23908.320312
69,0.287944,0.447621,24324.240234
0,0.791849,0.533388,149.722443
1,0.758809,0.522402,332.723145
2,0.743832,0.446296,682.157593
3,0.748747,0.334957,848.531250
4,0.505962,0.544806,2229.457520
5,0.605851,0.627717,2595.471924
6,0.646066,0.676816,3044.706543
7,0.696506,0.654505,3244.378174
8,0.691119,0.646770,3427.384521
9,0.703860,0.604743,3577.103027
10,0.833073,0.526044,5007.908691
11,0.806888,0.539369,5157.618652
12,0.786516,0.538975,5473.801758
13,0.949656,0.374178,6638.381348
14,0.006761,0.559385,7470.313477
15,0.059749,0.561416,7653.271973
16,0.021549,0.539916,7869.577637
17,0.181511,0.503492,8651.530273
18,0.103049,0.520516,8934.399414
19,0.076671,0.505001,9400.267578
20,0.063590,0.506236,9533.315430
21,0.073345,0.492305,9799.544922
22,0.064255,0.487325,9949.252930
23,0.002399,0.488266,10182.190430
24,0.950838,0.517247,10548.233398
25,0.939562,0.363127,11197.094727
26,0.929915,0.365799,11546.549805
27,0.019133,0.634843,12145.416016
28,0.989473,0.803403,12810.937500
29,0.141621,0.849294,13010.571289
30,0.198139,0.844553,13310.180664
31,0.777098,0.953086,13759.252930
32,0.638595,0.955179,14042.125000
33,0.232771,0.805044,14591.200195
34,0.220074,0.781191,14774.215820
35,0.340291,0.918520,15339.866211
36,0.044674,0.981433,16138.448242
37,0.679904,0.942984,16571.050781
38,0.479513,0.574521,17602.535156
39,0.423760,0.551480,17785.556641
40,0.376079,0.514878,17985.207031
41,0.347310,0.519768,18301.359375
42,0.385511,0.489444,18567.537109
43,0.391630,0.493056,18767.210938
44,0.402103,0.500270,18966.869141
45,0.514830,0.480843,19848.654297
46,0.516035,0.485097,19981.744141
47,0.415195,0.556104,20347.792969
48,0.396579,0.586790,20663.871094
49,0.343737,0.515865,21063.218750
50,0.280955,0.534595,21279.490234
51,0.285326,0.559314,21595.664062
52,0.249387,0.505443,21861.832031
53,0.147397,0.463019,22843.417969
54,0.117698,0.525841,23641.998047
55,0.124130,0.528389,23908.230469
56,0.100883,0.531127,24374.109375
57,0.038638,0.504103,24989.658203
0,0.744189,0.438471,116.469688
1,0.785032,0.485395,382.668060
2,0.800030,0.567363,698.781006
3,0.877829,0.624792,1214.484741
4,0.875498,0.624873,1331.015625
5,0.942514,0.523571,1663.729004
6,0.988693,0.626068,2545.607422
7,0.854897,0.415360,3327.462646
8,0.837538,0.336592,3627.021484
9,0.759075,0.521396,4309.117676
10,0.691573,0.435667,4625.289551
11,0.637399,0.498184,5024.510254
12,0.644973,0.506113,5157.667969
13,0.621023,0.662257,5789.819336
14,0.494497,0.508122,6372.184570
15,0.484240,0.473173,6671.611816
16,0.423178,0.482784,6987.749512
17,0.377311,0.501824,7270.571777
18,0.393822,0.517489,7836.340820
19,0.364922,0.520933,8069.298828
20,0.269337,0.521776,8418.599609
21,0.257817,0.575870,8967.657227
22,0.236906,0.731380,9217.177734
23,0.223226,0.760442,9583.316406
24,0.229159,0.788655,9683.055664
25,0.222417,0.777612,10365.172852
26,0.187769,0.531932,11213.696289
27,0.234943,0.533828,11629.624023
28,0.254387,0.536439,11845.912109
29,0.277036,0.507234,12128.811523
30,0.286493,0.572734,12644.506836
31,0.317661,0.566530,12993.903320
32,0.329951,0.539238,13359.937500
33,0.335165,0.537007,13509.676758
34,0.339954,0.528835,13659.518555
35,0.362567,0.552375,13992.219727
36,0.372418,0.584244,14241.818359
37,0.357140,0.569389,14707.631836
38,0.350601,0.568387,14824.079102
39,0.248608,0.532354,14990.424805
40,0.247673,0.527644,15123.534180
41,0.238113,0.551747,15389.719727
42,0.213693,0.556234,15739.110352
43,0.185132,0.485703,16071.860352
44,0.145670,0.449235,16288.150391
45,0.144402,0.469084,16471.148438
46,0.102134,0.426487,16687.484375
47,0.102655,0.439947,16770.746094
48,0.107010,0.442966,16887.154297
49,0.117957,0.465417,17153.355469
50,0.123746,0.471707,17353.070312
51,0.135738,0.451997,17602.560547
52,0.116201,0.505293,17902.000000
53,0.103894,0.453123,18201.515625
54,0.113401,0.493976,18517.671875
55,0.104115,0.516055,18650.726562
56,0.108995,0.524369,19050.037109
57,0.116949,0.506159,19249.740234
58,0.120972,0.491695,19582.429688
59,0.108281,0.525912,19965.056641
60,0.113981,0.528488,20181.347656
61,0.071719,0.517979,20464.222656
62,0.080829,0.507751,20763.685547
63,0.128487,0.496427,21096.408203
64,0.175912,0.501343,21429.195312
65,0.173147,0.498765,21745.283203
66,0.126590,0.491160,22111.310547
67,0.157313,0.507609,23109.558594
68,0.118410,0.498216,24290.912109
0,0.795298,0.575801,149.818817
1,0.857266,0.545447,632.229187
2,0.851747,0.540561,915.126160
3,0.864911,0.595422,1098.081055
4,0.732573,0.747412,1497.415161
5,0.700715,0.836997,1946.562866
6,0.479795,0.501199,3028.024902
7,0.444986,0.466098,3310.934326
8,0.499470,0.315764,3710.195312
9,0.616281,0.121623,4226.026367
10,0.672436,0.115441,4458.883789
11,0.781102,0.209745,4858.173340
12,0.779558,0.216835,4974.615723
13,0.806594,0.178970,5473.790039
14,0.991706,0.302755,6472.042480
15,0.061080,0.451997,6937.918945
16,0.057737,0.599257,7154.213379
17,0.054147,0.586571,7287.309570
18,0.111483,0.637923,7570.116211
19,0.978996,0.529833,8784.650391
20,0.574809,0.610114,10481.645508
21,0.574537,0.580112,10614.780273
22,0.991670,0.468604,12028.998047
23,0.168172,0.445844,12927.455078
24,0.198341,0.133246,13659.530273
25,0.260237,0.064214,13892.468750
26,0.246113,0.081891,13992.241211
27,0.701669,0.018617,14275.105469
28,0.450691,0.501951,15339.870117
29,0.374144,0.521364,15905.639648
30,0.308100,0.430845,20014.986328
31,0.110477,0.460495,20846.925781
32,0.949899,0.454248,21845.132812
33,0.220338,0.072815,22993.113281
34,0.261991,0.106869,23226.144531
35,0.427956,0.532995,24956.349609
0,0.779081,0.668466,183.003510
1,0.761766,0.574798,366.021515
2,0.751687,0.472535,582.344604
3,0.745172,0.395980,831.867859
4,0.043398,0.510189,2395.866699
5,0.055001,0.536639,2562.206055
6,0.053297,0.589233,2828.409668
7,0.041159,0.582413,3044.658203
8,0.015898,0.559578,3394.064209
9,0.987673,0.624535,3760.093262
10,0.966744,0.723496,3976.395264
11,0.020437,0.738365,4209.337402
12,0.015717,0.732530,4325.770020
13,0.181393,0.512105,5357.315430
14,0.173015,0.516375,5523.696777
15,0.671550,0.525083,6887.995117
16,0.676082,0.522331,6971.192383
17,0.611095,0.520272,7204.090332
18,0.553429,0.539455,7503.567383
19,0.508106,0.504942,7786.375977
20,0.494746,0.461848,8002.719238
21,0.447124,0.497236,8285.513672
22,0.453557,0.476313,8734.771484
23,0.077251,0.636993,10847.806641
24,0.160665,0.522881,11230.370117
25,0.202155,0.498231,11613.035156
26,0.280657,0.518497,12328.453125
27,0.278078,0.536196,12444.915039
28,0.321635,0.593284,12910.798828
29,0.306444,0.523300,13293.420898
30,0.299753,0.592884,13742.661133
31,0.288221,0.548021,14058.757812
32,0.280873,0.487792,14624.442383
33,0.286642,0.511435,15223.403320
34,0.272791,0.535773,15423.069336
35,0.274615,0.546098,15639.345703
36,0.261657,0.439405,16055.259766
37,0.262793,0.437713,16454.574219
38,0.263504,0.468209,16620.962891
39,0.241234,0.536716,16803.978516
40,0.254967,0.567765,17120.103516
41,0.273734,0.537872,17552.691406
42,0.250012,0.508803,17818.845703
43,0.250949,0.516738,18035.187500
44,0.255842,0.468778,18284.697266
45,0.267741,0.462012,18617.472656
46,0.267900,0.458871,18933.572266
47,0.253959,0.500080,19432.708984
48,0.270458,0.525414,19748.808594
49,0.284176,0.559310,19981.750000
50,0.294378,0.598352,20347.775391
51,0.318562,0.667580,20680.560547
52,0.276284,0.668995,20946.746094
53,0.266097,0.632489,21761.982422
54,0.256920,0.586572,22111.369141
55,0.254694,0.572309,22211.218750
56,0.268498,0.583077,22710.326172
57,0.266643,0.556729,23192.798828
58,0.259811,0.506193,23409.101562
59,0.263272,0.480950,24008.052734
0,0.723623,0.486153,50.062958
1,0.830935,0.475051,432.623657
2,0.873573,0.140641,1264.569092
3,0.909422,0.159915,1464.186523
4,0.910777,0.157229,1630.596191
5,0.924200,0.428844,1896.743042
6,0.950703,0.447701,2196.263184
7,0.993225,0.552111,2445.790283
8,0.085906,0.455173,3227.749023
9,0.955798,0.393102,3876.654297
10,0.946378,0.406770,4043.021973
11,0.029716,0.473683,4475.598145
12,0.025894,0.455245,4592.061035
13,0.026543,0.438420,4708.497559
14,0.357560,0.463454,7503.648438
15,0.252785,0.410456,8169.119629
16,0.260497,0.423868,8318.875000
17,0.275642,0.318304,8485.236328
18,0.307739,0.469373,8901.173828
19,0.688383,0.557758,9982.628906
20,0.681682,0.369487,10465.099609
21,0.668716,0.344694,10648.124023
22,0.116503,0.441011,12677.934570
23,0.185911,0.523900,12960.790039
24,0.170600,0.522057,13310.148438
25,0.252862,0.300865,14225.200195
26,0.305480,0.418112,14940.650391
27,0.295917,0.532776,15389.830078
28,0.285415,0.291482,15656.041016
29,0.261215,0.373415,16171.843750
30,0.272653,0.345754,16404.755859
31,0.268940,0.303530,17036.994141
32,0.265462,0.295002,17902.142578
33,0.267316,0.296955,18417.888672
34,0.279447,0.385306,19399.482422
35,0.275785,0.410015,19499.365234
36,0.272224,0.291359,20514.238281
37,0.276748,0.287716,22427.587891
38,0.277483,0.303650,22677.109375
39,0.284974,0.322350,23142.980469
40,0.268127,0.303884,23658.720703
41,0.272203,0.294354,24507.240234
42,0.273020,0.309654,24989.771484
0,0.769533,0.360692,415.964203
1,0.742607,0.238492,898.464294
2,0.974705,0.184701,3011.434082
3,0.029361,0.600966,4725.129395
4,0.027543,0.586068,4824.990723
5,0.015348,0.553976,5074.461426
6,0.015052,0.565353,5457.166016
7,0.917138,0.605134,5789.892578
8,0.074428,0.951702,6971.264648
9,0.803252,0.799920,8618.387695
10,0.776449,0.835374,9067.547852
11,0.724319,0.869446,9250.565430
12,0.680798,0.903255,9649.823242
13,0.629432,0.808717,11064.068359
14,0.520774,0.669916,11513.250000
15,0.455366,0.524886,11712.897461
16,0.404058,0.471429,12012.422852
17,0.242154,0.471053,12677.849609
18,0.205124,0.638361,12910.791992
19,0.179661,0.964996,13176.979492
20,0.220035,0.977779,13293.485352
21,0.310994,0.910180,13842.501953
22,0.295765,0.899580,13942.373047
23,0.208877,0.753291,14308.378906
24,0.191258,0.442154,14774.222656
25,0.192154,0.380894,15040.486328
26,0.179570,0.363078,15240.063477
27,0.152623,0.495303,15672.698242
28,0.158375,0.444357,16005.443359
29,0.117188,0.435179,16304.904297
30,0.099749,0.495567,16887.197266
31,0.052928,0.516630,17170.042969
32,0.026019,0.517749,17402.933594
33,0.007055,0.535719,17719.132812
34,0.997114,0.575198,17951.964844
35,0.024984,0.496567,18251.474609
36,0.197872,0.471594,18833.802734
37,0.289777,0.486292,19116.626953
38,0.309897,0.501301,19416.068359
39,0.344039,0.509432,19732.273438
40,0.341353,0.510330,19881.978516
41,0.376323,0.566398,20048.310547
42,0.379004,0.594597,20414.384766
43,0.408492,0.596624,20713.812500
44,0.415634,0.555869,21029.949219
45,0.375949,0.519379,21362.679688
46,0.361259,0.547879,21728.708984
47,0.360774,0.554521,21978.302734
48,0.288773,0.461406,22161.271484
49,0.272786,0.385809,22427.572266
50,0.099098,0.420562,23309.289062
51,0.087782,0.449323,23675.343750
52,0.985598,0.572811,24074.660156
53,0.951035,0.508450,24490.580078
54,0.014753,0.477241,24956.480469
0,0.731566,0.569468,366.069397
1,0.740933,0.524234,632.274536
2,0.794679,0.472394,1031.529419
3,0.864100,0.482354,1264.427124
4,0.894664,0.414324,1497.428589
5,0.886069,0.518979,1979.881104
6,0.855001,0.542691,2345.889160
7,0.812843,0.546022,2512.393799
8,0.782055,0.540904,2761.866699
9,0.778500,0.545973,3011.398926
10,0.786983,0.650500,3460.702881
11,0.710054,0.512874,4009.660156
12,0.650638,0.486234,4192.677734
13,0.741341,0.476784,4425.572754
14,0.704275,0.364249,4708.466797
15,0.667490,0.325193,4891.458984
16,0.673221,0.328854,4974.687988
17,0.639132,0.311161,5157.636230
18,0.603497,0.317822,5490.452637
19,0.626457,0.349026,6006.238281
20,0.536139,0.526713,6505.282715
21,0.409317,0.556053,7104.255371
22,0.392841,0.566311,7353.835938
23,0.363733,0.532898,7570.147949
24,0.342589,0.532280,7836.329590
25,0.329260,0.527602,8185.708008
26,0.332755,0.525489,8335.438477
27,0.345918,0.525315,8501.795898
28,0.359451,0.504590,8801.394531
29,0.271235,0.542775,9050.833984
30,0.233890,0.550265,9267.197266
31,0.228862,0.505157,9566.710938
32,0.229971,0.499764,9716.400391
33,0.203437,0.515379,10015.824219
34,0.175087,0.546721,10182.232422
35,0.216102,0.599337,10431.789062
36,0.266583,0.702080,10781.235352
37,0.397442,0.713564,11363.490234
38,0.457724,0.833827,12228.643555
39,0.472980,0.874311,12428.307617
40,0.359350,0.910221,12611.281250
41,0.357645,0.914129,12960.726562
42,0.648919,0.667321,14358.252930
43,0.542637,0.716880,15323.231445
44,0.454565,0.512124,15855.643555
45,0.498452,0.467396,16155.140625
46,0.537704,0.569396,16371.373047
47,0.584477,0.521485,16803.976562
48,0.672876,0.545704,17419.589844
49,0.708190,0.499261,17852.121094
50,0.770532,0.489571,18035.208984
51,0.800265,0.554179,18551.035156
52,0.813160,0.558985,19116.582031
53,0.820352,0.554259,19449.369141
54,0.799196,0.547299,19615.732422
55,0.797350,0.547336,20214.677734
56,0.793686,0.539606,20331.126953
57,0.831324,0.531623,20514.177734
58,0.909992,0.523418,20780.332031
59,0.905036,0.530055,21113.189453
60,0.963054,0.532015,21429.246094
61,0.976613,0.563463,21645.619141
62,0.995122,0.625740,21895.085938
63,0.022099,0.571063,22227.876953
64,0.009332,0.543608,22494.085938
65,0.057999,0.578081,22959.917969
66,0.056418,0.578695,23109.589844
67,0.065560,0.536400,23259.408203
68,0.101959,0.522144,23525.566406
69,0.163501,0.522555,24340.882812
70,0.198123,0.535982,24540.503906
71,0.198815,0.523349,24723.476562
0,0.742435,0.422997,16.676332
1,0.800563,0.574456,399.351105
2,0.798692,0.580469,532.407349
3,0.807285,0.549915,782.010315
4,0.807384,0.807445,1114.723389
5,0.816875,0.813055,1214.574463
6,0.833112,0.929695,1580.562622
7,0.053426,0.954766,1880.068481
8,0.999849,0.956255,2079.746094
9,0.087665,0.915087,2246.130859
10,0.002313,0.519586,2745.231689
11,0.994082,0.458059,2895.036621
12,0.046245,0.498150,3294.285400
13,0.051659,0.296524,3726.831299
14,0.031177,0.279224,3943.148682
15,0.060770,0.211326,4275.889160
16,0.076165,0.185422,4542.079590
17,0.076121,0.488087,4908.113281
18,0.118175,0.546320,5207.567871
19,0.009942,0.521714,5606.907227
20,0.880551,0.317333,6455.424805
21,0.737463,0.266108,7120.921387
22,0.700965,0.566718,7620.050293
23,0.663190,0.463537,7936.180664
24,0.597654,0.357690,8368.715820
25,0.544240,0.481637,8568.391602
26,0.545036,0.468626,8801.333984
27,0.498315,0.475729,9000.989258
28,0.450543,0.441180,9383.649414
29,0.391582,0.445397,9649.846680
30,0.341807,0.551481,9999.238281
31,0.344310,0.546343,10132.311523
32,0.276075,0.517962,10381.854492
33,0.280608,0.512892,10564.967773
34,0.278816,0.414386,10747.908203
35,0.245186,0.568552,11130.650391
36,0.310130,0.507892,11513.255859
37,0.291380,0.753940,11796.102539
38,0.285634,0.752274,11929.143555
39,0.351628,0.857464,12178.723633
40,0.414898,0.877761,12627.965820
41,0.372725,0.175236,13409.902344
42,0.391527,0.148659,13642.864258
43,0.514658,0.310531,14025.513672
44,0.541248,0.505255,14641.116211
45,0.626372,0.539538,15190.142578
46,0.695383,0.522524,15423.054688
47,0.730320,0.440169,15822.369141
48,0.750606,0.343798,16022.022461
49,0.797386,0.316296,16304.859375
50,0.984787,0.462803,17336.406250
51,0.048131,0.478244,17619.218750
52,0.091163,0.451569,17935.337891
53,0.091881,0.459297,18035.162109
54,0.154317,0.452084,18334.644531
55,0.152375,0.467298,18584.195312
56,0.194468,0.457528,18800.474609
57,0.231458,0.452313,19249.716797
58,0.253113,0.450214,19599.089844
59,0.284908,0.486235,19998.386719
60,0.250875,0.558285,20381.058594
61,0.264431,0.547389,20697.181641
62,0.345777,0.473601,20863.578125
63,0.342750,0.466862,21229.601562
64,0.355677,0.474842,21395.951172
65,0.351812,0.482347,22360.935547
66,0.350865,0.472082,22677.056641
67,0.322886,0.404260,23226.082031
68,0.237976,0.428553,23542.210938
69,0.239673,0.420653,23741.878906
70,0.247908,0.483191,23891.601562
71,0.201607,0.509898,24374.097656
0,0.417299,0.481371,2429.026855
1,0.401119,0.575863,2761.832520
2,0.899766,0.368158,5423.874512
3,0.026559,0.465151,5956.212891
4,0.976451,0.269536,6588.475098
5,0.923951,0.306533,6771.465332
6,0.984652,0.336763,6937.822266
7,0.455616,0.380504,13077.152344
8,0.411989,0.460157,14208.465820
9,0.377249,0.463937,14408.148438
10,0.381195,0.463349,14607.781250
11,0.411241,0.465148,14957.252930
12,0.407490,0.493679,15389.711914
13,0.406910,0.448246,15888.870117
14,0.369204,0.453302,16437.935547
15,0.368490,0.452485,16620.933594
16,0.276688,0.434727,16937.015625
17,0.381422,0.404993,17253.183594
18,0.275022,0.103013,21379.251953
19,0.299603,0.093731,21462.486328
20,0.370124,0.281688,22959.921875
21,0.367515,0.274991,23325.912109
22,0.200237,0.488715,23841.648438
23,0.239518,0.552150,24057.949219
24,0.244500,0.454887,24507.208984
25,0.089052,0.422041,24973.064453
0,0.763193,0.449865,282.806915
1,0.733732,0.625928,565.678650
2,0.736709,0.587181,815.206604
3,0.742859,0.368876,1064.802246
4,0.737609,0.284384,1364.293457
5,0.735623,0.225435,1730.320679
6,0.727726,0.168478,2096.323730
7,0.722790,0.143156,2379.202393
8,0.726217,0.126948,2528.910400
9,0.704476,0.124751,2745.176025
10,0.621160,0.170890,3194.470459
11,0.679875,0.186211,3710.173340
12,0.591713,0.227408,4142.765137
13,0.604009,0.429245,4408.946289
14,0.616101,0.656934,5024.532227
15,0.519054,0.607796,5490.450195
16,0.459903,0.567928,5856.435059
17,0.423008,0.569306,6588.487305
18,0.427171,0.557383,6854.721191
19,0.436621,0.596170,7187.436035
20,0.469897,0.688438,7736.449219
21,0.488346,0.656967,8019.317871
22,0.662043,0.665935,8668.165039
23,0.709114,0.712683,8934.398438
24,0.713197,0.715000,9067.472656
25,0.694548,0.712988,9200.579102
26,0.676981,0.719178,9383.571289
27,0.758519,0.636279,9616.500977
28,0.800887,0.610768,9816.151367
29,0.863118,0.629204,10198.852539
30,0.863952,0.620134,10298.670898
31,0.934311,0.601023,11047.327148
32,0.967373,0.655172,11430.020508
33,0.975817,0.713826,11613.040039
34,0.055748,0.572198,12761.021484
35,0.087699,0.576352,12977.308594
36,0.105806,0.565691,13093.784180
37,0.131004,0.571615,13276.772461
38,0.170633,0.575578,13609.520508
39,0.186760,0.576587,13759.267578
40,0.208209,0.577662,13892.368164
41,0.234356,0.379354,14574.513672
42,0.246150,0.406729,14840.734375
43,0.263847,0.402748,15273.343750
44,0.270142,0.401282,15373.124023
45,0.274458,0.393872,15472.956055
46,0.184410,0.384520,17935.304688
47,0.162410,0.313373,18118.345703
48,0.045585,0.404398,18567.544922
49,0.043865,0.294113,18867.041016
50,0.922356,0.322520,19466.003906
51,0.951915,0.155714,19815.345703
52,0.888571,0.157401,19998.373047
53,0.833549,0.199107,20430.970703
54,0.747997,0.192343,21079.818359
55,0.786933,0.204058,21578.992188
56,0.785068,0.187822,21678.755859
57,0.737825,0.152541,21845.169922
58,0.725810,0.111583,22111.349609
59,0.676521,0.188059,22543.935547
60,0.745853,0.358373,22893.306641
61,0.728642,0.237605,23176.148438
62,0.602419,0.210971,23542.230469
63,0.713539,0.458704,23941.468750
64,0.725718,0.512673,24357.437500
65,0.740674,0.438389,24956.386719
0,0.714675,0.509646,332.736877
1,0.002014,0.587750,2345.889893
2,0.029282,0.620977,2495.578613
3,0.043073,0.662785,2612.051758
4,0.028695,0.481783,3360.798584
5,0.129032,0.650825,3593.699707
6,0.170826,0.531424,4342.408203
7,0.217111,0.670973,4458.854492
8,0.286298,0.727660,4957.951660
9,0.313376,0.795278,5473.763672
10,0.080368,0.479038,6355.544922
11,0.090755,0.490544,6605.093750
12,0.103817,0.523798,6871.282227
13,0.103064,0.534111,7004.368652
14,0.856202,0.352076,7969.343262
15,0.835491,0.391565,8268.884766
16,0.805755,0.489141,8584.951172
17,0.801640,0.480831,8684.822266
18,0.760815,0.439093,8867.789062
19,0.729937,0.499157,9100.699219
20,0.681928,0.392146,9400.230469
21,0.428342,0.577695,10564.863281
22,0.384196,0.543128,10864.312500
23,0.381511,0.535888,11097.248047
24,0.349513,0.530940,11280.265625
25,0.357370,0.531538,11463.246094
26,0.676576,0.562943,12794.284180
27,0.696100,0.566585,13027.207031
28,0.775463,0.552525,13476.410156
29,0.789546,0.548603,13759.282227
30,0.817569,0.631673,14191.845703
31,0.671183,0.555684,15772.402344
32,0.513069,0.504176,16903.728516
33,0.526398,0.490934,17519.373047
34,0.530370,0.484577,17719.009766
35,0.541156,0.457982,17852.105469
36,0.555074,0.335710,18151.593750
37,0.547624,0.421063,18467.705078
38,0.536432,0.443238,18634.037109
39,0.509953,0.459810,19549.125000
40,0.509547,0.452168,19648.939453
41,0.537949,0.576729,19848.632812
42,0.662631,0.643235,20913.431641
43,0.648219,0.712209,21096.447266
44,0.643467,0.711694,21329.365234
45,0.681588,0.718503,21778.562500
46,0.703825,0.196659,22610.460938
47,0.692337,0.242892,23043.015625
48,0.658864,0.496029,23542.173828
49,0.711887,0.522172,23841.648438
50,0.716664,0.529439,23941.441406
51,0.736137,0.566797,24024.634766
52,0.777235,0.592822,24540.406250
53,0.800498,0.607963,24956.332031
0,0.751741,0.444591,382.652771
1,0.735300,0.291675,815.243286
2,0.715455,0.246748,1014.873352
3,0.714611,0.221558,1281.108398
4,0.836573,0.574566,2612.163574
5,0.837349,0.499859,2911.566406
6,0.004211,0.445872,3743.471191
7,0.005674,0.463881,3893.203125
8,0.038444,0.480788,4259.268555
9,0.033831,0.476663,4425.631348
10,0.095377,0.449072,4658.571777
11,0.116783,0.429362,4908.163086
12,0.997330,0.475731,5490.375977
13,0.005376,0.464193,5739.966309
14,0.986298,0.493834,6089.330566
15,0.001400,0.484801,6355.553223
16,0.987752,0.494861,6538.642578
17,0.034207,0.438576,6804.752441
18,0.999568,0.494731,7420.377930
19,0.028883,0.416293,7936.162598
20,0.023235,0.425692,8385.343750
21,0.026173,0.376816,8568.344727
22,0.162626,0.468054,9317.017578
23,0.206733,0.428331,9583.230469
24,0.238585,0.430318,9782.882812
25,0.248784,0.416727,10165.544922
26,0.853679,0.556444,11097.250977
27,0.762462,0.488565,11579.735352
28,0.535404,0.480137,12528.100586
29,0.498899,0.465926,12727.726562
30,0.461832,0.471554,12944.024414
31,0.423072,0.544115,13160.330078
32,0.382659,0.460592,13626.156250
33,0.356184,0.466843,13842.456055
34,0.382251,0.461756,14125.277344
35,0.252111,0.489081,14707.605469
36,0.241417,0.440996,14907.240234
37,0.257418,0.473957,15273.265625
38,0.263476,0.508779,15689.207031
39,0.262816,0.480414,15805.682617
40,0.253557,0.468364,16171.721680
41,0.371164,0.494911,16654.191406
42,0.401462,0.485062,16803.949219
43,0.396662,0.505140,17336.337891
44,0.454440,0.475849,17619.189453
45,0.659517,0.554436,18467.726562
46,0.705408,0.511106,18950.189453
47,0.737354,0.423184,19332.875000
48,0.383640,0.479567,20314.484375
49,0.313112,0.514295,20697.125000
50,0.270223,0.534874,20996.607422
51,0.270245,0.515327,21096.425781
52,0.229042,0.532958,21262.861328
53,0.230606,0.520564,21429.191406
54,0.249020,0.620001,21728.679688
55,0.297111,0.508488,22011.509766
56,0.799237,0.445860,23592.060547
57,0.797693,0.417463,23841.625000
58,0.750200,0.440544,24274.214844
59,0.962061,0.457982,24889.802734
0,0.751494,0.488111,416.048035
1,0.633701,0.529783,1397.671753
2,0.512568,0.505661,1830.248657
3,0.512194,0.480704,2146.285889
4,0.567071,0.519785,2562.258301
5,0.445970,0.535813,2845.067871
6,0.402439,0.551331,3078.031006
7,0.405694,0.558253,3194.489990
8,0.389107,0.596533,3427.372803
9,0.375468,0.531563,3710.214111
10,0.358949,0.511702,3893.248047
11,0.328469,0.493893,4275.967773
12,0.252426,0.528569,4558.753906
13,0.257274,0.545190,4708.486816
14,0.255502,0.525377,4974.695801
15,0.196169,0.567721,5307.452637
16,0.177623,0.581789,5540.360840
17,0.167099,0.510783,5823.213867
18,0.256973,0.529055,6255.762695
19,0.316733,0.534229,6571.910645
20,0.378689,0.537440,6904.649902
21,0.457128,0.529146,7337.235840
22,0.543749,0.524352,7603.429199
23,0.655936,0.536874,8235.661133
24,0.746695,0.290976,8867.934570
25,0.772224,0.273741,9100.845703
26,0.837436,0.311074,9416.912109
27,0.840510,0.301927,9699.750977
28,0.831547,0.285727,9999.243164
29,0.836613,0.295199,10381.909180
30,0.880426,0.365778,10681.407227
31,0.924399,0.409301,11213.790039
32,0.959941,0.416040,11563.161133
33,0.024138,0.515692,12012.434570
34,0.032754,0.547839,12228.671875
35,0.105436,0.552427,12644.602539
36,0.101020,0.550138,12777.701172
37,0.132554,0.592085,12994.009766
38,0.177347,0.570342,13326.753906
39,0.180012,0.544215,13642.879883
40,0.209042,0.578495,13992.259766
41,0.134553,0.599767,14325.013672
42,0.222048,0.599654,14824.148438
43,0.257649,0.589482,15106.958984
44,0.292909,0.625062,15339.916992
45,0.291087,0.621735,15472.999023
46,0.321170,0.602613,15689.296875
47,0.364119,0.590958,16121.906250
48,0.385492,0.566037,16454.615234
49,0.399337,0.566249,16837.292969
50,0.370779,0.550054,17569.380859
51,0.376430,0.549695,17785.646484
52,0.006691,0.520659,18833.796875
53,0.678988,0.518108,19798.787109
54,0.685347,0.521266,19998.470703
55,0.765563,0.471707,20281.294922
56,0.804143,0.413550,20497.562500
57,0.890062,0.341454,20930.125000
58,0.906133,0.319425,21096.531250
59,0.926302,0.300546,21329.451172
60,0.965814,0.308174,21811.919922
61,0.012791,0.371625,22227.890625
62,0.954628,0.435389,22577.253906
63,0.033089,0.527059,23176.212891
64,0.356495,0.537247,24573.806641
65,0.398574,0.534864,24973.117188
0,0.794915,0.430522,515.674622
1,0.943732,0.278872,1114.630615
2,0.060945,0.572973,1746.866089
3,0.308829,0.505734,2695.208496
4,0.295711,0.584746,2994.684082
5,0.257517,0.614627,3244.320801
6,0.232832,0.511173,3577.046631
7,0.669362,0.231461,5190.851074
8,0.680950,0.214692,5390.610840
9,0.751055,0.634137,5789.807129
10,0.504991,0.498747,7802.949707
11,0.648445,0.430024,8418.596680
12,0.647900,0.396105,8585.031250
13,0.667093,0.363673,9117.419922
14,0.400119,0.329347,10215.390625
15,0.245557,0.448948,10647.992188
16,0.211560,0.467500,10930.856445
17,0.216074,0.459380,11014.023438
18,0.222300,0.459267,11113.909180
19,0.241639,0.454375,11413.333008
20,0.256597,0.468538,13027.148438
21,0.262300,0.491237,13176.897461
22,0.272313,0.527697,13592.873047
23,0.269555,0.525069,13692.696289
24,0.246897,0.638835,13859.048828
25,0.247158,0.643857,13975.507812
26,0.255623,0.549237,14424.758789
27,0.243844,0.496819,14574.458008
28,0.242764,0.486638,14857.290039
29,0.283765,0.408945,15073.593750
30,0.282182,0.447815,15556.091797
31,0.282899,0.446195,15722.458984
32,0.279496,0.609355,16088.529297
33,0.272617,0.573943,16521.042969
34,0.260320,0.478417,16770.615234
35,0.314893,0.520488,18334.539062
36,0.279489,0.347408,19316.210938
37,0.255577,0.332681,19915.171875
38,0.221983,0.402383,20530.714844
39,0.275095,0.438358,20913.367188
40,0.289501,0.432680,21878.376953
41,0.330149,0.517762,22577.126953
42,0.364336,0.528474,23192.710938
43,0.283662,0.455408,23425.687500
44,0.253945,0.462676,23808.339844
45,0.269112,0.434134,24041.232422
0,0.712273,0.427610,332.696198
1,0.813040,0.546831,732.024414
2,0.809928,0.551194,831.817200
3,0.752287,0.782337,1414.204102
4,0.724181,0.810357,1613.774658
5,0.386709,0.912823,2395.762207
6,0.426160,0.531971,3310.855713
7,0.371111,0.507070,3560.430176
8,0.426470,0.536813,3976.405273
9,0.369150,0.488688,4442.229492
10,0.013861,0.486239,6455.371582
11,0.165766,0.498827,8817.955078
12,0.124972,0.555921,9167.243164
13,0.094629,0.547605,9366.899414
14,0.055759,0.486382,9666.387695
15,0.094314,0.482421,9965.872070
16,0.101087,0.540048,10282.075195
17,0.070597,0.565665,10564.898438
18,0.981532,0.515453,10980.758789
19,0.991861,0.520558,11246.938477
20,0.031027,0.526488,11746.233398
21,0.055844,0.537685,12062.220703
22,0.009614,0.537222,12411.624023
23,0.068031,0.455239,12927.353516
24,0.120773,0.491250,13226.864258
25,0.187449,0.515680,13476.381836
26,0.275019,0.585092,14141.929688
27,0.283316,0.500728,14408.088867
28,0.342315,0.506717,14657.748047
29,0.364924,0.524950,14873.946289
30,0.400386,0.527891,15506.231445
31,0.424980,0.547344,15705.846680
32,0.218658,0.497430,16637.523438
33,0.227460,0.395621,16820.546875
34,0.256974,0.418878,17070.187500
35,0.163735,0.459387,17452.802734
36,0.178533,0.539096,17885.343750
37,0.169909,0.569085,18135.007812
38,0.129578,0.568669,18434.375000
39,0.136857,0.683848,18950.255859
40,0.126633,0.505876,19615.666016
41,0.125285,0.496609,19715.480469
42,0.164026,0.497093,19881.908203
43,0.167264,0.559307,20198.058594
44,0.182965,0.574040,20597.316406
45,0.195431,0.583501,20930.156250
46,0.179841,0.668256,21246.185547
47,0.171821,0.684078,21612.218750
48,0.118108,0.584782,21961.660156
49,0.102568,0.574828,22543.871094
50,0.114195,0.586400,22860.017578
51,0.204252,0.544385,23059.642578
52,0.380247,0.532835,23791.773438
53,0.480699,0.503357,24507.177734
54,0.602933,0.467503,24956.392578
0,0.756571,0.518291,149.724411
1,0.832782,0.538355,981.683899
2,0.708277,0.294454,1647.129517
3,0.525147,0.510998,2778.530518
4,0.476159,0.491403,3028.033203
5,0.435003,0.482687,3227.798828
6,0.579743,0.504304,3543.798584
7,0.748630,0.319498,4325.794922
8,0.738542,0.274081,4824.901367
9,0.938802,0.499045,5523.710449
10,0.116249,0.538916,6638.391113
11,0.127494,0.508825,6904.596680
12,0.124131,0.488937,7154.245605
13,0.128272,0.485809,7303.975586
14,0.194602,0.501479,7620.030762
15,0.268561,0.526472,8135.823242
16,0.282806,0.539208,8451.914062
17,0.254985,0.557975,8634.934570
18,0.218731,0.675517,9217.216797
19,0.219938,0.691443,9317.055664
20,0.227331,0.712026,9500.079102
21,0.133305,0.687319,9832.833008
22,0.230270,0.731003,10099.110352
23,0.187049,0.728162,10298.769531
24,0.196403,0.562606,10897.599609
25,0.176644,0.501992,11163.849609
26,0.182197,0.487027,11330.246094
27,0.272573,0.531377,11712.866211
28,0.273294,0.515506,11895.867188
29,0.255624,0.487540,12211.980469
30,0.248649,0.470588,12444.939453
31,0.325569,0.528825,12910.770508
32,0.320634,0.527435,13027.287109
33,0.344521,0.530724,13260.198242
34,0.394091,0.431866,13592.942383
35,0.383751,0.552860,13759.296875
36,0.422585,0.567637,14225.123047
37,0.385784,0.369851,14940.555664
38,0.212104,0.485084,15456.343750
39,0.245330,0.515476,15739.174805
40,0.252155,0.536844,15872.293945
41,0.135252,0.460100,16554.433594
42,0.098476,0.465368,16937.052734
43,0.015313,0.455559,17519.376953
44,0.123559,0.409631,18218.208984
45,0.214102,0.491940,19316.251953
46,0.222273,0.492026,19449.449219
47,0.177509,0.468206,19948.488281
48,0.196757,0.516492,20264.613281
49,0.235916,0.540303,20530.787109
50,0.261713,0.552088,20846.900391
51,0.291099,0.592936,21096.468750
52,0.297744,0.637776,21379.373047
53,0.358091,0.683053,21778.611328
54,0.415535,0.731979,22161.306641
55,0.457867,0.848765,22643.765625
56,0.502885,0.595931,23176.234375
57,0.501959,0.512166,23575.464844
58,0.502497,0.470492,23775.134766
59,0.574740,0.487280,24074.603516
60,0.572813,0.349510,24623.626953
