Idx, longitude, latitude, start timestamp
0,0.754556,0.404464,83.123390
1,0.730219,0.492764,266.123688
2,0.722717,0.573785,515.742737
3,0.741107,0.617330,1197.877075
4,0.730635,0.566055,1547.212402
5,0.726673,0.555228,1813.441772
6,0.838466,0.353392,2379.169189
7,0.836396,0.309317,2578.824951
8,0.827109,0.311823,2695.207764
9,0.872851,0.455364,2978.089600
10,0.587833,0.430732,3976.333008
11,0.519729,0.452936,4176.058105
12,0.519537,0.438940,4275.757324
13,0.513807,0.432927,4558.677734
14,0.462012,0.421604,4891.457031
15,0.456974,0.512771,5224.166504
16,0.410390,0.481346,5640.169434
17,0.321631,0.448742,6172.541504
18,0.327230,0.442348,6372.123535
19,0.285184,0.466511,6571.784180
20,0.250138,0.591721,6904.492188
21,0.251489,0.575736,7004.394531
22,0.257681,0.571446,7170.803711
23,0.284232,0.498633,7603.392090
24,0.344012,0.427332,7902.874023
25,0.378558,0.421720,8069.332031
26,0.389231,0.373831,8302.082031
27,0.457482,0.389104,8901.106445
28,0.437401,0.347685,9050.844727
29,0.562057,0.435322,9599.785156
30,0.649846,0.384490,9866.075195
31,0.686314,0.424671,10115.606445
32,0.101602,0.457560,11313.515625
33,0.091104,0.452053,11446.550781
34,0.998737,0.436843,11895.786133
35,0.961348,0.490060,12527.977539
36,0.994990,0.566025,12777.624023
37,0.002837,0.476478,13027.121094
38,0.011707,0.428486,13276.777344
39,0.985168,0.465689,13775.840820
40,0.966364,0.502629,14324.839844
41,0.010625,0.449308,14640.961914
42,0.946652,0.411994,15073.601562
43,0.918751,0.381239,15289.834961
44,0.936168,0.399639,16038.544922
45,0.908256,0.388170,16637.585938
46,0.876282,0.521266,17835.455078
47,0.951445,0.526076,18301.257812
48,0.950628,0.549330,18800.392578
49,0.933246,0.519017,19149.804688
50,0.628267,0.460002,21578.888672
51,0.650566,0.503743,21828.484375
52,0.650519,0.510831,22028.091797
53,0.602203,0.409606,22776.689453
54,0.526065,0.458703,23375.705078
55,0.528711,0.455693,23542.083984
56,0.583984,0.528221,23775.072266
57,0.591703,0.570973,24290.861328
58,0.600620,0.529163,24673.388672
0,0.780078,0.390833,133.043594
1,0.761815,0.554884,349.266510
2,0.723201,0.601425,565.566223
3,0.836580,0.412495,1031.448486
4,0.844770,0.405587,1197.797729
5,0.913203,0.484081,1513.862305
6,0.995535,0.553561,2129.489502
7,0.018522,0.560757,2578.770020
8,0.952401,0.541285,2894.889160
9,0.054690,0.528745,3344.125244
10,0.980982,0.513900,3776.583984
11,0.946121,0.533799,3959.582031
12,0.931826,0.421965,4575.250000
13,0.850018,0.391865,4824.778320
14,0.805895,0.337387,5007.863770
15,0.823708,0.253227,5390.541016
16,0.742908,0.642587,5756.469238
17,0.735928,0.654124,5906.233398
18,0.736784,0.620798,6122.545898
19,0.731336,0.431166,6438.676758
20,0.732321,0.378102,6638.348633
21,0.636737,0.416649,6871.293945
22,0.614703,0.417659,7087.533203
23,0.585909,0.505599,7387.095215
24,0.550091,0.459669,7586.665039
25,0.534459,0.443204,7786.352539
26,0.529596,0.582569,8168.937988
27,0.488292,0.450724,8451.830078
28,0.491524,0.443755,8551.642578
29,0.490577,0.416590,8651.391602
30,0.494130,0.396297,8851.166992
31,0.334958,0.558238,10431.674805
32,0.328354,0.410593,10880.858398
33,0.244741,0.588017,11879.158203
34,0.238371,0.592173,12161.988281
35,0.221865,0.581267,12394.844727
36,0.244690,0.375507,12860.710938
37,0.143853,0.504666,14574.453125
38,0.071820,0.479489,15306.471680
39,0.183946,0.338824,15855.603516
40,0.128833,0.358302,16138.424805
41,0.263274,0.599585,16853.785156
42,0.267055,0.635743,17103.322266
43,0.274593,0.637781,17319.644531
44,0.267286,0.612025,17602.560547
45,0.269971,0.606261,17818.824219
46,0.362212,0.367731,19049.925781
47,0.374399,0.453454,19299.505859
48,0.377399,0.446266,19549.130859
49,0.347726,0.338041,20098.125000
50,0.349565,0.329313,20297.759766
51,0.406037,0.396461,20564.013672
52,0.427916,0.434644,20796.890625
53,0.412127,0.444290,21079.720703
54,0.493137,0.516006,21828.533203
55,0.505950,0.432754,22593.714844
56,0.501598,0.438694,22776.751953
57,0.498764,0.452678,23026.320312
58,0.542084,0.508530,23309.212891
59,0.549767,0.501065,23508.873047
60,0.549310,0.523594,23874.861328
0,0.773748,0.268117,682.073975
1,0.739542,0.380211,1048.019897
2,0.712843,0.387773,1264.399292
3,0.805600,0.359886,1497.284424
4,0.815807,0.298560,1713.619629
5,0.822038,0.278446,1929.865479
6,0.833738,0.404324,2229.388916
7,0.879686,0.454850,2628.640625
8,0.933662,0.420484,2844.834717
9,0.943870,0.418500,3177.634766
10,0.003653,0.454819,3676.811523
11,0.019596,0.437176,3926.350830
12,0.016693,0.428163,4159.333984
13,0.071483,0.446202,4442.088379
14,0.082027,0.455006,4791.460449
15,0.088176,0.392505,4957.772949
16,0.089372,0.376675,5140.889160
17,0.086063,0.471692,5423.629883
18,0.118944,0.498922,5739.762207
19,0.114051,0.479089,6155.742676
20,0.109428,0.440819,6388.658203
21,0.127005,0.428243,6671.506836
22,0.188028,0.430463,6954.365234
23,0.220132,0.468948,7353.633301
24,0.233360,0.479998,7686.367676
25,0.250813,0.519275,7886.087402
26,0.280330,0.516023,8318.585938
27,0.256509,0.479147,8584.832031
28,0.243488,0.437891,8884.337891
29,0.320315,0.431935,9200.419922
30,0.327218,0.422396,9416.691406
31,0.365979,0.428490,9682.872070
32,0.372008,0.431452,9799.249023
33,0.396448,0.441062,9999.003906
34,0.375477,0.500883,10265.104492
35,0.285550,0.543402,10514.840820
36,0.221830,0.533929,10730.967773
37,0.200635,0.510665,10963.881836
38,0.985122,0.496532,11762.487305
39,0.970140,0.470471,12045.343750
40,0.926175,0.452794,12344.807617
41,0.911552,0.409305,12544.409180
42,0.119059,0.476169,12893.842773
43,0.113595,0.395305,13276.546875
44,0.185596,0.384475,13559.447266
45,0.263125,0.408950,13808.889648
46,0.355911,0.384037,14158.234375
47,0.456741,0.392961,14607.512695
48,0.507533,0.419594,14857.082031
49,0.556111,0.461836,15189.910156
50,0.570802,0.507391,15489.193359
51,0.625716,0.510011,15755.459961
52,0.639687,0.480608,15938.480469
53,0.644026,0.471808,16171.454102
54,0.633654,0.440846,16371.038086
55,0.658726,0.505021,16603.951172
56,0.627136,0.441682,17003.324219
57,0.614670,0.430560,17169.652344
58,0.517074,0.449926,17535.671875
59,0.520933,0.446323,17635.507812
60,0.511106,0.440754,17768.541016
61,0.434573,0.518496,18134.671875
62,0.376108,0.524458,18417.515625
63,0.346761,0.539698,18916.666016
64,0.288516,0.558710,19249.332031
65,0.257126,0.561732,19548.728516
66,0.208808,0.492384,20314.123047
67,0.171637,0.478296,20713.472656
68,0.332235,0.460631,21079.437500
69,0.484966,0.528649,21811.396484
70,0.567407,0.529867,22510.230469
71,0.559458,0.470238,22809.724609
72,0.651882,0.514551,23125.882812
73,0.726091,0.498545,23441.998047
74,0.757892,0.499480,23708.140625
75,0.769775,0.493157,23907.746094
76,0.764261,0.479485,24124.119141
77,0.730317,0.405657,24356.964844
78,0.728478,0.388935,24606.462891
0,0.780993,0.443198,316.063812
1,0.736006,0.548956,582.164124
2,0.728300,0.540053,815.203674
3,0.755738,0.368035,1031.364136
4,0.824567,0.271896,1247.667847
5,0.840589,0.200816,1447.354370
6,0.811722,0.190238,1863.245972
7,0.043551,0.421532,2378.982910
8,0.946132,0.512538,3194.329346
9,0.920160,0.524719,3443.890625
10,0.442406,0.423214,5224.053223
11,0.387334,0.329618,5490.352539
12,0.525389,0.313037,5823.098633
13,0.581453,0.291500,6438.704590
14,0.630443,0.287567,6721.449219
15,0.676716,0.334685,6937.815918
16,0.650956,0.332230,7287.177246
17,0.747874,0.305246,7686.393555
18,0.744360,0.435376,7985.978027
19,0.235429,0.296253,9217.184570
20,0.323205,0.286216,9916.000000
21,0.341090,0.220694,10182.167969
22,0.549458,0.456407,11097.119141
23,0.554434,0.379714,11363.400391
24,0.545243,0.353287,11529.717773
25,0.630784,0.309067,12045.496094
26,0.689741,0.393026,12444.830078
27,0.804303,0.322685,12844.089844
28,0.848606,0.231085,13077.199219
29,0.830445,0.189399,13376.512695
30,0.865251,0.345553,13675.995117
31,0.863054,0.355821,13908.936523
32,0.788408,0.223656,14191.723633
33,0.704572,0.396279,15140.142578
34,0.703757,0.455166,15456.243164
35,0.717660,0.544554,15888.794922
36,0.722054,0.574145,16288.032227
37,0.722696,0.327580,16787.207031
38,0.855336,0.236974,17419.388672
39,0.722423,0.119401,17685.648438
40,0.792583,0.160890,17935.191406
41,0.258049,0.036447,18550.806641
42,0.189692,0.884439,19665.568359
43,0.650666,0.274961,22277.712891
44,0.744070,0.534407,23009.630859
45,0.737466,0.562074,23192.708984
46,0.747246,0.417317,24307.501953
47,0.739802,0.528662,24507.156250
48,0.751545,0.459415,24773.287109
0,0.738830,0.546607,66.624023
1,0.723940,0.493851,499.220581
2,0.548413,0.470748,1214.652954
3,0.557970,0.420103,1430.909302
4,0.510428,0.442036,1996.652588
5,0.408399,0.517151,2528.965088
6,0.283777,0.430867,3077.966553
7,0.289946,0.429900,3161.247314
8,0.267709,0.495756,3527.242432
9,0.677848,0.419829,4858.211426
10,0.740001,0.436826,5174.342773
11,0.827824,0.364509,5773.298340
12,0.799394,0.310151,5939.685059
13,0.983976,0.448810,6804.843750
14,0.916232,0.403655,7021.158691
15,0.088775,0.430679,7486.992676
16,0.082881,0.429877,7586.769043
17,0.915072,0.408867,8435.251953
18,0.970839,0.493240,8934.402344
19,0.022325,0.513386,9400.282227
20,0.006834,0.503323,9683.076172
21,0.011263,0.439842,9916.090820
22,0.113091,0.422266,10182.187500
23,0.166259,0.412185,10714.592773
24,0.179934,0.387136,11014.117188
25,0.246401,0.418640,11413.509766
26,0.232344,0.416699,11613.059570
27,0.224786,0.529738,11962.447266
28,0.206440,0.541029,12345.158203
29,0.205747,0.509069,12578.061523
30,0.220692,0.500529,12810.975586
31,0.223672,0.394993,13592.984375
32,0.145840,0.378225,13875.819336
33,0.139702,0.371082,14058.800781
34,0.078357,0.414087,14358.238281
35,0.084115,0.405845,14607.849609
36,0.074075,0.390327,14824.011719
37,0.952171,0.445056,15589.506836
38,0.580436,0.492666,17303.126953
39,0.541633,0.482683,17652.429688
40,0.528891,0.464093,17868.833984
41,0.522026,0.437715,18035.240234
42,0.508508,0.434695,18234.802734
43,0.469373,0.441532,18667.445312
44,0.475771,0.417622,18916.982422
45,0.413572,0.441287,19532.521484
46,0.389407,0.427793,19981.837891
0,0.728525,0.564174,382.784241
1,0.722679,0.383635,1331.171143
2,0.716207,0.346040,1497.519165
3,0.605490,0.394876,2112.966064
4,0.529008,0.472802,2429.153809
5,0.523565,0.403378,2778.556152
6,0.473201,0.378996,3127.929443
7,0.377001,0.359171,4176.038574
8,0.440498,0.296291,4409.041504
9,0.253470,0.560879,5640.150879
10,0.526244,0.361479,6904.684082
11,0.786471,0.852950,9616.616211
12,0.505909,0.092170,11097.290039
13,0.566055,0.083460,11313.596680
14,0.757887,0.057511,13642.886719
15,0.813244,0.299731,14491.347656
16,0.807679,0.257222,14990.496094
17,0.101776,0.354126,17203.335938
18,0.173146,0.370881,18667.414062
19,0.176363,0.351246,18916.931641
20,0.156563,0.369037,19199.824219
21,0.122857,0.294464,19399.421875
22,0.990710,0.438603,20414.240234
23,0.928791,0.384808,21146.406250
24,0.930939,0.386939,21345.990234
25,0.996031,0.434981,22327.576172
26,0.263907,0.529035,23658.578125
27,0.265048,0.536108,23791.679688
0,0.761003,0.606198,49.871101
1,0.732898,0.545199,532.467957
2,0.739505,0.541458,615.484192
3,0.724485,0.539277,898.330688
4,0.741780,0.523840,1314.339111
5,0.663433,0.525485,2096.421387
6,0.671250,0.515146,2345.832520
7,0.683238,0.506704,2462.338623
8,0.685784,0.522507,2595.430420
9,0.747708,0.576682,2811.708740
10,0.749856,0.590784,3144.421631
11,0.749574,0.580572,3277.571045
12,0.749602,0.535304,3843.212891
13,0.759832,0.508823,4209.394531
14,0.760142,0.563570,4392.318359
15,0.748161,0.567244,4508.682617
16,0.744132,0.576589,4658.392090
17,0.744196,0.591319,4774.970703
18,0.736989,0.576844,5224.181641
19,0.746662,0.584553,5340.625977
20,0.801192,0.501816,6006.117676
21,0.855503,0.523696,6239.024902
22,0.875103,0.500117,6372.129395
23,0.960435,0.476264,6921.163574
24,0.819064,0.266949,7370.358887
25,0.817234,0.285292,7470.248047
26,0.807115,0.285310,7686.464844
27,0.825544,0.302315,7886.132324
28,0.004169,0.505596,8285.482422
29,0.014506,0.524499,8485.084961
30,0.023222,0.514866,8651.483398
31,0.174330,0.497737,9732.971680
32,0.192985,0.476127,9882.701172
33,0.210177,0.478958,10115.574219
34,0.371117,0.533221,11646.310547
35,0.289262,0.567318,12128.688477
36,0.258305,0.582627,12261.775391
37,0.237747,0.558289,12528.050781
38,0.174887,0.560151,12744.294922
39,0.194065,0.545012,13010.519531
40,0.217039,0.574943,13259.981445
41,0.239260,0.627467,13492.993164
42,0.261383,0.573513,13809.188477
43,0.279335,0.564708,13992.158203
44,0.238481,0.464834,14857.276367
45,0.213927,0.425364,15023.627930
46,0.226098,0.376101,15239.947266
47,0.134693,0.551242,15589.395508
48,0.132265,0.404089,15905.494141
49,0.097361,0.400475,16121.712891
50,0.347574,0.451220,16920.343750
51,0.387675,0.466320,17186.576172
52,0.412447,0.483374,17402.841797
53,0.429543,0.415107,17951.792969
54,0.421092,0.414701,18151.523438
55,0.431501,0.541796,18334.562500
56,0.473601,0.542509,18617.439453
57,0.518861,0.531175,18866.986328
58,0.537049,0.517292,19083.142578
59,0.540800,0.452541,19232.875000
60,0.553450,0.452334,19599.044922
61,0.578981,0.447444,20414.269531
62,0.577676,0.507464,20680.451172
63,0.527597,0.505732,20979.876953
64,0.546186,0.495484,21246.095703
65,0.572122,0.461588,21928.201172
66,0.567566,0.485709,22078.001953
67,0.569166,0.426744,22344.195312
68,0.541186,0.435246,22826.703125
69,0.540453,0.431967,22976.302734
70,0.547184,0.418895,23142.888672
71,0.579923,0.512081,23458.896484
72,0.523691,0.426590,23874.861328
73,0.536888,0.427401,24307.464844
74,0.534165,0.446517,24623.609375
75,0.565424,0.415819,24989.580078
0,0.733082,0.583670,565.658203
1,0.724936,0.563709,748.682678
2,0.725335,0.557176,1064.807373
3,0.742543,0.601225,2761.823730
4,0.729140,0.573565,2978.129150
5,0.720325,0.556079,3427.312256
6,0.735929,0.595625,3760.105957
7,0.751842,0.613232,4192.649902
8,0.770102,0.582671,4442.214355
9,0.778812,0.546252,4691.791992
10,0.793118,0.513457,4908.081055
11,0.841998,0.547109,5107.719727
12,0.886325,0.559593,5357.319336
13,0.903263,0.566131,5540.300781
14,0.922006,0.593522,5806.507324
15,0.969412,0.603027,6072.703125
16,0.994515,0.584763,6289.046387
17,0.994719,0.562607,6571.846191
18,0.994387,0.557767,6655.037598
19,0.018922,0.563568,6921.216309
20,0.071519,0.571129,7520.192871
21,0.081468,0.569357,7703.197266
22,0.100117,0.566463,7919.522949
23,0.126776,0.566667,8202.323242
24,0.123092,0.561717,8302.149414
25,0.057025,0.538782,8634.905273
26,0.990412,0.532087,8967.658203
27,0.955020,0.540312,9150.710938
28,0.716990,0.603201,10215.470703
29,0.722760,0.600539,10365.191406
30,0.712741,0.590590,10697.968750
31,0.656786,0.585742,11097.245117
32,0.617618,0.554965,11346.847656
33,0.534292,0.574259,11646.331055
34,0.530449,0.530288,12078.874023
35,0.531220,0.497402,12228.610352
36,0.516408,0.469494,12461.553711
37,0.488725,0.504428,12761.023438
38,0.480016,0.448351,13210.230469
39,0.449049,0.407776,13359.984375
40,0.436281,0.409147,13592.936523
41,0.421558,0.491481,14008.835938
42,0.377832,0.486644,14308.302734
43,0.425721,0.368534,14724.252930
44,0.420920,0.348097,15023.737305
45,0.384103,0.358531,15273.298828
46,0.340466,0.585691,15589.420898
47,0.368304,0.502984,16021.984375
48,0.303088,0.532770,16454.576172
49,0.283955,0.460668,16670.892578
50,0.255181,0.541841,17120.089844
51,0.284604,0.583361,17602.556641
52,0.292892,0.467152,17902.035156
53,0.215370,0.589115,18134.964844
54,0.225164,0.593653,18517.646484
55,0.210085,0.595809,18817.140625
56,0.335671,0.438447,19565.824219
57,0.319789,0.423160,19815.363281
58,0.317204,0.423195,19915.183594
59,0.366716,0.496961,20131.474609
60,0.401976,0.526492,20314.505859
61,0.446174,0.543906,20514.154297
62,0.478505,0.545623,20747.054688
63,0.488411,0.536636,20996.625000
64,0.493746,0.513157,21429.218750
65,0.512360,0.512186,21562.312500
66,0.539294,0.476047,21811.882812
67,0.540625,0.451746,21978.261719
68,0.570205,0.462908,22527.296875
69,0.576877,0.484756,22726.984375
70,0.604853,0.514953,22976.515625
71,0.640483,0.513883,23192.802734
72,0.662770,0.525298,23409.085938
73,0.676555,0.556548,23841.652344
74,0.734111,0.590316,24124.509766
0,0.747781,0.497328,266.234894
1,0.724057,0.526807,399.424255
2,0.650991,0.470009,1098.166504
3,0.733793,0.403302,1464.225708
4,0.781629,0.367468,1730.360962
5,0.810158,0.298947,1929.948242
6,0.825157,0.290113,2129.622559
7,0.826935,0.304198,2262.770264
8,0.819165,0.366963,2445.822998
9,0.847465,0.469625,2778.510742
10,0.920305,0.394628,3194.499756
11,0.000745,0.536387,3460.660156
12,0.987259,0.576086,3743.541504
13,0.142190,0.499661,4592.080566
14,0.195124,0.552357,5373.974121
15,0.181506,0.590151,5640.194336
16,0.158660,0.639886,5873.106445
17,0.163463,0.695622,6072.739258
18,0.089922,0.684838,6289.123047
19,0.049849,0.756503,6472.072266
20,0.996178,0.761662,6671.767090
21,0.941597,0.754248,6971.229492
22,0.982903,0.482986,7387.127930
23,0.949695,0.478400,7703.229004
24,0.922205,0.511601,8069.220703
25,0.914925,0.532840,8235.707031
26,0.925743,0.534639,8585.075195
27,0.932862,0.429857,8801.271484
28,0.925796,0.398107,8951.143555
29,0.918399,0.539617,9317.131836
30,0.909341,0.554562,9633.221680
31,0.799422,0.571361,10115.754883
32,0.722447,0.620519,10331.984375
33,0.728403,0.597744,10548.239258
34,0.645410,0.454178,11197.204102
35,0.646439,0.437618,11363.464844
36,0.619399,0.421034,11646.340820
37,0.598925,0.401263,11862.612305
38,0.530060,0.409951,12095.512695
39,0.518131,0.411021,12361.748047
40,0.477460,0.390651,12627.962891
41,0.429618,0.334045,12960.669922
42,0.386107,0.351852,13160.362305
43,0.392873,0.365328,13276.820312
44,0.417768,0.382560,13509.746094
45,0.313184,0.383451,13859.133789
46,0.323562,0.337863,14142.032227
47,0.349009,0.443612,14424.919922
48,0.315053,0.520946,14757.559570
49,0.221285,0.418193,15106.978516
50,0.267604,0.576680,15472.998047
51,0.253890,0.620281,15722.541016
52,0.226902,0.491410,16072.030273
53,0.226218,0.467671,16188.392578
54,0.225037,0.444889,16371.438477
55,0.153850,0.431454,16704.251953
56,0.144977,0.416446,16903.878906
57,0.147072,0.385064,17070.216797
58,0.265147,0.568583,17852.269531
59,0.276476,0.590009,18151.697266
60,0.325995,0.497160,18550.896484
61,0.368015,0.451968,18800.494141
62,0.369617,0.425193,19000.179688
63,0.365483,0.351747,19565.798828
64,0.365051,0.338233,19765.476562
65,0.324504,0.343281,20081.580078
66,0.390198,0.393378,20547.423828
67,0.404057,0.383808,20813.638672
68,0.429656,0.404031,21096.498047
69,0.490608,0.400224,21462.539062
70,0.495326,0.424408,21811.937500
71,0.497990,0.490441,21961.626953
72,0.548220,0.450614,22177.949219
73,0.543529,0.428160,22311.009766
74,0.718202,0.500507,22976.537109
75,0.727964,0.569155,23275.978516
76,0.719615,0.589701,23459.003906
77,0.730494,0.486426,23691.976562
78,0.721054,0.454853,23974.787109
79,0.701791,0.453080,24290.941406
80,0.702297,0.485241,24423.974609
0,0.787527,0.717026,16.660055
1,0.740878,0.564394,416.014069
2,0.737577,0.556396,515.859619
3,0.736172,0.444308,765.411865
4,0.664590,0.435567,1064.814209
5,0.737097,0.551381,1314.439819
6,0.746823,0.549437,1613.907471
7,0.743962,0.528298,1996.600464
8,0.735130,0.352536,2329.314941
9,0.735775,0.296079,2662.093506
10,0.850339,0.279392,3244.356445
11,0.824552,0.207667,3444.019531
12,0.831987,0.240928,3626.998535
13,0.834490,0.300926,5024.576660
14,0.828691,0.336855,5190.956543
15,0.826635,0.418208,5457.182617
16,0.796427,0.406569,5806.522949
17,0.805707,0.525996,6239.097168
18,0.809402,0.524151,6339.026855
19,0.942922,0.380070,6987.812500
20,0.996190,0.438323,7387.098145
21,0.993663,0.432656,7536.886230
22,0.952863,0.419357,7886.281738
23,0.950840,0.409533,8285.519531
24,0.041144,0.349026,8934.402344
25,0.007506,0.428522,9317.095703
26,0.982105,0.321153,9633.231445
27,0.985547,0.467611,10232.219727
28,0.595485,0.401170,11563.200195
29,0.568260,0.501216,11912.588867
30,0.512037,0.443687,12178.754883
31,0.529930,0.418911,12411.673828
32,0.516020,0.424357,12877.552734
33,0.548758,0.485198,13276.815430
34,0.547421,0.489418,13443.237305
35,0.508543,0.348277,14225.161133
36,0.511976,0.317685,14408.210938
37,0.523218,0.330283,14591.225586
38,0.529025,0.329079,14724.313477
39,0.535080,0.385793,15073.797852
40,0.552108,0.385087,15506.240234
41,0.530335,0.426295,15905.538086
42,0.536306,0.374732,16271.568359
43,0.553237,0.363239,16537.800781
44,0.465587,0.523503,16853.884766
45,0.456109,0.287830,17536.044922
46,0.354850,0.336455,17885.548828
47,0.314457,0.404081,18068.447266
48,0.375686,0.439174,18367.976562
49,0.224630,0.487326,18966.970703
50,0.269897,0.559845,19183.267578
51,0.254900,0.375030,19515.988281
52,0.235102,0.595972,20048.416016
53,0.137718,0.533085,20281.265625
54,0.100885,0.348526,20547.470703
55,0.067401,0.327643,20730.486328
56,0.056799,0.480711,21029.927734
57,0.002761,0.427721,21412.583984
58,0.988802,0.398920,21695.486328
59,0.279395,0.570723,22360.966797
60,0.528641,0.450241,23459.119141
0,0.738830,0.546607,66.624023
1,0.723940,0.493851,499.220581
2,0.548413,0.470748,1214.652954
3,0.557970,0.420103,1430.909302
4,0.510428,0.442036,1996.652588
5,0.408399,0.517151,2528.965088
6,0.283777,0.430867,3077.966553
7,0.289946,0.429900,3161.247314
8,0.267709,0.495756,3527.242432
9,0.677848,0.419829,4858.211426
10,0.740001,0.436826,5174.342773
11,0.827824,0.364509,5773.298340
12,0.799394,0.310151,5939.685059
13,0.983976,0.448810,6804.843750
14,0.916232,0.403655,7021.158691
15,0.088775,0.430679,7486.992676
16,0.082881,0.429877,7586.769043
17,0.915072,0.408867,8435.251953
18,0.970839,0.493240,8934.402344
19,0.022325,0.513386,9400.282227
20,0.006834,0.503323,9683.076172
21,0.011263,0.439842,9916.090820
22,0.113091,0.422266,10182.187500
23,0.166259,0.412185,10714.592773
24,0.179934,0.387136,11014.117188
25,0.246401,0.418640,11413.509766
26,0.232344,0.416699,11613.059570
27,0.224786,0.529738,11962.447266
28,0.206440,0.541029,12345.158203
29,0.205747,0.509069,12578.061523
30,0.220692,0.500529,12810.975586
31,0.223672,0.394993,13592.984375
32,0.145840,0.378225,13875.819336
33,0.139702,0.371082,14058.800781
34,0.078357,0.414087,14358.238281
35,0.084115,0.405845,14607.849609
36,0.074075,0.390327,14824.011719
37,0.952171,0.445056,15589.506836
38,0.580436,0.492666,17303.126953
39,0.541633,0.482683,17652.429688
40,0.528891,0.464093,17868.833984
41,0.522026,0.437715,18035.240234
42,0.508508,0.434695,18234.802734
43,0.469373,0.441532,18667.445312
44,0.475771,0.417622,18916.982422
45,0.413572,0.441287,19532.521484
0,0.786281,0.583870,499.137878
1,0.822510,0.299789,964.965454
2,0.747269,0.652689,1364.253296
3,0.739341,0.669209,1497.372925
4,0.730763,0.600630,1730.257935
5,0.733744,0.561980,1896.581421
6,0.737744,0.567108,2062.978027
7,0.744096,0.651336,2279.391357
8,0.747258,0.659369,2612.119141
9,0.744172,0.607364,3011.403809
10,0.743374,0.570319,3310.810791
11,0.736855,0.526527,3643.552490
12,0.716366,0.374354,4109.453125
13,0.617619,0.386326,4392.297852
14,0.543015,0.440532,5240.821777
15,0.263124,0.582798,6488.680176
16,0.241712,0.533429,6655.103027
17,0.218697,0.484239,6887.945801
18,0.284075,0.636543,7320.510254
19,0.282737,0.616283,7736.409668
20,0.277432,0.609235,7836.269043
21,0.197061,0.553669,7986.025879
22,0.093124,0.432551,8418.591797
23,0.151876,0.303646,8651.563477
24,0.158238,0.304539,8851.091797
25,0.301435,0.529459,9250.500000
26,0.510871,0.394694,11829.330078
27,0.502624,0.428780,12078.815430
28,0.545260,0.477119,12794.261719
29,0.226360,0.444738,17502.689453
30,0.161113,0.340674,18301.316406
31,0.156075,0.319845,18484.304688
32,0.095133,0.418110,19499.134766
33,0.087552,0.365095,19981.667969
34,0.083151,0.431794,20414.238281
35,0.082664,0.461552,21445.785156
36,0.062997,0.578244,21678.777344
0,0.770794,0.514275,16.639606
1,0.788166,0.514372,299.438324
2,0.724320,0.557695,648.836731
3,0.713415,0.548047,815.284851
4,0.713332,0.572370,1114.798340
5,0.798990,0.853269,1696.991455
6,0.722281,0.577281,2112.942871
7,0.720201,0.543324,2229.489990
8,0.717094,0.564926,2628.714111
9,0.729622,0.525328,3260.920898
10,0.708905,0.479899,3560.434814
11,0.504574,0.428563,4359.039062
12,0.510986,0.423677,4458.818848
13,0.521481,0.424116,4591.956543
14,0.378726,0.518049,5107.740723
15,0.370014,0.420151,5307.406738
16,0.820855,0.493737,7753.068359
17,0.841848,0.493405,8052.624512
18,0.820523,0.366006,8252.197266
19,0.810039,0.336589,8451.938477
20,0.826182,0.287085,8684.798828
21,0.825670,0.278526,8851.166992
22,0.942169,0.405944,9200.552734
23,0.023384,0.456444,9732.955078
24,0.099440,0.458240,9982.535156
25,0.109428,0.411116,10182.172852
26,0.114669,0.403561,10498.291992
27,0.135825,0.388226,10897.592773
28,0.157276,0.398138,11097.229492
29,0.177191,0.386299,11280.248047
30,0.250730,0.443543,11979.030273
31,0.249740,0.498969,12444.887695
32,0.272856,0.494946,12677.807617
33,0.277851,0.526841,12910.733398
34,0.257885,0.529652,13293.383789
35,0.242472,0.407272,13509.694336
36,0.339920,0.407736,13809.175781
37,0.340779,0.374601,14125.295898
38,0.246118,0.443816,14507.949219
39,0.079217,0.409154,15140.206055
40,0.132928,0.379355,15389.741211
41,0.157306,0.372224,15522.853516
42,0.176861,0.375622,15705.871094
43,0.984725,0.449818,16388.023438
44,0.914414,0.426721,16654.203125
45,0.893097,0.414574,16820.578125
46,0.899108,0.404308,17003.589844
47,0.933291,0.385608,17253.142578
48,0.941613,0.455098,17702.380859
49,0.787408,0.353735,18201.478516
50,0.799170,0.298650,18517.625000
51,0.787704,0.368622,18916.906250
52,0.713195,0.405364,19149.833984
53,0.707060,0.441450,19416.025391
54,0.697105,0.484442,19549.138672
55,0.699837,0.507256,19715.521484
56,0.623803,0.502524,19981.705078
57,0.571711,0.416166,20647.263672
58,0.515117,0.449784,20830.230469
59,0.502699,0.439340,20996.636719
60,0.516331,0.560909,21312.728516
61,0.592381,0.633016,21545.646484
62,0.770475,0.606321,22477.388672
63,0.764155,0.604603,22593.802734
64,0.847954,0.847192,23192.765625
65,0.814435,0.863489,23442.326172
66,0.831096,0.871246,23558.810547
67,0.826511,0.827488,23924.826172
68,0.835113,0.837118,24041.287109
0,0.749191,0.437287,199.639526
1,0.789952,0.372811,499.152374
2,0.738046,0.544891,765.333740
3,0.719229,0.541079,1014.925598
4,0.703221,0.465085,1946.610962
5,0.690190,0.462916,2179.514160
6,0.664166,0.449173,2479.025635
7,0.614051,0.443224,2828.504639
8,0.593587,0.438620,3127.859131
9,0.542574,0.492315,3344.182373
10,0.501159,0.507409,3610.409668
11,0.505148,0.499138,3710.228760
12,0.467608,0.470029,3909.867676
13,0.497823,0.423845,4159.453613
14,0.506100,0.407082,4242.610840
15,0.464785,0.450798,4708.447754
16,0.468372,0.509850,4858.191895
17,0.493577,0.474191,5257.510254
18,0.533596,0.479673,5523.689453
19,0.567397,0.471535,5856.465332
20,0.576861,0.438350,6056.126953
21,0.594252,0.403872,6255.765625
22,0.616299,0.419050,6488.661133
23,0.622806,0.437112,6738.249512
24,0.645717,0.425894,7303.903320
25,0.712904,0.455769,7703.207520
26,0.817034,0.357060,8551.728516
27,0.827843,0.305218,9034.238281
28,0.825608,0.271707,9183.965820
29,0.812542,0.269596,9383.618164
30,0.896465,0.277771,9733.000000
31,0.870920,0.130934,9999.234375
32,0.991038,0.348775,10298.699219
33,0.004927,0.417455,10481.692383
34,0.001300,0.421780,10581.535156
35,0.993928,0.416235,10681.352539
36,0.972797,0.521155,10880.983398
37,0.965873,0.514272,11014.077148
38,0.861873,0.045538,12028.980469
39,0.691734,0.070528,12328.509766
40,0.679277,0.061714,12428.281250
41,0.755381,0.136062,12761.069336
42,0.784769,0.242921,12944.064453
43,0.739948,0.078690,13226.898438
44,0.619594,0.081396,13393.275391
45,0.576454,0.073396,13692.735352
46,0.771557,0.152675,14374.910156
47,0.917185,0.436327,15423.098633
48,0.944649,0.447318,15722.538086
49,0.997140,0.437515,15972.102539
50,0.012712,0.401235,16238.306641
51,0.008050,0.354593,16404.679688
52,0.068721,0.421837,16920.435547
53,0.085210,0.485454,17236.580078
54,0.097209,0.478924,17436.236328
55,0.200175,0.504029,17951.960938
56,0.232866,0.508622,18218.169922
57,0.242256,0.501040,18417.820312
58,0.258252,0.500080,18684.029297
59,0.265350,0.457491,19515.929688
60,0.283748,0.432040,19832.037109
61,0.288328,0.395941,20397.687500
62,0.295304,0.348825,20597.435547
63,0.330306,0.208727,21129.765625
64,0.280989,0.216086,21279.507812
65,0.258092,0.200542,21479.123047
66,0.069539,0.156021,22144.638672
67,0.065926,0.241660,22444.121094
68,0.078899,0.336998,22643.779297
69,0.063856,0.339100,22909.972656
70,0.004362,0.365660,23076.363281
71,0.998188,0.342936,23192.812500
72,0.961573,0.295961,23392.468750
73,0.956916,0.393586,23958.148438
74,0.900031,0.458700,24623.644531
0,0.728387,0.515305,732.078308
1,0.582592,0.447368,2129.639893
2,0.518427,0.404039,2978.144531
3,0.391096,0.488208,3244.352783
4,0.335879,0.447743,3643.635986
5,0.284462,0.439578,3926.555664
6,0.292805,0.438834,4042.970947
7,0.301801,0.436503,4126.123535
8,0.241939,0.528532,4409.008789
9,0.308353,0.409839,5107.844727
10,0.380130,0.426189,6372.311523
11,0.094742,0.412261,8851.256836
12,0.099947,0.441392,9067.528320
13,0.197529,0.465969,9466.861328
14,0.215124,0.425633,9832.838867
15,0.267367,0.505657,10215.542969
16,0.269330,0.497670,10365.220703
17,0.315758,0.423153,10564.893555
18,0.307532,0.425844,10648.102539
19,0.349750,0.431524,10980.898438
20,0.365276,0.438358,11696.284180
21,0.019736,0.545479,12761.153320
22,0.020098,0.507140,13193.699219
23,0.017463,0.483112,13459.825195
24,0.173579,0.424301,14474.725586
25,0.078484,0.380251,14774.249023
26,0.050775,0.367092,15256.709961
27,0.698009,0.576194,17136.765625
28,0.679502,0.557194,17602.699219
29,0.687952,0.411783,18101.816406
30,0.723038,0.574455,18451.138672
31,0.725939,0.509649,19282.958984
32,0.814907,0.663419,20430.978516
33,0.752066,0.447201,20896.835938
34,0.834329,0.450067,21329.425781
35,0.766092,0.410198,23475.703125
36,0.762089,0.432744,23692.000000
37,0.750084,0.465703,23825.078125
0,0.728878,0.489615,282.824188
1,0.718726,0.572868,499.124420
2,0.716015,0.588073,682.152405
3,0.718463,0.582863,898.450562
4,0.739825,0.615005,1364.318604
5,0.350197,0.919866,2162.869873
6,0.324002,0.952822,2345.874268
7,0.236609,0.956440,2495.723877
8,0.608742,0.417315,4076.218750
9,0.566598,0.503812,4458.847656
10,0.468052,0.441678,5074.438477
11,0.395744,0.415905,5357.368652
12,0.373295,0.412368,5573.667480
13,0.306178,0.415199,5889.739258
14,0.300392,0.416995,6022.822266
15,0.241209,0.457793,6422.079590
16,0.217081,0.525288,6688.293945
17,0.220204,0.529660,6788.219238
18,0.247835,0.555710,6987.814453
19,0.214814,0.430887,7370.556641
20,0.172660,0.481517,7686.547363
21,0.156849,0.531478,7986.012207
22,0.216800,0.553837,8252.294922
23,0.256825,0.570601,8501.791992
24,0.262951,0.562282,8651.583984
25,0.241876,0.561286,9217.245117
26,0.261312,0.556002,9483.436523
27,0.305694,0.481432,10082.457031
28,0.318028,0.448535,10315.294922
29,0.366218,0.445974,10598.138672
30,0.399861,0.462421,10881.066406
31,0.557818,0.439470,11729.531250
32,0.525500,0.445459,11962.468750
33,0.824230,0.395565,12960.720703
34,0.711345,0.407210,13226.902344
35,0.727246,0.411654,13376.613281
36,0.935827,0.444157,13925.646484
37,0.124715,0.407704,14840.733398
38,0.177295,0.396009,15073.643555
39,0.146302,0.352060,15273.298828
40,0.079733,0.406192,15922.161133
41,0.069480,0.488313,16321.454102
42,0.067245,0.511251,16637.587891
43,0.081686,0.397576,17136.703125
44,0.004585,0.412880,17486.111328
45,0.872536,0.157997,18683.986328
46,0.855630,0.132592,18950.197266
47,0.617181,0.132711,20081.556641
48,0.627678,0.205290,20397.673828
49,0.645609,0.278579,20663.867188
50,0.631244,0.375708,20913.447266
51,0.640875,0.375986,21079.800781
52,0.727035,0.605164,21712.046875
53,0.759693,0.828267,22460.736328
54,0.765287,0.850410,22610.521484
55,0.828398,0.911439,22810.126953
56,0.769713,0.805632,23059.689453
57,0.786580,0.799541,23226.056641
58,0.929120,0.537161,24107.890625
59,0.882595,0.560974,24706.826172
0,0.746059,0.507806,316.200653
1,0.712914,0.570399,499.103119
2,0.717098,0.592704,831.841614
3,0.583838,0.479225,1930.001221
4,0.545752,0.479173,2179.486084
5,0.531711,0.426600,2345.894287
6,0.522780,0.427006,2512.267334
7,0.508731,0.497634,2845.014160
8,0.519495,0.520435,3094.652100
9,0.398480,0.473646,3493.926514
10,0.376883,0.405890,3676.924316
11,0.370130,0.453562,3876.560059
12,0.365601,0.433651,4325.736816
13,0.736000,0.467404,5124.351074
14,0.742790,0.533515,5340.663086
15,0.739633,0.551866,5490.427734
16,0.862302,0.480575,5823.147949
17,0.986257,0.485719,6422.077637
18,0.943620,0.510768,6804.752441
19,0.949049,0.507663,6971.118164
20,0.951835,0.488636,7104.238770
21,0.942040,0.485101,7270.580078
22,0.248376,0.479041,8851.189453
23,0.266280,0.514453,9050.823242
24,0.320381,0.471013,9533.303711
25,0.315331,0.436389,9799.506836
26,0.257039,0.524627,10281.993164
27,0.239014,0.543461,10598.113281
28,0.228770,0.495952,10847.663086
29,0.085567,0.434300,12844.181641
30,0.073405,0.414020,13010.587891
31,0.077464,0.552468,13542.990234
32,0.075950,0.841273,14208.498047
33,0.091984,0.909707,14391.478516
34,0.099491,0.990906,14674.324219
35,0.443987,0.935608,14907.251953
36,0.560741,0.940944,15106.946289
37,0.488526,0.939113,15506.200195
38,0.143857,0.102650,17219.882812
39,0.924225,0.161957,17452.806641
40,0.922527,0.125306,17768.925781
41,0.788217,0.159579,18451.083984
42,0.874257,0.166146,18850.341797
43,0.936942,0.010602,19549.167969
44,0.120881,0.038174,20048.312500
45,0.395268,0.153743,21096.453125
46,0.398145,0.217836,21229.535156
47,0.327179,0.261400,22211.169922
48,0.312211,0.355132,22776.810547
49,0.308193,0.420413,22993.150391
50,0.293560,0.472061,23242.673828
51,0.265728,0.514325,23525.523438
52,0.258285,0.530688,23658.611328
53,0.304498,0.607714,24257.591797
54,0.231551,0.532174,24623.632812
0,0.767616,0.567281,49.951286
1,0.732384,0.477253,915.153992
2,0.743979,0.378162,1214.598877
3,0.728338,0.390963,1963.316040
4,0.707352,0.066377,2545.578613
5,0.742556,0.126291,3044.713379
6,0.512152,0.115028,3909.881592
7,0.586214,0.232390,4275.893555
8,0.570465,0.229380,4392.353027
9,0.587451,0.243681,4625.367676
10,0.832075,0.320936,5290.777832
11,0.814835,0.313839,5590.278809
12,0.885967,0.481735,5806.527832
13,0.834469,0.448367,6072.732422
14,0.797869,0.377168,6289.062988
15,0.724755,0.534544,6921.287598
16,0.706307,0.459579,7137.547852
17,0.696385,0.405442,7353.863770
18,0.715620,0.351496,7786.438477
19,0.715754,0.339104,7886.238281
20,0.729112,0.312847,8352.151367
21,0.736038,0.294781,8485.184570
22,0.954909,0.527680,9350.341797
23,0.989007,0.480587,9733.031250
24,0.933804,0.510845,10198.865234
25,0.977727,0.616560,10515.001953
26,0.923165,0.583982,11113.915039
27,0.241304,0.470579,14491.379883
28,0.272201,0.472971,14641.151367
29,0.246528,0.494136,14940.575195
30,0.238658,0.335216,15356.540039
31,0.240833,0.316408,15522.908203
32,0.088410,0.313727,16238.299805
33,0.036412,0.450818,16620.974609
34,0.988617,0.493468,17186.781250
35,0.989373,0.486052,17669.185547
36,0.007558,0.418191,18051.873047
37,0.945515,0.412001,18251.494141
38,0.950365,0.455950,19432.722656
39,0.318163,0.356516,20547.482422
40,0.303353,0.318608,20730.441406
41,0.318774,0.284227,21196.296875
42,0.364999,0.341579,21462.523438
43,0.404721,0.323525,21662.201172
44,0.339286,0.348619,22028.216797
45,0.349730,0.337031,22227.933594
46,0.353958,0.277438,22577.216797
47,0.509686,0.441505,23242.814453
48,0.483065,0.325767,23542.214844
49,0.520222,0.305423,23891.613281
50,0.549961,0.407080,24274.289062
51,0.529987,0.522059,24557.121094
52,0.504797,0.417751,24740.103516
53,0.501254,0.402357,24873.197266
0,0.755606,0.447371,183.004501
1,0.727150,0.620049,382.706665
2,0.729126,0.455110,815.248352
3,0.714587,0.382043,998.257568
4,0.813210,0.307723,1264.482056
5,0.817335,0.267655,1647.137207
6,0.792045,0.270025,1913.308594
7,0.745486,0.583777,2529.046143
8,0.719024,0.556410,3127.846924
9,0.511285,0.495153,4325.772949
10,0.467195,0.480674,4824.902832
11,0.518729,0.590457,5806.510742
12,0.180555,0.337872,8784.602539
13,0.180451,0.334464,9034.206055
14,0.100555,0.442790,9666.455078
15,0.572320,0.972259,15439.608398
16,0.236785,0.632242,16570.916016
17,0.302907,0.414411,18600.806641
18,0.564388,0.462667,20031.648438
19,0.721409,0.604531,20780.236328
20,0.731586,0.644509,21662.082031
21,0.733153,0.631836,21861.722656
22,0.732274,0.623856,22094.640625
23,0.731577,0.676927,22344.197266
24,0.737463,0.646421,22710.199219
25,0.724254,0.507039,23076.298828
26,0.721230,0.408931,23309.173828
27,0.726005,0.332020,23608.750000
28,0.736981,0.636122,24174.289062
29,0.742408,0.673860,24906.398438
0,0.790985,0.450421,116.399788
1,0.800693,0.498960,482.421417
2,0.827914,0.523194,748.615417
3,0.729307,0.542628,964.937622
4,0.721894,0.542596,1181.213501
5,0.722714,0.504305,1680.364136
6,0.720403,0.498400,1813.489868
7,0.723510,0.569285,2129.551514
8,0.716333,0.519361,2528.889893
9,0.728329,0.458323,2761.785400
10,0.737219,0.547283,3510.534424
11,0.741658,0.547608,3776.683105
12,0.755337,0.548146,3992.946777
13,0.744144,0.555404,4309.146484
14,0.742581,0.565444,4442.238770
15,0.607517,0.453685,4991.208008
16,0.552054,0.416571,5240.866211
17,0.546186,0.335411,5507.037598
18,0.518784,0.345724,5706.621582
19,0.509702,0.459839,5956.191895
20,0.763925,0.687364,6771.458984
21,0.238711,0.589651,10182.149414
22,0.262928,0.562519,10481.628906
23,0.275471,0.561363,10648.060547
24,0.222581,0.337616,12095.444336
25,0.961530,0.611658,15206.703125
26,0.957188,0.434283,15938.731445
27,0.957931,0.529257,16354.708008
28,0.938242,0.467327,17968.568359
29,0.945237,0.476841,18351.177734
30,0.947883,0.486584,18434.384766
31,0.217921,0.538588,19133.271484
32,0.423653,0.533214,20114.882812
33,0.558667,0.337150,21495.740234
34,0.545940,0.341354,21761.896484
35,0.554132,0.346407,21895.017578
36,0.410019,0.399838,22460.695312
37,0.375370,0.367374,22643.718750
38,0.303170,0.335493,23092.923828
39,0.310578,0.330530,23242.658203
40,0.190287,0.049163,24690.119141
41,0.869453,0.047683,24956.343750
0,0.733127,0.565883,282.872345
1,0.729967,0.530136,615.610229
2,0.743601,0.403857,1147.978271
3,0.783719,0.331844,1414.197510
4,0.831302,0.242509,1796.817627
5,0.824619,0.260643,1929.912354
6,0.718411,0.364422,2196.122803
7,0.720962,0.367518,2345.898193
8,0.610582,0.524901,3061.310791
9,0.596689,0.493364,3277.606201
10,0.567640,0.557314,3593.730469
11,0.570696,0.564040,3776.749756
12,0.522757,0.535278,4059.619141
13,0.517994,0.461140,4292.481445
14,0.535484,0.384190,4492.137695
15,0.508431,0.369378,4725.157715
16,0.507980,0.370059,4891.433594
17,0.508738,0.384729,5041.167480
18,0.531060,0.349386,5224.198730
19,0.475050,0.496133,5573.604492
20,0.454803,0.481740,5806.611328
21,0.468213,0.493447,6056.113770
22,0.567420,0.481288,6422.065918
23,0.605694,0.493339,6655.021973
24,0.638356,0.515750,6921.236816
25,0.665278,0.501591,7104.239746
26,0.694229,0.507752,7370.465332
27,0.704910,0.474616,7586.739746
28,0.746424,0.586220,7969.397949
29,0.746035,0.560123,8368.693359
30,0.717784,0.472972,8784.639648
31,0.746987,0.437311,9000.926758
32,0.911788,0.501408,9982.538086
33,0.922425,0.496620,10198.878906
34,0.917086,0.513784,10331.961914
35,0.914985,0.497876,10448.419922
36,0.979068,0.628513,10914.215820
37,0.982820,0.628493,11014.086914
38,0.067900,0.458025,11812.725586
39,0.062578,0.486705,12128.772461
40,0.075503,0.433408,12394.999023
41,0.034450,0.377571,12677.829102
42,0.020146,0.348224,12943.995117
43,0.974296,0.470885,13260.143555
44,0.947114,0.455353,13742.604492
45,0.938570,0.444662,13892.399414
46,0.930360,0.435328,14341.614258
47,0.932161,0.442494,14557.908203
48,0.923931,0.449070,14657.799805
49,0.929615,0.516888,15156.864258
50,0.931678,0.556631,15456.310547
51,0.937862,0.594685,15656.023438
52,0.950363,0.557136,16038.635742
53,0.946081,0.475989,16221.632812
54,0.932273,0.460669,16504.486328
55,0.931899,0.354066,16787.343750
56,0.867449,0.394990,17136.710938
57,0.790555,0.539278,17635.818359
58,0.759435,0.550880,17902.013672
59,0.731117,0.591436,18501.003906
60,0.742592,0.640670,18817.199219
61,0.744130,0.644510,18966.820312
62,0.724996,0.639287,19183.105469
63,0.696200,0.476580,19549.171875
64,0.697665,0.455034,19732.248047
65,0.718924,0.385917,19965.193359
66,0.717787,0.321037,20164.773438
67,0.703918,0.465650,20697.242188
68,0.685263,0.463726,21029.984375
69,0.674986,0.440455,21296.113281
70,0.697225,0.453095,21612.250000
71,0.721578,0.573643,22044.771484
72,0.592786,0.437528,23109.593750
73,0.622694,0.380377,23359.171875
74,0.610376,0.325086,23575.531250
75,0.595630,0.302124,23725.226562
76,0.426057,0.514088,24640.261719
77,0.419632,0.470654,24806.707031
78,0.427797,0.455658,24956.347656
0,0.741061,0.549627,382.717133
1,0.727923,0.572811,565.706665
2,0.734905,0.636717,1380.911865
3,0.729724,0.624564,1746.994995
4,0.727110,0.541282,2212.892822
5,0.280775,0.905958,3859.916992
6,0.498890,0.907594,4908.205566
7,0.501870,0.893612,5007.928223
8,0.605757,0.646217,5939.621094
9,0.531760,0.639618,6438.812988
10,0.522771,0.595422,6588.519043
11,0.830191,0.685529,7287.268066
12,0.932063,0.714813,7503.574707
13,0.921033,0.683805,7769.812988
14,0.988310,0.652165,8052.663086
15,0.228736,0.754869,8884.480469
16,0.302037,0.801226,9100.822266
17,0.273713,0.732757,9366.959961
18,0.214248,0.467265,10099.019531
19,0.220371,0.372348,10365.219727
20,0.217884,0.338333,10531.652344
21,0.206868,0.442251,11080.712891
22,0.131444,0.411408,11446.668945
23,0.114682,0.354668,11796.110352
24,0.144818,0.304024,11995.720703
25,0.044346,0.521177,12511.475586
26,0.998698,0.468113,12877.492188
27,0.957360,0.505254,13293.525391
28,0.922923,0.519134,13576.332031
29,0.934462,0.529052,13759.356445
30,0.950643,0.542394,14075.420898
31,0.951604,0.525715,14375.000000
32,0.918026,0.387467,14757.554688
33,0.842922,0.402285,15057.086914
34,0.799179,0.375738,15256.696289
35,0.794010,0.271828,15556.261719
36,0.800459,0.229685,15755.857422
37,0.805976,0.251526,16105.261719
38,0.771241,0.444546,16504.492188
39,0.722691,0.421880,16687.511719
40,0.733408,0.542171,17003.648438
41,0.722313,0.378266,17319.792969
42,0.681035,0.525984,18068.476562
43,0.636649,0.490937,18301.349609
44,0.619363,0.416596,18667.451172
45,0.608766,0.389364,18800.556641
46,0.523257,0.439581,19199.875000
47,0.544517,0.422294,19682.384766
48,0.481438,0.408015,19981.742188
49,0.423914,0.502161,20730.472656
50,0.433513,0.513172,20996.701172
51,0.410219,0.484560,21362.759766
52,0.325796,0.432530,21628.921875
53,0.307972,0.412044,21861.785156
54,0.303664,0.446840,22327.722656
55,0.299944,0.444602,22527.310547
56,0.243473,0.486717,22760.318359
57,0.264981,0.577441,23342.603516
58,0.263626,0.568005,23492.390625
59,0.236466,0.574973,23841.708984
60,0.231420,0.413248,24041.359375
61,0.323962,0.375052,24357.478516
62,0.357791,0.398052,24989.744141
0,0.800687,0.381331,216.282257
1,0.748436,0.513255,515.752625
2,0.723382,0.504819,1214.596313
3,0.726186,0.543675,1447.561157
4,0.713237,0.450142,1896.671021
5,0.717207,0.435739,2063.054688
6,0.711661,0.350909,2345.891602
7,0.635415,0.363910,2678.643066
8,0.561686,0.467175,3028.065186
9,0.567559,0.459355,3260.992920
10,0.516668,0.408320,3427.434570
11,0.523187,0.360411,3643.654785
12,0.524681,0.380316,4375.702637
13,0.453872,0.425658,4625.224609
14,0.459949,0.513605,5041.218750
15,0.542172,0.378688,5856.436523
16,0.535987,0.403386,6122.662109
17,0.533712,0.411532,6222.493652
18,0.545894,0.412799,6538.677246
19,0.520147,0.415323,6838.030273
20,0.730258,0.396621,7387.163574
21,0.767149,0.442117,7620.000000
22,0.840781,0.382640,7869.600586
23,0.898398,0.412311,8268.892578
24,0.898091,0.423499,8485.155273
25,0.944489,0.405470,8651.529297
26,0.941095,0.391248,8867.924805
27,0.009672,0.482446,9067.530273
28,0.007276,0.484922,9350.420898
29,0.101202,0.389203,9566.648438
30,0.095553,0.375644,9816.158203
31,0.093756,0.388816,10082.356445
32,0.138571,0.418141,10282.009766
33,0.222120,0.485118,10631.486328
34,0.265486,0.540401,11030.750000
35,0.256131,0.510339,11263.643555
36,0.259014,0.469683,11629.692383
37,0.893578,0.456401,12761.068359
38,0.840818,0.439619,13326.798828
39,0.800705,0.479411,13576.279297
40,0.840656,0.451758,13975.583984
41,0.870262,0.468749,14458.184570
42,0.828665,0.479851,14874.086914
43,0.868539,0.457525,16105.219727
44,0.847359,0.416100,17070.199219
45,0.833817,0.438833,17719.062500
46,0.860791,0.425850,18151.652344
47,0.814788,0.448560,18733.980469
48,0.812837,0.436015,18916.955078
49,0.860634,0.413702,19216.414062
50,0.865653,0.359955,20031.687500
51,0.926882,0.403046,20414.412109
52,0.920961,0.432826,20647.292969
53,0.833325,0.303158,20913.531250
54,0.876959,0.326135,21462.542969
55,0.813168,0.360700,22244.539062
56,0.823251,0.389050,24423.966797
0,0.740398,0.575334,316.109161
1,0.725487,0.584220,499.187836
2,0.725643,0.522667,1364.237793
3,0.703372,0.422007,1563.893311
4,0.721721,0.397581,1913.370117
5,0.807371,0.375211,2129.612305
6,0.814561,0.363910,2578.785400
7,0.808280,0.316524,2944.828857
8,0.923714,0.414565,3460.653564
9,0.925865,0.493338,3859.934570
10,0.983288,0.499490,4375.670410
11,0.945856,0.523168,4691.801758
12,0.910941,0.629131,5207.600586
13,0.824041,0.693513,5423.820801
14,0.549596,0.492515,6571.898438
15,0.510066,0.484482,6754.883301
16,0.490709,0.476482,6971.151367
17,0.493735,0.469700,7120.955078
18,0.497563,0.527607,7353.825195
19,0.359658,0.460397,8019.271973
20,0.276827,0.463007,8401.988281
21,0.281686,0.451127,8501.775391
22,0.239926,0.538290,8768.002930
23,0.215389,0.585627,9150.633789
24,0.221825,0.574928,9300.429688
25,0.251930,0.663701,9666.490234
26,0.238425,0.665721,9866.082031
27,0.168694,0.550076,10198.882812
28,0.135974,0.471704,10448.404297
29,0.202220,0.463837,10764.490234
30,0.256222,0.531733,11097.259766
31,0.313236,0.425804,11479.983398
32,0.289186,0.525725,11929.136719
33,0.254889,0.548904,12361.785156
34,0.264236,0.548759,12644.526367
35,0.377315,0.535281,12894.212891
36,0.429536,0.471062,13576.245117
37,0.488261,0.451749,13958.973633
38,0.508944,0.495971,14291.754883
39,0.504535,0.505860,14491.333984
40,0.526530,0.508155,14707.670898
41,0.534876,0.469051,14957.194336
42,0.558530,0.687300,15339.873047
43,0.396609,0.573507,15589.372070
44,0.400998,0.568202,15855.664062
45,0.146140,0.566535,16604.322266
46,0.028521,0.548296,17070.128906
47,0.038907,0.553161,17419.517578
48,0.979804,0.555387,17602.564453
49,0.989852,0.529486,18001.935547
50,0.923911,0.562789,18384.490234
51,0.977763,0.625741,19149.847656
52,0.013498,0.678277,19416.123047
53,0.026510,0.668313,19682.269531
54,0.020980,0.549919,20214.623047
55,0.011838,0.440738,20547.480469
56,0.070598,0.405742,21046.607422
57,0.002533,0.418853,21662.136719
58,0.982947,0.400539,22111.322266
59,0.991810,0.386579,22410.880859
60,0.013264,0.396123,22577.171875
61,0.073563,0.573087,23043.031250
62,0.072047,0.567114,23392.431641
0,0.772578,0.873178,83.139809
1,0.753484,0.632418,366.077759
2,0.733199,0.383929,632.218384
3,0.733221,0.435656,1064.951904
4,0.734493,0.453516,1231.231567
5,0.734218,0.446600,1514.019165
6,0.737474,0.499499,1846.742798
7,0.732488,0.536515,2179.432129
8,0.584700,0.434377,2894.921875
9,0.738336,0.528186,3527.231445
10,0.737944,0.522014,3809.943115
11,0.792633,0.338680,5540.291504
12,0.781962,0.346978,5806.500000
13,0.893304,0.375527,6921.268066
14,0.789755,0.237941,8302.109375
15,0.793427,0.238199,8418.575195
16,0.828755,0.262573,8801.230469
17,0.587197,0.288574,10032.460938
18,0.590443,0.280890,10265.322266
19,0.584088,0.324467,10564.813477
20,0.411436,0.368407,12278.521484
21,0.396489,0.292907,12744.375000
22,0.360512,0.361296,13193.498047
23,0.392844,0.414304,13426.526367
24,0.258618,0.555767,15422.942383
25,0.966934,0.483308,18301.287109
26,0.948737,0.528929,19765.404297
27,0.950749,0.595684,20048.292969
28,0.942819,0.629295,20330.984375
29,0.910619,0.573454,20746.974609
30,0.940607,0.541784,21246.093750
31,0.534199,0.324692,24989.595703
0,0.767853,0.530872,83.231865
1,0.719697,0.558683,465.926270
2,0.728163,0.556968,981.681335
3,0.747955,0.561521,1763.661377
4,0.820328,0.436279,2479.059082
5,0.725764,0.549106,2778.492188
6,0.722231,0.557369,2961.513428
7,0.728938,0.589020,3593.734131
8,0.687492,0.485141,3959.775635
9,0.723175,0.427060,4309.216309
10,0.730037,0.392818,4475.537109
11,0.812725,0.391325,4808.296875
12,0.837317,0.395840,5057.910156
13,0.989532,0.464869,6039.483887
14,0.026238,0.425199,6405.509766
15,0.093620,0.392897,6655.123535
16,0.116811,0.392348,6904.675781
17,0.133067,0.392428,7204.164551
18,0.080930,0.396422,7536.911621
19,0.992238,0.370405,8002.814941
20,0.663639,0.452038,8917.817383
21,0.568195,0.451144,9300.542969
22,0.519795,0.459883,9550.061523
23,0.517177,0.450003,9733.041992
24,0.452702,0.437340,9999.266602
25,0.400992,0.450240,10531.674805
26,0.312588,0.436486,11064.141602
27,0.300699,0.398544,11297.043945
28,0.329497,0.345924,11696.311523
29,0.339511,0.278074,11962.545898
30,0.446266,0.346924,12212.063477
31,0.492199,0.337019,12378.503906
32,0.484141,0.348303,12544.806641
33,0.497043,0.377125,12677.909180
34,0.530940,0.402397,13010.688477
35,0.542580,0.425636,13326.734375
36,0.555497,0.433527,13443.254883
37,0.586158,0.412967,13609.614258
38,0.605509,0.425595,14042.256836
39,0.617031,0.395413,14225.230469
40,0.312336,0.435900,15023.778320
41,0.278941,0.447333,15273.377930
42,0.244535,0.442799,15489.644531
43,0.216469,0.435822,15705.926758
44,0.220210,0.403786,15988.895508
45,0.239184,0.425921,16404.800781
46,0.327522,0.424418,16670.978516
47,0.321886,0.413011,16887.220703
48,0.365292,0.404467,17120.109375
49,0.402421,0.395444,17486.146484
50,0.299850,0.394532,18068.568359
51,0.245859,0.453389,18234.863281
52,0.226174,0.445808,18417.904297
53,0.147881,0.442505,18800.626953
54,0.128388,0.414244,19000.169922
55,0.145691,0.376063,19149.990234
56,0.090140,0.412512,19931.927734
57,0.063962,0.418653,20198.097656
58,0.032472,0.464128,20480.947266
59,0.010921,0.502473,20730.505859
60,0.014990,0.577417,20946.765625
61,0.053569,0.500699,21113.132812
62,0.994629,0.505900,21396.021484
63,0.961478,0.478051,21762.123047
64,0.927456,0.454489,22011.626953
65,0.910574,0.423998,22361.064453
66,0.927068,0.528704,22627.205078
67,0.904164,0.510865,22876.791016
68,0.942018,0.520985,23209.525391
69,0.810260,0.386356,24141.218750
70,0.819442,0.376159,24340.861328
71,0.877509,0.416045,24690.244141
0,0.747598,0.555507,33.326698
1,0.733695,0.580234,332.778564
2,0.685208,0.446197,781.912842
3,0.753655,0.383875,1048.139038
4,0.729795,0.446261,1314.427490
5,0.684890,0.470683,1597.158813
6,0.673872,0.465483,1830.082764
7,0.704793,0.525010,2329.297119
8,0.695361,0.506433,2578.827393
9,0.724137,0.486262,2961.528809
10,0.736980,0.456070,3194.446045
11,0.755063,0.495205,3693.588135
12,0.734232,0.592159,4126.165527
13,0.672894,0.588606,4558.666992
14,0.688635,0.555024,4824.879883
15,0.709284,0.526022,5157.622559
16,0.733552,0.590958,5773.204102
17,0.667233,0.585622,6505.257812
18,0.626550,0.549753,6771.443359
19,0.611402,0.443720,7736.440918
20,0.588739,0.413740,7902.859375
21,0.544043,0.524668,8235.575195
22,0.516086,0.503270,8451.836914
23,0.501973,0.484346,8651.497070
24,0.503303,0.456332,8934.400391
25,0.520580,0.418844,9117.353516
26,0.508214,0.404661,9317.008789
27,0.415514,0.405668,10032.418945
28,0.382366,0.431465,10265.363281
29,0.474733,0.376385,10514.961914
30,0.472717,0.393183,10731.230469
31,0.308331,0.419344,11579.770508
32,0.298191,0.437696,11812.647461
33,0.339580,0.430850,12128.757812
34,0.293491,0.490309,12428.341797
35,0.252336,0.552053,12727.819336
36,0.254357,0.550496,13343.300781
37,0.217811,0.549805,13759.238281
38,0.195088,0.496521,14308.320312
39,0.193274,0.418447,14591.173828
40,0.200257,0.403347,14757.492188
41,0.199881,0.415544,14940.620117
42,0.140595,0.414088,15106.894531
43,0.285773,0.544533,15622.712891
44,0.287234,0.482711,15772.393555
45,0.335874,0.462490,16404.628906
46,0.342519,0.385307,16637.542969
47,0.299510,0.367383,16820.675781
48,0.405123,0.318149,17070.136719
49,0.489312,0.377776,17569.291016
50,0.473951,0.397526,17935.322266
51,0.519819,0.379108,18184.845703
52,0.576077,0.357550,18634.099609
53,0.590118,0.322004,18850.386719
54,0.595742,0.344189,19066.669922
55,0.670287,0.355378,19515.880859
56,0.669836,0.378453,19632.402344
57,0.713039,0.405976,19915.230469
58,0.688437,0.343569,20197.986328
59,0.697082,0.338761,20297.832031
60,0.738134,0.448759,20747.121094
61,0.655866,0.567515,21063.175781
62,0.753129,0.425745,21429.203125
63,0.755592,0.397647,21612.193359
64,0.765350,0.321342,21845.234375
65,0.758658,0.317180,22111.425781
66,0.774339,0.313718,22477.345703
67,0.773717,0.322109,22593.833984
68,0.764777,0.306976,22810.095703
69,0.771121,0.300202,22909.939453
70,0.787917,0.291033,23043.011719
71,0.782758,0.310371,23658.687500
72,0.925865,0.378751,23924.871094
73,0.932790,0.369723,24174.417969
74,0.917038,0.406684,24557.097656
75,0.006351,0.383456,24973.009766
0,0.723165,0.597069,399.370544
1,0.723576,0.563768,682.160828
2,0.724529,0.476890,1331.102051
3,0.714592,0.442895,1746.973999
4,0.594616,0.505091,2312.730713
5,0.618429,0.429772,2562.177979
6,0.685573,0.472125,3077.963867
7,0.844872,0.426236,3477.269531
8,0.831826,0.430917,3710.184082
9,0.862295,0.447416,3843.346924
10,0.972419,0.537055,4325.852539
11,0.987463,0.514493,4641.912598
12,0.973527,0.492251,4775.072754
13,0.929842,0.537899,5024.515625
14,0.934138,0.517969,5440.496094
15,0.897320,0.543402,5923.094238
16,0.904401,0.539786,6222.519531
17,0.957347,0.532847,6771.528320
18,0.952125,0.557105,7170.902832
19,0.951315,0.551814,7370.449219
20,0.065440,0.526374,7803.145996
21,0.059784,0.498409,8202.349609
22,0.089078,0.410146,8451.975586
23,0.139469,0.446089,8851.212891
24,0.181410,0.449943,9283.832031
25,0.220865,0.547176,9699.687500
26,0.228015,0.527521,10032.524414
27,0.291458,0.513006,10598.201172
28,0.272873,0.531659,10747.894531
29,0.274630,0.584970,11563.239258
30,0.248268,0.577147,12145.402344
31,0.228804,0.564838,12395.003906
32,0.217733,0.464647,12644.523438
33,0.365451,0.428047,13459.764648
34,0.358420,0.419783,13975.638672
35,0.351992,0.376651,14291.726562
36,0.350887,0.355340,14591.063477
37,0.263616,0.566302,14957.252930
38,0.257366,0.523466,16238.339844
39,0.251099,0.500722,16504.460938
40,0.258704,0.496939,16787.312500
41,0.258294,0.532650,17269.824219
42,0.258538,0.543936,17386.326172
43,0.284659,0.492181,17552.730469
44,0.387750,0.481464,17835.410156
45,0.373445,0.463943,18035.126953
46,0.374391,0.466556,18184.779297
47,0.392629,0.396659,18434.382812
48,0.348489,0.410427,18767.115234
49,0.308378,0.445086,19798.832031
50,0.316282,0.458846,19998.419922
51,0.312305,0.449572,20098.134766
52,0.326221,0.521275,20763.830078
53,0.253660,0.551298,21079.892578
54,0.234874,0.568324,21678.732422
55,0.267181,0.534243,22344.201172
56,0.317630,0.491889,22493.978516
57,0.313753,0.438682,23275.982422
58,0.472289,0.416123,24074.521484
59,0.487241,0.405579,24240.953125
60,0.533290,0.457064,24640.265625
0,0.772384,0.478152,382.662964
1,0.712295,0.546582,565.597717
2,0.720401,0.568837,665.428894
3,0.724651,0.587964,1314.272949
4,0.735780,0.565291,1696.986450
5,0.757451,0.473391,2429.053711
6,0.762545,0.399081,2745.161133
7,0.836199,0.390909,3344.125000
8,0.851882,0.445787,3660.175781
9,0.954387,0.471336,4442.211426
10,0.001258,0.539264,4691.727051
11,0.022793,0.472571,4874.759766
12,0.024191,0.448399,5190.836914
13,0.128929,0.452381,5473.685059
14,0.120178,0.442288,5590.232422
15,0.125416,0.442640,5723.256836
16,0.128081,0.433909,5806.443848
17,0.180397,0.460122,6172.599121
18,0.230091,0.424813,6488.697754
19,0.267110,0.531930,6871.279297
20,0.265525,0.506334,8102.486328
21,0.386218,0.453587,8385.268555
22,0.325826,0.399118,8801.329102
23,0.325262,0.359148,9250.454102
24,0.326414,0.343794,9699.670898
25,0.423047,0.460456,10315.246094
26,0.434324,0.487335,10647.969727
27,0.471013,0.493340,11047.285156
28,0.510616,0.435744,11496.547852
29,0.512068,0.442107,11646.220703
30,0.548789,0.449751,11912.422852
31,0.569983,0.452749,12278.497070
32,0.516298,0.481423,12627.889648
33,0.536218,0.951938,13326.641602
34,0.861620,0.931909,13559.656250
35,0.963067,0.953844,13958.959961
36,0.543254,0.151194,15589.364258
37,0.518056,0.147482,15855.614258
38,0.176373,0.133017,16637.554688
39,0.338948,0.124517,17269.792969
40,0.927697,0.104345,18051.755859
41,0.961839,0.195607,19948.412109
42,0.964547,0.299677,20314.417969
43,0.003866,0.375931,20580.611328
44,0.186956,0.457358,21512.310547
45,0.273643,0.526209,21978.220703
46,0.242970,0.530417,22360.861328
47,0.237943,0.423103,22893.324219
48,0.265126,0.543732,23209.435547
49,0.264624,0.554687,23991.373047
50,0.259780,0.559713,24590.349609
0,0.737915,0.489027,981.604858
1,0.727021,0.489113,1148.014893
2,0.810303,0.746732,1846.772339
3,0.745186,0.456675,2212.793457
4,0.736915,0.276276,3127.866699
5,0.806219,0.273535,4342.480957
6,0.818744,0.370011,5573.588379
7,0.102204,0.459444,6954.541992
8,0.079182,0.363363,7353.877930
9,0.099773,0.343846,7636.644043
10,0.112258,0.338485,7769.738770
11,0.059570,0.369358,8135.781250
12,0.046794,0.331365,8435.333984
13,0.381540,0.430175,10331.920898
14,0.357466,0.404149,10564.853516
15,0.385760,0.357051,10831.041016
16,0.269152,0.477574,11380.128906
17,0.269144,0.417069,11679.575195
18,0.247570,0.419988,11962.466797
19,0.251917,0.458371,12195.371094
20,0.256641,0.465255,12311.811523
21,0.270293,0.470827,12494.817383
22,0.240158,0.430955,12827.557617
23,0.217737,0.427797,13027.218750
24,0.175827,0.407323,13226.856445
25,0.281508,0.332334,13925.668945
26,0.271342,0.344006,14125.310547
27,0.364424,0.477368,14424.897461
28,0.325388,0.470272,14591.152344
29,0.353426,0.518863,14807.475586
30,0.488058,0.427919,15722.531250
31,0.274599,0.416654,18534.263672
32,0.278266,0.489271,19615.755859
33,0.299873,0.382351,20996.664062
34,0.349338,0.276532,21179.642578
35,0.380607,0.246760,21662.181641
36,0.298417,0.435887,23375.808594
37,0.425853,0.533078,24823.328125
38,0.428956,0.532712,24972.994141
0,0.755118,0.664246,16.648783
1,0.738997,0.561459,282.840118
2,0.723644,0.528490,499.125092
3,0.722164,0.539974,1081.418213
4,0.731381,0.405910,1547.297363
5,0.734302,0.555734,1896.763550
6,0.757242,0.859611,2628.714355
7,0.831455,0.900269,3044.683594
8,0.962957,0.942253,3277.570801
9,0.933414,0.553955,4359.011719
10,0.896696,0.371324,4774.971680
11,0.931761,0.395160,5007.966309
12,0.994130,0.398093,5373.951172
13,0.011404,0.361426,5590.314453
14,0.025907,0.335940,5873.083008
15,0.996012,0.575175,6122.684082
16,0.919689,0.729028,6538.604004
17,0.863809,0.738312,6788.118652
18,0.829018,0.664173,7104.219238
19,0.797665,0.633022,7253.967285
20,0.781421,0.569600,7620.102539
21,0.739066,0.520786,7869.597656
22,0.728230,0.494850,8069.195312
23,0.724247,0.488792,8302.116211
24,0.801964,0.364232,8518.397461
25,0.801145,0.299931,8834.565430
26,0.636704,0.486472,9733.064453
27,0.647767,0.557427,9932.685547
28,0.647168,0.570855,10032.455078
29,0.612507,0.528854,10415.199219
30,0.525826,0.418023,10947.505859
31,0.512389,0.409142,11097.333984
32,0.426572,0.519206,11629.750000
33,0.425291,0.505411,11746.198242
34,0.450903,0.364368,11945.870117
35,0.474561,0.369124,12145.402344
36,0.479699,0.367280,12261.899414
37,0.462345,0.550601,12694.450195
38,0.363719,0.462469,13093.750977
39,0.387699,0.615069,13493.100586
40,0.293674,0.423934,13942.262695
41,0.364086,0.391361,14191.917969
42,0.384900,0.357101,14458.113281
43,0.393431,0.399154,14790.872070
44,0.394498,0.418033,15073.697266
45,0.423415,0.322341,15506.245117
46,0.436724,0.280813,15722.512695
47,0.483528,0.324728,16304.833008
48,0.507519,0.332031,16571.033203
49,0.542028,0.388661,16937.089844
50,0.591714,0.358923,17536.007812
51,0.623808,0.380435,17785.572266
52,0.649181,0.352416,18018.546875
53,0.703500,0.459601,18700.626953
54,0.747321,0.498908,18916.896484
55,0.719336,0.371056,19183.134766
56,0.720960,0.377146,19283.007812
57,0.736121,0.601335,19515.902344
58,0.724887,0.612737,19798.732422
59,0.729030,0.600833,19915.197266
60,0.913966,0.391877,20930.068359
61,0.936401,0.380341,21063.167969
62,0.026339,0.731111,21745.394531
63,0.089985,0.382473,22311.019531
64,0.154967,0.428202,22610.449219
65,0.148018,0.323614,22959.869141
66,0.165722,0.350499,23159.511719
67,0.234214,0.448580,23392.531250
68,0.233211,0.423671,23608.720703
69,0.234281,0.548728,23824.982422
70,0.252340,0.580091,24207.693359
71,0.258370,0.565684,24374.037109
72,0.264821,0.560576,24623.634766
73,0.247823,0.593467,24956.386719
0,0.706456,0.455398,166.374084
1,0.753081,0.538110,349.452209
2,0.726501,0.555150,532.424438
3,0.737275,0.491378,1081.492554
4,0.735218,0.419280,1397.641235
5,0.721721,0.561212,1813.547241
6,0.090356,0.971435,2562.236084
7,0.978946,0.981207,2695.327881
8,0.259048,0.899809,3127.873291
9,0.664762,0.318944,4259.200195
10,0.587944,0.335931,4591.948242
11,0.594505,0.352905,4741.729980
12,0.555147,0.497996,5074.451172
13,0.538939,0.436406,5440.520508
14,0.512828,0.426701,5623.539551
15,0.510795,0.522290,6006.189941
16,0.563523,0.375705,6388.868652
17,0.529674,0.539465,6838.055664
18,0.531261,0.507722,7104.287109
19,0.516175,0.401038,7420.354980
20,0.557470,0.346384,7703.249023
21,0.648611,0.308496,8052.592285
22,0.629307,0.444238,8551.800781
23,0.729164,0.341253,8851.283203
24,0.744715,0.310820,9200.656250
25,0.831096,0.253792,9550.067383
26,0.835097,0.195404,9832.845703
27,0.814992,0.482823,10315.333008
28,0.947682,0.412033,10814.473633
29,0.951916,0.341847,11113.891602
30,0.037669,0.356316,11546.520508
31,0.022809,0.289177,11746.182617
32,0.082610,0.312290,12095.506836
33,0.117644,0.329255,12511.477539
34,0.147388,0.325575,12877.496094
35,0.166934,0.290842,13176.969727
36,0.222783,0.450797,13459.794922
37,0.223888,0.464143,13559.615234
38,0.268021,0.555690,13825.874023
39,0.268008,0.511543,14158.581055
40,0.230198,0.527194,14624.533203
41,0.280600,0.445108,15023.734375
42,0.330074,0.358068,15240.040039
43,0.344099,0.301249,15522.973633
44,0.401135,0.302732,15789.087891
45,0.457772,0.480021,16254.926758
46,0.510311,0.384629,16471.238281
47,0.496468,0.334970,16770.712891
48,0.547787,0.446847,17452.826172
49,0.544935,0.328968,18168.234375
50,0.359822,0.270206,18717.294922
51,0.322086,0.362573,18950.222656
52,0.327374,0.321741,19133.253906
53,0.331292,0.425906,19499.265625
54,0.367930,0.475381,19848.644531
55,0.285067,0.408953,20264.597656
56,0.298647,0.303747,20680.544922
57,0.982340,0.072169,22477.390625
58,0.855862,0.140998,23458.992188
59,0.930607,0.298164,23725.205078
60,0.864296,0.295643,24290.882812
61,0.835338,0.237683,24507.164062
62,0.799365,0.289886,24756.787109
63,0.780333,0.237147,24973.048828
0,0.757919,0.490985,16.575893
1,0.747375,0.632550,765.238586
2,0.744259,0.635252,1081.343262
3,0.709176,0.510601,1597.142578
4,0.742704,0.627100,1996.411621
5,0.736389,0.608081,2196.068848
6,0.740962,0.614327,2711.850586
7,0.780821,0.698456,3044.587402
8,0.787753,0.707080,3394.004395
9,0.778951,0.677897,3693.449951
10,0.715785,0.483255,4042.866211
11,0.695840,0.363120,4275.764160
12,0.697133,0.344053,4591.900879
13,0.701706,0.322286,4758.291992
14,0.602419,0.478201,5323.958496
15,0.611042,0.525023,5689.956055
16,0.568018,0.574221,5922.917480
17,0.642919,0.576624,6405.380371
18,0.572940,0.560071,6804.694336
19,0.526416,0.521762,7137.470215
20,0.514349,0.466360,7403.622070
21,0.488425,0.441586,7669.874023
22,0.445629,0.500138,8551.633789
23,0.450443,0.499798,8684.729492
24,0.434740,0.252181,9167.256836
25,0.445267,0.278795,9583.156250
26,0.445380,0.397292,10082.313477
27,0.419230,0.470941,10464.939453
28,0.419987,0.476144,10581.455078
29,0.442339,0.495888,11729.448242
30,0.479911,0.479380,11995.605469
31,0.439906,0.502890,12178.636719
32,0.521343,0.551678,12611.232422
33,0.566231,0.592981,12927.372070
34,0.590743,0.502243,13326.625977
35,0.596941,0.444293,13526.296875
36,0.596709,0.443509,13709.293945
37,0.599168,0.427777,13975.516602
38,0.563464,0.412477,14225.051758
39,0.562787,0.414551,14324.861328
40,0.537999,0.394680,14541.174805
41,0.624535,0.378973,14990.419922
42,0.633428,0.379495,15223.297852
43,0.606860,0.410638,15506.149414
44,0.640269,0.704458,16005.290039
45,0.648556,0.497158,16604.216797
46,0.666525,0.516274,16787.224609
47,0.678248,0.526930,16970.255859
48,0.684003,0.511972,17120.003906
49,0.677129,0.457399,17352.910156
50,0.718199,0.517641,17835.408203
51,0.718545,0.512786,18284.615234
52,0.738482,0.593890,18600.734375
53,0.741654,0.591130,18700.554688
54,0.759911,0.690227,18916.867188
55,0.741241,0.501001,19266.232422
56,0.756182,0.456946,19532.443359
57,0.789353,0.500745,19915.148438
58,0.814373,0.484599,20114.753906
59,0.821416,0.408620,21162.925781
0,0.727987,0.596296,349.325439
1,0.722375,0.557072,598.943542
2,0.721562,0.548677,881.857422
3,0.722304,0.517000,1297.697632
4,0.705744,0.497140,1580.645020
5,0.531706,0.539688,2113.005615
6,0.533316,0.533816,2212.791016
7,0.506306,0.502330,2412.414795
8,0.450586,0.484866,2662.095703
9,0.450816,0.462444,3011.403076
10,0.513816,0.470612,3260.939941
11,0.537447,0.460949,3493.927979
12,0.526896,0.438185,3710.206299
13,0.534334,0.457089,3926.387695
14,0.587320,0.435565,4442.253906
15,0.713914,0.462507,5190.982422
16,0.404903,0.421617,6122.590332
17,0.399036,0.381536,6388.905273
18,0.350021,0.386217,6688.410645
19,0.304082,0.354068,7187.459473
20,0.302265,0.468733,8618.196289
21,0.309605,0.407938,9749.569336
22,0.172184,0.529809,11064.065430
23,0.188287,0.495104,11563.182617
24,0.161127,0.557938,12544.723633
25,0.743208,0.555532,14591.106445
26,0.779162,0.505867,15356.488281
27,0.970940,0.522181,17103.433594
28,0.998499,0.527490,17852.007812
29,0.000834,0.526358,18301.285156
30,0.052896,0.524802,19249.650391
31,0.064231,0.528208,19748.781250
32,0.061446,0.524174,19981.736328
0,0.745332,0.515730,399.291565
1,0.735161,0.606828,632.274536
2,0.616137,0.355732,1364.350098
3,0.665323,0.397692,1763.602051
4,0.867251,0.258032,2944.839844
5,0.942411,0.375660,3127.935059
6,0.939083,0.374089,3244.351562
7,0.007584,0.481971,3527.251953
8,0.035203,0.430981,3893.160889
9,0.069002,0.400537,4109.479492
10,0.120701,0.356972,4325.805176
11,0.116527,0.359791,4542.153320
12,0.155286,0.361090,4708.444824
13,0.164988,0.328814,5407.268555
14,0.231323,0.413495,5723.372070
15,0.229635,0.359834,6039.514160
16,0.315663,0.330695,6488.686523
17,0.313522,0.299915,6771.535645
18,0.355700,0.325684,7004.451172
19,0.418029,0.286672,7303.880371
20,0.419235,0.296332,7436.999512
21,0.440415,0.281911,7620.034668
22,0.483708,0.295947,7902.842285
23,0.546838,0.368234,8152.409180
24,0.601273,0.373125,8485.163086
25,0.639858,0.376764,8917.738281
26,0.532194,0.372085,9317.040039
27,0.489896,0.317138,9633.164062
28,0.458652,0.280268,9866.072266
29,0.426595,0.261078,10065.746094
30,0.233122,0.323726,11014.071289
31,0.164927,0.292183,11363.517578
32,0.161181,0.304495,11513.225586
33,0.148302,0.297523,11696.215820
34,0.116087,0.290494,12062.244141
35,0.960233,0.354890,13043.915039
36,0.931508,0.310525,13276.790039
37,0.788451,0.364521,14225.117188
38,0.742080,0.353861,14591.153320
39,0.750809,0.352306,14790.821289
40,0.734926,0.304069,14990.491211
41,0.713316,0.304163,15240.019531
42,0.659922,0.386291,15556.128906
43,0.471747,0.344617,16537.750000
44,0.469512,0.350507,16687.511719
45,0.820880,0.293936,17652.480469
46,0.837599,0.218681,18085.048828
47,0.807755,0.248192,18384.531250
48,0.940539,0.374787,18966.835938
49,0.937362,0.369367,19083.310547
50,0.938449,0.358108,19183.140625
51,0.913831,0.356576,19349.500000
52,0.995377,0.396873,19715.537109
53,0.008748,0.379105,20031.630859
54,0.133670,0.312480,20713.787109
55,0.157664,0.311472,20963.347656
56,0.228202,0.340453,21346.019531
57,0.336410,0.358505,21911.683594
58,0.338502,0.364752,22094.708984
59,0.364319,0.384415,22277.753906
60,0.398955,0.315954,22710.308594
61,0.435222,0.287505,22959.863281
62,0.472959,0.295074,23209.431641
63,0.472059,0.281482,23375.806641
64,0.620407,0.359181,23941.472656
65,0.644447,0.340134,24307.505859
66,0.757616,0.366627,24823.271484
0,0.788220,0.483230,99.867363
1,0.781853,0.479074,199.673019
2,0.703007,0.576710,598.985413
3,0.712974,0.586509,831.911194
4,0.726306,0.562950,981.673950
5,0.733598,0.581043,1880.061279
6,0.727141,0.613718,2129.696289
7,0.482173,0.496559,3577.113037
8,0.431719,0.542998,3826.668945
9,0.495849,0.464094,4159.504395
10,0.539670,0.432292,4425.674805
11,0.647770,0.448773,4858.195312
12,0.814953,0.495416,5606.894531
13,0.814845,0.480405,5789.921875
14,0.007195,0.564084,6605.151855
15,0.001186,0.556311,6721.615723
16,0.015974,0.538838,6888.105469
17,0.016007,0.527705,6987.815918
18,0.052024,0.494476,7270.707031
19,0.047433,0.494277,7387.102051
20,0.054463,0.570746,7852.987305
21,0.057375,0.578619,7986.090820
22,0.083948,0.550967,8318.895508
23,0.086312,0.543313,8485.190430
24,0.092012,0.490165,8734.754883
25,0.882780,0.524056,9400.255859
26,0.719589,0.561894,9899.397461
27,0.717752,0.601488,10132.352539
28,0.728664,0.513864,10365.259766
29,0.762540,0.485157,10614.814453
30,0.837275,0.381205,10897.718750
31,0.836953,0.363036,11130.684570
32,0.806490,0.292376,11596.412109
33,0.800321,0.294340,11829.344727
34,0.913647,0.405647,12395.150391
35,0.943955,0.407181,12810.994141
36,0.997404,0.455694,13226.910156
37,0.024324,0.515102,13559.677734
38,0.028251,0.519078,13642.872070
39,0.200881,0.502888,14241.792969
40,0.271331,0.514620,14524.743164
41,0.268923,0.540961,14757.569336
42,0.250729,0.541039,15007.262695
43,0.245620,0.562291,15273.375000
44,0.238993,0.549397,15888.921875
45,0.266021,0.543714,16271.593750
46,0.329709,0.483036,16587.714844
47,0.327644,0.471966,16704.236328
48,0.374654,0.501303,17020.339844
49,0.369019,0.497361,17153.427734
50,0.405612,0.504103,17585.992188
51,0.428343,0.492132,18118.410156
52,0.497327,0.524598,18367.939453
53,0.537392,0.517295,18700.738281
54,0.571834,0.539692,19000.150391
55,0.534746,0.528345,19233.111328
56,0.523370,0.523505,19416.117188
57,0.470636,0.554887,19931.855469
58,0.430996,0.546587,20231.427734
59,0.091883,0.592674,21695.437500
60,0.072318,0.734865,22194.630859
61,0.074702,0.782845,22360.943359
62,0.727869,0.663962,24091.341797
63,0.784581,0.578104,24424.097656
64,0.977977,0.566925,24956.443359
0,0.733975,0.558251,349.433350
1,0.729650,0.547904,715.393677
2,0.726927,0.414356,1098.122192
3,0.729840,0.347822,1247.844360
4,0.833722,0.293932,1896.716675
5,0.955348,0.426423,2578.882324
6,0.962074,0.479298,3094.635498
7,0.585285,0.443327,4292.500488
8,0.511427,0.460543,4542.067383
9,0.500230,0.449600,4725.125977
10,0.460048,0.434573,5224.223145
11,0.463605,0.433929,5324.007812
12,0.463654,0.539777,5523.703613
13,0.476001,0.592993,5889.687988
14,0.364240,0.560710,6255.718750
15,0.343507,0.469720,6555.194824
16,0.371132,0.434849,6904.610352
17,0.276297,0.515695,7254.015137
18,0.248392,0.574145,7486.912109
19,0.217356,0.469714,7819.670410
20,0.318177,0.383037,8385.408203
21,0.389441,0.344661,8884.556641
22,0.365559,0.341926,9167.330078
23,0.163895,0.456931,9849.436523
24,0.172036,0.457575,9949.371094
25,0.126912,0.399779,10132.385742
26,0.137005,0.381003,10265.453125
27,0.154040,0.354558,10631.479492
28,0.069541,0.448508,11313.595703
29,0.172694,0.360503,11762.865234
30,0.168868,0.361956,12095.601562
31,0.157826,0.374538,13476.431641
32,0.109570,0.374526,13992.262695
33,0.011349,0.487159,14374.878906
34,0.987964,0.460959,14574.599609
35,0.990848,0.457245,14674.393555
36,0.983118,0.494206,15040.417969
37,0.954078,0.534348,15323.239258
38,0.953283,0.523323,15539.538086
39,0.909843,0.538314,15872.287109
40,0.921624,0.394180,16288.204102
41,0.913556,0.401313,16487.869141
42,0.857074,0.481833,16837.246094
43,0.799070,0.478977,17053.574219
44,0.777869,0.415532,17269.880859
45,0.744675,0.489056,17785.628906
46,0.698177,0.474987,17952.000000
47,0.645241,0.476826,18367.945312
48,0.811093,0.290385,19050.031250
49,0.720855,0.411468,19316.259766
50,0.710976,0.425771,19482.671875
51,0.732825,0.593663,20164.835938
52,0.690118,0.542192,20397.707031
53,0.609281,0.538673,20647.326172
54,0.577956,0.417906,21296.216797
55,0.508525,0.453447,21495.847656
56,0.504551,0.458982,21662.128906
57,0.500933,0.455039,21945.062500
58,0.537594,0.437841,22244.503906
59,0.567401,0.404002,22627.158203
60,0.096771,0.423468,24157.765625
61,0.075222,0.485740,24357.425781
62,0.081255,0.471328,24557.074219
