Idx, longitude, latitude, start timestamp
0,0.762810,0.372550,16.662292
1,0.587605,0.507593,1014.882202
2,0.564346,0.474620,1380.938599
3,0.040867,0.987843,2745.172852
4,0.377608,0.947934,2944.908203
5,0.998145,0.580690,4691.776855
6,0.011253,0.543869,5157.574707
7,0.060818,0.582088,5390.652344
8,0.158390,0.620581,5922.921387
9,0.976584,0.921864,6621.653809
10,0.981260,0.824357,6821.324707
11,0.549875,0.974491,7237.326660
12,0.191682,0.551521,7986.004883
13,0.302456,0.630256,8668.142578
14,0.252748,0.786206,9150.718750
15,0.977573,0.594607,10049.094727
16,0.981355,0.582193,10448.371094
17,0.919569,0.562454,10814.418945
18,0.934226,0.581279,11180.477539
19,0.933571,0.573011,11496.447266
20,0.941657,0.670544,11679.608398
21,0.873714,0.419396,12478.202148
22,0.881912,0.412009,12760.961914
23,0.978285,0.564024,13243.446289
24,0.992012,0.617589,13526.329102
25,0.988691,0.610053,13759.152344
26,0.610416,0.475342,15156.833984
27,0.814842,0.478986,15639.240234
28,0.836441,0.477748,15855.535156
29,0.834167,0.481467,16071.896484
30,0.888482,0.468292,16321.365234
31,0.882513,0.466255,16454.535156
32,0.887749,0.381984,16621.009766
33,0.716252,0.475816,18035.191406
34,0.811162,0.501194,18517.611328
35,0.837915,0.450331,18750.437500
36,0.855150,0.538597,19183.113281
37,0.024649,0.559642,20231.255859
38,0.961370,0.557855,21046.394531
39,0.971143,0.586736,21179.572266
40,0.915797,0.525235,21578.957031
41,0.911743,0.532700,21828.392578
42,0.937486,0.543658,22194.439453
43,0.950864,0.547790,23126.099609
44,0.136903,0.620726,23874.898438
45,0.039396,0.571499,24290.714844
0,0.694014,0.666209,149.807373
1,0.647590,0.652266,432.667603
2,0.608781,0.628539,698.787537
3,0.475507,0.665495,1264.616455
4,0.456735,0.636254,1497.403442
5,0.464289,0.561044,1730.417969
6,0.401039,0.721793,2495.661621
7,0.395466,0.755200,2678.777588
8,0.227609,0.987353,3959.723633
9,0.586993,0.810908,5739.986816
10,0.242257,0.733732,8435.269531
11,0.125704,0.591785,9050.896484
12,0.180650,0.542158,9516.828125
13,0.202371,0.570010,9733.014648
14,0.236221,0.980111,10747.913086
15,0.219435,0.978568,11197.183594
16,0.403474,0.909917,11480.044922
17,0.468233,0.568919,13127.148438
18,0.451786,0.526681,13459.873047
19,0.407064,0.538094,13859.263672
20,0.443253,0.525699,14591.203125
21,0.474970,0.589489,15123.556641
22,0.467992,0.587312,15323.229492
23,0.489390,0.561031,15606.127930
24,0.560934,0.564017,16554.476562
25,0.285427,0.579511,18534.291016
26,0.078610,0.567330,24939.886719
0,0.758484,0.616178,116.543274
1,0.763199,0.574154,332.789398
2,0.724415,0.483277,648.842468
3,0.721546,0.447920,848.511169
4,0.812513,0.489128,1147.984985
5,0.723851,0.438178,1497.321411
6,0.803695,0.828541,1863.367798
7,0.844050,0.863902,2329.279053
8,0.837371,0.834694,2495.616699
9,0.908488,0.609932,2944.839600
10,0.903337,0.556561,3211.099609
11,0.958375,0.539115,3676.979980
12,0.991471,0.570988,4059.605225
13,0.991561,0.568492,4275.841797
14,0.066055,0.540989,5074.408203
15,0.802048,0.508384,6671.624023
16,0.807713,0.508440,6821.413086
17,0.140625,0.594641,9017.589844
18,0.233127,0.583149,9799.454102
19,0.403633,0.597693,10831.112305
20,0.423332,0.855224,11463.344727
21,0.535534,0.920205,12727.676758
22,0.486187,0.481568,13226.967773
23,0.481642,0.497727,13676.044922
24,0.499877,0.509320,13975.590820
25,0.501841,0.507770,14175.205078
26,0.574557,0.540340,14907.300781
27,0.539301,0.784387,15622.638672
28,0.547663,0.469741,16238.300781
29,0.530480,0.443096,16604.298828
30,0.502801,0.530870,16870.498047
31,0.470918,0.705496,17619.275391
32,0.416914,0.688323,18018.525391
33,0.434077,0.506458,18384.462891
34,0.447360,0.493082,18634.085938
35,0.418571,0.465459,18883.613281
36,0.207492,0.521323,21229.585938
37,0.190940,0.523717,21628.853516
38,0.146152,0.542410,21878.449219
39,0.124912,0.528148,22127.941406
40,0.980780,0.564475,23425.671875
41,0.022994,0.537250,24157.802734
42,0.065061,0.537533,24407.423828
43,0.053796,0.510101,24956.371094
0,0.761665,0.554557,133.244965
1,0.723014,0.483051,399.494568
2,0.524338,0.589563,1464.224854
3,0.530791,0.575682,1597.284302
4,0.461151,0.588570,1963.326050
5,0.436653,0.570250,2262.751465
6,0.410787,0.802291,2612.109375
7,0.401357,0.780232,2795.069824
8,0.504977,0.787637,3144.464600
9,0.493005,0.924098,3394.072266
10,0.453863,0.580965,3810.037842
11,0.447273,0.484402,4042.909180
12,0.450607,0.486763,4176.063477
13,0.454811,0.497859,4275.802246
14,0.456268,0.509900,4392.282227
15,0.442069,0.458865,4758.363281
16,0.568269,0.467132,5290.783691
17,0.573348,0.485161,5457.172852
18,0.573320,0.496819,5640.109863
19,0.643018,0.530082,6056.079102
20,0.621955,0.461332,6355.484375
21,0.619154,0.454430,6455.443359
22,0.634653,0.430376,6588.559082
23,0.883210,0.540940,7619.942871
24,0.006418,0.599167,8085.868652
25,0.997426,0.599803,8202.381836
26,0.072411,0.576278,8451.802734
27,0.055310,0.655718,8751.325195
28,0.138535,0.525759,9117.305664
29,0.189482,0.550123,9433.434570
30,0.232293,0.573315,9699.663086
31,0.229968,0.573892,9849.345703
32,0.240675,0.563634,9982.469727
33,0.272132,0.577542,10198.756836
34,0.338106,0.562731,10514.886719
35,0.328099,0.517699,10747.740234
36,0.326202,0.653504,11113.816406
37,0.372122,0.566816,11330.050781
38,0.372593,0.546164,11430.003906
39,0.267138,0.512926,11779.342773
40,0.239339,0.491416,12095.416016
41,0.126130,0.558942,13160.126953
42,0.200781,0.512625,13576.103516
43,0.199446,0.508751,13925.514648
44,0.977278,0.498646,15006.877930
45,0.792423,0.447513,17735.353516
46,0.617119,0.411225,19815.099609
47,0.540439,0.454835,20497.275391
48,0.625501,0.455775,20763.388672
49,0.617725,0.453754,20963.048828
50,0.641086,0.444881,21428.898438
51,0.820397,0.460865,22843.136719
52,0.738657,0.919297,23774.804688
53,0.229373,0.847814,24773.011719
0,0.796699,0.490949,798.731445
1,0.685695,0.474876,1014.983643
2,0.699574,0.479197,1231.191162
3,0.614839,0.517651,1780.390747
4,0.605178,0.492999,1980.005493
5,0.575725,0.510007,2395.891357
6,0.542384,0.545758,3011.384766
7,0.496826,0.513436,3277.689697
8,0.494256,0.594034,3610.420654
9,0.471016,0.640478,3993.063232
10,0.531461,0.744129,4275.945801
11,0.551795,0.760885,4508.770996
12,0.479244,0.745192,4841.632324
13,0.382779,0.671857,5490.535645
14,0.345058,0.593217,5690.130371
15,0.335618,0.564187,5906.302246
16,0.337635,0.562731,6072.702148
17,0.325263,0.541561,6222.492188
18,0.285307,0.554804,6621.825195
19,0.239107,0.556773,7137.534668
20,0.213355,0.576437,7620.070312
21,0.203472,0.574418,7836.220215
22,0.207163,0.582932,8102.564941
23,0.204457,0.564923,8352.076172
24,0.185074,0.562665,8618.205078
25,0.135122,0.578668,9316.997070
26,0.125441,0.570884,9832.732422
27,0.069223,0.545444,10098.931641
28,0.056441,0.516356,10281.947266
29,0.027644,0.551926,10581.399414
30,0.990244,0.577880,10914.211914
31,0.952903,0.530458,11147.008789
32,0.940284,0.509222,11346.773438
33,0.929446,0.493933,11579.683594
34,0.949607,0.557340,11912.357422
35,0.883294,0.560994,12195.269531
36,0.877524,0.545548,12444.753906
37,0.872452,0.621694,12777.653320
38,0.832517,0.515042,13210.066406
39,0.877936,0.473006,13509.625000
40,0.947173,0.527779,13759.174805
41,0.977393,0.551783,14091.919922
42,0.972397,0.540988,14358.098633
43,0.002442,0.529392,14607.713867
44,0.022402,0.528198,14907.177734
45,0.039030,0.529243,15273.189453
46,0.049995,0.530071,15422.948242
47,0.143631,0.532672,16121.605469
48,0.159381,0.549069,16404.470703
49,0.155055,0.551384,16554.291016
50,0.187608,0.555223,16770.462891
51,0.216966,0.572713,17186.443359
52,0.320894,0.575232,18351.089844
53,0.339006,0.563423,18617.341797
54,0.335044,0.558752,18733.654297
55,0.360464,0.557801,18900.080078
56,0.424876,0.551310,19299.429688
57,0.423437,0.549375,19499.105469
58,0.432517,0.551422,19632.212891
59,0.464221,0.541857,19831.806641
60,0.478279,0.544488,20364.132812
61,0.471851,0.564000,20497.255859
62,0.459993,0.532893,21012.951172
63,0.452106,0.514600,21129.548828
64,0.403638,0.518174,21345.695312
65,0.458969,0.520966,21844.830078
66,0.625320,0.513601,23458.630859
67,0.634447,0.505437,23691.617188
68,0.630248,0.500855,23924.509766
69,0.590757,0.514357,24340.531250
0,0.747252,0.391613,482.511749
1,0.616826,0.468852,1114.813721
2,0.527278,0.667063,1996.519043
3,0.444084,0.562047,2811.768066
4,0.459953,0.551719,3493.883301
5,0.337838,0.518721,3993.056885
6,0.370682,0.512614,4176.104980
7,0.380470,0.511277,5141.142090
8,0.374345,0.531312,5390.621094
9,0.558824,0.705300,7370.415527
10,0.959710,0.534012,9749.671875
11,0.971104,0.583179,10032.506836
12,0.023936,0.549397,10282.015625
13,0.060875,0.544844,10531.621094
14,0.321829,0.946044,13942.366211
15,0.840872,0.832817,15606.066406
16,0.843407,0.819664,15855.672852
17,0.846079,0.805347,16105.199219
18,0.944239,0.478679,19998.367188
19,0.436492,0.510240,22959.884766
20,0.456555,0.546762,23192.875000
21,0.457022,0.548689,23309.378906
22,0.455488,0.547111,23558.851562
23,0.457500,0.641539,23858.376953
24,0.666517,0.770096,24906.443359
0,0.844908,0.600699,632.285278
1,0.703914,0.441548,815.195007
2,0.622524,0.516361,1347.688599
3,0.599148,0.505037,1514.115112
4,0.727853,0.463778,1846.921753
5,0.719895,0.464939,2279.395264
6,0.858485,0.492207,2845.079102
7,0.975942,0.529575,3477.336426
8,0.002560,0.548450,3810.057373
9,0.060152,0.560347,4076.183105
10,0.231780,0.556033,4991.310547
11,0.308113,0.548431,5540.450195
12,0.305377,0.540312,5656.731934
13,0.356434,0.574245,5839.733887
14,0.413228,0.564319,6072.724121
15,0.409149,0.555010,6172.515137
16,0.405243,0.521756,6605.113770
17,0.445325,0.506362,6821.384766
18,0.471577,0.501987,7137.461426
19,0.464903,0.514290,7387.110352
20,0.466539,0.534457,7570.112793
21,0.452850,0.531072,8451.990234
22,0.465656,0.627952,8635.001953
23,0.406268,0.646063,8967.675781
24,0.468385,0.521288,9549.914062
25,0.434121,0.473796,9999.201172
26,0.389966,0.498759,10248.781250
27,0.393533,0.504402,10481.710938
28,0.327576,0.544368,10747.890625
29,0.333934,0.539316,10947.525391
30,0.697208,0.473038,14724.226562
31,0.705961,0.451981,15406.348633
32,0.870520,0.426527,16670.832031
33,0.886475,0.437300,17120.023438
34,0.875993,0.415842,17452.824219
35,0.879578,0.409920,17902.025391
36,0.874992,0.416802,18101.656250
37,0.870870,0.424368,18467.681641
38,0.887672,0.456008,18916.931641
39,0.972590,0.527070,20048.220703
40,0.049755,0.534617,20347.761719
41,0.180547,0.643649,21795.193359
42,0.102103,0.472554,23209.451172
43,0.100798,0.468772,23458.921875
44,0.151376,0.288197,24973.072266
0,0.726848,0.529256,399.260468
1,0.698393,0.510781,549.048035
2,0.674383,0.495019,981.760132
3,0.609497,0.522043,1197.973633
4,0.604017,0.516576,1381.012817
5,0.529107,0.572055,1697.145630
6,0.544192,0.557268,1846.833252
7,0.464935,0.613231,2229.529541
8,0.443036,0.592557,2412.451172
9,0.448850,0.571026,2595.473389
10,0.453767,0.560004,3177.854004
11,0.401133,0.672063,3577.094482
12,0.407485,0.692820,3776.757812
13,0.414238,0.801905,4225.920898
14,0.377103,0.876668,4558.665527
15,0.406059,0.930981,4741.689453
16,0.547301,0.993805,5673.399902
17,0.827269,0.987837,5773.290039
18,0.389304,0.975830,5956.314453
19,0.783753,0.750079,6904.668945
20,0.790237,0.724432,7054.369141
21,0.792474,0.727897,7204.138672
22,0.804286,0.730152,7420.371582
23,0.878533,0.542031,7902.908691
24,0.886800,0.472302,8169.138184
25,0.883041,0.440094,8451.864258
26,0.832266,0.360861,8668.220703
27,0.827579,0.322318,8801.223633
28,0.017365,0.240242,9400.190430
29,0.062195,0.111007,9666.496094
30,0.194999,0.056468,9915.949219
31,0.153137,0.573847,10980.801758
32,0.219582,0.558298,11396.729492
33,0.272174,0.556758,11862.578125
34,0.305850,0.527626,12578.073242
35,0.187817,0.561990,13742.654297
36,0.115626,0.575402,14025.553711
37,0.121458,0.569597,14275.020508
38,0.021930,0.570931,14973.925781
39,0.978853,0.568266,15223.345703
40,0.938917,0.585444,15456.339844
41,0.913283,0.547347,16038.604492
42,0.603548,0.601595,17535.998047
43,0.454580,0.562342,18550.966797
44,0.471012,0.716059,19316.183594
45,0.395759,0.683974,19798.685547
46,0.397867,0.675107,20181.451172
47,0.424728,0.564333,20713.742188
48,0.463985,0.550874,20896.798828
49,0.456913,0.548568,21395.921875
50,0.471750,0.541280,21745.328125
51,0.545957,0.514819,22127.996094
52,0.550486,0.493563,22410.712891
53,0.552845,0.540275,22710.248047
54,0.548140,0.544411,23076.343750
55,0.725545,0.500721,23825.019531
56,0.727204,0.498151,24041.353516
57,0.786767,0.517905,24307.457031
58,0.784598,0.521676,24407.359375
59,0.792871,0.749890,24873.166016
0,0.746546,0.451101,33.441620
1,0.763623,0.457043,366.146027
2,0.444693,0.497985,1630.486450
3,0.434134,0.484119,1863.467896
4,0.399192,0.543583,2163.010010
5,0.416873,0.673522,2429.158936
6,0.416478,0.718767,2595.421875
7,0.493424,0.915173,3410.653809
8,0.463213,0.515179,5640.145996
9,0.423643,0.497468,5889.636719
10,0.426293,0.478231,6172.521484
11,0.401764,0.478194,6355.640137
12,0.440937,0.414634,6754.836914
13,0.572844,0.415886,7387.120117
14,0.501097,0.494651,7703.253906
15,0.451014,0.479879,7986.106445
16,0.389248,0.628881,8219.029297
17,0.399325,0.675510,8418.619141
18,0.304502,0.571581,8767.926758
19,0.264925,0.522052,9333.709961
20,0.214112,0.608595,9516.705078
21,0.219993,0.587068,9633.223633
22,0.180950,0.560430,9949.392578
23,0.172208,0.541202,10215.523438
24,0.131133,0.520252,10398.589844
25,0.132104,0.509778,10498.311523
26,0.097174,0.541576,10781.190430
27,0.078160,0.551124,10930.906250
28,0.078992,0.586667,11380.140625
29,0.143503,0.413038,11646.307617
30,0.152219,0.420042,11812.619141
31,0.209014,0.415385,12112.122070
32,0.234830,0.432454,12461.535156
33,0.222870,0.451831,12644.540039
34,0.177835,0.520352,13027.240234
35,0.168485,0.515479,13210.291992
36,0.153933,0.516494,13476.471680
37,0.571033,0.382346,15140.200195
38,0.561517,0.381441,15289.944336
39,0.644128,0.439120,15539.537109
40,0.639723,0.405885,15772.473633
41,0.631603,0.384743,16138.500977
42,0.744902,0.388208,16371.297852
43,0.797967,0.398850,16620.931641
44,0.716134,0.371697,16870.529297
45,0.705512,0.376792,17020.160156
46,0.704222,0.377795,17486.056641
47,0.701183,0.387650,17802.181641
48,0.737377,0.384016,18051.880859
49,0.876057,0.435831,18251.433594
50,0.906288,0.464622,18484.255859
51,0.904947,0.445534,18634.009766
52,0.896686,0.446762,18734.000000
53,0.960571,0.476868,18966.814453
54,0.006432,0.515089,19183.132812
55,0.998654,0.497498,19332.884766
56,0.954024,0.455561,19682.357422
57,0.925975,0.446584,20048.275391
58,0.878801,0.663694,20530.767578
59,0.930068,0.431289,20830.261719
60,0.058043,0.482180,21179.617188
61,0.085679,0.501220,21362.646484
62,0.029414,0.446156,21845.123047
63,0.022770,0.439210,21978.220703
64,0.087933,0.473935,22311.021484
65,0.145054,0.520458,22543.990234
66,0.151067,0.571676,22959.818359
67,0.153656,0.565795,23043.105469
68,0.169454,0.534081,23209.417969
69,0.218870,0.551682,23392.414062
70,0.170589,0.521832,23908.236328
71,0.154801,0.500949,24107.841797
0,0.741236,0.469556,382.759003
1,0.703122,0.441938,565.657593
2,0.611116,0.538097,1164.617676
3,0.719027,0.448866,1430.905151
4,0.877891,0.872903,2146.297852
5,0.858339,0.850602,2329.253906
6,0.094753,0.985722,2512.280029
7,0.257719,0.885751,2811.764648
8,0.295240,0.872903,2944.845459
9,0.346372,0.896924,3161.064209
10,0.993041,0.408512,4758.344238
11,0.116353,0.502096,5324.086426
12,0.067742,0.480279,5640.150391
13,0.472139,0.546176,9799.485352
14,0.601901,0.961065,10880.966797
15,0.177654,0.568178,13293.392578
16,0.440876,0.521472,15489.472656
17,0.489596,0.511429,15988.769531
18,0.503876,0.852240,17269.716797
19,0.604048,0.468903,20613.943359
20,0.560029,0.493937,20913.367188
21,0.557987,0.529560,21096.380859
22,0.566334,0.563984,21595.498047
23,0.538719,0.706026,22177.853516
24,0.540992,0.708905,22327.630859
25,0.539263,0.492375,23092.835938
26,0.541297,0.486370,23325.828125
27,0.503536,0.526318,23575.339844
28,0.417526,0.531740,24357.335938
29,0.446059,0.645826,24939.734375
0,0.506105,0.752511,1730.342896
1,0.465939,0.560958,3959.783203
2,0.904765,0.699802,5739.961914
3,0.967727,0.575848,7753.047852
4,0.446326,0.576041,10015.767578
5,0.173671,0.580565,11879.131836
6,0.181383,0.573909,12162.013672
7,0.120662,0.585462,12378.230469
8,0.211888,0.954197,13592.869141
9,0.403313,0.676787,16587.537109
10,0.377673,0.849285,17569.308594
11,0.368822,0.842524,17802.169922
12,0.469323,0.722044,18301.292969
13,0.474373,0.704091,19033.373047
14,0.464922,0.693758,19282.873047
0,0.723146,0.504077,266.266388
1,0.701651,0.483454,465.828888
2,0.627161,0.532907,781.989441
3,0.610229,0.567057,1131.330566
4,0.598321,0.551557,1381.022339
5,0.619694,0.576717,1613.874268
6,0.610115,0.692497,2246.177490
7,0.585515,0.743190,2528.933350
8,0.444535,0.584648,3776.831787
9,0.444073,0.565128,4009.694336
10,0.446545,0.557423,4508.821289
11,0.559634,0.530535,5007.871094
12,0.524422,0.499310,5257.522461
13,0.612958,0.502227,6039.478027
14,0.574397,0.507873,6754.893066
15,0.874221,0.494689,8052.581543
16,0.894146,0.504330,8235.586914
17,0.975168,0.544944,9483.442383
18,0.959802,0.584556,10465.077148
19,0.959297,0.582322,10697.932617
20,0.037782,0.521618,10997.477539
21,0.047032,0.525361,11247.061523
22,0.956544,0.603808,11563.155273
23,0.953372,0.600623,11829.271484
24,0.963368,0.573856,12444.866211
25,0.927804,0.529826,12777.609375
26,0.364319,0.536644,15206.732422
27,0.401167,0.550165,15655.935547
28,0.429481,0.553437,15905.492188
29,0.489699,0.586899,16454.607422
30,0.486779,0.586027,16637.572266
31,0.502525,0.586760,17402.902344
32,0.501833,0.576835,17635.806641
33,0.333182,0.554054,18035.150391
34,0.222522,0.541831,18900.287109
35,0.230147,0.539850,19149.880859
36,0.192963,0.555773,19399.390625
37,0.197310,0.568961,19665.626953
38,0.176657,0.574325,19915.105469
39,0.194580,0.547823,20264.494141
40,0.182262,0.536756,20663.927734
41,0.029030,0.554644,21911.744141
42,0.952573,0.561598,22643.744141
43,0.964377,0.562068,22943.177734
44,0.969686,0.562137,23142.855469
45,0.934528,0.532781,23442.292969
46,0.938959,0.519130,23691.943359
47,0.918108,0.513872,23991.281250
48,0.912055,0.539567,24457.195312
0,0.781886,0.682756,66.513908
1,0.775325,0.616119,382.639740
2,0.780484,0.531126,765.277283
3,0.805468,0.518455,931.669983
4,0.630212,0.574105,1597.179321
5,0.633426,0.576304,1879.986450
6,0.611822,0.611322,2013.111328
7,0.633074,0.667181,2262.676758
8,0.572386,0.778621,2578.767578
9,0.569113,0.820908,2844.982666
10,0.544662,0.795224,3077.915771
11,0.514984,0.646322,3260.918457
12,0.483495,0.639725,3443.922607
13,0.446894,0.624583,3726.777344
14,0.443900,0.595035,3893.151367
15,0.419234,0.521143,4209.262207
16,0.425161,0.411404,4791.568359
17,0.652658,0.377887,5590.166992
18,0.649118,0.394046,5756.551758
19,0.746738,0.438649,6205.763184
20,0.727976,0.446276,6488.611816
21,0.714317,0.448430,6821.353027
22,0.736792,0.460983,7087.573242
23,0.721981,0.447839,7337.114258
24,0.810607,0.504632,7703.178223
25,0.846702,0.531204,7936.077637
26,0.858866,0.484860,8085.809082
27,0.900907,0.488642,8268.839844
28,0.906553,0.475036,8451.847656
29,0.901467,0.464351,8684.761719
30,0.898068,0.477176,8801.230469
31,0.898426,0.464254,9200.550781
32,0.938962,0.604823,9599.831055
33,0.971843,0.657048,9832.758789
34,0.973589,0.634000,10032.411133
35,0.001636,0.639350,10182.148438
36,0.029027,0.569921,10598.093750
37,0.873707,0.518752,11113.872070
38,0.861827,0.633656,11546.432617
39,0.860170,0.794699,11779.356445
40,0.879302,0.901213,12128.772461
41,0.914102,0.918740,12561.321289
42,0.040353,0.914880,13310.008789
43,0.099394,0.909938,13509.667969
44,0.139824,0.874053,13759.261719
45,0.118920,0.832589,13992.182617
46,0.122954,0.782794,14291.649414
47,0.141908,0.791852,14707.588867
48,0.809811,0.918121,15190.057617
49,0.732135,0.781159,15373.083008
50,0.714737,0.688194,15755.877930
51,0.700809,0.707850,15905.484375
52,0.141766,0.923170,16387.978516
53,0.130929,0.881007,16537.695312
54,0.140040,0.883024,16837.195312
55,0.098326,0.875309,16970.296875
56,0.089518,0.865336,17136.662109
57,0.712641,0.802531,17918.630859
58,0.692665,0.694843,18068.367188
59,0.688941,0.701121,18201.460938
60,0.678451,0.689900,18317.935547
61,0.692284,0.676331,18683.957031
62,0.767505,0.620928,19332.830078
63,0.881714,0.573890,19848.597656
64,0.012609,0.593558,20514.101562
65,0.063738,0.608815,20979.958984
66,0.179559,0.587061,22044.746094
67,0.206321,0.588955,22310.962891
68,0.204549,0.597793,22460.718750
69,0.260557,0.667035,22959.824219
70,0.297465,0.698725,23292.572266
71,0.245137,0.568481,23592.089844
72,0.207160,0.520553,23791.699219
73,0.174507,0.493809,24041.287109
74,0.112004,0.483020,24573.681641
0,0.743535,0.504135,99.936882
1,0.775412,0.475289,482.604034
2,0.690035,0.481120,698.915710
3,0.847659,0.470234,1896.841675
4,0.822222,0.473971,2146.323730
5,0.816710,0.480649,2262.911865
6,0.888469,0.448176,2778.701416
7,0.889426,0.420642,2895.028809
8,0.883099,0.427835,3344.248291
9,0.886602,0.446045,3560.527588
10,0.996656,0.531809,4242.718262
11,0.005213,0.526957,4375.771484
12,0.983349,0.503475,4575.428223
13,0.023026,0.504522,4874.983398
14,0.063304,0.506856,5124.588379
15,0.027791,0.497923,5507.169922
16,0.109890,0.471666,5823.283691
17,0.135108,0.493388,6122.777832
18,0.146654,0.499389,6355.772949
19,0.137271,0.491557,6821.496094
20,0.089758,0.472718,7037.920410
21,0.057965,0.477756,7204.249023
22,0.103833,0.476583,7487.045898
23,0.098680,0.475098,7670.044434
24,0.991310,0.526142,8069.323730
25,0.902864,0.559109,8418.732422
26,0.901854,0.572864,8701.534180
27,0.910118,0.554428,9050.994141
28,0.892685,0.539987,9333.780273
29,0.901747,0.543172,9666.532227
30,0.913695,0.514628,9949.386719
31,0.855126,0.613364,10415.240234
32,0.949484,0.542796,10797.967773
33,0.937201,0.559639,10980.976562
34,0.942451,0.578228,11230.458984
35,0.945028,0.578814,11330.420898
36,0.942183,0.576805,11513.322266
37,0.911513,0.591576,11629.760742
38,0.742527,0.502503,12445.057617
39,0.613171,0.538278,12744.602539
40,0.622632,0.539686,12910.913086
41,0.611020,0.582773,13060.606445
42,0.622439,0.590776,13260.242188
43,0.521535,0.578518,13576.377930
44,0.521304,0.565322,13776.014648
45,0.529590,0.549722,13992.342773
46,0.614246,0.487465,14374.998047
47,0.634461,0.467028,14591.261719
48,0.457983,0.553062,15240.162109
49,0.388734,0.541776,15506.332031
50,0.385990,0.619042,15805.788086
51,0.387817,0.539123,16138.592773
52,0.388923,0.526163,16338.243164
53,0.426854,0.522459,16737.535156
54,0.447346,0.551366,16970.433594
55,0.466439,0.536236,17120.193359
56,0.538483,0.514087,17835.630859
57,0.412242,0.658224,18151.755859
58,0.384416,0.655228,18384.632812
59,0.495593,0.889806,18900.390625
60,0.645075,0.888509,19066.763672
61,0.498247,0.943709,19249.835938
62,0.432961,0.940014,19549.265625
63,0.619542,0.905868,19981.865234
64,0.623602,0.893178,20248.054688
65,0.558558,0.822449,20547.523438
66,0.564855,0.808281,20663.984375
67,0.706660,0.897604,21179.781250
68,0.635136,0.932856,21412.671875
69,0.628495,0.960494,21728.796875
70,0.519697,0.900432,22078.169922
71,0.494247,0.893480,22394.304688
72,0.789766,0.822635,22710.447266
73,0.761347,0.772768,22910.076172
74,0.743870,0.749003,23326.001953
75,0.587395,0.543989,23625.494141
76,0.447641,0.552179,24440.742188
77,0.449290,0.563149,24640.361328
0,0.774037,0.528538,415.942444
1,0.593706,0.554184,1430.860718
2,0.544135,0.532649,1680.434082
3,0.484518,0.586521,2146.264160
4,0.446340,0.560378,2412.401855
5,0.451192,0.547840,2961.462402
6,0.436147,0.519612,3161.114746
7,0.401694,0.652230,3394.092285
8,0.336525,0.584373,3710.187500
9,0.406699,0.643744,4209.273438
10,0.344248,0.549303,4442.202637
11,0.283619,0.565772,5157.603516
12,0.256373,0.661662,5606.854004
13,0.261543,0.680770,5906.343750
14,0.482926,0.544907,7170.761719
15,0.706637,0.495056,8152.420898
16,0.742185,0.463254,8401.968750
17,0.800780,0.466522,8701.541016
18,0.853917,0.486410,9117.393555
19,0.899503,0.575494,9549.923828
20,0.962097,0.550291,9816.180664
21,0.999178,0.534842,10015.825195
22,0.996974,0.537203,10115.636719
23,0.987553,0.545906,10248.745117
24,0.062128,0.501076,10747.914062
25,0.056711,0.506936,10964.148438
26,0.049888,0.521067,11097.248047
27,0.139061,0.504103,11696.271484
28,0.202178,0.496543,12295.125977
29,0.230726,0.494151,12494.812500
30,0.187890,0.521692,12910.817383
31,0.182340,0.485749,13343.339844
32,0.046957,0.566014,13659.518555
33,0.979512,0.557621,13975.567383
34,0.953139,0.580069,14657.678711
35,0.099094,0.502406,15173.485352
36,0.141425,0.476055,15639.301758
37,0.134760,0.490548,15789.127930
38,0.129588,0.491205,16121.821289
39,0.128115,0.492574,16221.620117
40,0.057735,0.501796,16437.900391
41,0.953969,0.557101,16953.744141
42,0.896049,0.571606,17386.257812
43,0.923368,0.506440,17685.785156
44,0.868571,0.599077,17951.992188
45,0.814062,0.536290,18417.787109
46,0.814768,0.518744,18550.871094
47,0.865245,0.446199,18800.457031
48,0.872697,0.415325,19249.646484
49,0.871404,0.404264,19449.394531
50,0.872820,0.411035,19632.367188
51,0.860377,0.393976,19931.835938
52,0.870398,0.397244,20031.654297
53,0.893843,0.423267,20231.308594
54,0.881036,0.498056,20514.166016
55,0.783484,0.518488,20730.400391
56,0.695890,0.498710,21246.181641
57,0.612562,0.532891,21595.638672
58,0.609630,0.498350,21728.699219
59,0.617037,0.495694,21828.468750
60,0.547856,0.540484,22094.685547
61,0.550249,0.590234,22677.023438
62,0.548484,0.539750,22893.326172
63,0.453546,0.560322,23575.451172
64,0.437423,0.511016,24024.626953
65,0.540058,0.501749,24540.500000
0,0.736329,0.488965,382.748199
1,0.703380,0.497924,582.358643
2,0.638988,0.553504,865.171753
3,0.608471,0.614475,1264.486694
4,0.551542,0.543352,1680.458130
5,0.535607,0.497337,1880.028687
6,0.459494,0.546632,2212.822021
7,0.404180,0.662559,2562.250244
8,0.471511,0.738829,2861.698730
9,0.525565,0.793677,3028.080566
10,0.544284,0.742812,3560.501709
11,0.717983,0.484178,4941.402832
12,0.857560,0.285340,5457.130859
13,0.889579,0.456746,5889.735840
14,0.880073,0.429250,6072.752441
15,0.892601,0.450081,7570.159180
16,0.884073,0.449685,8485.218750
17,0.965632,0.544493,8818.027344
18,0.997295,0.582613,9050.857422
19,0.031129,0.525632,9300.416016
20,0.057321,0.507836,9500.097656
21,0.070843,0.502096,9799.630859
22,0.990617,0.509496,10099.049805
23,0.964557,0.513992,10448.391602
24,0.964158,0.527456,10648.069336
25,0.990623,0.536517,10831.104492
26,0.027296,0.538943,11080.730469
27,0.147340,0.551937,11529.962891
28,0.204362,0.559451,11796.070312
29,0.231990,0.550411,12012.341797
30,0.216436,0.516714,12261.939453
31,0.249142,0.510552,12444.967773
32,0.275095,0.560977,12694.486328
33,0.280853,0.565222,12794.306641
34,0.307540,0.525329,13210.338867
35,0.332123,0.521949,13476.458008
36,0.334480,0.526059,13842.506836
37,0.102251,0.545293,14508.033203
38,0.757527,0.505475,15705.936523
39,0.801979,0.491601,16155.085938
40,0.823993,0.501082,16437.949219
41,0.548923,0.483739,17353.009766
42,0.569821,0.486349,17669.144531
43,0.530493,0.469416,17902.068359
44,0.509757,0.476792,18151.646484
45,0.546249,0.686343,18401.244141
46,0.589438,0.731220,18783.884766
47,0.542093,0.752630,18966.853516
48,0.760638,0.430106,19782.082031
49,0.905993,0.472176,20247.949219
50,0.960687,0.519274,20480.857422
51,0.960271,0.524050,20580.697266
52,0.010942,0.516528,20797.009766
53,0.059556,0.469196,20996.685547
54,0.264313,0.535047,21678.783203
55,0.169785,0.549966,22494.099609
56,0.111266,0.602080,22760.263672
57,0.121922,0.542904,23009.878906
58,0.156231,0.507612,23226.132812
59,0.336189,0.567726,24124.607422
60,0.393401,0.611919,24457.322266
61,0.436221,0.606495,24706.873047
0,0.695149,0.502714,515.784790
1,0.573819,0.527123,1131.439331
2,0.540533,0.534297,1331.035156
3,0.552142,0.509742,1530.678101
4,0.466527,0.504286,2096.408691
5,0.469543,0.514104,2578.891113
6,0.412998,0.584155,2878.461914
7,0.404280,0.615635,3061.360107
8,0.432117,0.689328,3294.323242
9,0.447041,0.632100,3543.845947
10,0.386637,0.700665,3909.926758
11,0.353520,0.713722,4126.235352
12,0.356678,0.766313,4542.090332
13,0.366947,0.811765,4808.329102
14,0.374557,0.845253,5057.855957
15,0.772950,0.818519,6056.185547
16,0.794395,0.825930,6305.769531
17,0.807215,0.853338,6505.370605
18,0.815170,0.881430,6671.802246
19,0.889113,0.872760,6937.972168
20,0.953343,0.495520,7437.034180
21,0.979946,0.502241,7653.368652
22,0.844531,0.501559,8169.073242
23,0.789142,0.492558,8368.750000
24,0.031970,0.511070,8967.701172
25,0.061829,0.528746,9117.420898
26,0.157893,0.539017,9599.963867
27,0.212268,0.562202,9766.336914
28,0.219629,0.550575,9932.691406
29,0.211748,0.539006,10531.687500
30,0.194382,0.524401,10914.363281
31,0.332343,0.532892,11380.188477
32,0.336970,0.527301,11662.984375
33,0.421016,0.633505,12029.093750
34,0.419422,0.650086,12228.697266
35,0.477275,0.555506,12461.585938
36,0.320609,0.556420,13293.509766
37,0.323209,0.553551,13393.366211
38,0.356962,0.535823,13543.019531
39,0.384420,0.541486,13892.465820
40,0.407911,0.615560,14208.544922
41,0.345049,0.579524,14524.745117
42,0.320036,0.556564,14774.277344
43,0.278644,0.605486,15106.968750
44,0.267865,0.662904,15389.905273
45,0.261201,0.601720,16404.751953
46,0.317956,0.596293,16621.011719
47,0.324675,0.586317,16837.347656
48,0.380970,0.608028,17120.154297
49,0.403176,0.727981,17419.597656
50,0.455627,0.660727,17985.347656
51,0.537290,0.521879,18534.330078
52,0.533533,0.513716,18717.339844
53,0.519215,0.600001,18916.986328
54,0.314116,0.539189,19732.261719
55,0.299083,0.531886,20114.863281
56,0.308992,0.529915,20331.255859
57,0.246831,0.545936,20730.507812
58,0.195353,0.560849,20996.718750
59,0.195390,0.557311,21113.175781
60,0.170551,0.561112,21379.423828
61,0.116815,0.562732,21612.291016
62,0.031938,0.531958,22244.537109
63,0.963552,0.537177,22427.546875
64,0.926012,0.515945,22826.806641
65,0.923251,0.510396,23059.712891
66,0.916418,0.555908,23542.257812
67,0.970524,0.547426,23924.904297
68,0.959771,0.580408,24307.646484
69,0.961754,0.598482,24790.064453
0,0.761626,0.527359,16.730503
1,0.623046,0.550492,499.137329
2,0.646996,0.542925,848.557434
3,0.614638,0.538160,1281.106567
4,0.590577,0.538760,1464.133667
5,0.589224,0.669177,1680.493164
6,0.561850,0.676163,1979.896973
7,0.523709,0.675607,2212.940430
8,0.479278,0.640106,2562.210205
9,0.563152,0.535439,2828.443848
10,0.470094,0.518286,3028.102783
11,0.574519,0.537205,3344.185059
12,0.550200,0.493768,3693.569092
13,0.508602,0.482026,3976.413086
14,0.456919,0.531000,4209.332031
15,0.435216,0.520361,5191.019531
16,0.403107,0.651734,5440.571289
17,0.374496,0.817369,5773.264648
18,0.615321,0.953630,6255.827148
19,0.773106,0.922974,6521.999512
20,0.927499,0.896650,6904.613281
21,0.025477,0.866910,7237.368164
22,0.277808,0.862199,7952.860840
23,0.266080,0.884120,8435.357422
24,0.184350,0.881407,8784.687500
25,0.206712,0.541124,9516.737305
26,0.219970,0.520143,9733.136719
27,0.187111,0.532733,10132.434570
28,0.125974,0.549660,10381.913086
29,0.133668,0.520701,10698.000977
30,0.093594,0.524060,10964.247070
31,0.008125,0.546116,11213.836914
32,0.009686,0.535137,11363.577148
33,0.027691,0.496613,11596.539062
34,0.949156,0.551525,11796.073242
35,0.888946,0.569355,12195.449219
36,0.883880,0.569509,12428.346680
37,0.881537,0.532733,12561.441406
38,0.892881,0.537492,12927.541992
39,0.899470,0.533251,13093.824219
40,0.914082,0.561808,13276.834961
41,0.934179,0.502123,13692.800781
42,0.907138,0.509093,14025.562500
43,0.975546,0.472651,14474.728516
44,0.032300,0.472375,14774.245117
45,0.057436,0.474601,15023.778320
46,0.059400,0.480953,15173.633789
47,0.081592,0.465072,15306.660156
48,0.075835,0.469418,15406.537109
49,0.067647,0.468571,15506.312500
50,0.034827,0.470435,15839.106445
51,0.830283,0.492705,16571.076172
52,0.851513,0.478132,16820.654297
53,0.877965,0.422406,17036.923828
54,0.886762,0.421884,17269.835938
55,0.876502,0.411499,17852.246094
56,0.871760,0.432918,18151.693359
57,0.872053,0.411181,19133.332031
58,0.787707,0.487689,19582.476562
59,0.829015,0.446592,20015.031250
60,0.689977,0.490455,20414.394531
61,0.700898,0.482168,20730.478516
62,0.735744,0.564467,21262.853516
63,0.800603,0.771322,21945.029297
64,0.219257,0.522181,23159.560547
65,0.220475,0.532136,23309.312500
66,0.247939,0.517779,23608.746094
67,0.321601,0.520582,23958.158203
68,0.314846,0.516602,24091.259766
69,0.344525,0.506725,24290.908203
70,0.342113,0.507059,24407.361328
71,0.357918,0.565904,24973.080078
0,0.754290,0.488889,116.456940
1,0.820458,0.762501,1014.870361
2,0.909972,0.930845,1929.955933
3,0.005377,0.512047,2878.250732
4,0.074231,0.516521,3111.207520
5,0.072484,0.521100,3227.679932
6,0.035043,0.585310,3527.227295
7,0.960659,0.510346,3826.616211
8,0.958557,0.546938,4059.578369
9,0.609870,0.530087,5240.780762
10,0.444368,0.554879,5873.024414
11,0.454292,0.552617,6006.218262
12,0.466648,0.558527,6122.708984
13,0.407340,0.647916,6704.892090
14,0.486643,0.553223,6987.748047
15,0.482396,0.543174,7087.604980
16,0.439132,0.526215,7420.360352
17,0.304292,0.550962,7786.351562
18,0.197546,0.545266,8285.509766
19,0.148552,0.527641,8634.903320
20,0.101056,0.554076,9100.763672
21,0.030401,0.516366,9566.610352
22,0.038573,0.518335,9766.311523
23,0.043318,0.519389,9916.035156
24,0.002753,0.494771,10115.624023
25,0.989455,0.459923,10548.232422
26,0.240098,0.496572,11113.965820
27,0.257690,0.551017,11363.460938
28,0.327841,0.588103,11662.937500
29,0.328173,0.582676,11862.657227
30,0.383614,0.602291,12062.240234
31,0.463382,0.569123,12627.934570
32,0.481638,0.528628,12910.719727
33,0.538568,0.538223,13226.829102
34,0.556398,0.528453,13476.396484
35,0.553043,0.526897,13592.921875
36,0.574649,0.561795,13842.416016
37,0.472351,0.568509,14541.268555
38,0.408817,0.694327,15023.758789
39,0.369256,0.868426,15356.443359
40,0.372135,0.868536,15456.281250
41,0.113974,0.961384,15955.381836
42,0.162715,0.902654,16138.423828
43,0.030696,0.677085,16521.130859
44,0.025876,0.603141,16803.964844
45,0.033767,0.517757,17036.890625
46,0.030600,0.504974,17319.675781
47,0.016129,0.485191,17635.845703
48,0.028547,0.492209,17802.248047
49,0.963920,0.514510,18101.671875
50,0.067421,0.551624,18434.458984
51,0.159793,0.549444,18850.382812
52,0.212666,0.557489,19216.421875
53,0.957552,0.495323,20231.279297
54,0.893325,0.559018,20547.412109
55,0.854455,0.571398,20780.404297
56,0.856512,0.555499,21046.523438
57,0.862332,0.540292,21262.853516
58,0.868489,0.517927,21362.666016
59,0.867060,0.571890,21811.826172
60,0.843331,0.497859,22410.812500
61,0.892115,0.585715,22876.658203
62,0.919789,0.476954,23275.968750
63,0.935150,0.462652,23658.613281
64,0.044344,0.513698,24224.304688
65,0.142379,0.536882,24490.498047
0,0.805105,0.695578,33.299294
1,0.782957,0.534173,399.397766
2,0.826278,0.502999,599.025208
3,0.783619,0.771558,1397.676025
4,0.771683,0.740838,1663.830078
5,0.710577,0.476125,2063.124023
6,0.705056,0.471171,2279.415283
7,0.701064,0.483230,2445.738770
8,0.695176,0.498425,2545.581787
9,0.713129,0.520104,2878.424805
10,0.625930,0.570668,3161.218506
11,0.596331,0.545254,3427.390625
12,0.615935,0.561150,3693.625488
13,0.559221,0.581243,4126.198242
14,0.744568,0.421082,5407.298828
15,0.733496,0.469225,5656.844238
16,0.813389,0.477860,6122.687012
17,0.896231,0.613245,7170.880371
18,0.894822,0.629260,7303.932617
19,0.971156,0.560493,7536.892578
20,0.969953,0.557467,7786.471680
21,0.952718,0.550200,7969.449219
22,0.952032,0.541721,8085.898926
23,0.939550,0.521256,8468.583984
24,0.951117,0.525626,9050.907227
25,0.951014,0.520051,9566.686523
26,0.948931,0.530841,9749.652344
27,0.939320,0.535552,10481.713867
28,0.949750,0.528035,10864.392578
29,0.026906,0.551545,11430.070312
30,0.026116,0.561020,11563.164062
31,0.063804,0.558319,11912.537109
32,0.097807,0.585399,12212.027344
33,0.096882,0.565586,12544.773438
34,0.143758,0.588739,12894.191406
35,0.144882,0.586011,13143.750000
36,0.925360,0.507543,14008.891602
37,0.885800,0.504270,14191.899414
38,0.870286,0.518452,14524.658203
39,0.858865,0.522343,14657.772461
40,0.835525,0.518948,14990.515625
41,0.687910,0.470286,15755.832031
42,0.624565,0.526893,16055.302734
43,0.635728,0.539567,16371.435547
44,0.587302,0.539087,16604.363281
45,0.547725,0.527791,16903.839844
46,0.481712,0.556158,17419.617188
47,0.449377,0.557543,17652.544922
48,0.472181,0.550751,18018.564453
49,0.476171,0.595595,18800.501953
50,0.424056,0.653069,18983.542969
51,0.393139,0.808815,19332.902344
52,0.408046,0.797254,19432.744141
53,0.378996,0.857965,19615.755859
54,0.398028,0.893059,19915.261719
55,0.337920,0.950044,20098.238281
56,0.472853,0.943930,20364.433594
57,0.523068,0.930185,20763.736328
58,0.549862,0.888794,20996.673828
59,0.476168,0.630989,21246.250000
60,0.453372,0.600461,21612.246094
61,0.398437,0.620009,21861.832031
62,0.415138,0.627683,22044.851562
63,0.413815,0.633355,22194.583984
64,0.482050,0.538081,22377.589844
65,0.482704,0.515480,22510.705078
66,0.477590,0.518895,23026.460938
67,0.459454,0.547489,23259.382812
68,0.460825,0.550452,23675.337891
69,0.469126,0.553422,23924.888672
70,0.324342,0.561611,24340.875000
71,0.299393,0.539376,24607.041016
0,0.704992,0.481816,465.824707
1,0.696042,0.483082,748.592651
2,0.813078,0.715050,1098.006348
3,0.832547,0.546214,1447.365112
4,0.786358,0.714349,1929.972778
5,0.784220,0.763383,2113.004639
6,0.801815,0.781393,2545.492432
7,0.838131,0.521921,3244.276855
8,0.808558,0.483745,3493.847900
9,0.808602,0.454595,3693.510010
10,0.884922,0.469268,3909.760010
11,0.896617,0.469140,4109.380371
12,0.879105,0.591175,4392.269531
13,0.882731,0.672674,5290.662109
14,0.887091,0.528120,5556.975098
15,0.887831,0.518708,5673.361328
16,0.882267,0.456747,5839.712891
17,0.886315,0.432496,5972.843750
18,0.882281,0.423754,6288.929688
19,0.882289,0.521016,6654.996582
20,0.903500,0.517178,7037.654785
21,0.979682,0.546346,7270.529785
22,0.950270,0.555365,7486.850098
23,0.945380,0.528462,7703.229492
24,0.980573,0.553222,8019.345215
25,0.935654,0.525528,8518.466797
26,0.935924,0.546890,9183.947266
27,0.912523,0.516599,9549.883789
28,0.929790,0.520246,9949.209961
29,0.969441,0.519572,10514.846680
30,0.007063,0.530067,10997.445312
31,0.015723,0.597684,11213.693359
32,0.021255,0.603352,11380.149414
33,0.007588,0.522304,11629.616211
34,0.001545,0.508234,11746.077148
35,0.981581,0.500799,11995.637695
36,0.086132,0.489666,12444.850586
37,0.062480,0.560670,12844.110352
38,0.038530,0.606416,13126.972656
39,0.032262,0.593052,13326.718750
40,0.025801,0.526216,13542.942383
41,0.137914,0.614003,13692.683594
42,0.158849,0.526432,14025.462891
43,0.154779,0.542289,14175.117188
44,0.151858,0.543963,14324.918945
45,0.137016,0.580948,14657.619141
46,0.103371,0.514500,14857.276367
47,0.147724,0.664746,15123.491211
48,0.225127,0.550205,15622.706055
49,0.204712,0.537907,16204.919922
50,0.244927,0.573625,16787.220703
51,0.254171,0.565786,17036.814453
52,0.250080,0.550840,17419.474609
53,0.211215,0.586184,18101.666016
54,0.192743,0.552482,18267.996094
55,0.188106,0.527543,18517.552734
56,0.227815,0.535778,19183.072266
57,0.247385,0.577707,19432.623047
58,0.249644,0.601843,19665.572266
59,0.242152,0.670049,19981.667969
60,0.272854,0.683516,20214.621094
61,0.310143,0.561747,20580.625000
62,0.265544,0.551660,21013.189453
63,0.275825,0.576939,21229.472656
64,0.178645,0.534582,21495.720703
65,0.206636,0.562890,22127.917969
66,0.220536,0.604998,22493.923828
67,0.229388,0.600141,22826.673828
68,0.241977,0.601184,23026.335938
69,0.275860,0.652952,23475.541016
70,0.296769,0.669718,23791.660156
71,0.264685,0.693040,24091.132812
72,0.247211,0.702474,24290.800781
73,0.277347,0.689997,24623.529297
74,0.271108,0.663935,24939.654297
0,0.719123,0.578264,116.506073
1,0.710933,0.541705,316.113586
2,0.591546,0.508312,765.354309
3,0.695823,0.489921,1197.881470
4,0.606225,0.563576,1430.837524
5,0.597028,0.560220,1613.797974
6,0.529562,0.530292,1863.437378
7,0.512152,0.495229,2029.798950
8,0.516660,0.499189,2196.218750
9,0.467056,0.534841,2429.119385
10,0.433967,0.537817,2612.055664
11,0.439230,0.498988,2961.453613
12,0.395656,0.547311,3161.095459
13,0.396570,0.568671,3377.457520
14,0.447053,0.527703,3760.070801
15,0.333141,0.568597,4109.539062
16,0.295196,0.559820,4342.499023
17,0.251014,0.566238,4691.809570
18,0.216579,0.566696,4841.543457
19,0.219904,0.567672,4941.345215
20,0.199996,0.568823,5224.177734
21,0.188080,0.596602,5457.125000
22,0.282388,0.602762,6355.538086
23,0.335345,0.618725,6655.020020
24,0.374943,0.587297,6854.661621
25,0.483207,0.570167,7486.879395
26,0.465641,0.561452,7620.018066
27,0.494295,0.541706,8285.502930
28,0.567333,0.545619,8551.708008
29,0.620272,0.544663,9317.040039
30,0.633989,0.508944,9516.708008
31,0.652225,0.583084,10198.820312
32,0.651234,0.456753,10381.839844
33,0.649772,0.429659,10531.564453
34,0.744920,0.511891,10980.809570
35,0.827732,0.548884,11629.635742
36,0.856051,0.554270,11812.668945
37,0.867761,0.571142,12045.583984
38,0.883965,0.627122,12328.426758
39,0.941712,0.561479,12894.161133
40,0.958536,0.533974,13110.443359
41,0.016349,0.610880,13576.269531
42,0.905348,0.542445,13892.358398
43,0.906915,0.519939,14158.576172
44,0.814959,0.540093,14890.607422
45,0.782355,0.543165,15206.717773
46,0.755460,0.558927,15472.968750
47,0.800115,0.534405,15988.691406
48,0.842091,0.544468,16221.622070
49,0.839938,0.483446,16487.835938
50,0.878804,0.438398,16704.123047
51,0.883520,0.415179,16970.345703
52,0.884131,0.418881,17086.769531
53,0.872187,0.423594,17186.609375
54,0.897808,0.671919,17702.373047
55,0.914054,0.706643,17902.041016
56,0.940826,0.586022,18218.140625
57,0.989693,0.569340,18467.693359
58,0.048290,0.532530,18900.291016
59,0.059461,0.552461,19033.406250
60,0.148809,0.595481,19416.095703
61,0.143800,0.580125,19582.427734
62,0.189967,0.611628,19998.359375
63,0.191874,0.607355,20198.013672
64,0.208893,0.607987,20480.847656
65,0.161907,0.551775,20846.878906
66,0.150098,0.528631,21113.066406
67,0.117418,0.496457,21395.910156
68,0.108650,0.483321,21595.560547
69,0.199915,0.575393,21845.121094
70,0.147203,0.570134,22211.171875
71,0.132915,0.559181,22444.078125
72,0.114391,0.580153,22660.388672
73,0.000838,0.605715,23242.695312
74,0.019833,0.635237,23492.244141
75,0.023983,0.643190,23592.072266
76,0.005299,0.578011,23874.931641
77,0.991600,0.510278,24107.882812
78,0.960188,0.496687,24407.318359
0,0.692677,0.494797,565.681213
1,0.694735,0.482052,948.232239
2,0.616306,0.460926,1347.558716
3,0.601754,0.509082,1630.463013
4,0.547030,0.558121,1863.331299
5,0.526434,0.604478,2063.098389
6,0.540573,0.693391,2362.515137
7,0.525980,0.739082,2612.112061
8,0.474304,0.735310,2828.318848
9,0.409668,0.774325,3244.229248
10,0.353168,0.837475,3676.804688
11,0.470235,0.549381,4126.019531
12,0.470049,0.525820,4275.746582
13,0.467540,0.498998,4691.754883
14,0.454902,0.495348,4824.831055
15,0.404745,0.507861,5041.166504
16,0.394460,0.528674,5190.859375
17,0.423812,0.526654,5373.839844
18,0.450649,0.505716,5640.065430
19,0.539551,0.499089,6056.022949
20,0.500151,0.492211,6455.296387
21,0.476127,0.493639,6638.312012
22,0.604024,0.522748,7120.784668
23,0.533895,0.605005,7420.289062
24,0.551959,0.685120,7603.281250
25,0.534843,0.712993,7786.311523
26,0.466012,0.707000,8069.137207
27,0.462443,0.654127,8235.526367
28,0.455741,0.615776,8401.898438
29,0.533939,0.594004,8634.847656
30,0.620792,0.561173,8901.041016
31,0.629798,0.535713,9050.768555
32,0.648912,0.534540,9333.581055
33,0.641635,0.529629,9533.250977
34,0.650456,0.512954,9766.183594
35,0.729387,0.489925,10049.039062
36,0.833236,0.494483,10514.869141
37,0.868278,0.486518,10847.648438
38,0.879762,0.457757,11047.291016
39,0.873404,0.480933,11280.205078
40,0.880398,0.485028,11463.212891
41,0.880442,0.459877,11646.213867
42,0.875074,0.442524,11845.865234
43,0.874126,0.432329,12128.713867
44,0.936254,0.484733,12727.667969
45,0.961533,0.487873,12927.336914
46,0.921520,0.524912,13243.472656
47,0.883809,0.630792,13626.088867
48,0.971291,0.555150,13958.848633
49,0.003810,0.517241,14208.428711
50,0.017748,0.491986,14391.434570
51,0.054415,0.470340,14657.634766
52,0.071557,0.471879,14857.265625
53,0.041502,0.546340,15140.119141
54,0.106389,0.494177,15373.047852
55,0.106135,0.500180,15472.870117
56,0.139685,0.518083,15755.717773
57,0.180344,0.509954,15955.366211
58,0.178351,0.516159,16071.816406
59,0.191526,0.504587,16254.830078
60,0.210423,0.516876,16487.763672
61,0.186094,0.506300,17036.802734
62,0.310083,0.523738,17968.541016
63,0.374414,0.530900,18401.083984
64,0.282724,0.504623,18983.408203
65,0.229736,0.526091,19183.048828
66,0.165933,0.516563,19549.083984
67,0.165537,0.513341,19715.480469
68,0.100109,0.516781,19948.386719
69,0.089380,0.496573,20114.751953
70,0.070704,0.494777,20314.427734
71,0.052886,0.488177,20530.712891
72,0.072493,0.470761,20713.724609
73,0.008520,0.496302,21079.744141
74,0.992374,0.506655,21296.023438
75,0.014136,0.503442,21662.060547
76,0.035649,0.496106,21811.806641
77,0.968359,0.560585,22144.552734
78,0.028836,0.559611,22560.478516
79,0.027008,0.555095,22810.035156
80,0.011271,0.514698,22993.068359
81,0.973709,0.510399,23176.068359
82,0.944377,0.520450,23425.658203
83,0.986504,0.505503,23874.859375
84,0.006904,0.506202,24141.058594
85,0.915547,0.518544,24473.812500
86,0.873632,0.525896,24723.371094
0,0.761643,0.506857,332.803101
1,0.707758,0.404628,698.802429
2,0.527629,0.524864,1913.403564
3,0.313646,0.873891,3909.932861
4,0.367875,0.825906,4359.100586
5,0.834068,0.499668,7187.563477
6,0.878806,0.411266,7686.627930
7,0.980459,0.557233,8135.849121
8,0.985635,0.565814,8302.216797
9,0.979960,0.524658,8485.201172
10,0.019231,0.485738,8817.965820
11,0.057179,0.562674,9067.615234
12,0.038532,0.646739,9350.455078
13,0.159227,0.533927,10248.926758
14,0.228903,0.573316,10797.860352
15,0.428918,0.506457,11762.871094
16,0.467857,0.753203,13227.022461
17,0.298238,0.920952,14291.807617
18,0.281478,0.909773,14524.651367
19,0.210506,0.523562,16388.068359
20,0.210102,0.511812,16687.519531
21,0.873010,0.465517,19649.064453
22,0.874468,0.457736,20248.083984
23,0.866342,0.401606,20431.007812
24,0.863720,0.368346,20597.394531
25,0.867612,0.386730,20780.412109
26,0.878016,0.409274,21046.589844
27,0.876568,0.544343,21312.785156
28,0.869158,0.536275,21529.080078
29,0.850610,0.634569,21895.173828
30,0.775724,0.495907,22211.253906
31,0.883268,0.661711,22710.353516
32,0.941488,0.525779,23259.373047
33,0.978347,0.543656,24008.162109
34,0.092150,0.520586,24473.921875
35,0.186025,0.536705,24956.517578
0,0.667679,0.498168,682.180969
1,0.667172,0.490809,865.213684
2,0.603690,0.526529,1148.048462
3,0.608109,0.527512,1281.107300
4,0.466086,0.611688,1929.949707
5,0.474268,0.449441,2329.287354
6,0.479323,0.438648,2512.352295
7,0.540023,0.422871,2778.531006
8,0.573893,0.403627,3261.051514
9,0.639813,0.479701,3627.026123
10,0.737587,0.444196,4442.268555
11,0.858278,0.428632,4758.345703
12,0.876474,0.384815,5207.600098
13,0.867649,0.374390,5390.582031
14,0.863848,0.378504,5656.760742
15,0.984957,0.482763,7337.192383
16,0.064275,0.523694,7669.921387
17,0.763259,0.873470,9000.931641
18,0.719490,0.870203,9300.513672
19,0.563076,0.912099,10365.316406
20,0.319722,0.534729,11213.791992
21,0.249939,0.545431,11546.491211
22,0.203287,0.507747,11895.902344
23,0.211411,0.506353,12012.335938
24,0.306711,0.502388,12345.076172
25,0.302279,0.504417,12561.426758
26,0.371504,0.490884,12794.289062
27,0.442683,0.491665,13060.525391
28,0.430201,0.501061,13343.333008
29,0.490173,0.487611,13609.597656
30,0.473331,0.537097,13809.181641
31,0.470371,0.535076,13925.757812
32,0.538075,0.498238,14391.507812
33,0.531060,0.491149,14607.816406
34,0.527117,0.479295,14707.635742
35,0.526615,0.478618,14957.198242
36,0.474403,0.451900,15356.483398
37,0.440883,0.466140,15872.246094
38,0.475084,0.462665,16404.662109
39,0.468769,0.440540,16704.126953
40,0.504327,0.419975,17153.345703
41,0.501073,0.442555,17602.619141
42,0.442107,0.446722,18018.494141
43,0.402916,0.488526,18417.837891
44,0.653021,0.423569,19532.535156
45,0.799944,0.456887,20281.255859
46,0.778714,0.460665,20680.521484
47,0.702232,0.464550,21079.845703
48,0.704368,0.466554,21212.935547
49,0.648846,0.396275,21429.234375
50,0.624094,0.471696,21861.800781
51,0.961585,0.520076,23242.710938
52,0.986267,0.476531,23442.363281
53,0.977897,0.393489,23775.173828
54,0.742076,0.462273,24939.736328
0,0.749042,0.492864,316.153534
1,0.692598,0.481897,565.770325
2,0.695059,0.472315,698.866699
3,0.700761,0.470784,848.523315
4,0.620556,0.511235,1031.534546
5,0.590372,0.518778,1331.039795
6,0.598967,0.517438,1447.492188
7,0.544963,0.550428,1697.151123
8,0.545019,0.524351,1946.604370
9,0.482052,0.537593,2279.379883
10,0.452946,0.540628,2562.301270
11,0.471193,0.687100,2878.369385
12,0.396841,0.673134,3394.107178
13,0.386114,0.776902,3627.042969
14,0.375660,0.829725,3843.394287
15,0.362992,0.844792,4042.937256
16,0.302137,0.610445,4458.926758
17,0.313323,0.509392,4791.678223
18,0.234802,0.536815,5190.968750
19,0.242325,0.547947,5407.272949
20,0.335761,0.523549,5673.458008
21,0.388125,0.521886,6189.258789
22,0.421879,0.500692,6422.110352
23,0.428684,0.501029,6655.122070
24,0.459603,0.518905,6954.519043
25,0.484223,0.490598,7270.696777
26,0.487732,0.514886,7470.400879
27,0.514923,0.591925,7803.047852
28,0.562320,0.495990,8219.089844
29,0.559713,0.487144,8302.199219
30,0.630083,0.501167,8601.703125
31,0.629969,0.588091,9267.139648
32,0.632557,0.590183,9649.818359
33,0.637134,0.627322,10065.781250
34,0.675895,0.608537,10298.707031
35,0.764689,0.532872,10465.069336
36,0.801846,0.513856,10664.745117
37,0.849626,0.540736,10980.863281
38,0.894004,0.521923,11213.750000
39,0.889675,0.500749,11313.598633
40,0.886061,0.427353,11629.740234
41,0.145118,0.557107,12777.703125
42,0.171625,0.560199,13043.963867
43,0.092406,0.529286,13526.392578
44,0.054065,0.495814,13825.861328
45,0.001424,0.525263,14075.403320
46,0.074691,0.489755,14441.448242
47,0.076320,0.490830,14624.464844
48,0.018946,0.608783,15140.210938
49,0.956847,0.565518,15456.421875
50,0.947219,0.606389,15805.764648
51,0.966781,0.514661,16121.938477
52,0.947748,0.486187,16404.740234
53,0.871413,0.461497,16687.542969
54,0.874759,0.423864,16887.167969
55,0.776951,0.781556,17719.089844
56,0.747022,0.800192,17952.021484
57,0.732983,0.793879,18268.134766
58,0.742677,0.791437,18567.556641
59,0.636456,0.845651,19033.421875
60,0.633391,0.548174,19698.917969
61,0.634162,0.554568,19848.671875
62,0.625736,0.555292,19965.205078
63,0.444813,0.551410,20597.355469
64,0.451968,0.541357,20697.181641
65,0.437005,0.509225,20896.830078
66,0.467948,0.536870,21296.179688
67,0.338990,0.529621,22044.906250
68,0.275417,0.527623,22610.539062
69,0.261403,0.535406,22893.396484
70,0.326367,0.524350,23392.546875
71,0.207658,0.512303,23808.437500
72,0.197929,0.524163,24058.054688
73,0.330219,0.533578,24673.595703
0,0.725107,0.493208,399.298035
1,0.702464,0.469863,565.692505
2,0.592642,0.569210,1214.577637
3,0.647938,0.647742,1497.382568
4,0.811977,0.848289,1996.463989
5,0.868051,0.912180,2711.885742
6,0.018748,0.916056,2878.301514
7,0.147518,0.931701,3294.263672
8,0.887682,0.431371,4259.260254
9,0.866634,0.580632,4725.093262
10,0.860961,0.659063,5057.902832
11,0.804299,0.528127,5473.715332
12,0.793360,0.488728,5806.521973
13,0.694989,0.453681,6105.975586
14,0.696201,0.462382,6239.045898
15,0.893465,0.486548,6904.623535
16,0.885661,0.442619,7270.619629
17,0.046455,0.581865,8085.843262
18,0.051299,0.431656,8302.137695
19,0.013869,0.398969,8535.055664
20,0.147674,0.518959,9649.797852
21,0.142726,0.543745,9782.900391
22,0.171920,0.564221,10215.474609
23,0.209075,0.565053,10448.379883
24,0.277516,0.687765,11047.314453
25,0.273238,0.551270,11463.261719
26,0.258573,0.510608,11696.202148
27,0.245083,0.466972,12012.306641
28,0.313301,0.643689,12394.997070
29,0.321555,0.692698,12727.714844
30,0.307549,0.692322,12844.243164
31,0.272003,0.713081,13459.787109
32,0.119861,0.527433,14225.131836
33,0.054437,0.491066,14441.385742
34,0.060633,0.495462,14557.873047
35,0.993467,0.526987,14840.716797
36,0.963568,0.630489,15306.541016
37,0.887766,0.742348,15655.958008
38,0.871047,0.749111,16105.162109
39,0.713775,0.499995,17219.875000
40,0.537179,0.550443,18451.095703
41,0.523386,0.651292,18733.904297
42,0.539977,0.789969,19016.722656
43,0.491004,0.781228,19416.070312
44,0.483209,0.801587,19715.525391
45,0.392258,0.921678,20347.730469
46,0.487069,0.966712,21079.814453
47,0.399674,0.958959,21212.880859
48,0.406564,0.953025,21412.554688
49,0.570804,0.855135,21712.042969
50,0.680611,0.780240,22094.705078
51,0.667338,0.792648,22211.142578
52,0.711618,0.941986,22427.460938
53,0.670193,0.947270,22743.568359
54,0.466989,0.672349,23309.277344
55,0.458077,0.538214,23658.619141
56,0.466147,0.533499,23825.009766
57,0.474402,0.550682,23941.449219
58,0.495743,0.555854,24972.980469
0,0.766777,0.498206,465.924988
1,0.641631,0.514999,815.344788
2,0.643535,0.518821,931.789246
3,0.707879,0.478069,1214.609619
4,0.602448,0.485010,1430.879150
5,0.555424,0.516261,1680.473633
6,0.589989,0.485385,1946.664917
7,0.718548,0.485268,2712.049561
8,0.721701,0.476264,2861.693115
9,0.811108,0.737873,3510.625244
10,0.795530,0.766188,3959.799316
11,0.778377,0.775858,4292.583984
12,0.809411,0.814123,4542.117676
13,0.885036,0.634693,4941.414551
14,0.877705,0.561089,5191.075684
15,0.888932,0.515770,5357.342773
16,0.889755,0.478474,5490.472168
17,0.887508,0.431719,5806.675293
18,0.882372,0.395719,6322.325195
19,0.878638,0.385333,6571.966797
20,0.926963,0.400013,6738.310059
21,0.988323,0.550461,6937.981445
22,0.964903,0.556438,7104.292480
23,0.045866,0.549574,7453.730957
24,0.022773,0.515004,7769.799805
25,0.968507,0.485576,7986.194824
26,0.062431,0.519110,8585.084961
27,0.083208,0.499621,8784.718750
28,0.124717,0.550632,9017.677734
29,0.155464,0.556332,9233.936523
30,0.201105,0.568013,9616.619141
31,0.203153,0.571577,9716.390625
32,0.224499,0.584639,9866.180664
33,0.259647,0.552135,10448.438477
34,0.264120,0.550896,10564.932617
35,0.305027,0.544185,10914.344727
36,0.284855,0.597104,11197.173828
37,0.258562,0.654017,11380.211914
38,0.273772,0.666034,11729.529297
39,0.293971,0.659230,11995.767578
40,0.476896,0.692816,12677.902344
41,0.488257,0.734609,12777.786133
42,0.386939,0.821548,13010.623047
43,0.349949,0.853794,13193.696289
44,0.352224,0.860005,13293.498047
45,0.326326,0.852431,13509.742188
46,0.299188,0.902397,13676.143555
47,0.226009,0.982079,14275.072266
48,0.562165,0.954847,14541.323242
49,0.333696,0.953558,14924.013672
50,0.486511,0.553861,15423.114258
51,0.480517,0.548930,15556.205078
52,0.558677,0.605939,15789.117188
53,0.574839,0.659134,15972.215820
54,0.572477,0.676875,16238.443359
55,0.541701,0.701111,16388.136719
56,0.556258,0.670607,16554.468750
57,0.563766,0.532146,16770.724609
58,0.542013,0.482725,16987.046875
59,0.491853,0.487270,17303.138672
60,0.458807,0.495182,17552.734375
61,0.435730,0.501057,17752.464844
62,0.472805,0.505095,18068.484375
63,0.410020,0.501114,18501.076172
64,0.401145,0.512573,18634.187500
65,0.374742,0.528784,18983.570312
66,0.354831,0.557929,19499.304688
67,0.361999,0.585568,19898.585938
68,0.365997,0.627145,20314.541016
69,0.353245,0.552791,20514.212891
70,0.340172,0.526328,20713.839844
71,0.307485,0.526002,20963.416016
72,0.288424,0.532342,21212.992188
73,0.332687,0.525075,22011.568359
74,0.263354,0.526485,22693.734375
75,0.238756,0.527915,22943.294922
76,0.205785,0.529889,23375.863281
77,0.175219,0.534804,23575.494141
78,0.160855,0.541395,24191.099609
79,0.123249,0.556058,24424.027344
80,0.103741,0.552430,24690.244141
0,0.753154,0.518362,299.475739
1,0.640965,0.540062,732.039246
2,0.561627,0.579158,1147.977173
3,0.440222,0.711084,2029.877930
4,0.407005,0.843162,2795.165039
5,0.433746,0.868217,3211.046875
6,0.376464,0.916035,3427.330566
7,0.384295,0.954931,3643.707031
8,0.374142,0.942526,3776.848389
9,0.558092,0.899240,4059.588623
10,0.619766,0.896559,4275.940430
11,0.612986,0.959483,4575.317871
12,0.537728,0.941650,4708.414062
13,0.404900,0.961764,4908.064941
14,0.367828,0.943556,5207.596680
15,0.442742,0.939831,5357.339355
16,0.463389,0.868168,5823.152832
17,0.287198,0.859466,6488.703613
18,0.158661,0.802028,7220.785156
19,0.099327,0.803727,7536.888184
20,0.019380,0.834800,7703.192871
21,0.993621,0.827913,8035.997070
22,0.052002,0.788814,8518.574219
23,0.139942,0.785584,8851.237305
24,0.169324,0.855113,9167.389648
25,0.183892,0.879013,9416.949219
26,0.205985,0.895736,9533.325195
27,0.183984,0.872713,9832.825195
28,0.195257,0.952431,10065.777344
29,0.716861,0.821691,11646.391602
30,0.644278,0.745539,12045.600586
31,0.778801,0.801669,12877.521484
32,0.789569,0.741956,13260.198242
33,0.774486,0.732816,13509.712891
34,0.476408,0.505234,14957.295898
35,0.471032,0.590449,15356.537109
36,0.464909,0.530668,15839.051758
37,0.465284,0.518927,16587.669922
38,0.400830,0.598622,16970.433594
39,0.356206,0.615800,17353.044922
40,0.289217,0.624157,18018.546875
41,0.254604,0.635353,18334.619141
42,0.192037,0.620228,18750.572266
43,0.215045,0.643973,19233.089844
44,0.167679,0.552871,19848.734375
45,0.227908,0.591384,20297.841797
46,0.268683,0.587034,20863.666016
47,0.958662,0.565879,22261.138672
48,0.037546,0.627237,22427.449219
49,0.045746,0.500091,22976.587891
50,0.061049,0.482747,23325.917969
51,0.052076,0.578543,23708.566406
52,0.102934,0.590222,23874.976562
53,0.075416,0.511674,24107.859375
54,0.070172,0.434103,24324.183594
55,0.039861,0.251461,24723.570312
0,0.754490,0.480421,515.774658
1,0.685177,0.513547,981.671448
2,0.683016,0.511564,1231.145752
3,0.703367,0.514560,1663.782227
4,0.880426,0.418802,1979.967896
5,0.872819,0.434132,2229.494141
6,0.891393,0.405354,2412.415283
7,0.941786,0.482139,2628.728516
8,0.932266,0.508552,2811.717041
9,0.941687,0.519895,3061.332520
10,0.972640,0.544659,3710.157471
11,0.051161,0.517643,6072.749023
12,0.046564,0.512239,6688.317383
13,0.091754,0.484682,7137.549805
14,0.087987,0.492033,7270.625488
15,0.141095,0.534352,7919.458008
16,0.208978,0.542808,8435.314453
17,0.210630,0.545988,8684.824219
18,0.187148,0.551434,9084.124023
19,0.191605,0.524505,9583.280273
20,0.140273,0.535835,9849.515625
21,0.111133,0.517056,10148.944336
22,0.287696,0.523861,10697.985352
23,0.314984,0.548025,10947.509766
24,0.344077,0.526981,11363.501953
25,0.417137,0.502528,11729.567383
26,0.421739,0.618691,12178.703125
27,0.471731,0.543689,12511.479492
28,0.463255,0.554598,12677.838867
29,0.459633,0.528847,12877.547852
30,0.428174,0.519391,13659.487305
31,0.460739,0.517267,14158.556641
32,0.489375,0.644462,14957.209961
33,0.441448,0.710472,15406.461914
34,0.419303,0.664806,15655.976562
35,0.360334,0.641972,16205.014648
36,0.335784,0.598422,16504.496094
37,0.301051,0.581021,16803.972656
38,0.273548,0.583691,17070.195312
39,0.223864,0.665893,17452.796875
40,0.230493,0.651987,17535.994141
41,0.192395,0.633446,17752.281250
42,0.196314,0.615775,17902.029297
43,0.173871,0.612276,18035.138672
44,0.202328,0.553582,18301.326172
45,0.176891,0.555364,19449.421875
46,0.124483,0.564652,20314.492188
47,0.097490,0.547383,20763.730469
48,0.080255,0.522972,21362.660156
49,0.010390,0.556532,22194.560547
50,0.013831,0.534933,22360.929688
51,0.952138,0.582506,22776.875000
52,0.916798,0.559811,23492.273438
53,0.856368,0.609335,24091.197266
54,0.799268,0.572021,24773.349609
55,0.802923,0.559526,24873.179688
0,0.720583,0.484009,449.306824
1,0.651970,0.581361,748.726746
2,0.540046,0.530847,1514.106445
3,0.501506,0.588006,2063.103271
4,0.449011,0.569914,2279.400391
5,0.442049,0.562285,2479.019775
6,0.453617,0.545899,2961.522217
7,0.470611,0.539982,3444.042969
8,0.461603,0.569605,3693.576416
9,0.393644,0.545100,4009.783447
10,0.404498,0.544159,4159.424805
11,0.407501,0.677337,4508.875488
12,0.403470,0.686795,4658.594238
13,0.388237,0.860124,4991.350586
14,0.402013,0.879455,5557.040039
15,0.667554,0.943943,5823.241211
16,0.614974,0.951399,5989.666504
17,0.967616,0.960091,6239.116699
18,0.019246,0.958577,6405.557617
19,0.970224,0.937379,6655.069336
20,0.932301,0.936697,6821.547852
21,0.626918,0.910703,7204.106445
22,0.777710,0.935852,7620.038574
23,0.899731,0.966884,8019.445801
24,0.667904,0.850649,8684.896484
25,0.781585,0.854749,9533.355469
26,0.800639,0.851684,9799.609375
27,0.800519,0.824068,9882.864258
28,0.772675,0.834442,10132.347656
29,0.796590,0.457131,11114.048828
30,0.855313,0.331635,11563.150391
31,0.873633,0.493471,11762.859375
32,0.963191,0.511489,12295.271484
33,0.962642,0.513643,12444.949219
34,0.952424,0.482035,12594.796875
35,0.948849,0.479616,12727.885742
36,0.987997,0.506346,12927.521484
37,0.956029,0.511570,13243.593750
38,0.928638,0.514180,13493.140625
39,0.045903,0.536579,13942.341797
40,0.024059,0.596258,14108.708984
41,0.973626,0.580241,14341.733398
42,0.967654,0.562327,14474.795898
43,0.077715,0.512393,14807.511719
44,0.126682,0.511644,15423.200195
45,0.145380,0.519300,15672.708008
46,0.199706,0.516024,15872.314453
47,0.213644,0.517924,16171.797852
48,0.217501,0.525629,16354.834961
49,0.137116,0.562918,16704.255859
50,0.165476,0.532836,16903.843750
51,0.210843,0.504186,17170.033203
52,0.250235,0.513340,17436.298828
53,0.214033,0.668306,17702.490234
54,0.133770,0.537691,18068.447266
55,0.243657,0.502959,18334.652344
56,0.299723,0.486120,18584.263672
57,0.257621,0.500842,18817.208984
58,0.236338,0.595723,19100.097656
59,0.292313,0.559167,19532.613281
60,0.287819,0.546696,19715.601562
61,0.330922,0.564998,19948.523438
62,0.221620,0.602938,20181.470703
63,0.239344,0.543028,20580.759766
64,0.175189,0.602255,20780.492188
65,0.192900,0.576128,21113.169922
66,0.306693,0.498185,21379.416016
67,0.364061,0.500231,21678.826172
68,0.410469,0.492890,22078.171875
69,0.436206,0.617228,22627.148438
70,0.444296,0.523977,22793.585938
71,0.469712,0.517588,23159.556641
72,0.498019,0.488466,23475.738281
73,0.432262,0.555531,23708.707031
74,0.384087,0.585913,24041.388672
75,0.483378,0.586931,24973.119141
0,0.774567,0.535425,166.414886
1,0.543749,0.516172,1697.035400
2,0.453628,0.523413,2262.765381
3,0.456590,0.535007,2528.918213
4,0.458145,0.528216,2678.620605
5,0.412795,0.732008,2894.962402
6,0.488707,0.769330,3244.265381
7,0.465014,0.520681,3976.392334
8,0.481216,0.497180,4209.255371
9,0.822168,0.515976,5839.845215
10,0.898295,0.531083,6122.633789
11,0.891182,0.533208,6205.778320
12,0.875570,0.425889,6521.967285
13,0.865891,0.420653,6854.735840
14,0.871739,0.432981,7037.670410
15,0.995885,0.579012,7586.742188
16,0.997909,0.594816,7802.991211
17,0.041302,0.552192,8352.056641
18,0.069887,0.648379,8834.493164
19,0.164687,0.562592,9317.079102
20,0.156134,0.579945,9533.400391
21,0.217860,0.572548,9882.781250
22,0.230500,0.562869,10265.362305
23,0.227475,0.570647,10348.574219
24,0.264422,0.622533,10614.781250
25,0.206525,0.543988,10980.772461
26,0.209011,0.540024,11163.824219
27,0.226589,0.555195,11413.398438
28,0.322113,0.583361,12178.723633
29,0.363509,0.585460,12361.683594
30,0.359750,0.587293,12677.790039
31,0.433077,0.613196,12877.531250
32,0.460322,0.664035,13260.136719
33,0.461124,0.606730,13576.316406
34,0.454971,0.608360,13992.167969
35,0.365248,0.556510,14458.043945
36,0.378009,0.576302,14740.846680
37,0.380745,0.550545,15240.076172
38,0.320973,0.554849,15489.601562
39,0.331824,0.525285,16055.332031
40,0.334539,0.533048,16188.364258
41,0.267311,0.553404,16687.460938
42,0.229668,0.522125,16986.939453
43,0.230942,0.518628,17169.949219
44,0.181490,0.559667,17585.880859
45,0.183318,0.548352,17719.000000
46,0.134683,0.561601,17935.373047
47,0.110930,0.548169,18134.978516
48,0.056467,0.521881,18750.568359
49,0.001397,0.530432,19016.759766
50,0.004406,0.526636,19133.261719
51,0.952959,0.560729,19482.671875
52,0.975660,0.579628,19732.150391
53,0.930088,0.546189,20181.343750
54,0.914623,0.534176,20397.669922
55,0.869617,0.505229,20946.710938
56,0.865233,0.447820,21162.962891
57,0.865980,0.448222,21262.818359
58,0.863094,0.404933,21429.244141
59,0.864902,0.408019,21512.373047
60,0.868320,0.383398,21662.085938
61,0.861141,0.567652,22061.419922
62,0.865687,0.635046,22460.697266
63,0.891313,0.724757,22760.265625
64,0.894216,0.717835,22976.535156
65,0.898331,0.732599,23076.330078
66,0.898318,0.726792,23159.585938
67,0.048056,0.915584,24008.005859
68,0.112064,0.915899,24241.001953
69,0.788837,0.917605,24956.343750
0,0.760093,0.537743,349.329956
1,0.639315,0.550910,781.953613
2,0.621124,0.548756,1064.755859
3,0.745513,0.504243,1447.473145
4,0.738644,0.496588,1580.586792
5,0.984403,0.545348,2695.268799
6,0.019267,0.527877,2928.208984
7,0.060260,0.542374,3127.844727
8,0.209575,0.580720,4658.507812
9,0.266558,0.649102,5057.820312
10,0.276141,0.679388,5290.712891
11,0.018916,0.525759,6505.238770
12,0.976492,0.514188,6771.448242
13,0.852806,0.446609,8202.308594
14,0.503032,0.619981,9117.338867
15,0.454601,0.622758,9400.209961
16,0.440236,0.564850,9566.628906
17,0.438079,0.536295,9732.995117
18,0.444080,0.528551,10049.091797
19,0.414318,0.677689,10348.580078
20,0.420638,0.781703,10747.838867
21,0.397279,0.896944,11047.368164
22,0.589541,0.900904,11529.799805
23,0.839512,0.922665,12062.244141
24,0.821971,0.927661,12378.417969
25,0.730922,0.955725,12677.779297
26,0.621555,0.955476,13077.080078
27,0.400705,0.880761,14374.901367
28,0.976480,0.919251,15090.245117
29,0.041547,0.856649,16005.432617
30,0.032296,0.851419,16155.095703
31,0.682722,0.849499,16604.322266
32,0.562698,0.520732,18018.521484
33,0.565806,0.507479,18151.615234
34,0.540523,0.483241,18434.443359
35,0.558843,0.527595,18667.367188
36,0.552856,0.558353,19765.464844
37,0.536492,0.596983,19965.082031
38,0.472777,0.537525,20480.853516
39,0.454715,0.550884,20630.660156
40,0.469627,0.533993,21296.093750
41,0.439989,0.510105,21545.685547
42,0.445704,0.513467,21811.839844
43,0.450061,0.505315,21895.062500
44,0.560712,0.513826,22277.677734
45,0.631943,0.516158,22593.894531
46,0.611719,0.499694,22860.076172
47,0.537698,0.493867,23359.162109
48,0.748627,0.479293,23991.365234
49,0.742566,0.475890,24091.193359
50,0.839157,0.483291,24490.480469
51,0.835417,0.463553,24756.697266
0,0.729783,0.787242,16.707901
1,0.728846,0.772877,116.500954
2,0.530606,0.983961,599.030029
3,0.309428,0.891998,831.932983
4,0.361332,0.831195,1098.225220
5,0.375339,0.831887,1214.622681
6,0.390371,0.806580,1347.713257
7,0.355048,0.817752,1680.420044
8,0.153355,0.966326,1963.296265
9,0.801428,0.728274,2345.956299
10,0.802421,0.644023,2545.607178
11,0.777965,0.626988,2828.468506
12,0.545135,0.471827,4708.465820
13,0.455605,0.576005,5007.980469
14,0.452320,0.533561,5357.437500
15,0.429919,0.461421,5706.758301
16,0.398678,0.500040,6155.967285
17,0.517552,0.433591,6372.259766
18,0.872386,0.504281,7919.526367
19,0.983057,0.522986,8418.667969
20,0.999689,0.569419,8701.534180
21,0.063679,0.643633,9250.533203
22,0.060103,0.634125,9350.356445
23,0.088518,0.536230,9616.567383
24,0.077711,0.534486,9749.667969
25,0.154021,0.552061,10065.787109
26,0.212178,0.567693,10598.180664
27,0.228445,0.563069,10814.465820
28,0.285271,0.534734,11263.681641
29,0.344861,0.797587,11596.440430
30,0.417862,0.898001,11762.806641
31,0.265685,0.903788,12162.111328
32,0.366145,0.434341,13010.641602
33,0.421337,0.447451,13376.668945
34,0.435872,0.437223,13626.223633
35,0.479727,0.508809,13958.964844
36,0.450965,0.540909,14291.754883
37,0.326966,0.504387,14591.241211
38,0.274241,0.518682,14890.703125
39,0.239781,0.562990,15306.620117
40,0.269082,0.625445,15689.328125
41,0.189355,0.589155,15955.483398
42,0.175200,0.579265,16371.438477
43,0.081250,0.581190,16770.757812
44,0.042151,0.615684,17120.126953
45,0.042864,0.593508,17386.337891
46,0.965398,0.646240,17735.730469
47,0.965322,0.638478,17835.554688
48,0.863199,0.547458,18284.757812
49,0.858702,0.343587,18750.605469
50,0.850480,0.320637,19016.820312
51,0.866983,0.364113,19249.726562
52,0.850402,0.449410,19582.484375
53,0.845431,0.444407,19881.986328
54,0.794521,0.393068,20148.164062
55,0.770051,0.456626,20397.742188
56,0.772431,0.447613,20514.203125
57,0.737027,0.512952,20880.210938
58,0.687537,0.450725,21079.871094
59,0.772834,0.418885,21628.935547
60,0.694011,0.426251,22028.199219
61,0.689762,0.442311,22410.894531
62,0.729693,0.464577,22627.158203
63,0.773838,0.424025,22993.212891
64,0.771204,0.422844,23409.142578
65,0.688878,0.419430,23825.093750
66,0.731932,0.466543,24207.734375
67,0.776409,0.426693,24557.150391
0,0.757084,0.514138,166.403290
1,0.766030,0.517876,282.871185
2,0.679839,0.599675,1497.436523
3,0.606104,0.501041,1896.754761
4,0.572946,0.555309,2063.135742
5,0.729480,0.901855,6006.248535
6,0.695696,0.906739,6139.316406
7,0.556475,0.859883,7736.529297
8,0.506395,0.794846,8002.714844
9,0.355745,0.884403,9683.129883
10,0.328343,0.884235,9816.218750
11,0.258568,0.886880,10099.075195
12,0.201754,0.858947,10381.905273
13,0.387470,0.639451,11463.344727
14,0.387453,0.626808,11679.624023
15,0.476294,0.495608,12261.946289
16,0.483158,0.604795,13326.758789
17,0.476661,0.629247,13692.781250
18,0.492534,0.589983,14458.169922
19,0.535213,0.421204,15023.781250
20,0.008654,0.523410,16620.994141
21,0.093691,0.495672,16970.382812
22,0.123400,0.447312,17552.724609
23,0.144862,0.459098,17918.732422
24,0.174072,0.467164,18284.750000
25,0.969380,0.530648,19000.164062
26,0.956417,0.518546,19199.828125
27,0.952820,0.510012,19316.291016
28,0.944254,0.507715,19515.947266
29,0.917382,0.544020,19715.587891
30,0.898535,0.562909,19915.248047
31,0.881066,0.475984,20281.257812
32,0.850785,0.459719,20497.570312
33,0.657535,0.470691,21762.025391
34,0.754864,0.475698,22394.250000
35,0.770322,0.474122,22677.076172
36,0.789729,0.485816,22843.455078
37,0.826011,0.413748,22943.292969
38,0.832893,0.419118,23059.757812
39,0.849463,0.529630,23409.126953
40,0.051340,0.461808,24956.433594
0,0.751302,0.459563,50.032219
1,0.602571,0.469573,948.369690
2,0.559560,0.472008,1214.644287
3,0.543215,0.511801,1464.209473
4,0.510097,0.496152,1647.170898
5,0.475756,0.534438,1880.087891
6,0.459301,0.518952,2179.570557
7,0.416547,0.635546,2412.471436
8,0.404401,0.674880,2645.443359
9,0.409258,0.856606,3127.923096
10,0.369469,0.928739,3310.984131
11,0.441447,0.484163,3710.193848
12,0.424149,0.452672,3926.479004
13,0.461255,0.495438,4176.060059
14,0.479511,0.495911,4874.866211
15,0.084374,0.966889,5923.033203
16,0.038088,0.948674,6189.219238
17,0.129944,0.911291,6455.397461
18,0.202726,0.859342,6738.298828
19,0.230636,0.851623,6871.466797
20,0.270471,0.850544,7120.919922
21,0.346199,0.850512,7520.204590
22,0.181904,0.459365,8551.727539
23,0.200663,0.487506,9050.981445
24,0.229821,0.470349,9317.159180
25,0.293248,0.473942,9749.675781
26,0.278447,0.526344,10049.157227
27,0.233988,0.548435,10298.680664
28,0.974366,0.485199,11546.545898
29,0.953956,0.532237,11779.458008
30,0.958266,0.527577,11895.950195
31,0.924932,0.473870,12062.391602
32,0.869115,0.481397,12378.426758
33,0.786110,0.438096,12827.598633
34,0.762826,0.443316,13010.687500
35,0.702194,0.442570,13592.926758
36,0.686125,0.444904,13859.173828
37,0.702176,0.439226,14025.601562
38,0.640571,0.385815,14324.984375
39,0.888712,0.650463,15423.121094
40,0.980110,0.550668,15772.525391
41,0.977488,0.539909,16055.320312
42,0.976146,0.533026,16155.130859
43,0.894794,0.712051,16421.404297
44,0.801613,0.911246,17186.673828
45,0.804086,0.787187,17452.896484
46,0.106004,0.481786,18334.679688
47,0.100422,0.472150,18451.171875
48,0.106390,0.472855,18551.013672
49,0.180470,0.519958,18900.367188
50,0.205973,0.526067,19183.152344
51,0.956217,0.486789,20314.542969
52,0.958668,0.480616,20464.273438
53,0.919536,0.473347,20614.000000
54,0.893308,0.465081,20863.568359
55,0.026083,0.609476,21662.150391
56,0.242538,0.523050,22327.679688
57,0.290159,0.476655,22776.898438
58,0.247831,0.553576,23276.035156
59,0.249131,0.537122,23409.136719
60,0.210743,0.525243,23625.400391
61,0.194935,0.510415,23791.781250
62,0.188534,0.550574,24191.080078
63,0.108928,0.519304,24723.490234
64,0.127167,0.487263,24989.681641
0,0.776357,0.482281,16.500952
1,0.895295,0.582511,1048.069946
2,0.986571,0.575693,1647.007202
3,0.971662,0.539611,1879.941162
4,0.037697,0.534587,2146.218506
5,0.013226,0.566976,2462.255615
6,0.070686,0.543282,2745.052734
7,0.088661,0.512751,2978.028564
8,0.079121,0.502289,3227.535156
9,0.930010,0.540184,3976.285645
10,0.865358,0.632383,4209.248047
11,0.835279,0.561895,4508.617676
12,0.844731,0.543984,4841.452637
13,0.684147,0.482823,5606.706055
14,0.718447,0.505145,6105.916016
15,0.615107,0.560577,6521.837891
16,0.572965,0.548458,6887.802246
17,0.528089,0.545555,7170.683594
18,0.499900,0.577616,7436.884277
19,0.508285,0.544062,7852.831543
20,0.532443,0.505840,8052.496582
21,0.527385,0.480039,8252.150391
22,0.322439,0.564583,10747.825195
23,0.384875,0.548348,11213.606445
24,0.427537,0.533251,11429.869141
25,0.425841,0.533491,11529.692383
26,0.466830,0.512719,11812.571289
27,0.495991,0.536902,12211.893555
28,0.471665,0.549903,12394.887695
29,0.463451,0.586179,13343.190430
30,0.491837,0.554948,13609.437500
31,0.474019,0.556201,14091.905273
32,0.450457,0.606363,14890.477539
33,0.445060,0.682327,15123.427734
34,0.557318,0.692757,15489.494141
35,0.603753,0.731229,15872.139648
36,0.520756,0.794508,16188.231445
37,0.190261,0.559217,17502.611328
38,0.159585,0.564404,17768.789062
39,0.182721,0.559180,18018.396484
40,0.249985,0.598021,18417.675781
41,0.302877,0.552211,19199.658203
42,0.300515,0.543249,19366.015625
43,0.117222,0.563606,20147.986328
44,0.124056,0.553937,20330.984375
45,0.008494,0.550739,20647.125000
46,0.959372,0.577964,21179.500000
47,0.957489,0.538398,21778.453125
48,0.924799,0.544118,22044.642578
49,0.856063,0.606157,22577.072266
50,0.852993,0.634323,22826.634766
51,0.866486,0.631963,23225.976562
52,0.853374,0.545488,23658.517578
0,0.699237,0.579380,133.168121
1,0.741839,0.523792,349.484192
2,0.609452,0.589689,848.570251
3,0.535039,0.536385,1464.239136
4,0.724589,0.506809,2096.370361
5,0.900187,0.475683,2978.218018
6,0.957553,0.517022,3211.160889
7,0.988262,0.555607,3493.948975
8,0.033724,0.555258,3793.464111
9,0.761473,0.774281,4775.051270
10,0.600404,0.820439,5041.275391
11,0.373894,0.852348,5673.475586
12,0.399285,0.626413,6239.142090
13,0.399783,0.646423,6388.895996
14,0.447336,0.545700,6621.809570
15,0.469216,0.560149,6854.728027
16,0.386513,0.542277,7636.708008
17,0.431353,0.547700,8002.764160
18,0.455905,0.525281,8252.294922
19,0.455509,0.608403,8568.438477
20,0.477583,0.683209,8867.900391
21,0.528441,0.729356,9067.556641
22,0.532965,0.702438,9433.561523
23,0.559539,0.536207,9733.041992
24,0.554124,0.529572,9832.875977
25,0.541721,0.526385,10032.516602
26,0.459974,0.529674,10531.630859
27,0.479321,0.529401,10764.566406
28,0.564224,0.574181,11197.150391
29,0.564432,0.564615,11396.805664
30,0.560524,0.550911,11529.924805
31,0.613960,0.557667,11712.942383
32,0.605989,0.548191,11895.931641
33,0.613822,0.557866,12062.305664
34,0.629292,0.587150,12278.587891
35,0.624960,0.512709,13043.930664
36,0.613160,0.493206,13177.035156
37,0.529846,0.569986,13426.574219
38,0.516303,0.594393,13593.003906
39,0.518111,0.603754,13992.276367
40,0.538932,0.615405,14408.215820
41,0.630012,0.664244,14840.783203
42,0.637501,0.678001,14990.528320
43,0.629786,0.565168,15473.003906
44,0.613853,0.533192,15689.298828
45,0.532680,0.524357,15955.497070
46,0.535217,0.530381,16088.619141
47,0.531921,0.501904,16338.180664
48,0.477535,0.550101,16637.652344
49,0.507314,0.582859,16887.240234
50,0.623585,0.496703,17436.257812
51,0.882191,0.539533,18417.873047
52,0.990432,0.560275,18700.728516
53,0.984198,0.560994,18833.820312
54,0.157820,0.553001,19649.050781
55,0.234605,0.582535,19915.257812
56,0.263756,0.650247,20231.353516
57,0.279140,0.663672,20464.324219
58,0.336085,0.591878,20847.017578
59,0.331138,0.590304,20946.865234
60,0.346573,0.555104,21079.927734
61,0.253491,0.525535,21429.255859
62,0.297874,0.548880,21762.052734
63,0.232162,0.529050,22078.218750
64,0.379948,0.547062,22810.259766
65,0.404231,0.530115,23009.861328
66,0.431871,0.512339,23176.224609
67,0.428294,0.500846,23325.970703
68,0.428565,0.486926,23542.285156
69,0.459956,0.462943,23875.029297
70,0.373058,0.518139,24207.753906
71,0.340039,0.526322,24390.757812
0,0.698398,0.580882,565.696838
1,0.888264,0.857592,1181.264282
2,0.081151,0.886561,1497.356689
3,0.122745,0.860963,2246.114990
4,0.827967,0.740673,3211.044189
5,0.827960,0.728588,3377.427246
6,0.894228,0.544268,3909.860107
7,0.884717,0.423396,4575.346191
8,0.998536,0.558245,5057.886230
9,0.083299,0.562199,5423.850098
10,0.237561,0.584651,6721.615234
11,0.273069,0.625048,7037.678711
12,0.016520,0.643900,7786.432129
13,0.955756,0.581358,8102.560059
14,0.949218,0.499449,8285.576172
15,0.963162,0.450549,8535.113281
16,0.850840,0.462077,8801.378906
17,0.852543,0.428769,9001.032227
18,0.861905,0.425286,9084.149414
19,0.859384,0.425493,9300.450195
20,0.870851,0.442453,9683.103516
21,0.828535,0.538752,9882.718750
22,0.825821,0.740517,10598.164062
23,0.596033,0.481886,11579.751953
24,0.602607,0.478508,11679.586914
25,0.552665,0.508169,11912.558594
26,0.582994,0.658816,12228.679688
27,0.466971,0.567581,12711.215820
28,0.446911,0.508091,13077.154297
29,0.544298,0.505113,13576.294922
30,0.569529,0.537272,13775.903320
31,0.421641,0.759866,14291.687500
32,0.419600,0.842798,14557.876953
33,0.423708,0.888186,14740.896484
34,0.804992,0.974901,15556.181641
35,0.727686,0.938872,15705.877930
36,0.500219,0.736333,16321.500000
37,0.411103,0.636093,16571.033203
38,0.408114,0.635507,16670.902344
39,0.460048,0.533672,17020.353516
40,0.462426,0.532241,17236.544922
41,0.478221,0.603442,17985.212891
42,0.498139,0.687247,18251.419922
43,0.277821,0.543318,18983.480469
44,0.212247,0.603495,19266.341797
45,0.172889,0.580364,19482.611328
46,0.169516,0.565165,19665.646484
47,0.178270,0.558371,19865.277344
48,0.128899,0.557992,20164.791016
49,0.049614,0.609779,20713.818359
50,0.021264,0.612710,20880.154297
51,0.972296,0.609228,21312.775391
52,0.045801,0.589416,21761.976562
53,0.952180,0.499954,22078.091797
54,0.997809,0.468686,22410.839844
55,0.113446,0.479352,22793.486328
56,0.272096,0.646686,23841.675781
57,0.260571,0.657904,24124.494141
58,0.436676,0.866903,24623.642578
