Idx, longitude, latitude, start timestamp
0,0.762368,0.481155,99.782433
1,0.761471,0.494422,316.092316
2,0.783087,0.534994,548.901917
3,0.805841,0.515130,931.633850
4,0.821397,0.487618,1164.520264
5,0.817148,0.468257,1414.194580
6,0.860947,0.469501,2112.921875
7,0.833544,0.463652,2395.738037
8,0.831804,0.460462,2528.879150
9,0.927717,0.472327,2728.518799
10,0.931255,0.510834,3094.564453
11,0.968289,0.570669,3360.733643
12,0.991488,0.553704,3660.261475
13,0.026219,0.488826,3976.263916
14,0.038026,0.475635,4159.375000
15,0.059667,0.480477,4492.172852
16,0.064183,0.516298,4874.718262
17,0.052731,0.534919,5057.692871
18,0.030392,0.479805,5307.254395
19,0.009986,0.468720,5523.584473
20,0.985360,0.448029,5789.801270
21,0.946701,0.457870,6022.706543
22,0.686914,0.466143,7170.679688
23,0.706182,0.428273,7453.575684
24,0.630972,0.370689,7886.188965
25,0.610736,0.366705,8202.323242
26,0.560866,0.439109,8485.009766
27,0.520957,0.441498,8718.017578
28,0.494790,0.424313,8984.153320
29,0.461480,0.423713,9200.603516
30,0.446697,0.416848,9533.356445
31,0.429429,0.410798,9699.611328
32,0.413178,0.410747,9965.756836
33,0.387855,0.393887,10248.631836
34,0.379732,0.401623,10431.624023
35,0.860806,0.774946,14108.566406
36,0.830809,0.712508,14358.145508
37,0.838281,0.636143,15123.439453
38,0.837675,0.580689,15572.686523
39,0.848186,0.620224,16121.665039
40,0.895772,0.448395,16554.224609
41,0.879804,0.442817,16837.103516
42,0.876767,0.452750,17053.351562
43,0.821912,0.467447,17569.111328
44,0.826560,0.475925,17785.511719
45,0.816209,0.491733,18018.326172
46,0.809344,0.475302,18500.853516
47,0.816677,0.463575,18733.855469
48,0.815333,0.455862,18850.220703
49,0.817309,0.451452,19216.306641
50,0.811056,0.509429,19715.421875
51,0.809457,0.522092,20048.238281
52,0.809695,0.508582,20563.945312
53,0.810752,0.494570,20796.820312
54,0.814657,0.548986,21029.832031
55,0.823795,0.487733,21512.326172
56,0.827534,0.492427,21761.820312
57,0.827925,0.497272,22926.382812
0,0.770557,0.690068,83.059372
1,0.630410,0.571486,748.595215
2,0.604766,0.576206,1014.856628
3,0.594576,0.741372,1264.311646
4,0.565485,0.803565,1447.411377
5,0.529918,0.571754,1846.671143
6,0.504129,0.553162,2013.070679
7,0.456091,0.599075,2246.071777
8,0.429691,0.628696,2562.068359
9,0.375185,0.532752,2778.411133
10,0.361606,0.538196,2994.662354
11,0.212062,0.501808,4342.280762
12,0.416306,0.474883,6921.120605
13,0.526982,0.488764,8385.226562
14,0.564093,0.495866,8717.981445
15,0.627900,0.455077,9599.800781
16,0.720195,0.527843,12095.412109
17,0.719350,0.487105,12544.666016
18,0.714572,0.474161,12794.300781
19,0.976788,0.554896,14990.406250
20,0.007799,0.529853,15289.908203
21,0.843214,0.589191,17036.871094
22,0.565213,0.607366,18500.994141
23,0.493221,0.573457,19465.941406
24,0.833096,0.504492,21612.140625
25,0.839458,0.556973,21861.826172
26,0.166746,0.509897,23841.603516
0,0.768404,0.443512,116.549622
1,0.786882,0.576618,432.631104
2,0.765883,0.644736,582.433228
3,0.567355,0.773472,1164.775879
4,0.623291,0.904114,1397.703491
5,0.583101,0.925241,1863.493286
6,0.606303,0.877018,2063.063477
7,0.560531,0.478827,2612.204590
8,0.482154,0.490061,3077.943604
9,0.451640,0.473821,3377.465820
10,0.568341,0.575338,4009.678711
11,0.630978,0.607008,4275.874512
12,0.648699,0.561403,4575.427734
13,0.674734,0.542912,4774.978027
14,0.671067,0.543808,4941.428223
15,0.673121,0.571417,5191.062012
16,0.655073,0.419816,5507.142578
17,0.625403,0.344199,5690.077148
18,0.596468,0.324763,5939.656250
19,0.721063,0.502431,6372.262207
20,0.741924,0.462765,6521.936523
21,0.729171,0.436866,6921.242676
22,0.671270,0.496102,7303.904785
23,0.820425,0.450114,8152.442383
24,0.842810,0.483363,8302.121094
25,0.871437,0.549034,9034.098633
26,0.914650,0.543057,9283.779297
27,0.946566,0.559721,9666.354492
28,0.956014,0.560951,9982.514648
29,0.954606,0.555049,10165.469727
30,0.971004,0.554178,10348.478516
31,0.963114,0.551398,10631.370117
32,0.068843,0.594255,11113.799805
33,0.087700,0.584101,11330.033203
34,0.136388,0.597380,11596.332031
35,0.077788,0.657714,11929.034180
36,0.158490,0.493525,12211.955078
37,0.156642,0.482313,12478.125977
38,0.136679,0.486004,12611.120117
39,0.232346,0.500766,12943.886719
40,0.241386,0.453403,13160.228516
41,0.243998,0.405046,13393.124023
42,0.246304,0.472101,13675.958008
43,0.201774,0.517584,14075.199219
44,0.195733,0.545314,14391.360352
45,0.202886,0.518049,14624.333008
46,0.066424,0.483410,14940.423828
47,0.045860,0.479392,15106.816406
48,0.985574,0.517381,15422.961914
49,0.967056,0.549623,15689.079102
50,0.968910,0.554200,15789.003906
51,0.042941,0.725224,16986.761719
52,0.008604,0.552383,17602.337891
53,0.006980,0.535709,17935.152344
54,0.000913,0.538363,18168.123047
55,0.004951,0.542319,18301.123047
56,0.951281,0.524932,18583.947266
57,0.864480,0.520576,18983.296875
58,0.858981,0.417062,19249.464844
59,0.776554,0.423127,19881.652344
60,0.822999,0.537711,20264.414062
61,0.866903,0.570810,20530.492188
62,0.840170,0.562593,20696.980469
63,0.883937,0.556746,21129.480469
64,0.916460,0.537758,21395.722656
65,0.962148,0.522434,21811.703125
66,0.774475,0.553160,22510.363281
67,0.682926,0.719725,23059.412109
68,0.597922,0.805141,23342.291016
69,0.567468,0.809704,23508.703125
70,0.571478,0.631989,23874.732422
71,0.688829,0.581291,24140.755859
72,0.741492,0.600874,24357.187500
73,0.765343,0.670538,24540.160156
0,0.796499,0.541742,416.158478
1,0.804190,0.514351,532.576477
2,0.826473,0.501813,831.975525
3,0.820936,0.481723,1064.893188
4,0.810638,0.481566,1281.227539
5,0.710069,0.521288,1663.903687
6,0.667683,0.550415,2029.926270
7,0.666267,0.617335,2279.398438
8,0.693003,0.720628,2761.907227
9,0.668646,0.716120,2911.600586
10,0.608443,0.701370,3261.022949
11,0.584209,0.663271,3444.135010
12,0.738137,0.598915,3693.595459
13,0.774363,0.584197,3926.505615
14,0.794241,0.545426,4209.340332
15,0.684183,0.493168,4475.596680
16,0.638278,0.519528,4791.697266
17,0.614847,0.458609,5024.511719
18,0.636743,0.531603,5274.139648
19,0.614966,0.569365,5540.293457
20,0.644836,0.521468,5806.508301
21,0.650659,0.518894,6006.193848
22,0.611708,0.552407,6322.284668
23,0.553628,0.567442,6571.840820
24,0.541547,0.558206,6788.129395
25,0.500113,0.546788,7170.699219
26,0.491517,0.550269,7387.017578
27,0.511573,0.526547,7686.636719
28,0.520266,0.516313,7902.802734
29,0.455545,0.584737,8285.477539
30,0.513488,0.592384,8535.137695
31,0.474353,0.526950,8967.694336
32,0.468324,0.529287,9133.931641
33,0.362178,0.579684,9699.671875
34,0.341046,0.607294,10015.825195
35,0.440812,0.702841,10315.267578
36,0.369689,0.456152,10581.511719
37,0.364264,0.404117,10731.103516
38,0.371449,0.482812,11147.150391
39,0.375813,0.476366,11346.696289
40,0.359091,0.405951,11662.819336
41,0.379571,0.396566,11845.861328
42,0.324630,0.418634,12045.604492
43,0.255375,0.442965,12311.744141
44,0.260577,0.457431,12744.292969
45,0.201161,0.473773,12960.592773
46,0.204150,0.561114,13443.058594
47,0.165214,0.619289,13875.686523
48,0.123959,0.651556,14091.857422
49,0.122544,0.658272,14191.804688
50,0.095772,0.639023,14391.380859
51,0.056084,0.583871,15921.924805
52,0.102160,0.506525,16387.843750
53,0.078108,0.505229,16604.224609
54,0.022798,0.462978,17103.304688
55,0.964264,0.306674,17618.998047
56,0.948320,0.143180,18484.121094
57,0.933033,0.162258,18783.650391
58,0.103013,0.911726,21345.777344
59,0.133919,0.912359,21445.671875
60,0.235097,0.895217,21795.019531
61,0.263586,0.893601,21911.419922
62,0.287543,0.873358,22144.425781
63,0.295115,0.888129,22377.228516
64,0.322765,0.882961,22643.496094
65,0.312404,0.896729,22843.085938
66,0.019659,0.524015,23575.195312
67,0.066948,0.509398,24224.082031
68,0.084715,0.528071,24673.158203
69,0.049108,0.536901,24956.070312
0,0.966523,0.563827,1397.676147
1,0.996639,0.620825,2129.672852
2,0.114962,0.516171,2828.524170
3,0.112431,0.513795,2961.479736
4,0.101138,0.511966,3094.633545
5,0.018178,0.503847,3610.368652
6,0.973596,0.531277,3859.990479
7,0.809668,0.488023,4841.574707
8,0.817235,0.464676,5124.505859
9,0.807999,0.475774,5240.932129
10,0.587969,0.505448,5939.707520
11,0.453238,0.509887,6688.278320
12,0.415144,0.486432,7071.083496
13,0.413955,0.474854,7353.997070
14,0.406620,0.415369,7553.579590
15,0.458292,0.558114,7952.815918
16,0.492564,0.572869,8185.756348
17,0.521583,0.580919,8485.289062
18,0.577238,0.576688,8751.422852
19,0.562395,0.517940,9084.170898
20,0.635184,0.414545,9683.196289
21,0.718355,0.449714,9949.347656
22,0.789928,0.468180,10348.621094
23,0.849469,0.510139,10564.891602
24,0.879624,0.531985,10831.112305
25,0.905751,0.513635,11114.022461
26,0.963145,0.537196,11396.878906
27,0.960934,0.524540,11563.260742
28,0.021135,0.505164,12045.783203
29,0.047655,0.502052,12278.552734
30,0.062836,0.456404,12494.805664
31,0.108657,0.484308,12960.694336
32,0.108994,0.498426,13276.822266
33,0.130093,0.556387,13592.946289
34,0.188497,0.612398,14258.394531
35,0.238126,0.586624,14508.052734
36,0.316912,0.641828,14774.141602
37,0.310608,0.629896,14990.463867
38,0.337123,0.593227,15140.374023
39,0.361730,0.559714,15589.481445
40,0.405070,0.717875,15805.799805
41,0.427162,0.720521,16071.916016
42,0.314078,0.733108,16537.771484
43,0.307270,0.522314,16887.158203
44,0.322847,0.472271,17269.876953
45,0.317205,0.437903,17486.123047
46,0.319544,0.442857,17602.576172
47,0.367688,0.481365,17835.564453
48,0.401171,0.519216,18151.572266
49,0.318482,0.542947,18667.345703
50,0.314355,0.547105,18983.554688
51,0.245519,0.510758,19349.572266
52,0.215174,0.535049,19615.675781
0,0.794690,0.525421,299.535309
1,0.907848,0.502575,715.429565
2,0.930546,0.555905,1081.510986
3,0.729799,0.452606,2246.164551
4,0.713961,0.448766,2429.085693
5,0.424846,0.828424,6438.790527
6,0.456339,0.768859,6887.934570
7,0.391650,0.340551,8368.789062
8,0.662056,0.549090,10331.952148
9,0.860373,0.520203,21079.750000
10,0.773075,0.489639,21845.160156
11,0.767465,0.495775,22044.726562
12,0.846922,0.521187,24972.949219
0,0.762070,0.432887,249.460312
1,0.768108,0.512004,449.197144
2,0.789138,0.562291,665.399414
3,0.011982,0.539133,2196.014404
4,0.981986,0.503569,2345.762939
5,0.947733,0.487649,2545.471680
6,0.902223,0.495607,2811.638672
7,0.909241,0.490279,3011.318604
8,0.870008,0.495870,3310.773682
9,0.807479,0.476711,3527.037598
10,0.812897,0.475917,3726.692627
11,0.820387,0.475218,3959.622559
12,0.828934,0.477993,4142.643555
13,0.713305,0.515543,4525.343262
14,0.700808,0.461126,5041.042969
15,0.718320,0.440221,5273.972168
16,0.575838,0.413641,5739.877930
17,0.602861,0.473945,6105.882812
18,0.557519,0.540177,6338.907715
19,0.536407,0.574520,6571.729004
20,0.453325,0.595755,6788.031250
21,0.424712,0.549317,7120.850098
22,0.405344,0.507796,7503.479004
23,0.381552,0.491657,7786.306641
24,0.350775,0.449439,8019.297363
25,0.324744,0.442104,8368.621094
26,0.347583,0.493266,8734.630859
27,0.358392,0.463939,8967.568359
28,0.346143,0.424431,9400.094727
29,0.261074,0.406376,9583.103516
30,0.299890,0.489763,10132.161133
31,0.316444,0.436464,10598.114258
32,0.326651,0.476236,10930.851562
33,0.370936,0.482628,11413.234375
34,0.380081,0.490703,11729.354492
35,0.759299,0.439078,13492.994141
36,0.808396,0.444961,13859.017578
37,0.792220,0.435635,14191.870117
38,0.804127,0.449929,14391.404297
39,0.819824,0.487643,14690.899414
40,0.817978,0.469184,14790.716797
41,0.807159,0.435914,15023.651367
42,0.866281,0.452984,15273.196289
43,0.883947,0.496692,15639.240234
44,0.887823,0.500136,15822.221680
45,0.846551,0.502880,16038.502930
46,0.849125,0.493148,16154.993164
47,0.890866,0.478952,16471.173828
48,0.097512,0.420891,17336.316406
49,0.140844,0.446906,17602.457031
50,0.151999,0.484202,17802.166016
51,0.087949,0.573414,18068.349609
52,0.116067,0.605483,18301.218750
53,0.126112,0.624061,18634.019531
54,0.070573,0.607452,19199.632812
55,0.064864,0.572043,19382.640625
56,0.059191,0.529332,19532.496094
57,0.755991,0.524483,20530.646484
58,0.776318,0.534408,20846.744141
59,0.741099,0.533686,21229.556641
60,0.767678,0.507253,21512.373047
61,0.843849,0.449969,21845.031250
62,0.824977,0.440861,22061.343750
63,0.781162,0.439573,22327.539062
64,0.675193,0.473210,22676.886719
65,0.755807,0.510606,23192.679688
66,0.777831,0.538934,23492.146484
67,0.775367,0.551055,23891.474609
68,0.770848,0.557355,24107.748047
69,0.820572,0.516344,24357.328125
0,0.751971,0.464934,299.405457
1,0.708651,0.461649,532.317810
2,0.695896,0.463334,698.696411
3,0.712913,0.465873,931.692017
4,0.624607,0.434716,1380.834473
5,0.602490,0.519727,1763.450317
6,0.592999,0.539071,1913.195801
7,0.544803,0.531002,2495.547852
8,0.563960,0.498957,2844.923584
9,0.560416,0.512173,3111.098877
10,0.555267,0.546716,3410.656982
11,0.595730,0.527678,3976.250732
12,0.605540,0.488362,4342.283203
13,0.617457,0.431593,4558.653809
14,0.630877,0.443590,5024.460449
15,0.641765,0.473514,5440.354004
16,0.652857,0.531786,5640.052246
17,0.660212,0.536895,6155.784180
18,0.676719,0.535748,6471.880371
19,0.688034,0.555680,6788.098145
20,0.668810,0.527793,6971.066406
21,0.786650,0.545896,7586.691406
22,0.787448,0.529880,7819.588379
23,0.805853,0.503781,8152.330566
24,0.814348,0.498740,8401.885742
25,0.872989,0.608997,8817.790039
26,0.957280,0.717054,9250.408203
27,0.001204,0.706984,9516.627930
28,0.012765,0.678284,9699.630859
29,0.875377,0.576057,10215.378906
30,0.848248,0.591108,10448.315430
31,0.960999,0.533501,10980.674805
32,0.949659,0.503158,11429.903320
33,0.951257,0.502432,11679.488281
34,0.935228,0.499630,12045.536133
35,0.920015,0.503588,12211.913086
36,0.011074,0.503499,12461.465820
37,0.053951,0.517645,12927.316406
38,0.054199,0.505058,13060.425781
39,0.100596,0.505131,13243.430664
40,0.119312,0.536178,13493.005859
41,0.075577,0.505625,13792.469727
42,0.052291,0.512083,14025.396484
43,0.180732,0.568462,14940.458984
44,0.097267,0.599360,15406.358398
45,0.110475,0.607342,15605.988281
46,0.134900,0.642919,15755.707031
47,0.279922,0.422373,16687.421875
48,0.283246,0.379673,16870.375000
49,0.278896,0.403771,17169.867188
50,0.334555,0.703236,17652.449219
51,0.382037,0.775397,17835.439453
52,0.424103,0.772771,18018.404297
53,0.422526,0.746923,18168.121094
54,0.489252,0.573948,18916.875000
55,0.462884,0.527270,19199.638672
56,0.496525,0.501868,19382.730469
57,0.467105,0.517639,19682.130859
58,0.504593,0.527805,19981.662109
59,0.518732,0.520162,20264.492188
60,0.470300,0.521131,20480.814453
61,0.461931,0.528859,21096.363281
62,0.443330,0.499408,21379.208984
63,0.429569,0.481194,21711.978516
64,0.475672,0.525982,21894.986328
65,0.397814,0.457371,22327.505859
66,0.373556,0.431958,22593.818359
67,0.367377,0.495781,22959.857422
68,0.332012,0.508337,23242.597656
69,0.334915,0.512844,23508.806641
70,0.320826,0.559333,23725.082031
71,0.193433,0.563986,24290.781250
0,0.632766,0.723324,881.635315
1,0.598335,0.759573,1048.029663
2,0.597008,0.760667,1347.526245
3,0.564701,0.554460,3061.085693
4,0.546134,0.548503,3344.012939
5,0.630918,0.559215,3543.619629
6,0.068582,0.528587,6205.656738
7,0.042277,0.558140,6455.148438
8,0.027068,0.561434,6688.182129
9,0.996098,0.583986,8401.759766
10,0.141046,0.961751,10415.016602
11,0.140415,0.983729,11180.319336
12,0.606441,0.565860,13076.932617
13,0.580399,0.478292,13575.999023
14,0.397390,0.472991,15639.108398
15,0.501332,0.117511,17535.810547
16,0.962547,0.721383,19815.183594
17,0.959415,0.715617,20014.763672
0,0.759288,0.491217,149.779648
1,0.771014,0.483913,366.172272
2,0.844883,0.419454,848.546509
3,0.901910,0.453217,1214.575806
4,0.948781,0.457202,1381.029175
5,0.988453,0.450620,1630.508179
6,0.074926,0.444250,2412.479980
7,0.072538,0.455287,2711.985596
8,0.141363,0.461058,2895.076904
9,0.171690,0.441421,3111.253662
10,0.233149,0.418386,3726.952148
11,0.221779,0.409786,3893.318604
12,0.217113,0.377655,4126.153809
13,0.277997,0.361923,4392.360840
14,0.322635,0.435533,4808.420410
15,0.321026,0.581764,5224.362305
16,0.369554,0.434363,5490.494629
17,0.375349,0.382830,5673.548828
18,0.423218,0.417467,5973.007324
19,0.036007,0.433441,7071.015137
20,0.006716,0.370890,7337.213867
21,0.974041,0.239251,7703.247559
22,0.859876,0.440954,8219.000000
23,0.808947,0.437469,8485.241211
24,0.705573,0.438556,9000.994141
25,0.661665,0.363686,9300.483398
26,0.622534,0.387179,9433.594727
27,0.581425,0.464852,9749.779297
28,0.552562,0.512325,10099.055664
29,0.528984,0.488899,10415.247070
30,0.492282,0.480120,10648.086914
31,0.464302,0.565766,11180.522461
32,0.468106,0.549739,11413.461914
33,0.553733,0.464454,11646.342773
34,0.492106,0.402597,11979.105469
35,0.582073,0.409964,12261.945312
36,0.615939,0.431309,12561.493164
37,0.667132,0.441898,12877.559570
38,0.710131,0.429181,13093.870117
39,0.723013,0.411281,13293.560547
40,0.722319,0.401455,13393.325195
41,0.193749,0.469518,15522.966797
42,0.215833,0.467036,15722.666992
43,0.224762,0.505728,16121.960938
44,0.262071,0.571782,16438.087891
45,0.011915,0.548322,17253.244141
46,0.977313,0.535049,17635.917969
47,0.966910,0.584164,17885.431641
48,0.735213,0.550938,18983.556641
49,0.645139,0.605378,19333.025391
50,0.603167,0.563933,19599.203125
51,0.495987,0.530584,20081.642578
52,0.466585,0.535480,20314.578125
53,0.383098,0.587121,20830.328125
54,0.383345,0.575654,20963.400391
55,0.349192,0.672145,21213.023438
56,0.382594,0.704342,21462.605469
57,0.429586,0.746457,21628.947266
58,0.423506,0.737556,21712.097656
59,0.330422,0.426888,22277.869141
60,0.360588,0.414197,22544.042969
61,0.377453,0.411222,22993.294922
62,0.581482,0.447803,23841.742188
63,0.610632,0.420365,24174.515625
64,0.623502,0.394465,24390.798828
65,0.656794,0.500692,24906.568359
0,0.864996,0.512545,515.680786
1,0.900926,0.488343,682.093933
2,0.003905,0.692869,1264.346436
3,0.119798,0.518115,1663.703491
4,0.065336,0.481916,1896.559082
5,0.111189,0.476272,2345.778076
6,0.127243,0.512104,2478.893066
7,0.131049,0.501592,2778.410645
8,0.082969,0.506471,2961.452881
9,0.715936,0.599303,3859.870361
10,0.406891,0.481568,5273.955078
11,0.412796,0.489033,5456.965332
12,0.337130,0.517196,5623.355957
13,0.276019,0.513265,5839.666016
14,0.260690,0.496693,6006.120605
15,0.265674,0.448852,6238.932129
16,0.218322,0.502449,6488.589355
17,0.197019,0.541673,6638.318848
18,0.200922,0.526741,6738.074707
19,0.200347,0.564803,7037.549316
20,0.185606,0.498146,7287.253418
21,0.225806,0.362673,7736.396973
22,0.331973,0.472620,8052.460938
23,0.355592,0.464559,8285.515625
24,0.375054,0.501666,8518.300781
25,0.380809,0.501674,8884.494141
26,0.381041,0.492340,9067.435547
27,0.466757,0.477383,9466.639648
28,0.544015,0.497055,9882.555664
29,0.605384,0.488678,10248.627930
30,0.419098,0.485501,13293.331055
31,0.944102,0.577949,14541.038086
32,0.023096,0.681297,15373.057617
33,0.011053,0.711615,15589.328125
34,0.899651,0.780001,16038.555664
35,0.859571,0.770055,16271.402344
36,0.850730,0.734102,16521.074219
37,0.840032,0.686962,16720.666016
38,0.831284,0.618666,16903.669922
39,0.839628,0.570760,17086.636719
40,0.920715,0.567312,17652.414062
41,0.978203,0.536201,17852.058594
42,0.010037,0.551153,18001.771484
43,0.008695,0.561962,18118.298828
44,0.010246,0.570185,18218.082031
45,0.003073,0.571173,18417.621094
46,0.003120,0.547720,18534.154297
47,0.997356,0.531749,18633.968750
48,0.063143,0.535033,19182.955078
49,0.118660,0.555730,19798.564453
50,0.055919,0.519957,20314.314453
51,0.998640,0.519957,20730.306641
52,0.935848,0.521202,21129.539062
53,0.947489,0.496844,21412.347656
54,0.949555,0.491266,21545.605469
55,0.861441,0.514818,21728.550781
56,0.807398,0.509278,22144.490234
57,0.749589,0.547164,22327.527344
58,0.755723,0.545419,22410.640625
59,0.724991,0.555724,22593.630859
60,0.789250,0.542322,22943.060547
61,0.690993,0.514898,23608.500000
62,0.706721,0.462656,23891.396484
63,0.661462,0.544452,24407.121094
0,0.780163,0.490876,316.109375
1,0.758955,0.559631,515.774353
2,0.752462,0.589386,765.320435
3,0.927971,0.591676,1414.163940
4,0.940772,0.628331,1647.096802
5,0.986747,0.583660,1963.188354
6,0.975400,0.541077,2229.482666
7,0.952656,0.510368,2595.468750
8,0.889329,0.500278,2811.749023
9,0.871128,0.501767,2994.783447
10,0.838792,0.500132,3260.958740
11,0.794519,0.480165,3510.503418
12,0.683183,0.625688,4092.794189
13,0.659981,0.576145,4259.165039
14,0.603567,0.541511,4608.559082
15,0.584414,0.470270,4824.873535
16,0.576546,0.500729,5074.414062
17,0.532457,0.538240,5307.339844
18,0.499471,0.543530,5573.573242
19,0.485842,0.528171,5922.959961
20,0.458500,0.593891,6222.418457
21,0.419600,0.577324,6455.326660
22,0.400713,0.510283,6754.822266
23,0.350499,0.467502,7087.583984
24,0.354350,0.482487,7486.877441
25,0.321695,0.550543,7653.252930
26,0.288163,0.576468,7936.113281
27,0.254440,0.515261,8152.366699
28,0.253721,0.505162,8268.843750
29,0.247145,0.454106,8418.562500
30,0.208288,0.533480,8867.794922
31,0.196736,0.519735,9100.726562
32,0.204857,0.555010,9350.278320
33,0.206619,0.544821,9583.213867
34,0.183187,0.560770,9866.072266
35,0.180878,0.522749,10215.429688
36,0.181721,0.496907,10531.558594
37,0.114749,0.544174,10814.390625
38,0.172268,0.468017,11080.585938
39,0.163877,0.424467,11463.264648
40,0.163105,0.414466,11596.345703
41,0.123443,0.494794,11762.729492
42,0.091436,0.564771,11945.740234
43,0.058059,0.557720,12211.956055
44,0.037254,0.550632,12428.279297
45,0.075207,0.493709,12727.694336
46,0.102778,0.474250,12910.731445
47,0.060422,0.567899,13260.118164
48,0.033002,0.555155,13409.848633
49,0.066725,0.572981,13692.688477
50,0.083365,0.585383,13859.072266
51,0.118729,0.527758,14058.723633
52,0.138762,0.519981,14275.017578
53,0.203886,0.529269,14541.216797
54,0.245357,0.543713,14857.338867
55,0.262860,0.558129,14973.786133
56,0.331226,0.589631,15223.356445
57,0.323203,0.589034,15389.718750
58,0.318670,0.552349,15655.937500
59,0.313893,0.545310,15772.419922
60,0.373443,0.479763,16021.959961
61,0.474054,0.520628,16571.015625
62,0.450720,0.544700,16770.638672
63,0.422886,0.546917,16986.931641
64,0.396268,0.548215,17203.242188
65,0.524311,0.509165,17602.531250
66,0.562668,0.508581,17935.273438
67,0.595341,0.497009,18201.468750
68,0.626591,0.458555,18401.130859
69,0.671103,0.550091,18733.876953
70,0.632302,0.537238,18966.810547
71,0.666815,0.514813,19133.183594
72,0.755416,0.593070,19432.667969
73,0.775749,0.583047,19615.689453
74,0.807713,0.607208,19898.513672
75,0.878415,0.602012,20164.705078
76,0.951192,0.693311,20597.283203
77,0.048293,0.747930,21296.062500
78,0.039035,0.693331,21545.640625
79,0.009950,0.729767,21828.470703
80,0.994209,0.575804,22760.177734
81,0.006250,0.578765,22926.546875
82,0.957352,0.538297,23425.681641
0,0.749094,0.610118,49.911533
1,0.783450,0.659074,266.307648
2,0.657432,0.415946,1447.571045
3,0.625178,0.467753,1663.788696
4,0.594469,0.469725,1929.964966
5,0.566354,0.444826,2229.534424
6,0.573096,0.427451,2329.313477
7,0.580739,0.400192,2695.383301
8,0.553768,0.411438,2895.015137
9,0.558556,0.394282,3044.744873
10,0.555238,0.367667,3344.179688
11,0.502877,0.452829,3710.236084
12,0.497032,0.437941,3876.615479
13,0.438772,0.421100,4242.681641
14,0.404796,0.429597,4492.187012
15,0.405401,0.392694,4658.523438
16,0.421080,0.496894,4974.694336
17,0.436770,0.506479,5124.414551
18,0.433490,0.555519,5440.614258
19,0.499021,0.836930,5690.053223
20,0.378143,0.461560,5989.613770
21,0.332144,0.366564,6954.500488
22,0.348354,0.374371,7287.280273
23,0.335727,0.404499,7420.401855
24,0.367543,0.391273,7869.605469
25,0.349500,0.444463,8252.255859
26,0.347795,0.446891,8585.096680
27,0.375164,0.437464,8917.765625
28,0.377974,0.325677,9100.828125
29,0.380364,0.340257,9200.652344
30,0.377044,0.356707,9283.821289
31,0.385634,0.463657,10182.207031
32,0.375884,0.398079,10465.146484
33,0.352296,0.356233,10664.730469
34,0.322771,0.443797,10897.713867
35,0.274466,0.364810,11064.057617
36,0.205064,0.395434,11729.533203
37,0.292999,0.301699,12245.285156
38,0.291088,0.357530,13127.068359
39,0.292444,0.392404,13493.147461
40,0.241001,0.500087,13875.836914
41,0.329556,0.418840,14158.629883
42,0.396695,0.369877,14657.764648
43,0.441657,0.435896,14957.225586
44,0.481608,0.443441,15223.430664
45,0.495489,0.444831,15423.087891
46,0.519646,0.414949,15622.749023
47,0.516947,0.420338,15855.629883
48,0.529508,0.425711,16055.346680
49,0.570932,0.440800,16271.581055
50,0.598893,0.426512,16720.808594
51,0.595870,0.424081,16920.533203
52,0.590510,0.424717,17086.822266
53,0.596582,0.402599,17236.548828
54,0.597425,0.396462,17336.425781
55,0.614297,0.342091,17502.751953
56,0.588419,0.426335,18018.509766
57,0.561403,0.468549,18201.613281
58,0.526307,0.458737,18550.933594
59,0.496311,0.441900,18733.998047
60,0.472386,0.391466,18983.537109
61,0.444256,0.435204,19233.060547
62,0.432764,0.409057,19399.496094
63,0.371187,0.402122,19632.361328
64,0.322250,0.417318,19848.671875
65,0.204564,0.420884,20430.976562
66,0.163042,0.417621,20863.574219
67,0.135543,0.434127,20996.705078
68,0.107732,0.494250,21395.949219
69,0.069065,0.487679,21645.515625
70,0.024568,0.518475,22044.806641
71,0.992199,0.522282,22277.757812
72,0.878643,0.597751,23608.794922
73,0.877380,0.584993,23708.593750
74,0.771263,0.660213,24257.613281
75,0.860151,0.545339,24523.878906
0,0.750608,0.457497,1314.416382
1,0.783002,0.533074,1580.643188
2,0.757238,0.615251,1780.323975
3,0.670683,0.697822,2911.641602
4,0.663257,0.587665,3111.301025
5,0.646743,0.598130,3444.003662
6,0.585107,0.435473,4059.659912
7,0.558250,0.430236,4342.518066
8,0.615126,0.413586,4658.540039
9,0.660865,0.431505,4858.225586
10,0.710170,0.433883,5174.356445
11,0.706670,0.416871,5373.979492
12,0.626178,0.322465,5773.279785
13,0.712482,0.533141,6189.200684
14,0.783453,0.634579,6422.137695
15,0.763585,0.847017,6721.626465
16,0.629491,0.889621,6971.209473
17,0.639515,0.859134,7170.854004
18,0.674189,0.951585,8352.120117
19,0.710668,0.884969,8568.370117
20,0.591236,0.886033,9250.586914
21,0.711336,0.874105,9600.028320
22,0.709826,0.939110,10032.524414
23,0.687805,0.937952,11080.665039
24,0.744019,0.901570,11330.349609
25,0.852893,0.503987,13027.263672
26,0.961597,0.428804,13310.116211
27,0.984250,0.400764,13476.504883
28,0.069950,0.413867,13925.721680
29,0.172403,0.515573,14541.327148
30,0.190077,0.492120,14707.740234
31,0.739925,0.077244,16571.171875
32,0.484431,0.445097,17752.357422
33,0.453931,0.457935,18168.285156
34,0.404764,0.400972,18351.316406
35,0.391513,0.374926,18584.324219
36,0.333889,0.436784,18867.093750
37,0.358325,0.491443,19149.902344
38,0.454402,0.551573,19499.384766
39,0.536600,0.409495,19965.179688
40,0.535875,0.394754,20148.148438
41,0.564118,0.462765,20597.466797
42,0.685467,0.461186,20846.976562
43,0.728053,0.447140,21046.611328
44,0.795786,0.453328,21529.169922
45,0.834259,0.408656,21795.328125
46,0.840752,0.406635,21978.292969
47,0.839687,0.410636,22061.462891
48,0.943928,0.448632,22643.777344
49,0.967547,0.469611,23276.087891
50,0.068816,0.465820,23675.333984
51,0.084412,0.472910,23825.037109
52,0.103751,0.498833,24257.638672
53,0.121333,0.468689,24573.730469
0,0.657201,0.504835,1281.088501
1,0.684990,0.323592,1663.757690
2,0.766756,0.338596,5473.716309
3,0.817270,0.424759,6721.640137
4,0.843220,0.641957,7170.754395
5,0.851248,0.675997,7520.140625
6,0.682291,0.531517,9017.521484
7,0.666019,0.600558,22527.257812
8,0.631443,0.449251,23508.892578
9,0.656656,0.601422,23641.968750
0,0.753618,0.503244,16.647942
1,0.773400,0.541681,332.816895
2,0.820351,0.452390,698.787170
3,0.696435,0.489922,965.032471
4,0.699702,0.462214,1164.608643
5,0.691072,0.558747,2129.576172
6,0.646956,0.541707,2345.916748
7,0.657711,0.786519,2795.117676
8,0.658357,0.813967,2911.549805
9,0.603007,0.820928,3127.831299
10,0.611468,0.814708,3227.668945
11,0.595142,0.565208,3593.702637
12,0.593068,0.525664,3859.941162
13,0.609337,0.499817,4059.575928
14,0.636159,0.521817,4225.993652
15,0.651926,0.517035,4525.404785
16,0.611105,0.474756,4808.256836
17,0.608525,0.442250,5157.646484
18,0.615013,0.421255,5290.762207
19,0.578697,0.425602,5523.660156
20,0.615005,0.485517,5806.626953
21,0.670987,0.505186,6155.986328
22,0.721435,0.490203,6521.916016
23,0.727652,0.496179,6638.386230
24,0.797361,0.555708,7253.970703
25,0.798109,0.545536,7353.782715
26,0.791743,0.540402,7586.733398
27,0.824508,0.487214,7836.333496
28,0.786467,0.490478,8135.777344
29,0.786319,0.541390,8501.783203
30,0.793914,0.529674,9117.473633
31,0.870442,0.586116,9317.072266
32,0.864194,0.510450,9549.968750
33,0.911659,0.497780,10198.854492
34,0.892354,0.451335,10465.032227
35,0.929511,0.621559,10880.951172
36,0.954371,0.695987,11163.857422
37,0.966362,0.723583,11380.115234
38,0.978636,0.720088,11596.386719
39,0.913186,0.580269,11945.891602
40,0.967029,0.494850,12993.968750
41,0.950457,0.487556,13226.941406
42,0.946831,0.469883,13326.729492
43,0.939599,0.498867,13626.172852
44,0.960709,0.508913,13958.967773
45,0.920752,0.508767,14208.577148
46,0.016918,0.531394,14507.986328
47,0.069332,0.494329,15156.870117
48,0.137223,0.643828,16670.843750
49,0.167813,0.648198,16887.152344
50,0.193558,0.559856,17169.984375
51,0.200103,0.538816,17336.343750
52,0.184649,0.485097,17536.029297
53,0.196091,0.473169,17702.378906
54,0.119926,0.502703,18035.177734
55,0.083927,0.506488,18284.742188
56,0.078173,0.552257,18484.328125
57,0.073417,0.587411,18617.453125
58,0.210534,0.601196,18883.687500
59,0.235541,0.556676,19066.679688
60,0.117888,0.662769,19449.333984
61,0.100513,0.656506,19682.277344
62,0.093374,0.636740,19898.585938
63,0.165067,0.679408,20247.917969
64,0.152791,0.657692,20580.683594
65,0.142563,0.663849,20796.974609
66,0.247293,0.541445,21096.433594
67,0.254920,0.490599,21312.781250
68,0.232023,0.462535,21562.316406
69,0.297340,0.453499,21911.744141
70,0.220157,0.422196,22294.441406
71,0.166247,0.455690,22776.843750
72,0.138801,0.479716,22993.173828
73,0.114375,0.504387,23192.812500
74,0.108207,0.512878,23508.884766
75,0.085656,0.511855,23725.205078
76,0.082998,0.498739,24008.058594
77,0.058151,0.505725,24290.867188
78,0.041299,0.472465,24706.822266
0,0.764065,0.520610,432.641693
1,0.762315,0.629488,715.456543
2,0.778529,0.695745,881.811707
3,0.726915,0.773381,1131.362549
4,0.627380,0.793816,1331.056885
5,0.592268,0.814136,1530.759033
6,0.541851,0.811477,1680.383057
7,0.541187,0.783945,1896.721680
8,0.634881,0.595882,2345.988037
9,0.652675,0.538716,2662.042480
10,0.607344,0.579520,2894.930176
11,0.594406,0.587484,3077.990234
12,0.712987,0.509079,3360.764160
13,0.743563,0.551358,3560.424561
14,0.776610,0.573545,3743.540283
15,0.799341,0.584067,3909.868652
16,0.804489,0.521005,4059.546387
17,0.670595,0.411795,4458.899902
18,0.623819,0.372640,4608.599121
19,0.721841,0.385103,4874.815918
20,0.597588,0.534742,5640.170410
21,0.546687,0.521575,5873.092773
22,0.538130,0.510678,6056.059082
23,0.541933,0.506216,6189.183594
24,0.572029,0.431750,6372.284668
25,0.579227,0.409422,6571.929199
26,0.639676,0.360993,6771.495117
27,0.963883,0.704156,7736.498047
28,0.026600,0.794756,7952.758789
29,0.055898,0.783772,8119.171875
30,0.050916,0.755712,8302.227539
31,0.999231,0.487715,8834.562500
32,0.068772,0.441880,9034.224609
33,0.033902,0.393068,9433.528320
34,0.947823,0.069540,10614.771484
35,0.945679,0.086200,10814.436523
36,0.971816,0.100045,11047.419922
37,0.961259,0.140850,11413.384766
38,0.987928,0.108563,11646.324219
39,0.987038,0.091732,11796.085938
40,0.871553,0.483037,13393.274414
41,0.893890,0.551560,13626.228516
42,0.878963,0.516285,13859.126953
43,0.818591,0.471723,14042.114258
44,0.829770,0.446763,14275.036133
45,0.885529,0.414215,14474.748047
46,0.909673,0.428183,14657.772461
47,0.940351,0.461165,14840.744141
48,0.962708,0.469949,15007.123047
49,0.996550,0.482658,15190.125000
50,0.003546,0.436807,15456.316406
51,0.995871,0.346810,15805.725586
52,0.013833,0.533971,15988.718750
53,0.022543,0.517073,16371.433594
54,0.002696,0.345258,16587.693359
55,0.992246,0.251473,16820.611328
56,0.987504,0.211421,16953.708984
57,0.065461,0.356639,17802.205078
58,0.081059,0.446682,17968.595703
59,0.067184,0.504484,18234.847656
60,0.056655,0.522889,18417.839844
61,0.081173,0.475073,18650.748047
62,0.093446,0.472428,18983.501953
63,0.065161,0.427134,19316.279297
64,0.097762,0.451109,19649.041016
65,0.126998,0.501001,19848.681641
66,0.194914,0.461072,20048.292969
67,0.164769,0.419772,20464.222656
68,0.155237,0.415438,20613.958984
69,0.133739,0.345731,20780.339844
70,0.186782,0.384100,21229.542969
71,0.208079,0.420843,21412.669922
72,0.237064,0.414617,21612.279297
73,0.193173,0.410512,21961.609375
74,0.240139,0.430736,22344.314453
75,0.255900,0.441037,22477.408203
76,0.356559,0.371377,23259.330078
77,0.341037,0.497877,23592.095703
78,0.325686,0.562291,23775.101562
79,0.385961,0.796187,24174.410156
80,0.478277,0.828363,24623.716797
81,0.523367,0.792062,24973.048828
0,0.753145,0.583653,449.194183
1,0.569587,0.749848,1214.647827
2,0.561616,0.659900,1580.669434
3,0.566103,0.637782,1763.562256
4,0.794227,0.817609,2129.634766
5,0.785135,0.831225,2246.098633
6,0.773412,0.838810,2379.212402
7,0.665103,0.781081,2695.285645
8,0.687895,0.486334,3111.231201
9,0.759125,0.494160,3344.147461
10,0.779639,0.534088,3610.388916
11,0.714671,0.515890,4009.685547
12,0.684916,0.550905,4242.617676
13,0.560410,0.680663,4791.637207
14,0.607303,0.795868,5257.473633
15,0.644453,0.832486,5473.746582
16,0.565480,0.672340,5773.270508
17,0.737303,0.844849,6255.826660
18,0.791508,0.818917,6372.193359
19,0.782316,0.818826,6505.311523
20,0.779201,0.824878,6788.141113
21,0.777789,0.836023,6904.690430
22,0.765667,0.601826,7220.757324
23,0.772913,0.526758,7420.345215
24,0.752951,0.517604,7686.616699
25,0.735511,0.501134,7919.546875
26,0.013668,0.695504,8917.794922
27,0.971395,0.460583,9134.071289
28,0.069466,0.494096,9965.896484
29,0.073407,0.529059,10165.547852
30,0.086071,0.519165,10415.175781
31,0.108456,0.557517,10664.783203
32,0.879228,0.517694,11130.548828
33,0.834712,0.518330,11380.108398
34,0.843994,0.500241,11662.974609
35,0.805485,0.461050,11862.590820
36,0.603129,0.552440,13027.295898
37,0.548224,0.515062,13809.216797
38,0.553922,0.508747,13992.192383
39,0.546918,0.485674,14907.340820
40,0.462166,0.507618,15140.201172
41,0.460107,0.507026,15606.053711
42,0.418187,0.819128,16221.637695
43,0.473144,0.821627,16421.375000
44,0.465466,0.815626,16754.054688
45,0.388473,0.373426,19931.867188
46,0.073431,0.617022,22643.849609
47,0.126416,0.524783,22860.058594
48,0.592970,0.744141,24540.486328
0,0.729735,0.452974,199.622192
1,0.770479,0.594544,465.869537
2,0.702318,0.363990,732.056152
3,0.702516,0.344332,898.467651
4,0.607643,0.560711,1913.343994
5,0.556195,0.603269,2112.979248
6,0.533817,0.514310,2479.005859
7,0.621794,0.511483,2811.735840
8,0.731962,0.665354,3061.283203
9,0.778620,0.636805,3294.258057
10,0.866531,0.616105,3876.528809
11,0.818462,0.359738,4542.042969
12,0.805864,0.361903,4824.887695
13,0.885483,0.350938,5124.379883
14,0.902701,0.620525,5407.200195
15,0.945116,0.564010,6056.119141
16,0.012991,0.557413,6605.186035
17,0.019563,0.699096,7021.060059
18,0.027544,0.699871,7303.973145
19,0.077344,0.564291,7886.249023
20,0.065258,0.396805,8219.022461
21,0.946820,0.169542,9666.464844
22,0.874341,0.051334,10398.470703
23,0.120364,0.100798,10947.541992
24,0.685447,0.098696,11263.639648
25,0.768558,0.003075,12062.220703
26,0.651493,0.045822,12411.717773
27,0.661499,0.037737,12511.480469
28,0.744358,0.026303,12761.054688
29,0.685029,0.154612,13077.205078
30,0.694492,0.176604,13326.703125
31,0.842005,0.106383,13975.633789
32,0.761206,0.168619,14724.298828
33,0.931673,0.156092,15140.224609
34,0.925882,0.183263,15339.944336
35,0.059080,0.284133,16138.435547
36,0.271630,0.601410,17735.660156
37,0.270996,0.584013,17885.429688
38,0.332762,0.771580,18517.669922
39,0.399838,0.784174,18966.951172
40,0.464143,0.790782,19382.833984
41,0.481747,0.781091,19532.500000
42,0.461161,0.754561,19715.521484
43,0.482677,0.816135,20364.447266
44,0.487536,0.833750,20497.511719
45,0.468216,0.748277,20880.199219
46,0.116119,0.652212,21712.138672
47,0.094785,0.614750,21945.011719
48,0.178059,0.412586,22227.845703
49,0.229401,0.372762,22494.056641
50,0.374381,0.401134,23492.324219
51,0.499765,0.392780,24024.732422
52,0.358684,0.315042,24473.892578
0,0.788355,0.424485,282.822418
1,0.721860,0.351357,648.789490
2,0.886072,0.429949,1663.715942
3,0.829360,0.376248,2013.111084
4,0.818644,0.393422,2229.427979
5,0.808958,0.408466,2412.472412
6,0.864484,0.617871,3061.279053
7,0.885381,0.662571,3211.019531
8,0.988647,0.715426,3826.608398
9,0.023542,0.686039,3993.039062
10,0.020914,0.638280,4192.628418
11,0.590600,0.769595,5606.851074
12,0.433399,0.389952,6255.704590
13,0.393745,0.368213,6438.795410
14,0.369948,0.364106,6638.392090
15,0.338383,0.346357,6904.577637
16,0.276081,0.347977,7204.078125
17,0.270990,0.347189,7387.047852
18,0.274220,0.344904,7603.362793
19,0.248750,0.424061,7852.921875
20,0.217811,0.428758,8069.198730
21,0.216988,0.416694,8252.243164
22,0.220809,0.363534,8551.789062
23,0.178076,0.406534,8917.763672
24,0.135294,0.425493,9100.750000
25,0.109444,0.431587,9400.169922
26,0.104764,0.429032,9683.045898
27,0.071767,0.324035,9915.927734
28,0.064274,0.265484,10248.728516
29,0.120794,0.500877,10747.849609
30,0.278844,0.587897,11213.708984
31,0.305818,0.627194,11413.319336
32,0.349600,0.577870,11746.141602
33,0.358875,0.480723,12145.390625
34,0.374301,0.414825,12378.298828
35,0.386464,0.388615,12561.322266
36,0.477715,0.511691,12910.792969
37,0.437742,0.500503,13226.852539
38,0.510478,0.558687,13542.935547
39,0.513576,0.557760,14125.286133
40,0.517195,0.564405,14325.041992
41,0.721905,0.427250,15589.407227
42,0.714544,0.414248,15705.876953
43,0.904196,0.472833,16321.445312
44,0.948838,0.472079,16654.175781
45,0.978703,0.492571,17036.826172
46,0.994971,0.469876,17369.576172
47,0.999704,0.485512,17602.568359
48,0.997318,0.534014,18201.464844
49,0.050089,0.468944,18550.953125
50,0.056416,0.444971,18767.169922
51,0.818657,0.400908,19832.003906
52,0.814523,0.581327,20247.888672
53,0.741859,0.589465,20464.240234
54,0.680230,0.536860,20730.359375
55,0.752380,0.636056,21229.550781
56,0.740834,0.716918,21445.785156
57,0.736782,0.735363,21562.267578
58,0.864386,0.615858,22011.556641
59,0.881356,0.626540,22194.482422
60,0.886887,0.614047,22527.257812
61,0.939340,0.592860,22876.611328
62,0.028898,0.671030,23392.439453
63,0.069232,0.549661,23891.566406
64,0.031727,0.441093,24174.386719
65,0.975449,0.402811,24507.136719
66,0.896380,0.418851,24756.677734
67,0.835477,0.472113,24972.947266
0,0.769383,0.536301,282.851868
1,0.834541,0.490131,665.567688
2,0.815933,0.477505,965.023987
3,0.808410,0.479917,1098.086060
4,0.808285,0.505382,1380.968628
5,0.686132,0.495575,2312.638672
6,0.698970,0.465881,2545.567139
7,0.976854,0.519041,3943.152588
8,0.992657,0.473697,4242.562012
9,0.942747,0.533871,4608.664551
10,0.914445,0.591114,4908.062500
11,0.995862,0.514712,5357.346680
12,0.027979,0.478986,5623.583496
13,0.039348,0.449431,5756.664062
14,0.071605,0.449122,6189.169922
15,0.108411,0.497139,6621.744629
16,0.144306,0.565223,7137.483887
17,0.128512,0.609009,7403.699219
18,0.172493,0.492077,7653.310059
19,0.174699,0.437891,7886.220703
20,0.216837,0.476167,8318.812500
21,0.105351,0.536002,8585.058594
22,0.048835,0.536709,8851.204102
23,0.969354,0.562026,9233.918945
24,0.973147,0.556057,9350.323242
25,0.972913,0.534330,9566.592773
26,0.975238,0.501779,9799.562500
27,0.972827,0.493432,9899.359375
28,0.907736,0.515643,10132.271484
29,0.874561,0.518510,10348.543945
30,0.877454,0.514333,10481.642578
31,0.840822,0.516930,10797.797852
32,0.805764,0.490785,11180.487305
33,0.796739,0.489234,11446.612305
34,0.802654,0.485484,11629.635742
35,0.704481,0.505147,12178.687500
36,0.698356,0.452690,12594.707031
37,0.619058,0.519595,13010.591797
38,0.614053,0.470538,13310.107422
39,0.541124,0.504075,13642.791992
40,0.477755,0.496315,14225.108398
41,0.458213,0.472388,14574.480469
42,0.400377,0.483330,15090.267578
43,0.394212,0.472070,15556.192383
44,0.411565,0.472814,15838.974609
45,0.362122,0.421662,16055.250000
46,0.314007,0.473436,16421.330078
47,0.270089,0.447033,16737.373047
48,0.264025,0.420314,16853.833984
49,0.269388,0.430554,17070.132812
50,0.312910,0.550201,17303.046875
51,0.319896,0.587972,17502.787109
52,0.268802,0.684822,17719.023438
53,0.270199,0.721753,17902.015625
54,0.419880,0.781157,18351.277344
55,0.425373,0.779960,18600.835938
56,0.481030,0.817275,18817.066406
57,0.617360,0.776236,19282.933594
58,0.584746,0.701598,19648.994141
59,0.659006,0.700227,19998.361328
60,0.684926,0.688263,20281.189453
61,0.690253,0.648379,20464.234375
62,0.614220,0.538714,20697.117188
63,0.572625,0.508165,20963.384766
64,0.533154,0.500059,21129.744141
65,0.532851,0.458676,21379.263672
66,0.475183,0.473751,21595.578125
67,0.405611,0.493455,22028.126953
68,0.381796,0.461357,22327.632812
69,0.350954,0.428210,22610.472656
70,0.368108,0.485380,22843.375000
71,0.264142,0.497072,23109.585938
72,0.206588,0.479722,23558.863281
73,0.183731,0.502809,23858.353516
74,0.215733,0.468949,24157.742188
75,0.214388,0.410994,24374.037109
76,0.212079,0.416972,24523.769531
0,0.734669,0.508318,232.928528
1,0.703857,0.485813,648.828064
2,0.709001,0.455897,931.703308
3,0.713295,0.361167,1447.505615
4,0.786334,0.447897,1796.808716
5,0.703156,0.361269,2029.799927
6,0.712330,0.386107,2179.541992
7,0.717266,0.416690,3161.204834
8,0.624454,0.363974,3543.761963
9,0.595909,0.349681,3809.986816
10,0.598336,0.463887,4009.635498
11,0.609595,0.549360,4259.239746
12,0.563798,0.565231,4542.139160
13,0.545917,0.536960,4691.775879
14,0.483531,0.591522,4941.356445
15,0.442585,0.569045,5157.619629
16,0.414269,0.541292,5324.065430
17,0.398503,0.448704,5523.669434
18,0.404721,0.449603,5623.457031
19,0.412678,0.444919,5773.283691
20,0.366814,0.493784,5989.491699
21,0.337846,0.539434,6172.501953
22,0.292010,0.651847,6671.696777
23,0.293487,0.798971,6854.685059
24,0.316161,0.802308,7037.649902
25,0.379040,0.850373,7486.991699
26,0.440634,0.860700,7703.279297
27,0.449136,0.808122,7936.124023
28,0.444576,0.856594,8335.415039
29,0.393085,0.926700,8568.375977
30,0.343115,0.936879,8801.314453
31,0.261287,0.990080,9000.964844
32,0.785362,0.972699,9233.921875
33,0.739521,0.894110,9616.488281
34,0.748536,0.877251,9782.900391
35,0.536277,0.911547,10298.721680
36,0.536816,0.942293,10465.019531
37,0.049878,0.596938,11080.598633
38,0.890089,0.520880,11762.726562
39,0.868788,0.460694,12295.196289
40,0.842863,0.416921,12494.819336
41,0.820148,0.476677,12677.814453
42,0.811477,0.405695,12827.609375
43,0.812830,0.361119,13260.205078
44,0.815442,0.414076,13559.612305
45,0.799645,0.425875,13875.715820
46,0.800268,0.432979,14008.801758
47,0.812788,0.374544,14191.884766
48,0.880236,0.380418,14541.304688
49,0.907004,0.411225,14757.552734
50,0.972490,0.475532,14940.603516
51,0.012050,0.488404,15190.119141
52,0.037904,0.497580,15539.485352
53,0.105823,0.475000,15905.498047
54,0.102163,0.483268,16022.016602
55,0.113816,0.501525,16171.714844
56,0.119122,0.563189,16437.896484
57,0.072531,0.535029,16604.328125
58,0.048382,0.544801,16820.632812
59,0.035861,0.550324,17086.855469
60,0.026125,0.507615,17369.609375
61,0.051515,0.548911,17602.566406
62,0.075020,0.634656,18151.636719
63,0.085364,0.647140,18301.361328
64,0.128461,0.569790,18550.900391
65,0.131409,0.565321,18667.398438
66,0.157805,0.536506,18817.078125
67,0.175343,0.521819,19016.777344
68,0.216294,0.457498,19216.400391
69,0.200053,0.469170,19532.503906
70,0.249536,0.415781,19732.146484
71,0.256810,0.416173,19931.847656
72,0.266142,0.375802,20114.906250
73,0.307373,0.455819,20464.193359
74,0.288422,0.413067,20680.527344
75,0.277770,0.363228,20880.132812
76,0.276622,0.433094,21229.544922
77,0.280302,0.305951,21379.294922
78,0.369376,0.448190,21678.732422
79,0.383769,0.464683,21895.103516
80,0.389184,0.371794,22111.429688
81,0.457954,0.450706,22627.156250
82,0.477956,0.477962,22893.333984
83,0.492732,0.436301,23442.332031
84,0.516472,0.402217,23775.117188
85,0.550748,0.440590,24107.957031
86,0.586655,0.465575,24357.392578
87,0.603753,0.388469,24773.326172
88,0.601756,0.374584,24873.199219
0,0.783267,0.516323,415.863068
1,0.660668,0.796599,1014.789429
2,0.605263,0.822956,1197.793945
3,0.558873,0.732108,1613.771729
4,0.581325,0.462227,2129.500000
5,0.535086,0.536987,2345.872070
6,0.732392,0.472569,3693.507324
7,0.703421,0.471056,3876.453125
8,0.966284,0.602375,4758.255859
9,0.014799,0.627640,4991.205566
10,0.012366,0.539600,5224.097656
11,0.064961,0.470830,5523.654297
12,0.070115,0.512670,5856.348145
13,0.067031,0.524034,5972.872070
14,0.022428,0.504678,6172.472168
15,0.963916,0.468376,6488.574219
16,0.931889,0.505860,6754.806641
17,0.042320,0.453390,7203.974609
18,0.133321,0.544044,7686.548828
19,0.146159,0.635297,8002.612305
20,0.173388,0.664292,8268.791016
21,0.244211,0.576190,8551.604492
22,0.240563,0.475494,9000.840820
23,0.236879,0.462645,9100.662109
24,0.295458,0.448299,9483.324219
25,0.293513,0.425321,9716.252930
26,0.180943,0.468075,10115.575195
27,0.335174,0.569565,10498.211914
28,0.365993,0.502675,10714.497070
29,0.365402,0.515407,11246.917969
30,0.303476,0.481116,11446.554688
31,0.212738,0.458008,11762.668945
32,0.158996,0.471792,12095.413086
33,0.160563,0.466692,12295.068359
34,0.098296,0.495384,12494.752930
35,0.042749,0.520383,12827.475586
36,0.971360,0.697875,13359.885742
37,0.985683,0.726732,13559.531250
38,0.988648,0.732567,13742.558594
39,0.007811,0.700376,14557.783203
40,0.859044,0.737246,15023.655273
41,0.600995,0.788285,15955.346680
42,0.557252,0.762046,16121.751953
43,0.561503,0.730124,16254.837891
44,0.795332,0.535121,17253.105469
45,0.810701,0.492324,17485.992188
46,0.805124,0.512893,17669.021484
47,0.769235,0.600039,17935.226562
48,0.820851,0.526299,18484.292969
49,0.810428,0.532202,18866.923828
50,0.815893,0.484773,19049.939453
51,0.806890,0.529264,19499.171875
52,0.924489,0.483463,19865.175781
53,0.879718,0.505804,20247.857422
54,0.867378,0.478571,20480.757812
55,0.805550,0.507265,20863.453125
56,0.809005,0.497838,21063.091797
57,0.835470,0.581963,21345.919922
58,0.904241,0.646618,21578.871094
59,0.025100,0.706825,22227.730469
60,0.066769,0.578223,23725.125000
61,0.034515,0.537161,24007.943359
62,0.988924,0.555447,24357.333984
63,0.002589,0.567872,24972.916016
0,0.758667,0.553083,432.560028
1,0.771086,0.514036,682.226074
2,0.000752,0.640465,1730.356812
3,0.017155,0.622751,1896.726074
4,0.020984,0.641929,2212.764160
5,0.985090,0.545774,2745.267578
6,0.019955,0.488182,3327.527832
7,0.030729,0.496151,3577.168701
8,0.096003,0.482055,3926.566406
9,0.085965,0.559101,4209.280273
10,0.125616,0.612010,4442.301270
11,0.851495,0.461654,5473.804199
12,0.859711,0.443329,5673.422363
13,0.816599,0.511718,5906.365723
14,0.836326,0.509961,6106.019043
15,0.844085,0.512639,6222.431641
16,0.873699,0.491523,6405.522461
17,0.848112,0.498828,6838.068848
18,0.859057,0.480780,7054.347656
19,0.814351,0.467200,7253.969727
20,0.800605,0.483620,7486.894043
21,0.819221,0.463607,8019.360352
22,0.743363,0.586706,8335.410156
23,0.772700,0.533061,8551.769531
24,0.602492,0.726070,9217.261719
25,0.583951,0.721095,9383.570312
26,0.572908,0.656046,9799.550781
27,0.567094,0.670341,10015.872070
28,0.768502,0.550994,10947.526367
29,0.786483,0.542827,11213.738281
30,0.723834,0.574922,11646.339844
31,0.597416,0.579412,12012.304688
32,0.604049,0.574316,12145.457031
33,0.532571,0.594279,12345.093750
34,0.530875,0.547495,12711.128906
35,0.550801,0.530298,13143.772461
36,0.496005,0.535047,13426.541016
37,0.492131,0.532986,14092.093750
38,0.462270,0.538627,14574.567383
39,0.429948,0.490308,14857.446289
40,0.425982,0.485132,14957.177734
41,0.350436,0.385466,15506.235352
42,0.310066,0.453381,15755.760742
43,0.335142,0.533177,16171.825195
44,0.357637,0.796749,16637.619141
45,0.445520,0.759445,16986.984375
46,0.433743,0.752515,17070.226562
47,0.429768,0.747037,17219.921875
48,0.303448,0.766222,18334.646484
49,0.330080,0.520976,18750.570312
50,0.313262,0.540350,18983.455078
51,0.318149,0.543323,19083.357422
52,0.417917,0.553190,19316.218750
53,0.397488,0.551503,19632.458984
54,0.488459,0.555718,19948.478516
55,0.494474,0.491916,20181.376953
56,0.471747,0.496124,20381.042969
57,0.370504,0.492372,20713.800781
58,0.341314,0.402904,21063.158203
59,0.299334,0.390720,21262.828125
60,0.261924,0.379230,21512.384766
61,0.261958,0.353611,21762.017578
62,0.274153,0.460813,21945.017578
63,0.196791,0.570790,22161.292969
64,0.106537,0.654328,22860.064453
65,0.093489,0.625746,22976.490234
66,0.102214,0.484187,23409.074219
67,0.110346,0.481861,23592.089844
68,0.161816,0.463607,23775.144531
69,0.191792,0.453934,24074.558594
70,0.169000,0.387782,24523.794922
0,0.781971,0.516027,465.874969
1,0.687965,0.508486,848.616333
2,0.552424,0.585706,1464.125732
3,0.526998,0.523909,1663.767578
4,0.528704,0.504637,1846.807495
5,0.581305,0.481540,2462.401855
6,0.600571,0.531856,2894.986084
7,0.463847,0.582540,3227.729492
8,0.453784,0.585213,3377.433838
9,0.408822,0.755454,3976.411621
10,0.315194,0.563210,4409.075195
11,0.320024,0.476596,4691.849609
12,0.397980,0.472908,5041.255371
13,0.553160,0.466056,5790.025879
14,0.588353,0.466766,6056.106445
15,0.731192,0.465794,6771.504883
16,0.011535,0.481498,8202.457031
17,0.022013,0.472410,8335.473633
18,0.808344,0.491466,8934.464844
19,0.808818,0.490492,9183.983398
20,0.814781,0.518138,9383.638672
21,0.861662,0.513259,9599.970703
22,0.877886,0.513523,9899.362305
23,0.897802,0.513516,10015.879883
24,0.926283,0.417844,10681.395508
25,0.824922,0.507863,11197.137695
26,0.811036,0.506119,11330.229492
27,0.086041,0.428326,11945.823242
28,0.111508,0.409031,12128.829102
29,0.171931,0.391289,12611.302734
30,0.189943,0.389354,12744.439453
31,0.202436,0.394694,13226.891602
32,0.236448,0.405790,13443.286133
33,0.250279,0.416848,13626.236328
34,0.230578,0.412287,13825.913086
35,0.217873,0.412196,14158.622070
36,0.131582,0.635626,14574.581055
37,0.107207,0.658437,14757.580078
38,0.173040,0.686163,15040.446289
39,0.181407,0.605040,15389.884766
40,0.164071,0.641225,16421.310547
41,0.130861,0.663215,16754.064453
42,0.101521,0.643050,17020.291016
43,0.080574,0.589824,17219.923828
44,0.259801,0.526032,17652.519531
45,0.192204,0.562847,17885.451172
46,0.190783,0.551274,18035.142578
47,0.164204,0.564826,18650.792969
48,0.083520,0.538209,18900.292969
49,0.033945,0.530697,19216.472656
50,0.034994,0.526427,19349.523438
51,0.033192,0.534604,19549.166016
52,0.039803,0.523285,19898.583984
53,0.952794,0.552877,20547.429688
54,0.991777,0.553237,20730.437500
55,0.986797,0.560888,21096.496094
56,0.975892,0.569802,21329.398438
57,0.990184,0.521514,21828.568359
58,0.959571,0.717791,22477.388672
59,0.003975,0.715852,22660.408203
60,0.016124,0.686486,22793.494141
61,0.828470,0.573728,23858.378906
0,0.748746,0.704849,49.891830
1,0.755291,0.638086,266.226074
2,0.803830,0.535715,549.024841
3,0.882823,0.531769,931.684631
4,0.011576,0.682665,1630.417847
5,0.022721,0.676805,1813.547485
6,0.028268,0.667822,2112.920410
7,0.908736,0.562703,2429.080322
8,0.969946,0.515623,2695.329834
9,0.979900,0.507501,2861.658447
10,0.048830,0.578880,2961.467529
11,0.058025,0.535709,3394.067383
12,0.101010,0.562755,3710.149658
13,0.133656,0.577419,4176.020508
14,0.166998,0.694484,4475.448730
15,0.030422,0.526373,4891.403809
16,0.142845,0.638554,5190.983887
17,0.210736,0.590788,5623.450684
18,0.233886,0.572950,5989.495605
19,0.240035,0.539788,6222.467285
20,0.197207,0.599535,6422.125977
21,0.117974,0.610362,6771.460449
22,0.092735,0.604051,6971.086426
23,0.099638,0.615414,7104.229492
24,0.356258,0.582933,7753.080566
25,0.378642,0.776251,8069.199219
26,0.392666,0.790816,8285.533203
27,0.395496,0.779211,8817.863281
28,0.105945,0.680071,9416.814453
29,0.083216,0.679136,9666.428711
30,0.213021,0.533456,10032.425781
31,0.217303,0.538760,10182.171875
32,0.463793,0.515437,11030.734375
33,0.511924,0.509807,11346.783203
34,0.552391,0.498474,11513.192383
35,0.549099,0.497901,11662.907227
36,0.601666,0.526579,11962.388672
37,0.347805,0.520279,14225.135742
38,0.467676,0.789276,14824.052734
39,0.663179,0.490214,15938.771484
40,0.643046,0.497268,16504.445312
41,0.612233,0.529898,16986.937500
42,0.760775,0.512120,17253.185547
43,0.799576,0.551415,17552.607422
44,0.786605,0.551772,17769.023438
45,0.844128,0.580906,18035.140625
46,0.672598,0.534497,18451.042969
47,0.623316,0.530380,18600.820312
48,0.577248,0.543764,18867.017578
49,0.519173,0.554056,19199.757812
50,0.476550,0.565524,19515.896484
51,0.480604,0.546458,19648.996094
52,0.484041,0.524766,19915.160156
53,0.494113,0.501433,20081.529297
54,0.500412,0.493034,20214.710938
55,0.499364,0.498561,20364.355469
56,0.498050,0.526488,20663.882812
57,0.504277,0.516757,21096.427734
58,0.492538,0.528297,22011.498047
59,0.547947,0.496551,22394.160156
60,0.472181,0.626944,22843.363281
61,0.516681,0.620439,23043.048828
62,0.523586,0.580904,23209.376953
63,0.519171,0.557319,23392.400391
64,0.459431,0.574712,23741.820312
65,0.399780,0.611110,24157.746094
0,0.745048,0.418354,99.856209
1,0.732058,0.479636,316.212158
2,0.695990,0.532027,499.158325
3,0.588870,0.554190,1181.377319
4,0.538187,0.532520,1414.269409
5,0.542485,0.530871,1597.271851
6,0.579717,0.469452,1763.654053
7,0.713620,0.471616,2462.430420
8,0.707719,0.477900,2645.397949
9,0.744034,0.524500,2928.302246
10,0.824056,0.521864,3327.544922
11,0.825446,0.524099,3560.560303
12,0.872534,0.533948,3776.786865
13,0.989649,0.550961,4359.083496
14,0.062153,0.501521,4675.189453
15,0.093444,0.506656,5041.275391
16,0.088452,0.517070,5157.721680
17,0.126387,0.525229,5374.015137
18,0.212224,0.513047,5839.877930
19,0.250850,0.512603,6106.145508
20,0.238072,0.554930,6538.604004
21,0.338108,0.700394,7220.746582
22,0.357957,0.746071,7403.814941
23,0.430123,0.774897,7620.055176
24,0.457707,0.760805,7936.208496
25,0.446422,0.760078,8069.328125
26,0.455288,0.787028,8684.843750
27,0.436361,0.751472,8984.333008
28,0.418216,0.803460,10132.326172
29,0.441061,0.784177,10548.267578
30,0.352914,0.650361,11197.147461
31,0.336029,0.532087,11363.506836
32,0.337442,0.502635,11662.981445
33,0.348919,0.456382,11929.195312
34,0.359703,0.405980,12162.124023
35,0.152899,0.580291,12960.721680
36,0.083438,0.579116,13276.832031
37,0.055086,0.549383,13526.399414
38,0.018939,0.531796,13892.444336
39,0.977241,0.554361,14291.725586
40,0.944884,0.605559,14574.564453
41,0.003801,0.700195,15023.781250
42,0.022470,0.679516,15223.449219
43,0.900273,0.677721,15689.287109
44,0.836708,0.628176,15888.946289
45,0.741945,0.620676,16354.781250
46,0.676180,0.613134,16637.623047
47,0.678090,0.614504,16754.083984
48,0.596537,0.674047,17020.298828
49,0.557393,0.672499,17170.054688
50,0.562792,0.652607,17386.339844
51,0.562609,0.531674,17585.996094
52,0.539584,0.521460,17852.162109
53,0.571108,0.494824,18151.640625
54,0.634465,0.501984,18617.515625
55,0.654611,0.530939,18867.066406
56,0.665660,0.549044,19050.097656
57,0.690280,0.536065,19382.826172
58,0.722979,0.538672,19732.214844
59,0.704309,0.475988,20048.339844
60,0.762577,0.525978,20946.757812
61,0.780448,0.544355,21246.242188
62,0.773621,0.546673,21479.179688
63,0.808466,0.528554,21878.466797
64,0.793784,0.550669,22078.121094
65,0.822622,0.528263,22543.982422
66,0.799782,0.522474,23009.826172
67,0.821450,0.528156,23425.792969
68,0.855932,0.526333,23874.978516
0,0.787019,0.539424,366.091949
1,0.680186,0.489338,732.116516
2,0.702283,0.454254,1064.830933
3,0.589751,0.527162,1381.000854
4,0.595378,0.520853,1514.027954
5,0.543175,0.526568,1796.870117
6,0.551156,0.515177,2079.759766
7,0.602829,0.570459,2462.437500
8,0.547652,0.539302,2728.596436
9,0.798713,0.813577,3560.517090
10,0.829915,0.483414,4408.950684
11,0.825410,0.447833,4608.633789
12,0.769184,0.502287,4991.269531
13,0.768743,0.511706,5141.058594
14,0.835549,0.491410,5440.512207
15,0.814282,0.454453,5740.012207
16,0.816367,0.467522,6139.317383
17,0.907238,0.490326,6555.232422
18,0.955959,0.610444,6971.222168
19,0.985006,0.544434,7303.905762
20,0.064924,0.507226,7603.382812
21,0.988698,0.271289,8268.899414
22,0.965464,0.177739,8668.237305
23,0.945984,0.142619,8934.404297
24,0.819404,0.132595,9383.631836
25,0.854293,0.506432,9882.747070
26,0.873316,0.463826,10232.117188
27,0.060072,0.531866,11230.374023
28,0.099954,0.502400,11796.042969
29,0.198635,0.470967,12145.462891
30,0.227590,0.446440,12478.198242
31,0.173296,0.462298,12794.298828
32,0.302787,0.471781,13260.160156
33,0.289461,0.426948,13609.589844
34,0.358868,0.480922,13859.150391
35,0.342365,0.645697,14275.047852
36,0.383131,0.761813,14641.091797
37,0.428055,0.782801,14923.981445
38,0.468495,0.510707,15306.582031
39,0.445696,0.471701,15622.707031
40,0.428628,0.445069,15988.719727
41,0.422995,0.438882,16188.382812
42,0.506425,0.494784,16521.148438
43,0.508774,0.455540,16754.091797
44,0.511340,0.464399,16887.179688
45,0.525213,0.464624,17170.033203
46,0.569640,0.472145,17685.757812
47,0.401027,0.454182,18085.070312
48,0.379580,0.409114,18434.443359
49,0.330495,0.494365,18833.767578
50,0.346565,0.503723,19116.583984
51,0.352969,0.470880,19665.628906
52,0.139458,0.486675,20614.001953
53,0.078377,0.551262,20863.544922
54,0.087795,0.503410,21179.656250
55,0.004892,0.530383,21429.230469
56,0.011382,0.511755,21761.974609
57,0.051191,0.499135,21978.289062
58,0.053789,0.492265,22061.453125
59,0.055251,0.508787,22261.109375
60,0.044086,0.479264,22560.572266
61,0.038985,0.464851,22760.224609
62,0.896530,0.517136,23259.367188
63,0.908311,0.502182,23375.822266
64,0.859944,0.481420,23775.123047
65,0.865008,0.466838,24074.589844
66,0.869603,0.461084,24240.964844
0,0.760825,0.566501,432.495178
1,0.705203,0.611750,781.837280
2,0.701119,0.612573,1014.786865
3,0.640877,0.543935,1397.435791
4,0.565096,0.534238,2229.349121
5,0.560417,0.526739,2395.691162
6,0.493021,0.541393,2595.315186
7,0.484909,0.595968,3127.753174
8,0.537599,0.553604,3759.970947
9,0.576206,0.458059,4009.539062
10,0.606267,0.420742,4192.542480
11,0.593607,0.538681,4442.126465
12,0.559607,0.545914,4907.951660
13,0.581988,0.514919,5323.878418
14,0.737481,0.711326,5640.014160
15,0.672063,0.518284,5839.683105
16,0.716862,0.532437,6022.694824
17,0.771352,0.564742,6421.962402
18,0.787620,0.606934,6688.211914
19,0.802035,0.563493,7203.928711
20,0.826491,0.525065,7603.253418
21,0.898025,0.576349,7985.918457
22,0.948096,0.557740,8318.662109
23,0.950191,0.565011,8501.670898
24,0.948632,0.569105,8701.333008
25,0.860892,0.625524,9000.803711
26,0.997552,0.532933,9416.741211
27,0.010386,0.542132,9649.695312
28,0.044258,0.471785,10015.717773
29,0.078009,0.485951,10315.175781
30,0.092807,0.506015,11196.964844
31,0.088750,0.508183,11346.730469
32,0.133098,0.526730,11529.734375
33,0.131122,0.554779,11962.292969
34,0.176758,0.549590,12161.951172
35,0.208816,0.497017,12644.439453
36,0.185409,0.451800,13126.946289
37,0.052838,0.510188,13659.326172
38,0.057662,0.494714,13842.337891
39,0.043496,0.436714,14058.633789
40,0.043078,0.422002,14274.925781
41,0.937937,0.487566,14574.383789
42,0.940413,0.473837,14674.241211
43,0.973275,0.282773,15156.704102
44,0.992806,0.255340,15539.378906
45,0.831258,0.225729,16321.331055
46,0.815308,0.168763,16587.552734
47,0.782794,0.159377,16820.470703
48,0.695841,0.090905,17319.595703
49,0.846063,0.496899,17602.443359
50,0.829328,0.484313,17868.632812
51,0.845022,0.482031,18118.195312
52,0.839834,0.485735,18484.224609
53,0.811242,0.515928,18717.201172
54,0.821404,0.530950,18916.812500
55,0.860868,0.492688,19399.335938
56,0.706720,0.494192,20214.546875
57,0.713642,0.480268,20730.312500
58,0.712686,0.505803,21046.425781
59,0.711526,0.520960,21279.357422
60,0.712125,0.468175,21612.121094
61,0.660963,0.555248,23708.464844
62,0.681327,0.546788,24124.386719
0,0.753239,0.464133,282.818085
1,0.758042,0.545878,632.314148
2,0.836082,0.599393,948.323853
3,0.058508,0.522993,1830.111938
4,0.069032,0.433415,1979.855591
5,0.063080,0.435588,2063.065430
6,0.176229,0.468123,2379.159912
7,0.165850,0.459610,2562.178467
8,0.328713,0.447048,3310.850098
9,0.259887,0.384456,6688.278320
10,0.198514,0.375932,7120.911621
11,0.151462,0.418626,7287.269043
12,0.375832,0.387777,8019.382324
13,0.805153,0.503184,9782.914062
14,0.835545,0.465929,10015.815430
15,0.056322,0.461390,11014.096680
16,0.109343,0.524213,11230.380859
17,0.032040,0.547236,11729.557617
18,0.125271,0.508415,11995.759766
19,0.110874,0.498708,12162.085938
20,0.086461,0.493430,12494.854492
21,0.087866,0.490490,12578.066406
22,0.191835,0.443946,12993.975586
23,0.314993,0.474602,13559.631836
24,0.290385,0.470039,13726.036133
25,0.253791,0.451841,13925.667969
26,0.218564,0.449359,14158.615234
27,0.325152,0.546095,14691.018555
28,0.291614,0.710370,15056.984375
29,0.602493,0.721355,16238.314453
30,0.593227,0.713678,16338.144531
31,0.620199,0.781403,16554.419922
32,0.668463,0.721893,16903.787109
33,0.665943,0.710652,17170.027344
34,0.771800,0.675151,17519.423828
35,0.882880,0.710280,18035.210938
36,0.821295,0.483190,18550.886719
37,0.790473,0.426263,18733.912109
38,0.787040,0.411207,18850.412109
39,0.768710,0.400133,19116.658203
40,0.907821,0.465427,19499.326172
41,0.984840,0.503456,20397.681641
42,0.938397,0.481776,20763.679688
43,0.485086,0.458165,22061.464844
44,0.477560,0.433334,22361.011719
45,0.389512,0.479365,22660.416016
46,0.285860,0.393759,23558.884766
0,0.776777,0.508463,432.579681
1,0.806835,0.469488,665.504028
2,0.819505,0.469697,815.235657
3,0.702938,0.491272,1081.447876
4,0.696151,0.466724,1331.001831
5,0.710121,0.460081,1597.200562
6,0.602486,0.559241,2146.241699
7,0.544681,0.570287,2379.152832
8,0.531607,0.570339,2711.923340
9,0.552907,0.587140,2994.795654
10,0.482036,0.618538,3261.034424
11,0.494964,0.613279,3493.862061
12,0.511792,0.598276,3693.536865
13,0.425005,0.764915,4076.229980
14,0.436061,0.740815,4259.189941
15,0.324324,0.781338,4758.360840
16,0.516570,0.568773,5340.667480
17,0.521163,0.558358,5457.089844
18,0.532191,0.497459,5673.411133
19,0.508488,0.494240,5939.624512
20,0.490092,0.506229,6139.242676
21,0.479068,0.506325,6455.354004
22,0.457241,0.507651,6671.737305
23,0.467396,0.512357,6937.895508
24,0.661668,0.498434,7936.120117
25,0.653942,0.514213,8069.221191
26,0.653347,0.528385,8318.788086
27,0.718071,0.500123,8568.336914
28,0.715159,0.450007,8801.261719
29,0.704579,0.450150,9034.244141
30,0.826108,0.514454,9649.807617
31,0.821235,0.516546,9749.677734
32,0.782373,0.558897,10098.998047
33,0.945122,0.693825,10531.613281
34,0.020007,0.679223,10930.971680
35,0.908780,0.556970,11313.544922
36,0.980860,0.531726,11596.416992
37,0.004115,0.544587,11746.159180
38,0.992052,0.547465,11962.425781
39,0.991352,0.510757,12162.055664
40,0.078374,0.539102,12511.462891
41,0.041601,0.536774,12711.173828
42,0.023647,0.531800,12910.797852
43,0.056921,0.567486,13226.872070
44,0.996740,0.514265,13592.928711
45,0.047779,0.495808,13842.486328
46,0.084154,0.496893,14075.478516
47,0.124934,0.504131,14474.682617
48,0.203482,0.503369,14957.231445
49,0.231054,0.501122,15190.139648
50,0.180015,0.389139,15539.540039
51,0.296588,0.685587,16188.345703
52,0.301110,0.409514,16554.417969
53,0.103028,0.636517,17136.718750
54,0.091566,0.629506,17352.982422
55,0.409108,0.849382,18118.349609
56,0.435891,0.833243,18367.875000
57,0.348571,0.566960,18833.726562
58,0.323312,0.569274,19016.744141
59,0.203471,0.534162,19449.337891
60,0.219088,0.543277,19682.230469
61,0.177279,0.540015,19865.298828
62,0.104576,0.606223,20098.238281
63,0.078425,0.617952,20364.425781
64,0.050842,0.552970,20597.351562
65,0.036625,0.559167,20963.343750
66,0.991693,0.473815,21262.816406
67,0.892029,0.491395,21578.914062
68,0.864572,0.516352,21911.726562
69,0.829708,0.520635,22261.121094
70,0.837180,0.523655,22460.724609
71,0.929568,0.508083,22660.371094
72,0.952269,0.511235,22976.574219
73,0.810020,0.527547,23525.558594
74,0.797255,0.527860,23658.656250
75,0.775659,0.526739,23991.398438
76,0.693070,0.514140,24706.798828
0,0.707331,0.549479,16.629875
1,0.687688,0.775783,1530.652100
2,0.539519,0.388898,3227.649658
3,0.550241,0.313418,3410.708740
4,0.631412,0.269319,3726.842529
5,0.822725,0.442433,4641.874512
6,0.859633,0.402087,5041.171875
7,0.887186,0.425488,5523.686523
8,0.991445,0.687086,6189.250000
9,0.031659,0.703528,6438.689453
10,0.051785,0.658578,6688.310547
11,0.022259,0.416247,7054.294434
12,0.023841,0.425653,7170.784180
13,0.069581,0.407338,7370.459961
14,0.081937,0.436093,7553.451660
15,0.135822,0.393231,7852.902344
16,0.127061,0.389790,7969.435059
17,0.030317,0.279471,8402.036133
18,0.932471,0.511574,10797.791016
19,0.933352,0.524546,11047.351562
20,0.968570,0.401590,11313.559570
21,0.012266,0.412126,11712.821289
22,0.135299,0.418970,12311.802734
23,0.233322,0.393538,12528.066406
24,0.250365,0.364051,12927.416992
25,0.253216,0.357863,13160.306641
26,0.229540,0.313425,13426.486328
27,0.179585,0.313572,13692.702148
28,0.211822,0.397416,13925.746094
29,0.208781,0.387905,14042.096680
30,0.251051,0.380949,14208.507812
31,0.342259,0.398591,14374.884766
32,0.318040,0.353815,14624.441406
33,0.392033,0.343049,14907.254883
34,0.378317,0.331609,15223.358398
35,0.249248,0.390443,15506.178711
36,0.191877,0.443491,15855.631836
37,0.178711,0.427360,16088.545898
38,0.204006,0.535267,16321.428711
39,0.191714,0.712210,16620.957031
40,0.344887,0.797773,16887.101562
41,0.292339,0.416280,17502.697266
42,0.399426,0.391209,17752.271484
43,0.504140,0.399970,18584.166016
44,0.458166,0.413389,18850.369141
45,0.423938,0.418409,19066.652344
46,0.506101,0.604107,19765.437500
47,0.664187,0.841924,20697.205078
48,0.768599,0.866551,20996.677734
49,0.873858,0.864228,21129.767578
50,0.753115,0.677182,21662.144531
51,0.745824,0.663753,21811.876953
52,0.663990,0.649826,22028.150391
53,0.855373,0.787612,22410.833984
54,0.895047,0.792191,22610.449219
55,0.883754,0.688724,22926.595703
56,0.830424,0.685628,23259.361328
57,0.804381,0.605666,23625.335938
58,0.790671,0.444297,23924.849609
59,0.791791,0.457485,24024.667969
60,0.788082,0.429647,24423.941406
61,0.733246,0.382132,24823.343750
62,0.730584,0.354043,24989.652344
0,0.741729,0.487847,316.252533
1,0.793527,0.540202,532.645447
2,0.562691,0.751950,1381.128174
3,0.543866,0.423613,2296.107422
4,0.028695,0.796059,5557.108398
5,0.891866,0.422105,6738.334473
6,0.856330,0.428351,7370.599121
7,0.124115,0.621761,8219.156250
8,0.213672,0.428537,8967.831055
9,0.094410,0.418242,9250.545898
10,0.047204,0.385019,9450.299805
11,0.021118,0.463832,9699.829102
12,0.981123,0.529410,11430.203125
13,0.299562,0.651378,17186.699219
14,0.306690,0.629947,17386.455078
15,0.432803,0.690722,18883.794922
16,0.435940,0.823496,19116.675781
17,0.512784,0.833244,20397.765625
18,0.407880,0.873504,21146.507812
19,0.395555,0.867527,21346.076172
20,0.409129,0.846693,21595.753906
21,0.439226,0.809475,21845.228516
22,0.453044,0.783728,22144.757812
