Idx, longitude, latitude, start timestamp
0,0.761117,0.542546,33.185677
1,0.690311,0.552779,432.453033
2,0.649411,0.520710,865.032654
3,0.739888,0.235341,1547.150024
4,0.748261,0.473576,1979.834106
5,0.861676,0.405473,2745.135986
6,0.853677,0.410686,2894.917725
7,0.866013,0.405067,3194.433350
8,0.857731,0.416403,3726.757080
9,0.858201,0.567918,4209.344238
10,0.031960,0.294102,5057.796875
11,0.029981,0.306897,5141.004883
12,0.074519,0.531535,5507.044922
13,0.067360,0.542893,5623.493652
14,0.079102,0.579384,6022.778320
15,0.140783,0.443326,6438.741699
16,0.136018,0.439100,6555.094238
17,0.129152,0.435880,6921.174805
18,0.142040,0.434885,7237.173340
19,0.131411,0.443730,7403.599121
20,0.799233,0.551614,8834.491211
21,0.801190,0.550582,9017.464844
22,0.638436,0.531882,9350.172852
23,0.643974,0.517990,9566.544922
24,0.506172,0.524984,10032.439453
25,0.509863,0.521276,10132.181641
26,0.473404,0.521833,10381.810547
27,0.364206,0.573320,11063.905273
28,0.367646,0.565952,11197.041016
29,0.333147,0.566218,11562.991211
30,0.332068,0.553787,11662.927734
31,0.240589,0.466223,12278.461914
32,0.243697,0.453710,12378.299805
33,0.250561,0.357845,12544.636719
34,0.247551,0.342759,12893.999023
35,0.241505,0.521259,13093.778320
36,0.487266,0.399327,14591.056641
37,0.474146,0.400088,14823.972656
38,0.496126,0.405160,15106.866211
39,0.508574,0.410575,15439.519531
40,0.522821,0.449412,15722.395508
41,0.525996,0.425826,15922.046875
42,0.484867,0.397989,16221.507812
43,0.474460,0.398396,16371.309570
44,0.465607,0.398694,16604.154297
45,0.491381,0.395048,16986.785156
46,0.442521,0.509747,17319.628906
47,0.458763,0.444319,17569.169922
48,0.463697,0.427459,17968.519531
49,0.383284,0.473004,18384.353516
50,0.570216,0.367097,19083.251953
51,0.634110,0.461854,19915.085938
52,0.624795,0.201288,23408.880859
0,0.745635,0.561140,83.264229
1,0.744431,0.555610,183.026062
2,0.795992,0.620771,482.515503
3,0.749558,0.551479,781.966125
4,0.758854,0.457530,1014.973572
5,0.763391,0.426060,1297.729370
6,0.643669,0.620353,1597.176880
7,0.649109,0.602948,1796.808472
8,0.626224,0.612900,2246.080322
9,0.587809,0.601330,2462.520264
10,0.556048,0.575658,2811.819580
11,0.541732,0.559551,3028.071045
12,0.513060,0.548171,3277.654053
13,0.508292,0.536483,3460.713623
14,0.508976,0.459864,3726.894287
15,0.528079,0.394704,3959.784912
16,0.711009,0.221020,4941.427246
17,0.661697,0.287941,5656.806641
18,0.823558,0.457340,6106.039062
19,0.839133,0.641524,6322.291504
20,0.748153,0.600069,6754.916016
21,0.751852,0.437751,7004.412109
22,0.861142,0.635298,7603.440430
23,0.031293,0.565729,8318.841797
24,0.078686,0.595502,8651.606445
25,0.139258,0.508040,9683.200195
26,0.129334,0.496963,9916.077148
27,0.127018,0.471269,10065.683594
28,0.140037,0.453142,10298.679688
29,0.138319,0.476844,10415.237305
30,0.122984,0.478146,10614.799805
31,0.132119,0.494637,10880.916992
32,0.153377,0.611961,11064.113281
33,0.189212,0.448155,11280.326172
34,0.218036,0.461767,11479.933594
35,0.274283,0.481391,11895.998047
36,0.266248,0.555795,12078.936523
37,0.286327,0.286164,12694.555664
38,0.364893,0.548072,13892.431641
39,0.397485,0.530536,14191.892578
40,0.412532,0.529062,14308.427734
41,0.395832,0.535330,14458.158203
42,0.414215,0.433294,14724.310547
43,0.413539,0.421494,14874.090820
44,0.355460,0.401307,15489.683594
45,0.464673,0.363898,15739.151367
46,0.457785,0.373177,15838.986328
47,0.499891,0.567083,16404.757812
48,0.541011,0.561364,16853.849609
49,0.538494,0.540303,17136.800781
50,0.509719,0.371115,17569.361328
51,0.495586,0.365062,17735.783203
52,0.512486,0.365986,18467.695312
53,0.523597,0.373860,18733.960938
54,0.433122,0.606318,19216.457031
55,0.385953,0.460067,19632.347656
56,0.401922,0.445817,19798.835938
57,0.362867,0.580931,19998.474609
58,0.481595,0.496807,20314.638672
59,0.521438,0.353808,20614.093750
60,0.514748,0.369068,20713.849609
61,0.522002,0.372517,20996.693359
62,0.544038,0.391019,21495.835938
63,0.507566,0.291441,21728.726562
64,0.480193,0.260116,22144.654297
65,0.573832,0.512484,22543.957031
66,0.588672,0.461721,22826.792969
67,0.589134,0.448636,22976.556641
68,0.579877,0.398174,23425.767578
69,0.585319,0.410420,23741.878906
70,0.585191,0.399783,24257.654297
0,0.847898,0.669967,648.874390
1,0.947156,0.620490,1197.885376
2,0.023728,0.559147,1697.030518
3,0.056276,0.554928,1946.615845
4,0.067184,0.616594,2162.937988
5,0.043852,0.345412,2612.097168
6,0.133463,0.493963,3044.665771
7,0.142771,0.507488,3210.976562
8,0.153100,0.509477,3560.515625
9,0.174573,0.458094,3993.046387
10,0.167761,0.470005,4259.199707
11,0.113260,0.290986,4641.900879
12,0.227632,0.526451,5057.857910
13,0.268128,0.560191,5374.007324
14,0.283205,0.319468,5989.447266
15,0.290502,0.547842,6671.698730
16,0.266955,0.567074,6921.162598
17,0.262425,0.596148,7170.776367
18,0.364936,0.571948,7919.391602
19,0.260710,0.481875,8951.078125
20,0.257826,0.482346,9150.664062
21,0.421821,0.543998,9932.668945
22,0.386833,0.560202,10365.282227
23,0.501437,0.625513,11396.740234
24,0.524227,0.614193,11829.353516
25,0.523885,0.604791,12078.897461
26,0.527988,0.711866,12594.604492
27,0.497840,0.700752,13093.795898
28,0.464620,0.549367,13343.370117
29,0.368647,0.483230,14042.099609
30,0.883794,0.669796,18118.300781
31,0.830214,0.594950,18384.525391
32,0.767312,0.360560,19416.029297
33,0.754326,0.473408,20697.121094
34,0.647975,0.562858,20979.974609
35,0.678627,0.609424,21778.611328
36,0.658859,0.575722,22277.707031
37,0.655165,0.570764,22410.826172
38,0.738075,0.480063,24074.634766
0,0.771792,0.514300,382.597748
1,0.748084,0.509992,565.609070
2,0.749692,0.369376,914.975159
3,0.722391,0.491997,1231.080200
4,0.636844,0.543663,1513.945801
5,0.638881,0.536576,1663.704712
6,0.640962,0.528665,1863.321777
7,0.642371,0.523976,1963.177368
8,0.584258,0.434866,2196.060303
9,0.558095,0.395237,2445.620605
10,0.537561,0.402265,2628.639648
11,0.537209,0.512063,2911.399414
12,0.506261,0.541951,3194.270264
13,0.504747,0.538916,3776.638916
14,0.543050,0.523830,4026.113770
15,0.473556,0.542029,4475.322266
16,0.494274,0.388834,5407.090332
17,0.382894,0.468798,5906.153320
18,0.238981,0.507123,7270.354980
19,0.237729,0.512422,7453.406250
20,0.297748,0.688499,8418.356445
21,0.108430,0.466367,9583.044922
22,0.110009,0.458044,9766.015625
23,0.993520,0.514444,10714.422852
24,0.019748,0.371271,11163.503906
25,0.186824,0.205537,12111.829102
26,0.416344,0.845168,13559.342773
27,0.496770,0.865364,13825.536133
28,0.553263,0.881967,14025.164062
29,0.585689,0.874120,14208.156250
30,0.615933,0.862107,14490.997070
31,0.734048,0.520485,15638.957031
32,0.801359,0.509746,16271.209961
33,0.879275,0.520621,17186.160156
34,0.908094,0.508888,17868.425781
35,0.819071,0.404438,18151.164062
36,0.777195,0.385833,18334.259766
37,0.731874,0.470827,18567.119141
38,0.727287,0.418190,19016.351562
39,0.692785,0.183157,19947.962891
40,0.727472,0.162217,20181.009766
41,0.624617,0.194972,20646.865234
42,0.728611,0.213923,21328.980469
43,0.760539,0.181985,21595.111328
44,0.800894,0.155156,21828.078125
45,0.765750,0.286956,22327.123047
46,0.751280,0.393545,22976.033203
47,0.748914,0.425532,23242.224609
48,0.755797,0.451546,23608.205078
0,0.722684,0.444565,16.619480
1,0.721720,0.425556,182.982910
2,0.778236,0.448125,399.281250
3,0.832998,0.499930,648.847412
4,0.872462,0.465657,831.875732
5,0.880289,0.483661,1081.452515
6,0.881504,0.456821,1380.985352
7,0.857928,0.373920,1747.072754
8,0.880866,0.347369,2029.826782
9,0.919435,0.328502,2661.981445
10,0.914447,0.318280,2894.988037
11,0.924273,0.281506,3211.164307
12,0.837921,0.039191,4691.791992
13,0.013362,0.361309,5257.443848
14,0.041406,0.391642,5507.101074
15,0.046192,0.520493,5823.188477
16,0.040226,0.526457,6089.258789
17,0.820881,0.589012,7204.005371
18,0.407421,0.739121,9416.847656
19,0.412400,0.813794,9583.273438
20,0.370395,0.898423,9932.636719
21,0.182462,0.922550,10198.826172
22,0.185974,0.939864,10398.483398
23,0.521843,0.974692,10564.822266
24,0.706323,0.922004,10864.377930
25,0.453543,0.418368,11430.078125
26,0.501124,0.399350,11729.450195
27,0.496974,0.407084,11929.230469
28,0.454636,0.555783,12228.631836
29,0.459221,0.538261,12511.442383
30,0.433000,0.244810,13409.905273
31,0.354051,0.397633,13642.839844
32,0.172330,0.501417,14557.894531
33,0.176510,0.500412,14691.019531
34,0.760641,0.504375,16970.482422
35,0.934990,0.300439,18001.882812
36,0.966558,0.270014,18251.498047
37,0.780920,0.177030,22693.750000
38,0.806679,0.548566,24008.037109
39,0.812109,0.528792,24207.648438
40,0.815600,0.531247,24324.167969
0,0.762221,0.506350,382.540680
1,0.792689,0.519986,582.329407
2,0.645158,0.596305,865.038391
3,0.636054,0.594096,981.554382
4,0.672605,0.603471,1214.524780
5,0.649876,0.681505,1414.167969
6,0.636556,0.719387,1713.780640
7,0.565841,0.567441,2994.692871
8,0.643352,0.502411,3510.544922
9,0.719977,0.109558,5190.902344
10,0.441609,0.194211,6987.764648
11,0.346602,0.529625,9716.291992
12,0.246744,0.582910,9965.832031
13,0.238081,0.577279,10165.625000
14,0.227924,0.471773,10548.216797
15,0.219049,0.454270,10781.091797
16,0.251535,0.543985,11163.836914
17,0.217245,0.402721,11662.916992
18,0.226985,0.349879,12528.031250
19,0.369365,0.244944,12977.262695
20,0.482857,0.400439,14008.786133
21,0.490286,0.399875,14208.472656
22,0.640155,0.457613,16903.691406
23,0.643000,0.459101,17153.373047
24,0.866645,0.383703,18617.451172
25,0.867742,0.393511,18883.558594
26,0.867077,0.396889,19116.580078
27,0.016664,0.450205,20114.765625
28,0.021240,0.297720,21595.564453
29,0.884328,0.599274,22460.648438
30,0.076263,0.491490,22893.281250
31,0.080307,0.470807,23092.851562
32,0.005947,0.468779,23592.152344
33,0.002159,0.465556,23824.982422
34,0.950599,0.528621,24074.660156
35,0.007394,0.486393,24373.986328
36,0.004733,0.461955,24939.736328
0,0.756901,0.522212,299.469940
1,0.750010,0.440443,615.576477
2,0.749136,0.408290,798.549988
3,0.746458,0.499936,1430.810425
4,0.782685,0.529161,1680.310669
5,0.791366,0.551571,1830.051392
6,0.785322,0.539830,2046.435791
7,0.815603,0.523093,2445.667969
8,0.833082,0.533354,2695.311768
9,0.844241,0.542979,2894.917725
10,0.868446,0.551028,3077.914307
11,0.871029,0.527826,3360.742188
12,0.907593,0.559591,3760.039307
13,0.937626,0.558767,4109.455566
14,0.982357,0.558528,4774.966309
15,0.023031,0.508817,5190.909668
16,0.038514,0.426319,5540.242676
17,0.041645,0.312652,5872.974609
18,0.985897,0.225015,6239.122070
19,0.084245,0.556742,7054.324707
20,0.067489,0.569044,7187.319336
21,0.136567,0.493805,7470.204590
22,0.122424,0.452799,7686.519531
23,0.131278,0.442247,8069.234863
24,0.132619,0.446157,8318.671875
25,0.170468,0.536718,8518.405273
26,0.131723,0.554382,9000.785156
27,0.248731,0.628436,9666.406250
28,0.272851,0.629007,9816.121094
29,0.267039,0.630544,9899.267578
30,0.276045,0.620553,10032.440430
31,0.280996,0.559366,10248.692383
32,0.271001,0.547436,10448.389648
33,0.000040,0.506311,11446.715820
34,0.785243,0.523741,11879.098633
35,0.708642,0.515657,12311.751953
36,0.754865,0.483748,12594.688477
37,0.738378,0.521635,13160.208008
38,0.622778,0.543365,13492.976562
39,0.653988,0.507813,13775.840820
40,0.586158,0.534958,14274.975586
41,0.503920,0.531934,14574.458984
42,0.498491,0.525327,14690.926758
43,0.557609,0.500957,14957.125000
44,0.467060,0.522608,15472.957031
45,0.394023,0.534980,15789.056641
46,0.353321,0.524210,16038.520508
47,0.354013,0.516021,16188.258789
48,0.323076,0.512685,16421.183594
49,0.327103,0.514039,16521.037109
50,0.398025,0.327099,16953.660156
51,0.414418,0.302429,17086.673828
52,0.401977,0.252453,17269.779297
53,0.253472,0.394607,17818.746094
54,0.239780,0.438762,17951.921875
55,0.253234,0.287840,18317.898438
56,0.347757,0.643210,19033.343750
57,0.347416,0.575374,19299.466797
58,0.338171,0.546673,19665.445312
59,0.357964,0.545665,19881.863281
60,0.441953,0.654012,20131.318359
61,0.408797,0.746138,20381.019531
62,0.635238,0.705308,21329.376953
63,0.643476,0.646788,21545.537109
64,0.665938,0.515178,21944.910156
65,0.545783,0.506991,22493.935547
66,0.546262,0.483780,22660.410156
67,0.551563,0.485742,22760.191406
68,0.630246,0.529730,23109.595703
69,0.617305,0.499801,23508.783203
70,0.620922,0.493581,23891.500000
71,0.755676,0.764042,24873.142578
0,0.773695,0.546806,316.242493
1,0.743842,0.519565,549.026672
2,0.694436,0.549646,865.212158
3,0.600221,0.622398,1597.361084
4,0.622068,0.678247,1846.767212
5,0.647684,0.747313,2079.781250
6,0.882543,0.565122,2711.979980
7,0.883171,0.364735,2944.898438
8,0.869039,0.361400,3127.896484
9,0.856882,0.397356,3360.765869
10,0.774303,0.137607,3810.006348
11,0.824407,0.124156,4009.599121
12,0.886894,0.141159,4342.461426
13,0.831644,0.352263,4591.988281
14,0.742114,0.505778,4808.202637
15,0.732124,0.549296,5024.601562
16,0.029046,0.539545,6006.226074
17,0.077667,0.553356,6139.370117
18,0.071823,0.533668,6571.861328
19,0.083451,0.597217,6754.839355
20,0.176141,0.538698,7287.288574
21,0.174389,0.533778,7470.348633
22,0.260952,0.474716,7852.977051
23,0.323189,0.526012,8235.673828
24,0.349434,0.498133,8418.754883
25,0.230958,0.444512,8784.677734
26,0.143303,0.419117,9516.616211
27,0.135199,0.490088,9733.036133
28,0.122121,0.502117,10032.527344
29,0.133132,0.490718,10498.390625
30,0.266215,0.393791,11147.261719
31,0.165844,0.385558,11579.759766
32,0.107420,0.352953,12112.262695
33,0.062839,0.374432,12428.245117
34,0.037770,0.406800,12960.703125
35,0.090167,0.440281,13343.335938
36,0.087874,0.423842,13493.097656
37,0.095951,0.433135,13659.435547
38,0.178842,0.558463,13975.537109
39,0.044249,0.523387,14374.846680
40,0.051818,0.511062,14574.594727
41,0.991816,0.481902,14840.643555
42,0.071621,0.540394,15106.908203
43,0.085331,0.576713,15289.937500
44,0.074790,0.584777,15472.912109
45,0.004469,0.722558,15822.274414
46,0.914587,0.958209,16254.942383
47,0.842076,0.941424,16471.228516
48,0.028999,0.569889,17136.761719
49,0.009442,0.514478,17303.105469
50,0.748245,0.489162,18401.162109
51,0.743067,0.386936,18634.080078
52,0.747125,0.379056,18767.201172
53,0.754138,0.329630,19000.103516
54,0.757659,0.230595,19515.810547
55,0.746223,0.109511,19865.242188
56,0.755660,0.126769,20031.662109
57,0.592225,0.330384,20597.316406
58,0.557615,0.452189,20830.246094
59,0.554943,0.440190,21079.779297
60,0.499164,0.554911,21495.750000
61,0.522285,0.557352,21795.228516
62,0.485658,0.581568,21978.201172
63,0.727579,0.543106,23126.296875
64,0.762455,0.496662,23359.154297
65,0.609299,0.613787,23991.410156
0,0.822034,0.697072,16.642410
1,0.823850,0.708657,116.417572
2,0.810041,0.598893,515.753418
3,0.806904,0.625624,765.291626
4,0.842956,0.639299,998.218567
5,0.877250,0.642097,1297.726196
6,0.856301,0.602856,1547.256470
7,0.920724,0.624677,1863.358276
8,0.929463,0.624245,2013.123657
9,0.897755,0.612752,2179.492188
10,0.892168,0.592461,2429.080566
11,0.890399,0.694821,2745.195801
12,0.874418,0.734701,2928.205078
13,0.845451,0.760508,3194.383545
14,0.825237,0.764788,3410.702881
15,0.772945,0.746451,3726.791260
16,0.693874,0.776410,3992.982422
17,0.725275,0.603078,4309.116699
18,0.714852,0.560408,4492.100098
19,0.711926,0.541848,4758.331055
20,0.703748,0.458391,4941.346191
21,0.835857,0.031635,6006.138672
22,0.379288,0.019460,6239.068848
23,0.469494,0.111516,6472.002930
24,0.480742,0.113809,7253.947266
25,0.509191,0.112348,7570.092773
26,0.580026,0.134155,8352.047852
27,0.530306,0.106527,8535.086914
28,0.546661,0.095881,9233.829102
29,0.512148,0.101555,9416.837891
30,0.578917,0.138189,10148.894531
31,0.513502,0.241573,10614.751953
32,0.488717,0.241531,10781.139648
33,0.421876,0.309196,10997.404297
34,0.474760,0.386062,11263.599609
35,0.452053,0.479030,11579.757812
36,0.438181,0.562883,11879.218750
37,0.487231,0.578398,12195.322266
38,0.489192,0.552646,12411.648438
39,0.489291,0.580482,12877.488281
40,0.441904,0.668035,13143.681641
41,0.438647,0.659916,13310.045898
42,0.416130,0.705798,13476.435547
43,0.410607,0.734999,13692.711914
44,0.381242,0.612611,13908.992188
45,0.298787,0.621401,14275.030273
46,0.251523,0.686862,14557.905273
47,0.247536,0.726046,14757.528320
48,0.337123,0.731758,15073.636719
49,0.240509,0.625807,15273.270508
50,0.250738,0.644030,15506.183594
51,0.229522,0.473814,16088.522461
52,0.359535,0.487445,16371.385742
53,0.378239,0.488057,16521.085938
54,0.448903,0.541157,17070.142578
55,0.518968,0.580643,17486.066406
56,0.559129,0.643668,17802.183594
57,0.602217,0.643783,17968.589844
58,0.633804,0.637014,18201.509766
59,0.658643,0.610138,18467.701172
60,0.669813,0.571634,18700.656250
61,0.669949,0.535777,18866.994141
62,0.701593,0.539642,19166.482422
63,0.714213,0.531442,19416.039062
64,0.777816,0.554791,19632.326172
65,0.813463,0.550256,20231.269531
66,0.823475,0.485336,20597.298828
67,0.819067,0.453993,20913.408203
68,0.863830,0.576526,21179.625000
69,0.896856,0.623446,21495.718750
70,0.904413,0.632629,21795.251953
71,0.948716,0.616890,22244.431641
72,0.923854,0.674513,22643.734375
73,0.910817,0.710391,22826.724609
74,0.878691,0.734639,23142.855469
75,0.894294,0.743570,24124.484375
76,0.972031,0.743492,24374.044922
77,0.015956,0.649724,24640.222656
0,0.783064,0.570764,432.609436
1,0.839030,0.624356,665.455200
2,0.907373,0.434738,1247.787964
3,0.872045,0.346687,1430.778076
4,0.860225,0.335496,1613.775635
5,0.845544,0.467597,2246.062256
6,0.074388,0.961411,3477.274414
7,0.632704,0.446985,4225.845703
8,0.648947,0.460997,4392.261719
9,0.655508,0.475741,4608.725586
10,0.617277,0.398118,4841.472168
11,0.538464,0.621342,5357.208984
12,0.472088,0.564197,5856.356445
13,0.406055,0.564599,6155.841797
14,0.364525,0.527476,6588.476562
15,0.338345,0.523426,6987.731934
16,0.343753,0.500784,7137.482910
17,0.384869,0.489168,7603.336426
18,0.494627,0.514236,8169.030273
19,0.489258,0.359014,8518.413086
20,0.488355,0.308106,8684.699219
21,0.467842,0.215102,9200.568359
22,0.362437,0.257494,9483.436523
23,0.334405,0.199833,9699.754883
24,0.353799,0.138526,9882.681641
25,0.715907,0.025797,10298.737305
26,0.571544,0.522901,11679.469727
27,0.577380,0.503827,11812.625977
28,0.561659,0.546659,12078.831055
29,0.511789,0.529127,12311.763672
30,0.518612,0.488663,12578.004883
31,0.481912,0.490258,13409.855469
32,0.476027,0.481702,13592.844727
33,0.372579,0.469276,15140.182617
34,0.389968,0.455655,15639.276367
35,0.372066,0.499533,16238.174805
36,0.160748,0.543460,16837.195312
37,0.164158,0.528526,17136.644531
38,0.168776,0.522748,17369.517578
39,0.863874,0.562417,19815.234375
40,0.034240,0.345642,22577.070312
41,0.994458,0.226584,23442.298828
0,0.777131,0.554130,149.703003
1,0.752761,0.541007,365.984772
2,0.750678,0.489155,632.228271
3,0.749426,0.527160,1031.530151
4,0.780998,0.295109,2612.106201
5,0.792062,0.267673,2795.140381
6,0.802273,0.244049,3011.403564
7,0.829678,0.199821,3211.075928
8,0.852079,0.155773,3410.682861
9,0.884963,0.264957,3710.165527
10,0.891436,0.298184,3876.579102
11,0.927768,0.431480,4092.817139
12,0.871853,0.593948,4758.361816
13,0.841092,0.561949,5124.342285
14,0.996913,0.578133,5773.219727
15,0.057091,0.558228,6388.809082
16,0.071858,0.560706,6555.186523
17,0.019987,0.614278,6854.683594
18,0.009243,0.620884,7154.148926
19,0.999097,0.526496,7570.072754
20,0.014862,0.410465,7836.286133
21,0.027205,0.363010,8035.922363
22,0.001922,0.358042,8302.155273
23,0.997436,0.335082,8568.353516
24,0.922669,0.412780,8817.921875
25,0.912725,0.419112,9067.465820
26,0.854233,0.424519,9317.022461
27,0.846885,0.416513,9433.510742
28,0.843184,0.415455,9633.144531
29,0.802923,0.443354,9999.171875
30,0.738565,0.465332,10248.742188
31,0.736914,0.437205,10448.382812
32,0.740454,0.501602,10764.500000
33,0.641570,0.558031,11263.644531
34,0.640675,0.540476,11380.079102
35,0.565533,0.553157,11729.478516
36,0.518326,0.566267,11929.125000
37,0.535561,0.515390,12145.451172
38,0.493140,0.530052,12411.633789
39,0.464821,0.531155,12594.627930
40,0.470647,0.377943,12927.380859
41,0.465007,0.301030,13210.207031
42,0.439266,0.243069,13426.540039
43,0.398635,0.223678,13626.149414
44,0.443513,0.152697,13842.453125
45,0.393854,0.151416,14075.384766
46,0.400733,0.148610,14341.597656
47,0.442451,0.137917,14857.342773
48,0.490830,0.069623,15123.560547
49,0.528003,0.065154,15289.923828
50,0.274240,0.342619,16787.302734
51,0.275344,0.421216,17003.599609
52,0.233407,0.455142,17219.904297
53,0.229641,0.461616,17452.835938
54,0.229037,0.473475,17918.695312
55,0.187995,0.440700,18134.978516
56,0.346711,0.534044,18667.390625
57,0.368644,0.536121,18817.085938
58,0.383361,0.540002,19016.761719
59,0.346186,0.517838,19332.878906
60,0.439072,0.546170,19931.808594
61,0.481104,0.565107,20131.476562
62,0.485691,0.552477,20397.664062
63,0.522440,0.564748,20697.144531
64,0.517462,0.573393,20846.876953
65,0.436857,0.645551,21063.185547
66,0.393253,0.693609,21296.101562
67,0.552350,0.531984,22394.201172
68,0.644927,0.596438,22710.304688
69,0.663636,0.560242,22976.507812
70,0.661808,0.542518,23159.507812
71,0.724753,0.558156,23425.728516
72,0.758316,0.551993,23691.890625
73,0.753781,0.552861,23775.125000
74,0.758100,0.519222,23958.125000
75,0.755735,0.475797,24290.857422
76,0.756490,0.417675,24557.085938
0,0.762613,0.467839,499.101410
1,0.762845,0.448183,632.211182
2,0.826638,0.624006,1014.884644
3,0.642357,0.612769,1380.945557
4,0.647151,0.589361,1580.628906
5,0.652080,0.593330,1663.754028
6,0.662362,0.585265,1880.097412
7,0.669256,0.568330,2013.213013
8,0.663116,0.561400,2279.397705
9,0.577374,0.623528,2478.992432
10,0.535157,0.635677,2695.312012
11,0.585931,0.499645,3527.154541
12,0.352695,0.602470,4542.067383
13,0.259801,0.603537,4824.998047
14,0.254926,0.588287,5007.912598
15,0.262036,0.588822,5240.939941
16,0.249266,0.289667,5789.923340
17,0.293857,0.327549,5956.269043
18,0.287419,0.353041,6239.178711
19,0.248900,0.380453,6621.778320
20,0.233004,0.363645,7037.758789
21,0.261641,0.337452,7303.894043
22,0.368306,0.349997,7836.397461
23,0.394223,0.155815,8085.833496
24,0.520335,0.248689,9350.254883
25,0.409081,0.406316,11047.297852
26,0.417734,0.379513,11296.928711
27,0.520781,0.538642,11596.433594
28,0.585367,0.451711,12810.913086
29,0.096980,0.603772,15306.610352
30,0.127175,0.608149,15722.491211
31,0.649710,0.636557,19715.544922
32,0.911696,0.293207,21678.746094
33,0.900774,0.302352,22211.082031
34,0.895217,0.253876,22610.457031
35,0.749651,0.027916,23608.695312
36,0.882042,0.334569,24723.462891
37,0.882283,0.308059,24956.273438
0,0.801727,0.548052,499.148590
1,0.814367,0.650863,981.658936
2,0.803472,0.545282,1314.451172
3,0.896201,0.495444,1930.033203
4,0.905089,0.291223,2395.883301
5,0.831762,0.347969,2878.271240
6,0.840618,0.350750,3111.252686
7,0.816933,0.181900,3527.190918
8,0.861349,0.355594,4242.647949
9,0.860029,0.378838,4725.129883
10,0.783048,0.288770,5107.796875
11,0.749690,0.204563,5274.138184
12,0.718401,0.377581,6072.717773
13,0.744698,0.580040,6422.126953
14,0.653426,0.569974,6937.937988
15,0.654495,0.547911,7087.688477
16,0.650901,0.545200,7187.422852
17,0.558362,0.621182,7536.831055
18,0.461439,0.510553,8368.745117
19,0.326146,0.534797,9167.300781
20,0.323030,0.489073,9433.497070
21,0.323885,0.473909,9749.611328
22,0.240902,0.588450,10082.427734
23,0.233996,0.546463,10331.957031
24,0.214554,0.287907,10714.653320
25,0.212155,0.268159,10864.361328
26,0.255800,0.134503,11596.429688
27,0.524513,0.185550,12078.900391
28,0.566612,0.140711,12727.750000
29,0.583403,0.180181,12944.052734
30,0.671889,0.159001,13193.640625
31,0.729804,0.079746,13792.552734
32,0.824140,0.052383,13975.564453
33,0.870657,0.398065,14641.070312
34,0.857921,0.366071,14973.826172
35,0.068639,0.502075,16005.362305
36,0.996053,0.500574,16487.843750
37,0.995932,0.482656,16654.214844
38,0.121288,0.375778,17253.162109
39,0.125192,0.426544,17635.832031
40,0.121531,0.359490,17885.380859
41,0.127237,0.426238,18101.697266
42,0.122930,0.355186,19066.664062
43,0.126184,0.366745,19233.031250
44,0.174225,0.505399,19898.531250
45,0.164295,0.469075,20114.824219
46,0.054067,0.508685,20547.402344
47,0.044590,0.500291,20647.255859
48,0.046210,0.498360,20763.699219
49,0.829828,0.580199,21712.046875
50,0.811887,0.593558,22144.607422
51,0.787635,0.542206,22394.189453
52,0.738188,0.458173,22826.767578
53,0.724892,0.475681,23159.533203
54,0.684614,0.494777,23641.990234
55,0.687021,0.487914,23858.294922
56,0.633068,0.511750,24057.929688
57,0.629316,0.483845,24257.593750
58,0.573852,0.540829,24623.605469
0,0.751484,0.373134,399.301300
1,0.642401,0.506577,1098.052979
2,0.619372,0.421586,1530.743408
3,0.649793,0.492311,1963.191162
4,0.656881,0.499225,2096.291260
5,0.577494,0.507728,2379.167236
6,0.562843,0.297053,3028.008545
7,0.810150,0.238617,4126.110352
8,0.840611,0.224132,4359.070801
9,0.858391,0.204664,4542.086914
10,0.873018,0.162378,4741.684570
11,0.935838,0.192619,5024.568359
12,0.948970,0.193916,5174.255859
13,0.001538,0.268074,5540.286621
14,0.027093,0.267018,5690.087891
15,0.033056,0.278313,5956.262695
16,0.050555,0.299065,6089.324219
17,0.128464,0.370919,6521.930664
18,0.134095,0.269353,6754.845215
19,0.155195,0.218424,6937.831055
20,0.217733,0.191908,7337.141113
21,0.270030,0.216198,7603.362305
22,0.285585,0.298389,7852.958008
23,0.270826,0.369047,8119.167480
24,0.264411,0.458616,8701.428711
25,0.259725,0.508711,8884.439453
26,0.245831,0.500707,9183.955078
27,0.183637,0.467429,9882.682617
28,0.197414,0.459826,10215.474609
29,0.200474,0.449259,10365.230469
30,0.119575,0.447343,10814.441406
31,0.111710,0.437509,11014.083008
32,0.129341,0.438920,11613.049805
33,0.114022,0.444058,11929.226562
34,0.127639,0.447306,12228.673828
35,0.168113,0.536754,12461.553711
36,0.143912,0.379472,12977.330078
37,0.326647,0.480763,13526.380859
38,0.377070,0.495928,13692.712891
39,0.387370,0.493028,13925.704102
40,0.382092,0.492461,14092.025391
41,0.346439,0.492661,14308.333008
42,0.383862,0.491659,14957.171875
43,0.490107,0.508212,15339.869141
44,0.507094,0.499802,15522.841797
45,0.537001,0.499356,15772.432617
46,0.572859,0.472687,16105.250000
47,0.584412,0.369764,16437.958984
48,0.564252,0.337941,16587.656250
49,0.606655,0.488126,16870.472656
50,0.649929,0.488305,17036.880859
51,0.623885,0.479681,17469.455078
52,0.560385,0.498856,17752.310547
53,0.508164,0.524422,17968.615234
54,0.497315,0.522710,18151.683594
55,0.098949,0.451598,20297.833984
56,0.060452,0.456876,20597.404297
57,0.034200,0.457623,20846.921875
58,0.994544,0.520254,21179.658203
59,0.988013,0.515866,21346.056641
60,0.986822,0.510914,21512.414062
61,0.984354,0.447431,22044.820312
62,0.960587,0.405930,22244.441406
63,0.916123,0.410692,22494.041016
64,0.903023,0.533681,22826.734375
65,0.886080,0.488755,23076.363281
66,0.859130,0.434087,23275.982422
67,0.805298,0.473740,23808.423828
68,0.855459,0.386755,24207.669922
0,0.783414,0.519584,598.901489
1,0.740848,0.472518,1048.229248
2,0.738199,0.419069,1397.496948
3,0.799814,0.385855,1663.753906
4,0.856822,0.505068,1946.552368
5,0.904526,0.533503,2345.862793
6,0.903984,0.541323,2495.624268
7,0.887268,0.526939,2944.895508
8,0.890703,0.522579,3144.530029
9,0.893920,0.569829,3543.790771
10,0.964166,0.546515,3976.382324
11,0.883900,0.523668,4542.090332
12,0.012361,0.683343,5540.347656
13,0.052181,0.531309,5739.954590
14,0.093885,0.530641,6039.428711
15,0.998153,0.478604,8002.633789
16,0.025772,0.483789,8535.053711
17,0.487545,0.508129,10049.116211
18,0.446002,0.525981,10298.630859
19,0.494106,0.477776,10814.372070
20,0.504673,0.476203,10964.165039
21,0.468934,0.361124,11380.080078
22,0.588593,0.497978,12195.294922
23,0.688122,0.529414,12594.626953
24,0.736133,0.564341,12910.748047
25,0.739817,0.378434,13725.994141
26,0.681971,0.240591,14092.044922
27,0.332027,0.469661,15223.361328
28,0.226352,0.504658,15656.017578
29,0.230053,0.487171,15955.406250
30,0.216419,0.406099,16205.015625
31,0.215522,0.349557,16404.634766
32,0.244818,0.323068,16754.109375
33,0.374193,0.420346,16920.371094
34,0.385394,0.467469,17169.951172
35,0.386900,0.484242,17336.326172
36,0.499292,0.499365,17835.511719
37,0.485882,0.503771,18068.363281
38,0.563732,0.496259,18434.429688
39,0.512203,0.512885,18800.451172
40,0.575302,0.491517,19233.021484
41,0.653260,0.481284,19582.447266
42,0.661860,0.325983,20381.048828
43,0.611696,0.297246,21312.707031
44,0.725200,0.319190,22011.537109
45,0.708239,0.355669,22194.521484
46,0.525935,0.469189,22377.519531
47,0.299067,0.307941,23941.496094
48,0.411132,0.243467,24656.902344
0,0.813883,0.655734,648.870605
1,0.947883,0.600278,1281.183350
2,0.026083,0.512657,1647.147217
3,0.939484,0.374381,2113.004639
4,0.933453,0.369545,2262.748047
5,0.935391,0.374689,2345.912354
6,0.906594,0.257698,2528.929443
7,0.874067,0.453899,2745.219971
8,0.901916,0.476568,2961.571045
9,0.856559,0.387730,3177.833984
10,0.867964,0.402543,3676.908936
11,0.686264,0.392696,4142.779297
12,0.641303,0.436805,4442.303711
13,0.622732,0.492591,4641.943359
14,0.664669,0.527666,5057.828613
15,0.517665,0.566251,6155.927734
16,0.518450,0.552807,6255.804688
17,0.496424,0.405843,6655.094727
18,0.575026,0.370539,6854.798828
19,0.581843,0.419638,7054.447266
20,0.770578,0.418983,7653.301758
21,0.753404,0.534828,7969.432129
22,0.822407,0.316299,8252.275391
23,0.874571,0.367946,8535.125977
24,0.872248,0.407402,8851.235352
25,0.893691,0.223827,9167.324219
26,0.772884,0.201850,9366.997070
27,0.712053,0.204702,9599.932617
28,0.712195,0.178534,9849.497070
29,0.704662,0.148299,10082.517578
30,0.742308,0.119139,10248.760742
31,0.756804,0.091242,10415.143555
32,0.596298,0.146281,10731.298828
33,0.598746,0.170311,10897.751953
34,0.595463,0.155186,11047.350586
35,0.458625,0.220352,11563.124023
36,0.395670,0.237136,11812.729492
37,0.341545,0.300608,12078.952148
38,0.334948,0.387103,12311.880859
39,0.343759,0.551911,12927.445312
40,0.350277,0.524429,13110.422852
41,0.379737,0.513775,13293.490234
42,0.253565,0.504566,13859.160156
43,0.316914,0.558512,14308.395508
44,0.283447,0.531968,14807.489258
45,0.270718,0.481941,15007.123047
46,0.259930,0.487954,15622.741211
47,0.281851,0.357306,16238.334961
48,0.328097,0.349535,16437.964844
49,0.374354,0.369230,16637.591797
50,0.428503,0.453937,16903.839844
51,0.381200,0.566586,17120.173828
52,0.074074,0.526113,19515.921875
53,0.037380,0.474973,19798.736328
54,0.039094,0.476252,19915.222656
55,0.992034,0.596121,20098.222656
56,0.861668,0.908702,20880.175781
57,0.754238,0.471477,21745.376953
58,0.755441,0.490120,21845.177734
59,0.645173,0.551293,22327.656250
60,0.649353,0.550633,22460.748047
61,0.516033,0.544996,22943.248047
62,0.513244,0.538102,23076.357422
63,0.476370,0.539657,23342.541016
64,0.477122,0.542381,23475.646484
65,0.341455,0.530720,24207.730469
66,0.238375,0.526541,24523.806641
67,0.179251,0.389691,24973.029297
0,0.755850,0.462716,33.308777
1,0.755473,0.487808,299.495117
2,0.627429,0.473980,915.192505
3,0.628710,0.435029,1048.223145
4,0.471541,0.351658,1747.002930
5,0.482698,0.360713,1896.703247
6,0.518136,0.419425,2113.022217
7,0.496521,0.387308,2329.325684
8,0.487485,0.500564,2545.562012
9,0.512568,0.512407,2728.558105
10,0.526044,0.599801,3011.406250
11,0.530225,0.494278,3543.876465
12,0.537187,0.486238,3726.854492
13,0.567168,0.474945,4042.957520
14,0.880823,0.559410,4675.229004
15,0.903119,0.564543,4891.496094
16,0.892471,0.584225,5157.676758
17,0.979648,0.446139,5423.926270
18,0.021654,0.500098,5606.906738
19,0.015261,0.489617,5723.376953
20,0.065250,0.539137,6072.718750
21,0.050361,0.559885,6588.496094
22,0.077913,0.607197,6771.615723
23,0.181221,0.572607,7303.949219
24,0.176945,0.561397,7470.290527
25,0.172034,0.607261,7719.886230
26,0.174328,0.594580,8052.625977
27,0.166235,0.558444,8285.579102
28,0.139605,0.463479,8834.697266
29,0.135332,0.455004,9067.506836
30,0.139849,0.455184,9333.720703
31,0.130994,0.451791,9466.805664
32,0.154763,0.436093,9749.676758
33,0.219798,0.476226,9999.196289
34,0.218902,0.468524,10148.952148
35,0.141723,0.517385,10481.705078
36,0.133947,0.567275,10880.980469
37,0.144459,0.406710,11147.244141
38,0.175896,0.395867,11330.204102
39,0.148992,0.420951,11496.569336
40,0.267577,0.515427,12311.876953
41,0.241842,0.676880,12761.040039
42,0.708647,0.173940,14258.464844
43,0.632287,0.205227,14674.458984
44,0.265849,0.471662,15639.390625
45,0.298519,0.422436,16022.075195
46,0.257242,0.483038,16238.285156
47,0.253327,0.484100,16487.927734
48,0.352754,0.508956,17120.115234
49,0.375514,0.506858,17619.201172
50,0.340074,0.496157,18051.820312
51,0.340163,0.558639,18384.636719
52,0.351388,0.611714,18534.287109
53,0.409428,0.699143,18783.951172
54,0.394055,0.753913,19016.832031
55,0.397893,0.737217,19382.912109
56,0.523316,0.814994,19582.435547
57,0.488925,0.812483,20064.984375
58,0.290373,0.846165,20497.570312
59,0.267074,0.730242,21179.710938
60,0.270184,0.818464,21396.064453
61,0.499006,0.520537,22460.787109
62,0.468467,0.457670,22826.812500
63,0.497410,0.386092,22993.162109
64,0.527095,0.443250,23442.361328
65,0.527027,0.468486,23625.474609
66,0.529652,0.433688,23875.013672
67,0.521236,0.525293,24257.619141
68,0.533767,0.604672,24590.468750
0,0.808037,0.581868,382.735016
1,0.758831,0.527210,715.500488
2,0.752580,0.499495,948.452148
3,0.632117,0.508875,1297.781006
4,0.644208,0.518008,1397.580200
5,0.625793,0.466078,2013.209839
6,0.763142,0.510873,2795.190430
7,0.775187,0.514956,3011.447021
8,0.827787,0.398175,3277.634277
9,0.824160,0.395546,3394.165283
10,0.878687,0.551014,3627.020752
11,0.814993,0.582780,3893.231689
12,0.734117,0.501097,4292.527344
13,0.755663,0.434788,4592.067383
14,0.586401,0.472309,5041.213867
15,0.520549,0.535821,5673.500488
16,0.369244,0.508345,6388.882324
17,0.343621,0.520434,6688.389648
18,0.234502,0.487900,7004.471680
19,0.240947,0.494525,7187.467773
20,0.250494,0.506531,7370.521484
21,0.244935,0.625487,7603.448730
22,0.239910,0.627665,7803.126953
23,0.263704,0.525599,8152.492188
24,0.130501,0.545417,9084.138672
25,0.121474,0.555211,9283.842773
26,0.124478,0.709907,9533.403320
27,0.136311,0.703741,9699.798828
28,0.035141,0.587046,10015.883789
29,0.060331,0.542345,10382.002930
30,0.999165,0.502201,10714.745117
31,0.022681,0.377848,11113.946289
32,0.041194,0.362320,11430.061523
33,0.055853,0.354061,11662.996094
34,0.268617,0.409056,12295.182617
35,0.272934,0.341318,12528.200195
36,0.250499,0.501537,12977.327148
37,0.372628,0.519866,13709.390625
38,0.394135,0.515898,13942.368164
39,0.460795,0.536726,14241.848633
40,0.517061,0.536060,14424.821289
41,0.547886,0.532278,14757.599609
42,0.536696,0.528037,14907.286133
43,0.531181,0.526049,15156.977539
44,0.530416,0.649709,15339.910156
45,0.618775,0.685827,15838.990234
46,0.608781,0.748760,16088.667969
47,0.614526,0.728032,16371.428711
48,0.606159,0.540290,16870.539062
49,0.608999,0.535683,17070.236328
50,0.667180,0.521899,17336.421875
51,0.661030,0.657207,17769.066406
52,0.661180,0.674452,17935.402344
53,0.786218,0.516836,18268.089844
54,0.841365,0.520247,18883.697266
55,0.854067,0.537161,19133.246094
56,0.801637,0.451429,19382.910156
57,0.745087,0.397161,19565.871094
58,0.742483,0.391886,19881.986328
59,0.650157,0.426610,20248.035156
60,0.548760,0.482621,20797.050781
61,0.503426,0.353486,21212.941406
62,0.488625,0.384179,21479.148438
63,0.495135,0.396226,21662.189453
64,0.418348,0.415011,21994.935547
65,0.422540,0.422636,22094.750000
66,0.355131,0.488669,22394.222656
67,0.319994,0.494559,22610.535156
68,0.229095,0.500888,23043.095703
69,0.247761,0.507593,23325.923828
70,0.139538,0.488519,24257.644531
71,0.153590,0.552295,24507.220703
72,0.159561,0.564308,24623.664062
0,0.747747,0.626156,399.276703
1,0.760731,0.572357,565.649658
2,0.747805,0.551462,948.490906
3,0.765254,0.619835,1564.006592
4,0.767645,0.658711,2462.406738
5,0.767660,0.670110,2695.408691
6,0.755519,0.574029,3444.006836
7,0.756566,0.533605,3743.510010
8,0.755086,0.534074,3943.086426
9,0.636490,0.484500,5174.359375
10,0.618736,0.459082,5407.186035
11,0.617483,0.650111,5906.302734
12,0.617149,0.599523,6405.461914
13,0.612519,0.536482,6655.123535
14,0.609756,0.526763,6887.952637
15,0.626227,0.517031,7254.067383
16,0.625484,0.610932,7669.934570
17,0.623215,0.595673,7902.895996
18,0.506512,0.635982,8152.398438
19,0.243745,0.565027,10365.266602
20,0.087663,0.646105,16138.531250
21,0.076326,0.657444,16388.056641
22,0.078555,0.663713,16687.511719
23,0.090250,0.670102,17352.988281
24,0.078609,0.680051,17719.007812
25,0.079977,0.699497,18850.347656
26,0.095764,0.734943,19083.375000
27,0.054353,0.603234,19582.466797
28,0.038623,0.658605,20314.451172
29,0.081781,0.671263,20663.927734
30,0.061341,0.667266,21063.207031
31,0.084257,0.655529,21595.564453
32,0.259228,0.521723,23026.380859
33,0.257702,0.490452,23275.996094
34,0.258993,0.618679,24390.787109
0,0.748733,0.498965,349.232635
1,0.762565,0.532819,498.956940
2,0.797004,0.558425,731.880127
3,0.797144,0.579359,914.941528
4,0.641161,0.535116,1613.644165
5,0.603917,0.514298,2179.377441
6,0.543114,0.552410,2595.359131
7,0.830467,0.839812,3693.345703
8,0.879813,0.836302,3859.828125
9,0.888444,0.519531,5773.061035
10,0.886936,0.526603,5972.720703
11,0.160970,0.571502,7203.911621
12,0.195452,0.560631,7403.574707
13,0.134383,0.468444,7719.662598
14,0.122360,0.462605,7886.116211
15,0.136105,0.454444,8435.153320
16,0.126011,0.464987,8801.107422
17,0.996361,0.510752,9682.933594
18,0.029519,0.380563,10165.380859
19,0.025835,0.332249,10365.088867
20,0.972251,0.265044,10647.906250
21,0.930607,0.307320,10880.774414
22,0.753428,0.171082,11596.251953
23,0.632520,0.349779,12511.291016
24,0.506330,0.416174,13193.445312
25,0.472531,0.409660,13359.809570
26,0.480887,0.408459,13692.532227
27,0.521779,0.443144,13958.727539
28,0.528002,0.449791,14042.018555
29,0.531151,0.544963,14391.336914
30,0.360925,0.532396,15006.927734
31,0.364055,0.530973,15106.713867
32,0.330968,0.517819,15273.150391
33,0.249448,0.497597,16171.567383
34,0.337150,0.587725,16487.673828
35,0.368747,0.607191,16620.806641
36,0.343760,0.508952,17020.095703
37,0.258338,0.384446,17436.070312
38,0.257265,0.330227,17619.056641
39,0.358069,0.425241,17835.427734
40,0.412629,0.461693,18317.802734
41,0.460024,0.394853,18667.164062
42,0.495237,0.405382,18866.822266
43,0.497268,0.386782,19183.013672
44,0.498174,0.391603,19582.296875
45,0.512693,0.404994,19881.750000
46,0.523468,0.425651,20014.830078
47,0.490100,0.396846,20247.843750
48,0.467387,0.392366,20397.564453
49,0.482106,0.394831,20730.291016
50,0.493058,0.404971,20979.855469
51,0.458688,0.398990,21412.367188
52,0.455275,0.390077,21711.888672
53,0.481528,0.397731,22477.226562
54,0.527577,0.522128,22676.929688
55,0.525309,0.546527,22826.595703
56,0.717715,0.597587,23625.244141
57,0.628700,0.637391,23874.802734
58,0.636440,0.652773,24024.496094
59,0.662058,0.562661,24307.361328
60,0.767105,0.585326,24873.044922
0,0.761462,0.513935,316.167755
1,0.755915,0.394549,615.535461
2,0.642863,0.555979,1014.851929
3,0.637660,0.545901,1131.303955
4,0.643589,0.535591,1281.099609
5,0.616454,0.464524,1746.929565
6,0.654403,0.554652,2179.501465
7,0.642433,0.571603,2412.486328
8,0.682021,0.533418,2645.333984
9,0.679979,0.531252,2828.328125
10,0.711241,0.532536,3078.002197
11,0.583920,0.588981,3510.486572
12,0.624491,0.666165,3776.682617
13,0.646157,0.707800,4026.307861
14,0.638341,0.713680,4209.336426
15,0.526836,0.593275,4408.960938
16,0.504646,0.556747,4591.971680
17,0.501989,0.544810,4725.065918
18,0.502551,0.539819,4891.396973
19,0.513322,0.459085,5190.934570
20,0.500292,0.427777,5507.048828
21,0.488539,0.412668,5656.751465
22,0.478334,0.404976,5873.057617
23,0.471301,0.400598,6239.120605
24,0.468954,0.529336,6605.119141
25,0.442946,0.501292,7170.775391
26,0.601069,0.485310,7387.041504
27,0.597881,0.364134,7669.916504
28,0.583398,0.346347,7836.351074
29,0.682911,0.315579,8052.592285
30,0.685305,0.318356,8302.125000
31,0.668232,0.321301,8535.036133
32,0.695334,0.319217,8668.166016
33,0.796672,0.430660,8867.791016
34,0.777782,0.421397,9000.922852
35,0.758615,0.454162,9200.586914
36,0.753167,0.404605,9350.279297
37,0.764556,0.520773,9666.453125
38,0.888173,0.538190,10148.901367
39,0.877493,0.396378,11064.000977
40,0.868865,0.394876,11346.780273
41,0.920050,0.351330,11779.417969
42,0.921672,0.305389,11979.063477
43,0.893407,0.278342,12128.738281
44,0.941256,0.285692,12461.532227
45,0.948848,0.251355,12661.180664
46,0.943637,0.214772,12860.841797
47,0.952970,0.213896,13043.854492
48,0.877727,0.267869,13326.711914
49,0.915916,0.130175,13742.670898
50,0.944985,0.119109,14058.786133
51,0.876036,0.269139,14258.414062
52,0.875784,0.260380,14408.133789
53,0.954047,0.471301,14907.266602
54,0.915318,0.552287,15090.289062
55,0.913245,0.600403,15289.947266
56,0.911033,0.605675,15489.559570
57,0.032287,0.548144,15822.381836
58,0.029462,0.531530,15988.705078
59,0.011790,0.531436,16454.554688
60,0.005025,0.509226,16720.736328
61,0.041440,0.418560,17053.496094
62,0.048234,0.412381,17236.529297
63,0.057440,0.449063,17436.140625
64,0.062001,0.450221,17785.552734
65,0.065078,0.422692,18018.513672
66,0.057805,0.368804,18184.912109
67,0.071324,0.559963,18783.845703
68,0.042337,0.586638,19316.230469
69,0.003474,0.580813,19599.050781
70,0.006096,0.552802,19832.031250
71,0.001359,0.598494,20281.164062
72,0.999393,0.557017,20996.716797
73,0.010118,0.522844,21462.529297
74,0.143270,0.493659,22377.566406
75,0.148221,0.487008,22643.734375
76,0.133582,0.474225,22843.353516
77,0.174075,0.585972,23292.628906
78,0.140581,0.467576,23658.667969
79,0.232336,0.494224,23958.117188
80,0.269681,0.521710,24989.619141
0,0.766147,0.730107,49.862091
1,0.762603,0.467856,465.856049
2,0.764151,0.494380,715.479004
3,0.766341,0.556049,998.243713
4,0.833562,0.605767,1264.450317
5,0.845819,0.583566,1630.475098
6,0.866519,0.562932,1996.515869
7,0.833272,0.574520,2312.569824
8,0.835324,0.579155,2578.785156
9,0.942213,0.559379,2911.534668
10,0.845475,0.592427,3310.816162
11,0.824984,0.584050,3510.525635
12,0.737115,0.388915,3976.415527
13,0.750234,0.325447,4142.765137
14,0.664604,0.564767,4957.963379
15,0.662899,0.550204,5224.184082
16,0.670165,0.542195,5457.081055
17,0.558481,0.594641,5673.367188
18,0.515324,0.565797,5922.926270
19,0.544309,0.631000,6338.926270
20,0.687167,0.685515,6704.922363
21,0.682888,0.695848,6871.313477
22,0.688968,0.744499,7220.732910
23,0.620866,0.761003,7703.159180
24,0.629608,0.657842,7936.091309
25,0.643428,0.663348,8252.208984
26,0.429580,0.617624,8817.866211
27,0.416598,0.609712,8984.243164
28,0.470198,0.557851,9433.478516
29,0.354612,0.619487,9683.051758
30,0.332910,0.497774,9899.322266
31,0.347748,0.638629,10215.455078
32,0.357349,0.666809,10431.733398
33,0.363288,0.681258,10747.857422
34,0.376208,0.509724,10964.127930
35,0.375295,0.473332,11097.235352
36,0.238432,0.479510,11845.929688
37,0.245412,0.452533,12045.630859
38,0.264364,0.446918,12228.588867
39,0.303005,0.326444,12511.426758
40,0.319654,0.367107,12794.263672
41,0.332671,0.548797,13110.364258
42,0.344359,0.549357,13293.377930
43,0.371867,0.576932,13692.677734
44,0.357342,0.691357,14008.821289
45,0.396782,0.688185,14308.287109
46,0.410244,0.694306,14574.476562
47,0.440947,0.748628,15190.108398
48,0.442575,0.735070,15539.484375
49,0.445367,0.717544,15639.319336
50,0.410056,0.659281,15938.767578
51,0.389616,0.645090,16354.704102
52,0.422379,0.651373,16820.578125
53,0.441027,0.662072,16986.964844
54,0.441078,0.653738,17303.089844
55,0.503054,0.648060,17519.361328
56,0.526037,0.561173,17818.851562
57,0.480579,0.503485,18118.296875
58,0.481788,0.477035,18550.884766
59,0.576702,0.517931,18750.511719
60,0.550007,0.579322,19149.845703
61,0.525956,0.641611,19349.460938
62,0.532306,0.661163,19532.498047
63,0.505403,0.700948,20164.707031
64,0.516844,0.767741,20697.115234
65,0.543221,0.615314,21329.373047
66,0.534876,0.619278,21529.003906
67,0.532054,0.640145,21811.832031
68,0.580155,0.498706,22294.349609
69,0.624593,0.479097,22510.626953
70,0.596287,0.381753,22776.824219
71,0.566667,0.279955,23026.421875
72,0.539782,0.282749,23242.662109
73,0.679061,0.181917,23874.921875
74,0.778560,0.223888,24107.818359
75,0.752576,0.570212,24640.234375
76,0.669020,0.594786,24956.394531
0,0.771489,0.526248,615.581787
1,0.766096,0.518900,715.339905
2,0.761443,0.501626,881.750549
3,0.759580,0.570002,1696.916138
4,0.760690,0.506513,2062.938965
5,0.759524,0.493158,2179.427002
6,0.759630,0.512200,2778.437256
7,0.758352,0.527446,3277.497803
8,0.761016,0.544795,3477.170654
9,0.763484,0.516661,3793.361816
10,0.788043,0.505335,4026.185791
11,0.871435,0.551323,4724.942383
12,0.870215,0.531677,4957.903809
13,0.937356,0.528492,5124.285645
14,0.932966,0.532423,5274.000000
15,0.938699,0.534628,6804.748535
16,0.944836,0.528604,7004.359375
17,0.979497,0.534699,7187.375488
18,0.942475,0.532884,7636.655273
19,0.936724,0.524439,7753.025879
20,0.929188,0.410068,8052.491699
21,0.865632,0.522979,8401.936523
22,0.722366,0.279703,9117.291992
23,0.728654,0.189488,9300.374023
24,0.722988,0.168187,9450.062500
25,0.655324,0.202548,9716.324219
26,0.722237,0.214198,9915.927734
27,0.650732,0.257076,10182.102539
28,0.588755,0.304084,10448.314453
29,0.604860,0.366494,10747.806641
30,0.609112,0.382576,10914.164062
31,0.830094,0.156891,11729.395508
32,0.959939,0.156744,12228.544922
33,0.119704,0.139213,12461.557617
34,0.113912,0.119498,12661.205078
35,0.204000,0.125000,12910.703125
36,0.293525,0.156268,13176.885742
37,0.359425,0.152440,13359.863281
38,0.397728,0.125963,13559.556641
39,0.358548,0.117643,13759.185547
40,0.259486,0.524853,14324.903320
41,0.163725,0.581423,14807.397461
42,0.377536,0.524185,15256.556641
43,0.363051,0.520466,15556.145508
44,0.386767,0.500792,15789.068359
45,0.248255,0.525496,16271.451172
46,0.241695,0.492308,16471.222656
47,0.251911,0.428399,16820.531250
48,0.254491,0.350486,17003.503906
49,0.131569,0.439761,17885.412109
50,0.026718,0.345123,18500.990234
51,0.823431,0.588505,19349.425781
52,0.738810,0.540661,19698.783203
53,0.745337,0.538352,19848.599609
54,0.661497,0.555966,20164.673828
55,0.499673,0.529112,21212.804688
56,0.374559,0.511006,21778.539062
57,0.362152,0.481800,21928.318359
58,0.579440,0.293703,22710.236328
59,0.652296,0.647686,23492.181641
60,0.775411,0.486187,24207.638672
61,0.770934,0.508113,24390.587891
62,0.846839,0.533959,24606.902344
63,0.848251,0.539227,24740.011719
64,0.876248,0.544649,24972.914062
0,0.760429,0.514734,499.129700
1,0.651028,0.531800,1197.910400
2,0.615111,0.394849,1513.955811
3,0.514032,0.472393,1813.505981
4,0.507367,0.507000,2212.775146
5,0.475125,0.517732,2512.316895
6,0.476790,0.515312,2795.098633
7,0.364925,0.512745,3044.712158
8,0.365980,0.506982,3277.574951
9,0.334017,0.488247,3427.324463
10,0.242419,0.461648,4109.522461
11,0.242815,0.473612,4375.679688
12,0.309642,0.295298,4691.740723
13,0.393569,0.319503,5041.137695
14,0.422324,0.437413,5407.215820
15,0.379743,0.517139,5723.385254
16,0.454418,0.525120,6172.594238
17,0.541542,0.488387,6838.005859
18,0.854553,0.579055,8884.448242
19,0.819776,0.505918,9133.983398
20,0.792226,0.417624,9400.224609
21,0.694777,0.431896,9716.302734
22,0.695761,0.410743,9816.147461
23,0.701947,0.405780,9982.537109
24,0.676783,0.353410,10148.897461
25,0.637777,0.573006,10697.947266
26,0.653607,0.586612,10964.143555
27,0.665537,0.583218,11463.237305
28,0.718946,0.225722,11845.954102
29,0.703858,0.159733,12095.509766
30,0.780743,0.147299,12461.543945
31,0.892745,0.215068,12877.449219
32,0.900451,0.306810,13243.484375
33,0.936408,0.539989,13542.965820
34,0.930781,0.559074,13692.727539
35,0.903069,0.609524,13842.421875
36,0.973234,0.415402,14424.748047
37,0.964113,0.463162,14890.594727
38,0.058886,0.431146,15239.995117
39,0.991959,0.169147,15888.862305
40,0.725397,0.392472,17153.345703
41,0.545424,0.513152,17585.947266
42,0.505491,0.547793,17802.179688
43,0.471721,0.548866,18201.486328
44,0.357259,0.532708,18584.183594
45,0.255277,0.460137,19233.025391
46,0.268356,0.451404,19582.443359
47,0.325982,0.490575,19948.449219
48,0.536867,0.498473,20946.705078
49,0.485794,0.535393,21312.705078
50,0.591459,0.513926,21678.748047
51,0.652978,0.470336,22144.593750
52,0.692331,0.451890,22660.380859
53,0.666129,0.546529,22926.554688
54,0.618543,0.595313,24972.968750
0,0.740200,0.471127,0.028938
1,0.793371,0.435127,232.935989
2,0.804298,0.492070,415.944885
3,0.838289,0.549265,632.238953
4,0.836972,0.482498,1098.121704
5,0.874496,0.366191,1563.906982
6,0.860036,0.386752,1680.394287
7,0.008019,0.466111,2013.143921
8,0.017311,0.492765,2129.566406
9,0.069578,0.517393,2745.237549
10,0.070046,0.525908,2861.623047
11,0.075882,0.546833,3244.331543
12,0.080057,0.517681,3443.950195
13,0.997787,0.500681,3626.989014
14,0.987549,0.473033,4109.442871
15,0.969703,0.482292,4342.452637
16,0.882762,0.540023,4808.288574
17,0.834485,0.538412,5274.111816
18,0.800303,0.534339,5473.739746
19,0.747855,0.525929,5640.144531
20,0.729144,0.529445,6006.166992
21,0.731067,0.528731,6239.088379
22,0.730893,0.756304,6605.104980
23,0.727858,0.823045,6838.053223
24,0.639942,0.497416,7703.245117
25,0.503278,0.517260,8252.270508
26,0.935033,0.857675,9549.940430
27,0.252556,0.888068,10049.095703
28,0.002314,0.471621,11812.684570
29,0.257300,0.303631,13093.784180
30,0.295021,0.301721,13992.175781
31,0.319556,0.097277,14591.112305
32,0.257440,0.120102,14774.129883
33,0.217757,0.225022,15123.569336
34,0.109216,0.104527,15789.043945
35,0.136623,0.117408,15905.554688
36,0.253396,0.092590,16554.359375
37,0.381322,0.443047,17120.093750
38,0.366229,0.484115,17286.462891
39,0.372857,0.491674,17419.548828
40,0.343654,0.493564,17719.027344
41,0.343836,0.508146,17835.484375
42,0.355564,0.553842,17985.197266
43,0.370862,0.573595,18168.220703
44,0.378694,0.505757,18417.892578
45,0.488451,0.291711,19582.402344
46,0.535699,0.221144,20014.994141
47,0.298072,0.078585,20747.060547
48,0.333466,0.127733,20996.630859
49,0.338332,0.108163,21113.115234
50,0.641150,0.136721,22726.923828
51,0.663239,0.163686,22893.322266
52,0.671856,0.172237,23375.792969
53,0.596943,0.197475,23725.193359
0,0.736871,0.457888,33.397686
1,0.752150,0.453259,282.925232
2,0.756348,0.404432,432.640045
3,0.625289,0.484592,1231.226562
4,0.628415,0.483680,1397.683838
5,0.631492,0.535054,1580.636841
6,0.638084,0.522107,1730.372192
7,0.531396,0.656819,2345.986816
8,0.539645,0.657464,2479.065918
9,0.459953,0.585417,3011.455078
10,0.458175,0.559718,3211.130127
11,0.457993,0.537269,3427.381104
12,0.358066,0.583023,4176.087891
13,0.328790,0.607481,4542.016602
14,0.669900,0.156864,6588.535156
15,0.949958,0.488165,8584.961914
16,0.083253,0.539850,9799.565430
17,0.285202,0.519295,11546.520508
18,0.295004,0.529141,11979.042969
19,0.379759,0.548078,13060.487305
20,0.374854,0.553660,13210.276367
21,0.372813,0.555944,13459.789062
22,0.327818,0.434240,13742.604492
23,0.142138,0.370497,15206.704102
24,0.141952,0.365801,15406.339844
25,0.151220,0.386211,15655.956055
26,0.142982,0.393153,15905.570312
27,0.858274,0.270478,17868.773438
28,0.733248,0.300857,18650.656250
29,0.636135,0.423300,20647.277344
30,0.523975,0.535104,21346.021484
31,0.537731,0.659409,23275.927734
32,0.924638,0.508887,24307.451172
0,0.756530,0.463323,33.360340
1,0.778422,0.497087,415.980560
2,0.815018,0.583459,732.037476
3,0.985353,0.899864,1547.311279
4,0.909280,0.460784,2162.907227
5,0.886301,0.466848,2412.460693
6,0.850031,0.497569,2678.636475
7,0.870202,0.269857,3044.676758
8,0.860554,0.319010,3294.290283
9,0.867976,0.345466,3643.646484
10,0.858345,0.386972,3909.817871
11,0.949021,0.431596,4359.031738
12,0.903352,0.123171,4675.204590
13,0.955664,0.156268,5074.570312
14,0.683585,0.028334,5540.381836
15,0.909370,0.056068,5972.892090
16,0.965493,0.101747,6205.865234
17,0.014875,0.156827,6388.863281
18,0.090308,0.264742,6588.594238
19,0.100157,0.299653,6771.528320
20,0.095654,0.459177,7370.502441
21,0.125328,0.585709,8152.484863
22,0.090215,0.537050,8451.887695
23,0.064081,0.494313,8684.896484
24,0.989511,0.435254,8917.762695
25,0.819714,0.511194,9683.076172
26,0.821770,0.503706,9799.535156
27,0.747709,0.436101,10065.726562
28,0.683421,0.491400,10381.958984
29,0.687247,0.504174,10498.375977
30,0.633096,0.487583,10664.692383
31,0.628566,0.375139,10980.864258
32,0.582635,0.577100,11296.939453
33,0.579416,0.599233,11513.243164
34,0.639572,0.708759,12078.902344
35,0.634029,0.760203,12278.547852
36,0.520603,0.778287,12578.028320
37,0.447586,0.624988,12810.948242
38,0.444177,0.600597,13127.063477
39,0.497180,0.309454,13992.221680
40,0.505550,0.359797,14391.536133
41,0.538779,0.450820,14624.440430
42,0.569784,0.546178,15057.028320
43,0.530249,0.601693,15339.888672
44,0.567561,0.223694,15905.547852
45,0.646316,0.229509,17319.732422
46,0.792164,0.155082,17985.228516
47,0.785573,0.157825,18068.429688
48,0.713448,0.179444,18251.431641
49,0.715241,0.191056,18334.669922
50,0.839816,0.136176,19149.898438
51,0.846930,0.134715,19266.330078
52,0.969040,0.365164,20048.294922
53,0.999380,0.309129,20264.609375
54,0.231547,0.395284,21695.435547
55,0.128647,0.467127,23325.919922
56,0.042862,0.562189,23642.019531
57,0.003904,0.537220,23924.853516
58,0.924320,0.350662,24540.453125
59,0.892648,0.567916,24790.044922
0,0.735265,0.670376,83.266937
1,0.736301,0.592656,316.154633
2,0.733128,0.592655,432.708435
3,0.759347,0.471635,765.451965
4,0.711776,0.471200,1148.074829
5,0.707394,0.445214,1297.843994
6,0.652258,0.503177,1730.353271
7,0.641211,0.527415,2312.688965
8,0.682374,0.673050,2778.584717
9,0.652087,0.470987,3527.267822
10,0.655342,0.460672,3627.126709
11,0.653158,0.495914,3793.463135
12,0.651803,0.492128,4009.749268
13,0.475872,0.359558,5557.028809
14,0.467297,0.350293,6056.124512
15,0.458745,0.355364,6172.622070
16,0.452236,0.531255,6505.394043
17,0.404843,0.559279,6888.063965
18,0.353435,0.552977,7503.582520
19,0.348973,0.541317,7620.128418
20,0.332451,0.534061,7869.697266
21,0.334008,0.509562,7986.208008
22,0.346069,0.618231,8185.727051
23,0.341607,0.613320,8418.739258
24,0.376621,0.495737,8651.600586
25,0.341715,0.498551,8984.346680
26,0.238789,0.480150,9716.442383
27,0.190553,0.425182,9932.767578
28,0.184916,0.388541,10115.687500
29,0.277632,0.239581,10781.270508
30,0.340141,0.211079,11130.615234
31,0.495957,0.116239,11662.999023
32,0.519130,0.121211,11829.399414
33,0.524888,0.145677,12029.052734
34,0.162774,0.099040,12810.997070
35,0.118532,0.072238,13110.574219
36,0.999418,0.097606,13576.416016
37,0.660900,0.474988,14657.866211
38,0.684391,0.533658,14824.157227
39,0.745171,0.514412,15040.486328
40,0.749092,0.500064,15156.884766
41,0.868669,0.469507,15705.939453
42,0.876388,0.419687,15872.427734
43,0.866068,0.402171,16155.153320
44,0.932873,0.414001,16487.966797
45,0.983526,0.315306,16870.626953
46,0.017459,0.275359,17186.687500
47,0.032235,0.262676,17319.884766
48,0.038961,0.285081,17585.996094
49,0.074533,0.499741,18401.226562
50,0.003412,0.503750,18667.462891
51,0.165652,0.463633,19931.910156
52,0.162967,0.471935,20098.386719
53,0.177283,0.371560,20381.119141
54,0.214160,0.324397,20697.214844
55,0.103547,0.430065,21379.404297
56,0.099067,0.417246,21595.673828
57,0.109263,0.384978,21994.976562
58,0.118099,0.355049,22244.574219
59,0.015484,0.412744,22577.300781
60,0.982237,0.360774,22760.316406
61,0.958381,0.415495,23026.466797
62,0.026309,0.336593,23242.779297
63,0.032047,0.317166,23375.886719
64,0.978073,0.409306,23808.429688
65,0.972125,0.400384,23941.562500
66,0.865033,0.422584,24473.986328
67,0.812875,0.461644,24740.195312
68,0.810228,0.450114,24973.136719
0,0.883817,0.512070,2046.445679
1,0.977934,0.549671,3011.405762
2,0.023255,0.511563,3244.357666
3,0.017462,0.514173,3327.575439
4,0.011582,0.492816,3543.868896
5,0.963027,0.243282,4092.900635
6,0.941758,0.251191,4209.344727
7,0.783164,0.177687,4625.313477
8,0.775330,0.195636,4775.012207
9,0.678013,0.123991,5290.806641
10,0.643131,0.562240,6122.644043
11,0.695839,0.499797,6937.918945
12,0.726257,0.518470,7120.908691
13,0.727475,0.516082,7204.078613
14,0.719514,0.510026,7753.127930
15,0.719458,0.517844,8069.251953
16,0.801422,0.518164,8435.262695
17,0.805175,0.422532,8701.463867
18,0.741858,0.498150,8967.676758
19,0.737388,0.574025,9350.364258
20,0.710562,0.177739,9649.801758
21,0.698468,0.160079,9882.750977
22,0.554207,0.466964,11446.658203
23,0.537696,0.463925,11629.686523
24,0.584220,0.495417,11879.242188
25,0.614071,0.541586,12162.109375
26,0.626923,0.537872,12511.507812
27,0.630130,0.526234,12677.861328
28,0.570075,0.482083,12877.516602
29,0.519002,0.341455,13459.819336
30,0.521703,0.338612,13692.757812
31,0.550686,0.353899,13909.039062
32,0.546252,0.368307,14075.450195
33,0.477956,0.364747,14424.786133
34,0.414773,0.281958,14824.088867
35,0.374048,0.608770,15506.241211
36,0.339876,0.612193,15656.006836
37,0.385257,0.553686,16038.681641
38,0.458844,0.568111,16371.409180
39,0.452738,0.580277,16604.345703
40,0.468022,0.583851,16737.451172
41,0.497847,0.527254,17120.111328
42,0.493108,0.526323,17219.908203
43,0.260283,0.480604,17752.314453
44,0.241876,0.465280,17935.347656
45,0.311409,0.353776,18268.099609
46,0.252841,0.467104,18667.382812
47,0.257976,0.457925,18833.765625
48,0.258154,0.475350,20098.242188
49,0.231554,0.642783,20497.546875
50,0.286520,0.387713,21146.398438
51,0.249185,0.393629,21578.951172
52,0.242232,0.423848,21878.451172
53,0.214899,0.423443,22377.583984
54,0.215717,0.423381,22477.396484
55,0.226826,0.558907,22776.878906
56,0.223055,0.571642,23043.107422
57,0.155254,0.524114,23658.685547
58,0.153698,0.533193,23808.390625
59,0.173565,0.597636,24174.449219
60,0.172846,0.581098,24374.113281
0,0.795166,0.527999,499.126495
1,0.790193,0.642646,765.307861
2,0.657279,0.520296,1264.452271
3,0.649672,0.475680,1680.362915
4,0.655188,0.469540,1830.172852
5,0.659397,0.614271,2262.706787
6,0.661342,0.469987,2528.920654
7,0.613411,0.679206,3676.968018
8,0.549739,0.506708,4026.299805
9,0.564632,0.315005,4392.324219
10,0.557489,0.372048,4858.187988
11,0.485695,0.316196,5057.873535
12,0.470046,0.319922,5673.438965
13,0.464569,0.285884,6189.174316
14,0.384730,0.278177,6388.820801
15,0.389787,0.548244,6721.549805
16,0.362630,0.559368,6971.209961
17,0.309572,0.451371,7370.499023
18,0.287327,0.248655,7986.106445
19,0.387529,0.336531,8368.771484
20,0.475145,0.430643,8801.268555
21,0.510407,0.308050,9183.923828
22,0.570542,0.318662,9500.047852
23,0.627067,0.295155,9766.238281
24,0.686766,0.314159,10049.075195
25,0.777636,0.249958,10381.867188
26,0.857193,0.642795,11130.611328
27,0.856246,0.645037,11296.954102
28,0.937117,0.558142,11563.116211
29,0.967835,0.474719,11796.098633
30,0.990835,0.396164,12062.319336
31,0.983874,0.360008,12295.141602
32,0.047869,0.476912,12494.801758
33,0.048603,0.472390,12578.073242
34,0.061311,0.607367,12860.856445
35,0.073196,0.587557,13060.503906
36,0.072828,0.574999,13310.157227
37,0.060325,0.593975,13493.102539
38,0.058390,0.583873,13709.346680
39,0.142249,0.590923,13925.671875
40,0.142049,0.488854,14191.873047
41,0.136242,0.454606,14424.842773
42,0.052612,0.546732,14707.633789
43,0.061614,0.533440,14940.565430
44,0.054571,0.271844,15306.593750
45,0.052063,0.245022,15472.971680
46,0.092069,0.415783,15905.569336
47,0.094923,0.363230,16238.263672
48,0.074448,0.224734,16437.958984
49,0.155438,0.480994,17070.150391
50,0.139999,0.406109,17785.585938
51,0.122370,0.391266,18134.945312
52,0.140143,0.417156,18467.685547
53,0.162893,0.624351,19216.443359
54,0.275186,0.548740,19615.701172
55,0.291098,0.336709,20098.208984
56,0.280207,0.291008,20314.480469
57,0.172299,0.634998,20747.041016
58,0.044789,0.529448,21462.546875
59,0.984866,0.499406,21828.535156
60,0.988684,0.506680,22044.794922
61,0.907611,0.589034,22294.355469
62,0.911729,0.596797,22560.548828
63,0.869659,0.570570,22743.638672
64,0.816557,0.726333,23159.546875
65,0.810254,0.704831,23459.009766
66,0.740308,0.566444,23642.013672
67,0.737648,0.437297,24008.033203
68,0.756488,0.354517,24540.513672
0,0.738458,0.443844,349.355072
1,0.646013,0.500503,615.580139
2,0.638221,0.478217,964.916077
3,0.595520,0.477852,1430.781738
4,0.614397,0.400728,1647.138306
5,0.626109,0.349618,1863.395142
6,0.729103,0.130500,2512.313965
7,0.729594,0.083459,2778.463135
8,0.634448,0.082162,3294.232910
9,0.649615,0.095826,3527.209473
10,0.628883,0.091378,3959.700195
11,0.698162,0.093351,4209.339355
12,0.870265,0.255068,4442.214355
13,0.804555,0.448913,4791.661621
14,0.785148,0.551955,5041.175781
15,0.808315,0.657446,5307.419922
16,0.779540,0.661526,5656.752930
17,0.859658,0.657825,5956.278320
18,0.860795,0.658243,6056.024414
19,0.859909,0.649488,6172.500977
20,0.885453,0.633264,6338.952148
21,0.883940,0.424159,6621.770020
22,0.873190,0.360101,6837.983398
23,0.864242,0.311611,7054.358887
24,0.836568,0.314240,7253.966309
25,0.841391,0.319614,7503.547852
26,0.064440,0.563308,8618.236328
27,0.131480,0.438075,9183.903320
28,0.107108,0.410053,9466.751953
29,0.123134,0.403449,9832.771484
30,0.111036,0.429234,10098.981445
31,0.238297,0.443761,10747.838867
32,0.352287,0.445588,11180.394531
33,0.369793,0.420069,11479.887695
34,0.366382,0.402449,11612.992188
35,0.261683,0.475307,11962.378906
36,0.214192,0.469548,14374.845703
37,0.120216,0.393165,15256.631836
38,0.103262,0.393942,15522.839844
39,0.055449,0.343472,15772.404297
40,0.996724,0.425433,16055.252930
41,0.000341,0.399516,16204.980469
42,0.965839,0.376548,16404.621094
43,0.915682,0.313407,16803.933594
44,0.878753,0.288594,17153.292969
45,0.847223,0.294329,17436.150391
46,0.797629,0.134348,17968.554688
47,0.674618,0.093938,18750.535156
48,0.672398,0.453009,19099.958984
49,0.681591,0.448425,19216.394531
50,0.652546,0.504126,19366.144531
51,0.663448,0.399758,19965.062500
52,0.700550,0.468881,20297.808594
53,0.685223,0.437349,20597.292969
54,0.763285,0.517826,21212.886719
55,0.911944,0.384462,22543.882812
56,0.926910,0.315621,22810.107422
57,0.930807,0.279807,22976.500000
58,0.944254,0.264533,23176.144531
59,0.952668,0.454755,23542.148438
60,0.997667,0.544727,23924.792969
61,0.008677,0.487661,24191.011719
62,0.047893,0.556355,24407.292969
0,0.631828,0.527698,648.892029
1,0.581529,0.535939,915.052246
2,0.533958,0.534371,1164.668213
3,0.503203,0.517800,1430.834229
4,0.557337,0.516326,1963.184448
5,0.663540,0.357108,2711.899170
6,0.671562,0.270620,2928.210449
7,0.710747,0.272512,3111.290039
8,0.737903,0.272969,3360.827881
9,0.754543,0.308647,3510.517578
10,0.777882,0.236998,3710.128418
11,0.750295,0.231269,4026.281982
12,0.752111,0.267743,4175.976074
13,0.739669,0.281274,4359.037598
14,0.849375,0.130916,5240.875000
15,0.862431,0.521911,6089.313477
16,0.846911,0.570854,6272.375977
17,0.849795,0.563012,6505.297363
18,0.760100,0.566641,6871.304688
19,0.628316,0.537791,7553.445801
20,0.638462,0.540773,7719.841797
21,0.665523,0.527731,7936.092285
22,0.649892,0.534764,8135.756836
23,0.573943,0.538307,8535.062500
24,0.531817,0.524918,8934.375977
25,0.549260,0.502648,9167.283203
26,0.070621,0.572498,10631.373047
27,0.065558,0.572677,10764.562500
28,0.045757,0.578377,10997.439453
29,0.067953,0.449869,11380.090820
30,0.978545,0.424846,11995.695312
31,0.018902,0.535581,12311.813477
32,0.180055,0.560113,13526.339844
33,0.264288,0.508175,14025.480469
34,0.358510,0.525025,14391.516602
35,0.377943,0.527132,14641.036133
36,0.346775,0.517650,14840.707031
37,0.099073,0.425241,16221.650391
38,0.114656,0.452621,16421.292969
39,0.163008,0.426586,16587.646484
40,0.179271,0.420584,16737.371094
41,0.122788,0.224101,17086.751953
42,0.132398,0.215834,17186.593750
43,0.100237,0.189286,17336.328125
44,0.003781,0.254412,17669.074219
45,0.108197,0.118573,18001.832031
46,0.975864,0.318629,18384.566406
47,0.942495,0.360065,18667.337891
48,0.942026,0.340144,18833.720703
49,0.065629,0.561238,19216.392578
50,0.127894,0.452185,19765.464844
51,0.136150,0.446721,19948.427734
52,0.125507,0.452041,20414.324219
53,0.174932,0.555041,20613.947266
54,0.267687,0.510834,21512.439453
55,0.205581,0.559844,21728.701172
56,0.151640,0.561399,21944.933594
57,0.024701,0.490931,22643.748047
58,0.770097,0.618481,23592.105469
59,0.730899,0.541877,23858.287109
60,0.683779,0.557507,24257.621094
61,0.622345,0.567398,24540.443359
62,0.539850,0.578877,24989.648438
0,0.773274,0.484702,365.993042
1,0.718076,0.424788,798.580322
2,0.745684,0.351584,1048.127563
3,0.699079,0.594810,1380.858154
4,0.638712,0.596981,1746.932861
5,0.639354,0.560327,1929.959961
6,0.732351,0.479409,2478.971191
7,0.729702,0.440787,2844.971191
8,0.703652,0.531237,3194.353760
9,0.745250,0.498814,3710.225098
10,0.740149,0.473431,3926.503418
11,0.740645,0.500034,4159.319336
12,0.792853,0.486754,4691.786621
13,0.788245,0.509504,4891.394531
14,0.849433,0.516458,5174.288574
15,0.831877,0.572389,5590.205078
16,0.828835,0.564060,5906.313477
17,0.823361,0.605078,6172.480957
18,0.789577,0.589038,6472.017578
19,0.870784,0.535671,6971.172852
20,0.855252,0.539169,7220.667969
21,0.846082,0.290190,7653.239746
22,0.870321,0.408694,7836.288574
23,0.857385,0.405633,8135.802734
24,0.865968,0.391869,8651.523438
25,0.958322,0.409910,9250.547852
26,0.019492,0.519861,9866.048828
27,0.022204,0.536550,9982.484375
28,0.009574,0.540082,10099.016602
29,0.996870,0.552578,10598.121094
30,0.997679,0.524753,11130.501953
31,0.069561,0.547156,11579.699219
32,0.082292,0.583599,12045.608398
33,0.099278,0.580729,12727.690430
34,0.089524,0.588988,13043.839844
35,0.190054,0.558281,13609.538086
36,0.187221,0.554238,13692.698242
37,0.184910,0.546938,13809.161133
38,0.174350,0.552768,14042.106445
39,0.266258,0.483792,14641.092773
40,0.268303,0.479289,14740.834961
41,0.263301,0.479190,14907.300781
42,0.258167,0.487300,15206.691406
43,0.265356,0.562405,15655.893555
44,0.355466,0.500092,16088.476562
45,0.366099,0.498586,16204.938477
46,0.362437,0.501196,16338.130859
47,0.356778,0.500280,16504.531250
48,0.352110,0.554372,16903.833984
49,0.380784,0.504523,17219.869141
50,0.393533,0.431902,17901.994141
51,0.399906,0.435546,18035.083984
52,0.480556,0.437368,18484.357422
53,0.501674,0.382106,18900.277344
54,0.508467,0.390098,19149.853516
55,0.491459,0.383301,19549.113281
56,0.431734,0.604165,19931.871094
57,0.530469,0.519515,20547.457031
58,0.533879,0.503183,20780.310547
59,0.528315,0.516882,21079.750000
60,0.579172,0.491578,21329.339844
61,0.564712,0.501974,21562.304688
62,0.565587,0.521905,21928.275391
63,0.575066,0.470530,22277.771484
64,0.574535,0.452531,22543.931641
65,0.561079,0.497088,22793.462891
66,0.447085,0.088296,23775.078125
67,0.567103,0.072772,23991.363281
68,0.557260,0.075301,24091.181641
69,0.547856,0.091981,24340.765625
70,0.546761,0.148402,24740.044922
71,0.549202,0.176323,24972.960938
0,0.773249,0.525449,249.578964
1,0.775246,0.550186,565.633850
2,0.850717,0.585840,848.575684
3,0.872092,0.583015,998.211426
4,0.866804,0.568994,1131.335449
5,0.935019,0.568265,1380.915283
6,0.894782,0.557571,1946.547852
7,0.846943,0.593140,2429.097168
8,0.794270,0.591337,2911.622314
9,0.782305,0.579493,3227.664551
10,0.788952,0.578801,3377.412598
11,0.796837,0.556796,3693.494141
12,0.691611,0.578256,3976.380615
13,0.701391,0.581202,4109.563965
14,0.705521,0.566222,4225.896484
15,0.642200,0.551649,4575.396973
16,0.639899,0.554251,4891.437500
17,0.642500,0.580564,5190.886719
18,0.638935,0.543874,5307.362793
19,0.642021,0.511273,5656.782715
20,0.568354,0.526490,5956.245117
21,0.578284,0.549277,6222.457520
22,0.521022,0.544526,6654.978027
23,0.587317,0.578416,7021.020508
24,0.545854,0.555370,7669.913086
25,0.497193,0.533245,7969.359375
26,0.495870,0.555040,8485.157227
27,0.494938,0.543687,8668.141602
28,0.474635,0.515413,9716.420898
29,0.476597,0.528574,9816.133789
30,0.476470,0.545435,10015.898438
31,0.519274,0.555842,10415.085938
32,0.372991,0.546283,10847.715820
33,0.381613,0.540919,11064.018555
34,0.357840,0.532213,11330.152344
35,0.356304,0.549924,11446.670898
36,0.350175,0.538821,11679.592773
37,0.346633,0.534728,11862.639648
38,0.329120,0.509284,12078.852539
39,0.331793,0.520329,12611.265625
40,0.264414,0.523591,12927.350586
41,0.234005,0.529936,13293.381836
42,0.229648,0.529345,13443.145508
43,0.281619,0.534095,14025.429688
44,0.334189,0.520379,14674.305664
45,0.330989,0.528910,14757.603516
46,0.232307,0.545604,15339.854492
47,0.228973,0.535704,15606.094727
48,0.154202,0.593284,16155.156250
49,0.253615,0.565714,16471.271484
50,0.253154,0.550979,16770.693359
51,0.288882,0.508968,17120.066406
52,0.501299,0.349117,18218.123047
53,0.536551,0.358038,18550.935547
54,0.641918,0.252477,19066.630859
55,0.681572,0.248666,19299.636719
56,0.716195,0.231368,19632.455078
57,0.727818,0.223503,19831.966797
58,0.719450,0.236862,20014.990234
59,0.617851,0.208488,20381.105469
60,0.784790,0.218995,20896.765625
61,0.801767,0.208489,21046.578125
62,0.861038,0.259616,21462.498047
63,0.000954,0.252056,22061.498047
64,0.961424,0.334806,22543.958984
65,0.971787,0.364435,22660.376953
66,0.030430,0.423772,22926.632812
67,0.056459,0.367324,23342.531250
68,0.068674,0.339465,23791.835938
69,0.058707,0.354877,24074.574219
70,0.044502,0.361418,24374.037109
71,0.046338,0.360516,24590.345703
0,0.776199,0.610053,99.900536
1,0.776752,0.491289,432.585388
2,0.759471,0.105152,1880.174805
3,0.662754,0.348566,2429.165039
4,0.642100,0.407299,2728.575684
5,0.605819,0.452188,3260.977783
6,0.810535,0.200285,5024.644043
7,0.861086,0.145177,5257.536621
8,0.871527,0.282940,5523.717285
9,0.837960,0.521835,6172.570312
10,0.920544,0.554886,6472.063965
11,0.838324,0.560496,6671.698242
12,0.833661,0.554746,6771.560547
13,0.884224,0.523065,6954.544922
14,0.748203,0.507136,7353.854980
15,0.805868,0.473660,7703.240234
16,0.802739,0.491227,8052.621582
17,0.808649,0.496993,8202.369141
18,0.808216,0.530604,8418.639648
19,0.826875,0.548630,9000.953125
20,0.824775,0.567598,9183.996094
21,0.827323,0.562235,9283.789062
22,0.876216,0.549064,9483.460938
23,0.943906,0.536493,9733.039062
24,0.938212,0.525694,9999.220703
25,0.025566,0.487433,10381.884766
26,0.996195,0.484668,10681.351562
27,0.037718,0.474657,11014.128906
28,0.061815,0.527417,11330.219727
29,0.178560,0.504985,11729.519531
30,0.178151,0.518621,11912.551758
31,0.247993,0.962814,13426.571289
32,0.423868,0.704304,14042.166016
33,0.395437,0.489131,14541.276367
34,0.364986,0.456268,14707.648438
35,0.403952,0.057108,16487.882812
36,0.440662,0.066523,16587.699219
37,0.373951,0.018656,17286.490234
38,0.452047,0.066210,18567.585938
39,0.649062,0.187212,19149.958984
40,0.710574,0.234000,19416.080078
41,0.629787,0.393116,19782.121094
42,0.656313,0.500281,20264.595703
43,0.803758,0.451977,21645.523438
44,0.753388,0.403190,21978.269531
45,0.756339,0.471350,22427.486328
46,0.763564,0.463667,22643.783203
47,0.776463,0.504177,22959.914062
48,0.776597,0.524544,23093.019531
49,0.799642,0.550524,23342.570312
50,0.795720,0.615167,23741.910156
51,0.657845,0.557397,24224.376953
52,0.659525,0.558209,24390.767578
53,0.715577,0.877604,24956.412109
0,0.739052,0.510980,299.486511
1,0.681011,0.574721,732.029236
2,0.661172,0.575578,964.953552
3,0.642280,0.568436,1297.730469
4,0.670917,0.421198,1880.017822
5,0.616133,0.436037,2379.136963
6,0.625192,0.427206,2495.651367
7,0.528807,0.446231,2795.106934
8,0.489537,0.403738,3161.111816
9,0.472243,0.386406,3443.977783
10,0.438271,0.456605,3660.256836
11,0.444117,0.466598,3776.718262
12,0.470762,0.378307,4076.193604
13,0.491060,0.389271,4591.982910
14,0.366056,0.510569,5024.555664
15,0.418567,0.533182,5390.547852
16,0.430143,0.543342,5590.204102
17,0.491822,0.534510,5789.858398
18,0.485185,0.525839,6022.778809
19,0.522557,0.460735,6288.983887
20,0.524160,0.409005,6638.377441
21,0.532677,0.435278,6838.034668
22,0.553390,0.517445,7104.226562
23,0.516679,0.510552,7387.095215
24,0.482646,0.495248,7969.386230
25,0.557323,0.505761,8352.088867
26,0.565689,0.495950,8535.075195
27,0.659730,0.544880,8984.266602
28,0.666564,0.544389,9100.730469
29,0.669492,0.523554,9300.388672
30,0.770527,0.516362,9799.513672
31,0.797541,0.505970,9949.298828
32,0.831574,0.448655,10198.828125
33,0.887653,0.446712,10548.195312
34,0.879142,0.434998,10697.943359
35,0.879497,0.423046,10864.318359
36,0.854374,0.527061,11163.796875
37,0.854205,0.537622,11263.617188
38,0.851695,0.543627,11363.453125
39,0.957741,0.442180,11779.398438
40,0.992992,0.488192,12045.598633
41,0.948118,0.444379,12261.870117
42,0.959568,0.455668,12444.924805
43,0.020145,0.520510,12761.033203
44,0.065231,0.556212,12977.295898
45,0.068904,0.548430,13210.230469
46,0.138455,0.490601,13742.763672
47,0.140386,0.477659,13842.459961
48,0.141835,0.466800,13975.537109
49,0.149576,0.456363,14125.306641
50,0.134833,0.457242,14374.843750
51,0.140556,0.461054,14557.877930
52,0.212397,0.497951,14774.158203
53,0.219386,0.478807,14940.524414
54,0.259539,0.497749,15256.637695
55,0.259147,0.493298,15356.458984
56,0.266168,0.469685,15905.521484
57,0.289886,0.430461,16155.072266
58,0.300892,0.360440,16338.123047
59,0.295294,0.337254,16537.728516
60,0.348197,0.510272,16986.960938
61,0.374415,0.524056,17402.917969
62,0.316737,0.446117,17619.214844
63,0.366516,0.456783,17902.039062
64,0.361979,0.427974,18118.320312
65,0.148020,0.550457,18667.361328
66,0.119415,0.569195,18916.917969
67,0.049295,0.529785,19482.613281
68,0.062372,0.570559,19915.164062
69,0.073707,0.576357,20131.468750
70,0.999103,0.498319,20331.117188
71,0.039037,0.494922,21262.822266
72,0.058223,0.529141,21512.378906
73,0.934855,0.547751,21978.244141
74,0.895541,0.555115,22194.533203
75,0.875543,0.574601,22394.183594
76,0.816721,0.560518,22710.296875
77,0.820686,0.560591,22826.742188
78,0.802503,0.592606,23109.611328
79,0.784992,0.568885,23292.597656
80,0.752573,0.521298,23758.458984
81,0.773140,0.519191,24074.599609
82,0.738933,0.520612,24374.064453
83,0.688916,0.530786,24673.527344
0,0.754565,0.560590,83.180199
1,0.749424,0.531944,332.734528
2,0.749261,0.496781,682.139954
3,0.749919,0.396671,964.941345
4,0.769334,0.317228,1330.974731
5,0.790058,0.158905,1896.703857
6,0.882628,0.253272,2262.705322
7,0.871128,0.275090,2412.409668
8,0.890991,0.229025,2994.754150
9,0.938323,0.369051,3244.379883
10,0.870481,0.557071,3793.391602
11,0.854619,0.564043,4076.209473
12,0.822608,0.567689,4458.897461
13,0.828473,0.596520,4725.091797
14,0.893002,0.602952,5041.208008
15,0.928124,0.563467,5656.753418
16,0.898300,0.495486,5839.754395
17,0.865934,0.446033,6122.632324
18,0.818911,0.470596,6505.266113
19,0.857681,0.396654,6738.222656
20,0.848155,0.394939,6987.772949
21,0.650836,0.532232,7952.772461
22,0.588060,0.550954,8468.539062
23,0.522364,0.538350,8917.725586
24,0.677506,0.526308,9333.667969
25,0.665017,0.532250,9766.275391
26,0.850207,0.325944,10481.731445
27,0.769763,0.229754,10947.526367
28,0.757026,0.276930,11197.061523
29,0.863099,0.272099,11396.751953
30,0.850233,0.275965,11729.501953
31,0.642164,0.526702,12761.043945
32,0.648475,0.529037,12960.649414
33,0.643021,0.530556,13143.681641
34,0.555100,0.373331,13609.516602
35,0.551858,0.322665,13859.178711
36,0.563016,0.281821,14042.173828
37,0.472146,0.270245,14291.676758
38,0.442734,0.356772,14541.278320
39,0.479882,0.465279,14807.460938
40,0.508174,0.544058,15090.288086
41,0.526450,0.533742,15273.302734
42,0.518540,0.534643,15522.875977
43,0.361288,0.516091,15988.687500
44,0.334875,0.508969,16288.264648
45,0.336863,0.562268,16853.878906
46,0.244017,0.506876,17253.152344
47,0.235458,0.501305,17386.271484
48,0.182111,0.466820,17785.574219
49,0.148946,0.531365,18035.146484
50,0.160261,0.389358,18484.363281
51,0.250341,0.372845,18733.984375
52,0.260075,0.371916,18933.539062
53,0.261299,0.324615,19149.871094
54,0.306800,0.297702,19549.162109
55,0.341959,0.387249,19948.527344
56,0.382497,0.538521,20364.402344
57,0.344387,0.522970,20630.623047
58,0.310344,0.471395,21296.105469
59,0.346996,0.433915,21529.048828
60,0.381773,0.529385,21828.507812
61,0.382447,0.533655,21961.603516
62,0.341862,0.522593,22726.927734
63,0.348544,0.478699,23508.894531
64,0.355743,0.447787,23691.906250
65,0.350948,0.418460,23891.568359
66,0.351379,0.403931,23991.410156
67,0.376571,0.335307,24141.132812
68,0.404630,0.270784,24324.119141
69,0.414319,0.223571,24557.083984
70,0.433048,0.151202,24756.707031
0,0.708236,0.564214,49.907570
1,0.607332,0.396203,931.706848
2,0.626239,0.374678,1181.306030
3,0.548190,0.441177,1497.417236
4,0.511745,0.468489,1680.483887
5,0.478198,0.398585,1979.913696
6,0.495177,0.278619,2262.697021
7,0.507839,0.292759,2412.554443
8,0.528504,0.340096,2978.172363
9,0.864670,0.458939,3527.228516
10,0.905007,0.356421,3743.491699
11,0.934167,0.349672,4009.708496
12,0.002893,0.393484,4442.301758
13,0.050298,0.413531,4658.561523
14,0.040517,0.420335,4958.087891
15,0.990985,0.494378,5157.710938
16,0.043435,0.479922,5590.218750
17,0.878101,0.524749,6205.842285
18,0.811425,0.513481,6671.679199
19,0.770475,0.513334,6854.773926
20,0.765285,0.480239,7070.964844
21,0.504018,0.509178,8135.844727
22,0.516813,0.472957,8318.847656
23,0.517512,0.452686,8501.831055
24,0.482180,0.458418,8784.687500
25,0.528604,0.479123,9217.229492
26,0.553936,0.489508,9483.436523
27,0.530171,0.457118,9699.786133
28,0.567870,0.471052,10065.778320
29,0.063124,0.608454,11579.792969
30,0.064675,0.460232,11895.941406
31,0.054716,0.441366,12062.254883
32,0.158045,0.422718,12627.962891
33,0.155604,0.447996,12777.656250
34,0.234640,0.385926,13393.316406
35,0.182407,0.457184,14058.765625
36,0.310247,0.371315,14557.982422
37,0.317145,0.349996,14657.704102
38,0.344062,0.374264,15256.702148
39,0.334865,0.452181,15456.346680
40,0.318215,0.206262,18101.724609
41,0.309652,0.217038,18268.166016
42,0.683103,0.114465,19316.279297
43,0.799133,0.108316,19898.552734
44,0.806615,0.126306,20015.076172
45,0.837251,0.094307,20198.044922
46,0.875311,0.087520,20347.777344
47,0.039581,0.206920,20796.996094
48,0.893039,0.224309,24024.671875
49,0.877213,0.211119,24157.804688
50,0.862819,0.409201,24973.093750
0,0.796805,0.667152,33.213604
1,0.799668,0.697429,149.741608
2,0.740230,0.776968,482.463104
3,0.709205,0.734141,648.880188
4,0.647751,0.641169,881.725952
5,0.639669,0.551147,1097.998291
6,0.629149,0.510232,1264.475220
7,0.665857,0.510739,1513.977051
8,0.742162,0.490810,1896.643311
9,0.713218,0.573916,2229.357422
10,0.690053,0.685010,2479.008789
11,0.685236,0.690092,2678.659424
12,0.643056,0.529624,3127.812256
13,0.672577,0.508666,3277.631348
14,0.702790,0.502217,3493.828125
15,0.707973,0.593677,3760.125488
16,0.705563,0.692921,4042.850342
17,0.690945,0.697295,4192.636230
18,0.657106,0.540197,4508.708008
19,0.665076,0.514641,4725.017578
20,0.752392,0.484500,5107.688965
21,0.777449,0.493488,5440.496582
22,0.743143,0.395201,5856.362305
23,0.744010,0.405601,6172.573730
24,0.875654,0.379516,6621.710938
25,0.869496,0.389831,6738.175781
26,0.897531,0.551850,7337.109375
27,0.952474,0.422769,7636.628906
28,0.033983,0.365653,7936.050781
29,0.041473,0.363506,8218.926758
30,0.045865,0.482562,8485.130859
31,0.063470,0.526289,8751.309570
32,0.136360,0.454493,9150.671875
33,0.147464,0.458102,9416.823242
34,0.123139,0.462874,9782.866211
35,0.134593,0.466113,10281.960938
36,0.133256,0.557811,10514.905273
37,0.172777,0.546119,10980.735352
38,0.173725,0.554079,11197.076172
39,0.220164,0.487630,11396.686523
40,0.172459,0.421039,11779.365234
41,0.128914,0.445739,11979.011719
42,0.109800,0.454170,12261.847656
43,0.007448,0.366485,12561.297852
44,0.995647,0.324685,12860.792969
45,0.999033,0.316970,13010.512695
46,0.912623,0.399975,13310.041016
47,0.867426,0.334832,13576.226562
48,0.850688,0.245941,14042.079102
49,0.808853,0.219771,14308.241211
50,0.610812,0.471889,15056.952148
51,0.541144,0.496745,15356.474609
52,0.669438,0.507069,15805.661133
53,0.661172,0.503135,15938.768555
54,0.658130,0.508853,16071.840820
55,0.623313,0.597457,16271.571289
56,0.353708,0.518036,17336.292969
57,0.316029,0.511661,17486.087891
58,0.243906,0.504970,17752.259766
59,0.234391,0.503606,17985.166016
60,0.242091,0.354438,18367.830078
61,0.243064,0.343927,18600.773438
62,0.293147,0.231625,18933.541016
63,0.256500,0.277847,19149.802734
64,0.367733,0.239028,19682.187500
65,0.387660,0.251827,19815.310547
66,0.415952,0.273536,20164.693359
67,0.329150,0.159942,20430.935547
68,0.367957,0.261596,21146.310547
69,0.480822,0.350251,21529.035156
70,0.499174,0.392459,21778.582031
71,0.519196,0.439902,22011.460938
72,0.514738,0.449003,22310.976562
73,0.768671,0.452891,23059.671875
74,0.757767,0.417829,23275.919922
75,0.670276,0.437964,23525.566406
76,0.692743,0.434383,23725.156250
77,0.804883,0.435573,24423.931641
78,0.782242,0.484657,24690.140625
79,0.776980,0.492298,24939.710938
0,0.740409,0.486602,682.107178
1,0.786916,0.227346,1247.876831
2,0.875438,0.071480,2013.155640
3,0.699474,0.078159,2296.017334
4,0.592975,0.121216,2578.872803
5,0.601715,0.134002,2978.189453
6,0.195318,0.080893,3394.064697
7,0.128950,0.096254,3643.706055
8,0.713341,0.248911,4658.539062
9,0.660802,0.253645,4958.012207
10,0.259633,0.162759,5423.860352
11,0.346127,0.171722,5956.325684
12,0.226927,0.127065,6239.178223
13,0.847538,0.090185,6738.266602
14,0.811987,0.208315,6971.239746
15,0.467203,0.116196,7603.426758
16,0.409001,0.136745,7736.463867
17,0.424920,0.110993,8135.802246
18,0.874323,0.305489,9433.492188
19,0.850625,0.426650,10049.073242
20,0.849852,0.407327,10315.326172
21,0.863125,0.397003,10564.847656
22,0.897736,0.507813,11579.755859
23,0.886416,0.475869,11712.897461
24,0.824529,0.477687,11979.164062
25,0.834316,0.636776,12178.719727
26,0.892707,0.646856,12461.580078
27,0.879568,0.631824,12611.276367
28,0.829464,0.698114,13110.451172
29,0.794683,0.646476,13276.785156
30,0.780853,0.613298,13409.880859
31,0.774317,0.500615,13825.852539
32,0.783717,0.446467,14108.674805
33,0.743930,0.387679,14391.550781
34,0.655035,0.442792,14690.972656
35,0.641173,0.503090,15256.704102
36,0.647502,0.562516,15822.353516
37,0.613661,0.467698,16188.410156
38,0.687713,0.107767,16754.021484
39,0.663996,0.640495,17402.923828
40,0.507440,0.562160,19382.798828
41,0.510922,0.562600,19499.292969
42,0.503371,0.563802,19599.130859
43,0.504809,0.555358,19782.070312
44,0.477368,0.379435,20081.591797
45,0.466022,0.364010,20264.562500
46,0.465774,0.341315,20497.556641
47,0.516614,0.462185,20763.710938
48,0.430341,0.507280,21046.652344
49,0.381510,0.597554,21296.132812
50,0.362537,0.468736,21529.013672
51,0.350226,0.575066,22028.138672
52,0.371855,0.518629,22294.400391
53,0.368547,0.525048,22510.710938
54,0.261752,0.587902,22743.562500
55,0.255702,0.582351,22959.888672
56,0.277084,0.473169,23209.406250
57,0.242020,0.310730,23592.130859
58,0.254831,0.254881,23841.671875
0,0.760688,0.534092,349.268921
1,0.740795,0.543105,815.089783
2,0.654902,0.621083,1347.495605
3,0.635823,0.598425,1547.174316
4,0.817216,0.687542,1813.351318
5,0.696490,0.651769,2179.396240
6,0.742209,0.636725,2562.052246
7,0.750339,0.624884,2978.016113
8,0.808321,0.556744,3427.216064
9,0.806575,0.557908,3643.493896
10,0.951748,0.759624,4458.735352
11,0.893464,0.541628,4774.858398
12,0.940389,0.571496,5140.914551
13,0.983237,0.548449,5523.558594
14,0.030047,0.514461,5889.573730
15,0.079126,0.533013,6222.344727
16,0.078370,0.527028,6338.767090
17,0.074731,0.501309,6671.551758
18,0.052970,0.472501,6954.374023
19,0.039688,0.476074,7470.150879
20,0.028126,0.513013,7802.881348
21,0.022232,0.450968,8368.558594
22,0.031214,0.426249,8801.138672
23,0.016463,0.322444,9200.447266
24,0.947581,0.361771,9449.998047
25,0.857341,0.403856,9832.684570
26,0.743005,0.446990,10631.291992
27,0.734033,0.280117,11113.770508
28,0.682683,0.398168,11513.145508
29,0.640041,0.564046,12195.261719
30,0.649108,0.556832,12361.604492
31,0.608027,0.327133,12977.164062
32,0.528441,0.411480,13243.432617
33,0.523599,0.536101,13526.229492
34,0.512838,0.565929,13809.069336
35,0.551680,0.544688,14075.247070
36,0.564709,0.405928,14541.118164
37,0.563121,0.321941,14774.055664
38,0.560571,0.320163,14940.454102
39,0.657319,0.172830,15572.686523
40,0.743132,0.219831,16188.235352
41,0.832099,0.218092,16637.439453
42,0.840619,0.169626,16853.748047
43,0.791186,0.250233,17136.585938
44,0.722761,0.264197,17402.785156
45,0.723780,0.205006,17702.244141
46,0.853876,0.615766,19133.121094
47,0.900776,0.570471,19515.744141
48,0.877241,0.430123,19881.802734
49,0.857488,0.424236,20031.507812
50,0.865163,0.415936,20314.347656
51,0.946691,0.464175,20913.345703
52,0.947200,0.477849,21046.412109
53,0.874082,0.433586,21379.158203
54,0.855876,0.419229,21628.748047
55,0.862538,0.412560,21878.300781
56,0.881143,0.675296,22327.509766
57,0.950155,0.688765,22776.755859
58,0.900295,0.593820,23225.978516
59,0.823535,0.603098,23508.759766
60,0.819162,0.591982,23708.433594
61,0.819447,0.576731,23891.455078
62,0.825643,0.578060,23991.285156
63,0.748600,0.540789,24606.886719
64,0.720209,0.559331,24773.244141
0,0.745659,0.450742,16.552341
1,0.769484,0.552916,382.570160
2,0.820619,0.566857,715.312195
3,0.869734,0.561732,1081.377808
4,0.908375,0.568818,1597.216431
5,0.943435,0.557123,2046.369751
6,0.935484,0.558015,2246.062256
7,0.880394,0.548574,2628.727295
8,0.892529,0.546955,2961.394043
9,0.845820,0.550493,3443.879150
10,0.814202,0.539275,3826.559326
11,0.819681,0.536190,4042.813721
12,0.803011,0.518680,4192.571289
13,0.657568,0.553056,4691.747559
14,0.640621,0.553204,4941.291016
15,0.649508,0.536254,5090.993164
16,0.651310,0.639248,6222.359375
17,0.648041,0.615779,6521.835938
18,0.644472,0.544938,6738.108398
19,0.761262,0.512737,7520.092285
20,0.687923,0.550481,8035.878418
21,0.692146,0.543793,8185.606445
22,0.497829,0.517244,9167.228516
23,0.506987,0.520536,9366.871094
24,0.472547,0.520306,9566.500000
25,0.382078,0.508636,10265.284180
26,0.360563,0.501328,10415.032227
27,0.337903,0.498495,10980.703125
28,0.341751,0.503832,11180.358398
29,0.371612,0.523777,11330.093750
30,0.376590,0.552669,11729.398438
31,0.370667,0.618733,11895.775391
32,0.369827,0.574335,12211.944336
33,0.230276,0.492746,12677.743164
34,0.234917,0.498866,12894.041992
35,0.243697,0.496070,13126.950195
36,0.266300,0.486718,13260.082031
37,0.475532,0.528299,14241.682617
38,0.581786,0.552882,14840.656250
39,0.545866,0.530205,15173.389648
40,0.553151,0.517275,15356.402344
41,0.679026,0.563939,15972.000000
42,0.670302,0.544739,16171.686523
43,0.778409,0.526589,16637.507812
44,0.911154,0.575160,17303.007812
45,0.905907,0.571146,17386.197266
46,0.854232,0.553152,17585.886719
47,0.025452,0.539759,18001.789062
48,0.076463,0.559989,18384.464844
49,0.067577,0.557002,18484.253906
50,0.045090,0.567314,18700.564453
51,0.160936,0.593304,18983.390625
52,0.180018,0.569673,19183.056641
53,0.174074,0.546272,19399.326172
54,0.176744,0.592825,20297.755859
55,0.875390,0.559943,21063.093750
56,0.845311,0.557265,21279.367188
57,0.817897,0.550096,21828.433594
58,0.785203,0.590050,22127.884766
59,0.827954,0.567731,22427.365234
60,0.905961,0.552023,22810.039062
61,0.934290,0.554018,23392.335938
62,0.974707,0.561372,23741.746094
63,0.019859,0.536319,24091.138672
0,0.737607,0.622921,316.143188
1,0.759786,0.524129,582.370300
2,0.874416,0.562793,1081.509766
3,0.871082,0.564127,1214.625244
4,0.875473,0.548953,1347.700806
5,0.883820,0.365790,2345.944092
6,0.854595,0.073253,3011.458740
7,0.912597,0.050086,3177.894287
8,0.628943,0.148552,3793.453125
9,0.645917,0.151425,3909.953613
10,0.606245,0.267763,4092.904541
11,0.623063,0.608632,4791.699219
12,0.673129,0.524952,5224.244141
13,0.576001,0.544092,5673.542969
14,0.586424,0.539698,5790.001953
15,0.522121,0.540878,6006.299316
16,0.502369,0.537390,6239.121582
17,0.475730,0.344165,6621.840332
18,0.419527,0.097250,7636.707520
19,0.374157,0.116031,8069.292969
20,0.351630,0.186131,8485.210938
21,0.307765,0.207197,8801.311523
22,0.255245,0.146315,9117.432617
23,0.269418,0.171134,9233.955078
24,0.219047,0.460718,9666.478516
25,0.254756,0.578866,10182.235352
26,0.257168,0.571953,10381.931641
27,0.261227,0.540923,11080.708984
28,0.374063,0.513622,11729.546875
29,0.355873,0.489878,12361.789062
30,0.532811,0.350318,12977.400391
31,0.529209,0.351064,13143.752930
32,0.489525,0.323889,13426.651367
33,0.742255,0.428500,14025.510742
34,0.781085,0.436981,14341.643555
35,0.910971,0.413024,14757.597656
36,0.886095,0.350095,14990.507812
37,0.870998,0.370042,15190.201172
38,0.883413,0.379938,15606.199219
39,0.037738,0.361465,16055.357422
40,0.078401,0.582841,16537.837891
41,0.078686,0.568132,16654.296875
42,0.080357,0.575011,16754.134766
43,0.162394,0.450266,17036.921875
44,0.150441,0.440890,17120.148438
45,0.134358,0.429887,17502.783203
46,0.140854,0.428247,17719.113281
47,0.138423,0.466821,18068.482422
48,0.232772,0.486021,18717.347656
49,0.266927,0.529038,19000.212891
50,0.270257,0.522671,19183.189453
51,0.297448,0.536378,19881.972656
52,0.366904,0.541178,20131.548828
53,0.068199,0.610486,21845.216797
54,0.009128,0.533323,22178.027344
55,0.894897,0.588158,22943.283203
56,0.852794,0.562080,23142.916016
57,0.760651,0.541997,23775.181641
58,0.702301,0.583843,24124.564453
59,0.709178,0.561502,24324.279297
60,0.658386,0.548936,24490.568359
61,0.662787,0.538215,24706.933594
0,0.727140,0.618499,515.722046
1,0.703869,0.633293,881.765076
2,0.625823,0.452066,1514.022949
3,0.663382,0.511056,1796.823120
4,0.796772,0.115545,2894.962891
5,0.878454,0.286509,3527.217773
6,0.917920,0.376264,3843.267578
7,0.873233,0.389722,4042.903320
8,0.864774,0.390511,4192.762695
9,0.859226,0.389194,4475.578125
10,0.864971,0.264849,4891.450195
11,0.866421,0.234791,5041.282227
12,0.052808,0.510685,6006.208008
13,0.086454,0.543580,6422.213867
14,0.145449,0.458030,7087.616211
15,0.136267,0.448619,7287.338379
16,0.173906,0.550059,7952.781250
17,0.266474,0.504828,8618.287109
18,0.259937,0.501148,8934.388672
19,0.325701,0.439286,9217.219727
20,0.374250,0.505922,9633.157227
21,0.391840,0.505344,9915.994141
22,0.369503,0.427912,10198.823242
23,0.397636,0.427778,10431.804688
24,0.406365,0.440277,10564.895508
25,0.504046,0.392555,11413.441406
26,0.515448,0.386051,11762.771484
27,0.515773,0.389000,11895.880859
28,0.498268,0.380587,12162.140625
29,0.539872,0.395948,12345.061523
30,0.548473,0.367081,12594.756836
31,0.493947,0.513258,13027.193359
32,0.620406,0.548334,13626.155273
33,0.652549,0.473806,13925.739258
34,0.643225,0.455583,14108.660156
35,0.636483,0.444917,14258.462891
36,0.660109,0.471053,14424.746094
37,0.671654,0.514378,14707.596680
38,0.663504,0.527090,14840.748047
39,0.606035,0.739940,15456.304688
40,0.626099,0.713125,15755.806641
41,0.406023,0.745411,16254.970703
42,0.404230,0.737871,16437.914062
43,0.402461,0.717855,16920.431641
44,0.405904,0.711198,17136.720703
45,0.412569,0.710563,17669.115234
46,0.339239,0.636814,18134.984375
47,0.326721,0.652238,18367.960938
48,0.419951,0.686434,18833.773438
49,0.415717,0.690100,19000.205078
50,0.376436,0.462514,19599.072266
51,0.493974,0.349874,20613.992188
52,0.492682,0.364490,20780.375000
53,0.494093,0.387803,20980.023438
54,0.485833,0.384745,21246.207031
55,0.525100,0.415134,21529.064453
56,0.585231,0.252033,21978.277344
57,0.590163,0.265625,22078.060547
58,0.224751,0.373814,22959.849609
59,0.249189,0.356654,23142.882812
60,0.306707,0.408788,23392.515625
61,0.312444,0.446897,23542.189453
62,0.209158,0.504397,23891.566406
63,0.197713,0.492037,24074.666016
64,0.198210,0.482641,24174.488281
65,0.159282,0.557041,24640.349609
0,0.758213,0.528193,332.760071
1,0.801789,0.559453,648.884460
2,0.803166,0.588098,815.304688
3,0.840146,0.569679,1480.753296
4,0.862172,0.554464,1879.978149
5,0.908152,0.554687,2295.975586
6,0.908091,0.554889,2462.383789
7,0.935617,0.559188,2612.089111
8,0.887258,0.403418,2978.095703
9,0.864776,0.369706,3294.284180
10,0.852699,0.385193,3410.801514
11,0.858586,0.390654,3693.452637
12,0.880302,0.234801,3959.699707
13,0.036532,0.469197,4675.096680
14,0.078769,0.544272,5157.636230
15,0.050631,0.559892,5423.824219
16,0.064369,0.538174,5706.660156
17,0.004005,0.507865,5956.199219
18,0.032706,0.349829,6322.305176
19,0.043055,0.355988,6521.900879
20,0.027716,0.535034,6838.065918
21,0.134496,0.537043,7154.179199
22,0.138978,0.471480,7437.045410
23,0.127123,0.463690,7669.922363
24,0.138607,0.459707,7936.136719
25,0.125031,0.471815,8102.614746
26,0.174068,0.561102,8335.431641
27,0.189966,0.598132,8768.049805
28,0.168707,0.568871,9217.224609
29,0.254634,0.523962,9782.877930
30,0.258432,0.505955,9916.028320
31,0.263337,0.414675,10348.579102
32,0.260586,0.370983,10564.918945
33,0.268091,0.321620,10764.493164
34,0.205974,0.479425,11230.321289
35,0.186103,0.417178,11479.931641
36,0.158869,0.580114,11712.825195
37,0.127498,0.584773,11979.102539
38,0.104950,0.488449,12245.253906
39,0.116304,0.471200,12494.807617
40,0.079279,0.427761,12877.407227
41,0.046184,0.377016,13077.091797
42,0.032638,0.324418,13243.408203
43,0.028620,0.307230,13409.818359
44,0.923457,0.265918,14258.400391
45,0.879795,0.314303,14474.674805
46,0.846643,0.391871,14757.549805
47,0.843546,0.426598,15456.289062
48,0.828246,0.369676,15905.504883
49,0.819296,0.355888,16404.589844
50,0.818635,0.349174,16654.148438
51,0.582838,0.574070,19149.802734
52,0.532609,0.549206,19366.041016
53,0.504612,0.533519,19615.662109
54,0.499831,0.518015,19948.449219
55,0.461953,0.516507,20380.927734
56,0.464513,0.517250,20580.636719
57,0.468830,0.515719,20830.156250
58,0.496218,0.545966,21445.751953
59,0.476086,0.605540,22327.490234
60,0.414900,0.537095,22643.638672
61,0.411879,0.524935,22810.039062
62,0.358878,0.514657,23109.501953
63,0.331196,0.508481,23558.736328
