Idx, longitude, latitude, start timestamp
0,0.724484,0.391354,499.116547
1,0.747615,0.308705,732.205017
2,0.694787,0.362675,1264.591064
3,0.599837,0.233872,1796.937500
4,0.616692,0.136856,2046.484619
5,0.692286,0.087924,2362.696533
6,0.487822,0.271233,2595.510498
7,0.525994,0.328298,3028.109863
8,0.489659,0.100800,3610.488037
9,0.750190,0.357116,4275.974609
10,0.747226,0.321493,4409.066406
11,0.956008,0.324337,5107.836914
12,0.945761,0.315812,5457.194336
13,0.053665,0.386504,6056.205566
14,0.056656,0.413795,6305.688965
15,0.071287,0.416662,6705.107422
16,0.034778,0.497743,6904.666992
17,0.073302,0.430609,7220.759766
18,0.064505,0.434824,7370.567383
19,0.135287,0.308205,7836.349121
20,0.070567,0.356882,8085.890625
21,0.069935,0.384095,8402.030273
22,0.047230,0.573477,9067.452148
23,0.762787,0.494849,10049.078125
24,0.768477,0.429119,10365.317383
25,0.514582,0.478957,11679.528320
26,0.527773,0.447841,11945.825195
27,0.503491,0.447502,12112.193359
28,0.521527,0.441311,12578.084961
29,0.516631,0.440870,12827.641602
30,0.466485,0.438762,13077.170898
31,0.483161,0.509800,13825.908203
32,0.927312,0.735625,15073.590820
33,0.028643,0.518461,16587.697266
34,0.038202,0.483033,16887.208984
35,0.085784,0.380614,17386.328125
36,0.083433,0.368428,17602.574219
37,0.088516,0.345278,18101.666016
38,0.252773,0.354838,20380.996094
39,0.247961,0.351954,20880.128906
40,0.253306,0.351375,21079.738281
41,0.747791,0.331503,23791.730469
42,0.673512,0.397013,24540.443359
43,0.783074,0.577344,24789.921875
0,0.756436,0.531357,282.790955
1,0.656364,0.543666,632.147461
2,0.664918,0.529617,798.581848
3,0.593773,0.438319,1197.909424
4,0.588182,0.425422,1380.927124
5,0.571667,0.346921,1580.557007
6,0.553202,0.319247,1763.500977
7,0.521134,0.337541,1996.544556
8,0.514888,0.349820,2246.051270
9,0.530237,0.351482,2562.147705
10,0.415194,0.179262,3011.347168
11,0.426669,0.149594,3211.042236
12,0.594981,0.129135,3493.897461
13,0.587430,0.200340,3959.760254
14,0.388651,0.523661,4758.320801
15,0.369540,0.524858,4941.241699
16,0.455250,0.521260,5290.743164
17,0.537360,0.516545,5806.458008
18,0.590405,0.508598,5989.428223
19,0.744972,0.507733,6671.545410
20,0.772270,0.503219,6838.005859
21,0.769754,0.504894,6971.103027
22,0.797602,0.494664,7154.160645
23,0.794476,0.483982,7337.227539
24,0.744176,0.340423,7769.708496
25,0.738988,0.322924,7919.414551
26,0.887058,0.318983,8684.830078
27,0.932284,0.341419,9366.923828
28,0.950291,0.335859,9616.503906
29,0.007301,0.359488,10315.282227
30,0.006723,0.362500,10548.184570
31,0.008987,0.362691,10797.794922
32,0.046644,0.455801,13359.975586
33,0.044630,0.395638,13792.462891
34,0.060190,0.387389,14042.130859
35,0.058127,0.369385,14241.700195
36,0.064208,0.379557,14474.690430
37,0.061922,0.393438,16021.930664
38,0.070260,0.380873,16221.573242
39,0.244966,0.422552,17519.291016
40,0.241411,0.391967,17719.041016
41,0.240773,0.397269,17968.552734
42,0.229614,0.396198,18484.269531
43,0.239965,0.378119,18733.880859
44,0.149824,0.325522,19282.882812
45,0.212573,0.061735,22227.773438
46,0.817857,0.502223,24174.386719
47,0.846737,0.492872,24473.861328
0,0.784732,0.510873,482.445404
1,0.803764,0.452295,781.830444
2,0.814118,0.384828,981.501831
3,0.824053,0.350427,1414.127075
4,0.850222,0.356682,1846.681763
5,0.902727,0.341949,2112.888672
6,0.902395,0.317554,2462.297363
7,0.900655,0.319260,2678.532471
8,0.877442,0.526047,2994.686768
9,0.949419,0.568246,3427.282959
10,0.049675,0.553446,3926.366211
11,0.077800,0.476643,4109.393555
12,0.065081,0.459314,4275.819336
13,0.056996,0.467308,4442.135742
14,0.038937,0.495578,4708.384277
15,0.064113,0.435638,5107.654785
16,0.076952,0.422852,5274.023438
17,0.083306,0.407294,5456.966309
18,0.049117,0.470058,5806.355957
19,0.049575,0.523637,6338.842773
20,0.014859,0.396996,6738.097656
21,0.010663,0.366489,6937.723145
22,0.077788,0.411353,7253.908203
23,0.074837,0.434155,7636.592773
24,0.048479,0.502436,8185.580566
25,0.058161,0.444442,8451.811523
26,0.903753,0.499268,9067.349609
27,0.771234,0.520867,9616.433594
28,0.755332,0.520281,9816.029297
29,0.753970,0.376497,10148.836914
30,0.745591,0.353310,10331.831055
31,0.745561,0.367156,10647.935547
32,0.746800,0.337298,10797.686523
33,0.738904,0.352525,11147.100586
34,0.676856,0.522186,11380.066406
35,0.752519,0.350503,11795.901367
36,0.743559,0.339395,12311.749023
37,0.749934,0.384466,13626.158203
38,0.750127,0.353054,13775.932617
39,0.902083,0.307406,14258.231445
40,0.891386,0.322591,14474.631836
41,0.785959,0.427581,15456.257812
42,0.720596,0.522752,15938.756836
43,0.529049,0.338997,18417.707031
44,0.525276,0.207594,19199.664062
45,0.244127,0.382110,21395.892578
46,0.248533,0.396841,21828.429688
47,0.246774,0.457412,22161.152344
48,0.223659,0.431889,22676.898438
49,0.256316,0.549537,23109.474609
50,0.265060,0.625773,23542.123047
0,0.776043,0.478763,332.708221
1,0.736085,0.365399,632.246887
2,0.712439,0.294574,848.367004
3,0.761838,0.356747,1563.767334
4,0.539256,0.019721,2212.697021
5,0.136796,0.038395,2429.052246
6,0.196447,0.075965,2678.430420
7,0.176254,0.075761,2894.868652
8,0.182062,0.061832,3144.334473
9,0.203371,0.067071,3327.322998
10,0.414486,0.203611,3893.058105
11,0.400653,0.195443,4209.104980
12,0.427601,0.126136,5423.599609
13,0.431020,0.090552,5656.639648
14,0.490019,0.111068,6189.033203
15,0.494774,0.140054,6438.450684
16,0.655356,0.064206,7503.330566
17,0.689667,0.063992,7769.547852
18,0.227358,0.042069,8152.217773
19,0.426335,0.014933,8318.556641
20,0.459283,0.046988,8451.630859
21,0.140135,0.270933,8900.943359
22,0.142611,0.432996,9200.290039
23,0.285205,0.275991,10930.562500
24,0.237489,0.329022,11529.569336
25,0.622874,0.547057,13842.168945
26,0.032833,0.379015,16620.550781
27,0.087416,0.260409,17568.843750
28,0.088750,0.268102,17718.673828
29,0.090130,0.260474,17951.523438
30,0.692086,0.289095,20264.179688
31,0.673774,0.183123,20730.017578
32,0.524908,0.576460,22959.349609
33,0.540016,0.453981,23425.203125
34,0.525670,0.424871,23658.199219
0,0.834236,0.381346,16.607233
1,0.792621,0.485283,299.410339
2,0.749413,0.284901,598.955261
3,0.742832,0.265290,765.277466
4,0.764459,0.527266,1098.025269
5,0.843964,0.516754,1613.827393
6,0.891917,0.476744,1813.382812
7,0.902000,0.247526,2112.953125
8,0.900189,0.226782,2262.669678
9,0.953981,0.256380,2678.584473
10,0.948039,0.484625,3044.660645
11,0.028468,0.481595,3510.478027
12,0.054406,0.418283,3776.771484
13,0.072765,0.421705,4059.474121
14,0.090510,0.327289,4325.721191
15,0.084837,0.302577,4525.358887
16,0.144385,0.367068,5074.458008
17,0.175475,0.380478,5440.404785
18,0.173848,0.383470,5540.180176
19,0.185378,0.368841,5689.939453
20,0.185166,0.159924,6022.629883
21,0.185775,0.124909,6205.849609
22,0.161882,0.047391,6654.958008
23,0.284993,0.362563,7087.460938
24,0.279521,0.490102,7370.365723
25,0.294151,0.511797,7553.399414
26,0.304107,0.446259,7869.433594
27,0.345664,0.459948,8252.108398
28,0.377218,0.489344,8501.786133
29,0.282340,0.533433,9250.267578
30,0.275908,0.497086,9633.056641
31,0.300600,0.440472,10148.724609
32,0.396341,0.294698,10614.641602
33,0.402296,0.272205,10847.517578
34,0.408443,0.277420,10980.657227
35,0.412730,0.247745,11146.981445
36,0.421411,0.207586,11496.357422
37,0.492559,0.233236,11945.555664
38,0.490710,0.074633,12344.787109
39,0.498428,0.072186,12527.980469
40,0.113843,0.076890,13426.258789
41,0.136921,0.061169,13675.875000
42,0.001666,0.071893,13892.155273
43,0.007231,0.059057,14008.528320
44,0.958603,0.085252,14175.023438
45,0.941591,0.145177,14507.834961
46,0.898888,0.230235,14790.522461
47,0.864777,0.282065,15023.462891
48,0.859289,0.290543,15339.650391
49,0.861238,0.293604,15439.458984
50,0.854494,0.249598,15589.114258
51,0.891910,0.121560,15938.495117
52,0.794192,0.341244,16337.821289
53,0.786753,0.336235,16653.970703
54,0.727046,0.305060,16853.607422
55,0.733659,0.291877,17036.572266
56,0.605991,0.195677,17718.744141
57,0.585823,0.163603,17935.056641
58,0.531063,0.058789,18167.888672
59,0.518420,0.054429,18367.691406
60,0.688617,0.380918,18766.837891
61,0.803152,0.502722,19781.730469
62,0.809209,0.503884,19931.439453
63,0.781812,0.509312,20330.787109
64,0.784611,0.513611,20813.298828
65,0.798313,0.492095,21079.427734
66,0.804491,0.461060,21295.794922
67,0.797946,0.484771,21695.105469
68,0.789825,0.474534,22659.984375
69,0.777474,0.434144,22892.962891
70,0.808541,0.340061,23192.365234
71,0.832506,0.279765,23358.763672
72,0.900091,0.232905,23575.064453
73,0.909622,0.233777,23758.078125
74,0.910903,0.509669,24090.812500
75,0.873878,0.562768,24357.046875
76,0.850228,0.599663,24706.414062
0,0.771072,0.480346,282.881866
1,0.769425,0.491146,499.153442
2,0.730723,0.342701,848.677734
3,0.682873,0.375741,1098.123901
4,0.729936,0.308931,1331.208008
5,0.864609,0.352403,1713.740845
6,0.881871,0.383966,1963.255249
7,0.882061,0.285401,2179.606201
8,0.860196,0.265454,2379.221924
9,0.792379,0.302193,2712.023682
10,0.799985,0.343636,2895.081787
11,0.693352,0.338807,3294.434570
12,0.629832,0.351849,3477.410645
13,0.528890,0.150065,4209.326172
14,0.530252,0.131730,4359.149414
15,0.519376,0.109808,4492.206055
16,0.506553,0.096121,4775.203613
17,0.419194,0.189267,5107.901367
18,0.505643,0.132840,5523.753418
19,0.532486,0.293599,5756.747070
20,0.519044,0.458553,6971.171875
21,0.753010,0.495324,7753.175293
22,0.426981,0.514788,9982.663086
23,0.340977,0.510295,10448.500000
24,0.159504,0.436074,12445.004883
25,0.129031,0.170717,13243.601562
26,0.072423,0.171800,13692.909180
27,0.067192,0.195265,13842.587891
28,0.045460,0.399641,14175.370117
29,0.054381,0.516244,14691.140625
30,0.038267,0.513101,14940.711914
31,0.032452,0.491288,15190.221680
32,0.033526,0.449515,15439.847656
33,0.027399,0.479747,15722.550781
34,0.017611,0.522938,15938.979492
35,0.948615,0.317721,19199.919922
36,0.995931,0.406016,19482.748047
37,0.014828,0.494645,19748.861328
38,0.062711,0.423410,20730.507812
39,0.066156,0.370832,21212.986328
40,0.065819,0.361174,21462.640625
41,0.528031,0.414517,24773.472656
0,0.777250,0.417175,332.844452
1,0.754054,0.233070,798.662231
2,0.749830,0.221541,1048.121094
3,0.758112,0.240140,1164.710571
4,0.757570,0.261454,1264.379150
5,0.590717,0.096411,2046.399902
6,0.533138,0.062599,2295.982178
7,0.586298,0.014441,2495.594727
8,0.046226,0.014153,2695.246582
9,0.302087,0.090756,2944.957031
10,0.433452,0.142397,3493.864258
11,0.298136,0.373116,4026.209717
12,0.289942,0.226509,4225.963379
13,0.341094,0.168982,4824.856934
14,0.258933,0.325466,5240.878906
15,0.275391,0.295443,5473.780273
16,0.270689,0.385047,5690.113770
17,0.263273,0.358692,5939.579590
18,0.258802,0.344100,6022.820801
19,0.256306,0.278849,6189.150879
20,0.288014,0.424179,6655.127441
21,0.264990,0.307781,6854.716309
22,0.260609,0.251212,7070.934570
23,0.263100,0.243290,7303.940918
24,0.279573,0.259982,7736.370605
25,0.285533,0.257618,7852.968750
26,0.790302,0.375692,9549.967773
27,0.834293,0.382300,9782.946289
28,0.904358,0.294336,9949.213867
29,0.909525,0.237242,10165.456055
30,0.952365,0.260042,10448.392578
31,0.904003,0.224018,10731.279297
32,0.972854,0.283848,11130.439453
33,0.935129,0.273094,11396.755859
34,0.953267,0.306943,11646.214844
35,0.014811,0.354984,12062.182617
36,0.084835,0.388572,12644.533203
37,0.110843,0.337946,12810.986328
38,0.038456,0.413669,12993.958008
39,0.055781,0.426776,13542.918945
40,0.061662,0.498879,13809.178711
41,0.054169,0.349550,14923.929688
42,0.087119,0.317139,15705.897461
43,0.013306,0.063097,16920.388672
44,0.245362,0.256721,18683.951172
45,0.244714,0.269204,18883.572266
46,0.253415,0.283097,19382.662109
47,0.209197,0.490305,19965.080078
0,0.773175,0.491676,349.457550
1,0.694473,0.304071,715.494751
2,0.696978,0.361124,965.067810
3,0.597323,0.104636,1480.754272
4,0.638869,0.094535,1730.311279
5,0.628896,0.075388,1896.797485
6,0.706752,0.111082,2196.235107
7,0.907135,0.328682,3077.973633
8,0.065985,0.369909,4508.791016
9,0.061340,0.455615,4775.016113
10,0.141506,0.468118,5024.562012
11,0.136720,0.473870,5141.101074
12,0.092725,0.145136,5623.556152
13,0.263606,0.402252,6671.637207
14,0.251565,0.358360,6871.462402
15,0.278483,0.351243,7187.363281
16,0.220702,0.515379,7636.583008
17,0.171570,0.507047,8368.683594
18,0.120548,0.543841,8618.231445
19,0.989757,0.695045,9400.198242
20,0.930837,0.704702,9699.664062
21,0.891454,0.730273,9965.963867
22,0.885031,0.717665,10331.992188
23,0.619088,0.518462,13043.866211
24,0.559494,0.706470,13543.000000
25,0.488249,0.669131,14025.513672
26,0.486415,0.659212,14274.972656
27,0.469888,0.685328,14541.148438
28,0.469764,0.807720,14824.108398
29,0.433748,0.889233,15556.067383
30,0.386498,0.888366,16504.453125
31,0.265007,0.522216,19016.783203
32,0.276517,0.465993,19299.513672
33,0.305045,0.187812,21212.843750
34,0.311993,0.182810,21445.763672
35,0.315467,0.103026,21795.195312
36,0.533900,0.433598,23708.486328
0,0.766825,0.502764,299.500336
1,0.779443,0.426187,598.842041
2,0.743794,0.345141,781.985596
3,0.744198,0.315998,948.348755
4,0.747210,0.324592,1397.465576
5,0.743790,0.364743,1597.251587
6,0.814335,0.423413,1946.592285
7,0.818072,0.380009,2162.862549
8,0.904438,0.340735,2545.562256
9,0.855125,0.385995,2911.554443
10,0.856601,0.544363,3161.105957
11,0.827357,0.518982,3394.064209
12,0.862858,0.495293,3693.541748
13,0.764935,0.494238,4226.001953
14,0.770846,0.504234,4375.648438
15,0.659492,0.493441,4641.797852
16,0.610402,0.315928,5207.572754
17,0.613890,0.232676,5390.632812
18,0.598518,0.204249,5556.987793
19,0.580490,0.157389,5739.920898
20,0.568854,0.114980,5906.274414
21,0.578500,0.085332,6072.620117
22,0.410823,0.147878,6338.938965
23,0.391302,0.217460,6621.799316
24,0.406548,0.154184,6788.143555
25,0.394753,0.240629,7070.932617
26,0.456767,0.462477,7453.597656
27,0.439113,0.541902,7719.724121
28,0.444258,0.535610,7836.343750
29,0.424553,0.519834,8102.588379
30,0.536837,0.724886,8468.539062
31,0.576439,0.629710,9067.495117
32,0.618041,0.673360,9300.351562
33,0.905694,0.730784,10531.552734
34,0.891653,0.716291,10697.919922
35,0.056018,0.402671,11895.785156
36,0.063952,0.381182,12178.682617
37,0.057276,0.376397,12394.883789
38,0.194454,0.207700,13642.752930
39,0.228084,0.410444,14640.970703
40,0.298190,0.497118,15123.480469
41,0.339820,0.426843,15489.468750
42,0.217908,0.505371,16121.722656
43,0.250590,0.498292,16354.724609
44,0.266330,0.357841,20364.246094
45,0.492121,0.162682,21761.851562
46,0.514908,0.154454,21895.003906
47,0.526665,0.145114,21994.865234
48,0.783918,0.498691,24041.212891
49,0.766588,0.498158,24440.580078
50,0.735866,0.494806,24806.595703
0,0.744621,0.479540,365.977814
1,0.744883,0.407709,698.731018
2,0.734219,0.349625,831.799438
3,0.727281,0.317687,1147.982788
4,0.768448,0.294913,1480.730713
5,0.741631,0.319659,1863.277344
6,0.715689,0.298850,2196.082764
7,0.634345,0.309689,2445.667969
8,0.555625,0.102259,3227.588135
9,0.545955,0.092352,3360.661621
10,0.443047,0.200324,3660.120605
11,0.429281,0.166618,3943.071045
12,0.414620,0.236011,4408.926758
13,0.373608,0.350421,4691.798828
14,0.418946,0.482675,5407.131836
15,0.631625,0.327974,6388.769043
16,0.868537,0.317184,7503.379395
17,0.034535,0.381458,8368.552734
18,0.057042,0.162938,9483.312500
19,0.060860,0.179717,9566.537109
20,0.221356,0.304567,10331.876953
21,0.202943,0.342514,10598.068359
22,0.222813,0.332810,10814.332031
23,0.250532,0.358970,11014.082031
24,0.256382,0.390564,11280.271484
25,0.227331,0.444394,11579.633789
26,0.027325,0.365994,14591.098633
27,0.019295,0.397257,14790.718750
28,0.027247,0.355244,15140.130859
29,0.026361,0.370116,15372.973633
30,0.001740,0.482841,15755.758789
31,0.969556,0.513333,16055.261719
32,0.913019,0.555671,16337.947266
33,0.969498,0.408904,16737.318359
34,0.984821,0.382706,16920.384766
35,0.013476,0.405029,17203.255859
36,0.025820,0.442738,17619.056641
37,0.001741,0.449780,17818.830078
38,0.789463,0.559841,18600.742188
39,0.752846,0.555958,18883.537109
40,0.745702,0.506738,19033.330078
41,0.713489,0.465702,20480.839844
42,0.706878,0.463802,20647.158203
43,0.702629,0.454893,20747.093750
44,0.634872,0.479791,21362.546875
45,0.606526,0.491419,21612.146484
46,0.603051,0.464023,21828.509766
47,0.655769,0.385160,22327.566406
48,0.657994,0.355324,22610.447266
49,0.657872,0.353870,22876.685547
50,0.633676,0.317104,23109.535156
51,0.620431,0.301894,23259.234375
52,0.650675,0.294858,23442.228516
53,0.618285,0.296929,24207.623047
54,0.571035,0.553974,24972.974609
0,0.766900,0.446155,316.181061
1,0.757820,0.341266,698.852905
2,0.758027,0.263993,848.499512
3,0.751427,0.231928,1048.249512
4,0.748876,0.265205,1480.784302
5,0.743648,0.338896,2412.512451
6,0.860864,0.239350,3144.548340
7,0.893151,0.277912,3677.014893
8,0.937604,0.513542,4142.758789
9,0.003660,0.467857,4359.104980
10,0.018975,0.401881,4591.992676
11,0.013134,0.279296,5074.504395
12,0.015340,0.236400,5240.839844
13,0.991717,0.238905,5573.625977
14,0.949545,0.274731,5773.282715
15,0.954245,0.244280,6006.250977
16,0.518179,0.116283,7470.261230
17,0.455842,0.082021,7719.855957
18,0.419936,0.079285,7869.574219
19,0.406890,0.074650,7986.082520
20,0.379032,0.070385,8751.385742
21,0.594715,0.113506,9084.162109
22,0.736743,0.449790,9250.525391
23,0.350123,0.172344,9616.526367
24,0.337630,0.149200,9915.985352
25,0.486190,0.012540,10381.910156
26,0.317566,0.111346,10764.541992
27,0.501111,0.277575,11696.215820
28,0.529711,0.299808,11862.619141
29,0.541218,0.278398,12195.349609
30,0.522477,0.251595,12444.963867
31,0.526451,0.250471,12910.803711
32,0.538641,0.258424,13409.948242
33,0.474915,0.522124,13975.574219
34,0.322069,0.483992,14790.816406
35,0.301574,0.409325,15073.706055
36,0.268533,0.344131,15290.000977
37,0.322686,0.349230,15722.533203
38,0.354788,0.359927,15922.177734
39,0.372010,0.405043,16171.848633
40,0.408643,0.454081,16853.867188
41,0.450693,0.529380,17303.123047
42,0.572337,0.501227,17619.222656
43,0.657157,0.479465,18068.406250
44,0.780730,0.480971,18351.279297
45,0.773527,0.480499,18501.029297
46,0.817656,0.449668,18717.308594
47,0.888283,0.380995,19066.703125
48,0.905720,0.304439,19266.365234
49,0.905044,0.251902,19499.357422
50,0.957537,0.313693,20064.925781
51,0.972067,0.309561,20231.363281
52,0.937250,0.296228,20846.910156
53,0.211151,0.349191,21994.916016
54,0.205705,0.346721,22094.710938
55,0.192190,0.283485,22277.845703
56,0.166592,0.241522,22410.949219
57,0.033978,0.051977,23126.271484
58,0.039350,0.113162,23359.216797
59,0.053255,0.073824,23725.292969
60,0.060452,0.108738,24024.667969
61,0.063189,0.106281,24224.441406
62,0.095343,0.153003,24540.486328
0,0.777250,0.417175,332.844452
1,0.754054,0.233070,798.662231
2,0.749830,0.221541,1048.121094
3,0.758112,0.240140,1164.710571
4,0.757570,0.261454,1264.379150
5,0.590717,0.096411,2046.399902
6,0.533138,0.062599,2295.982178
7,0.586298,0.014441,2495.594727
8,0.046226,0.014153,2695.246582
9,0.302087,0.090756,2944.957031
10,0.433452,0.142397,3493.864258
11,0.298136,0.373116,4026.209717
12,0.289942,0.226509,4225.963379
13,0.341094,0.168982,4824.856934
14,0.258933,0.325466,5240.878906
15,0.275391,0.295443,5473.780273
16,0.270689,0.385047,5690.113770
17,0.263273,0.358692,5939.579590
18,0.258802,0.344100,6022.820801
19,0.256306,0.278849,6189.150879
20,0.288014,0.424179,6655.127441
21,0.264990,0.307781,6854.716309
22,0.260609,0.251212,7070.934570
23,0.263100,0.243290,7303.940918
24,0.279573,0.259982,7736.370605
25,0.285533,0.257618,7852.968750
26,0.790302,0.375692,9549.967773
27,0.834293,0.382300,9782.946289
28,0.904358,0.294336,9949.213867
29,0.909525,0.237242,10165.456055
30,0.952365,0.260042,10448.392578
31,0.904003,0.224018,10731.279297
32,0.972854,0.283848,11130.439453
33,0.935129,0.273094,11396.755859
34,0.953267,0.306943,11646.214844
35,0.014811,0.354984,12062.182617
36,0.084835,0.388572,12644.533203
37,0.110843,0.337946,12810.986328
38,0.038456,0.413669,12993.958008
39,0.055781,0.426776,13542.918945
40,0.061662,0.498879,13809.178711
41,0.054169,0.349550,14923.929688
42,0.087119,0.317139,15705.897461
43,0.013306,0.063097,16920.388672
44,0.245362,0.256721,18683.951172
45,0.244714,0.269204,18883.572266
46,0.253415,0.283097,19382.662109
47,0.209197,0.490305,19965.080078
0,0.779520,0.499079,565.801697
1,0.779782,0.335917,848.486694
2,0.739063,0.321827,1014.872986
3,0.716675,0.293934,1264.558105
4,0.701658,0.259815,1397.682983
5,0.703629,0.264703,1930.023193
6,0.684059,0.274934,2196.258301
7,0.856819,0.540218,2645.489746
8,0.067690,0.263983,4076.270264
9,0.069552,0.393556,4525.520996
10,0.070880,0.392806,4741.647461
11,0.092785,0.245639,5257.516602
12,0.092730,0.266450,5523.633789
13,0.084420,0.289461,5690.124512
14,0.075263,0.288287,5806.548340
15,0.074785,0.553159,6322.242188
16,0.100600,0.061298,7719.868164
17,0.151501,0.033027,8052.650879
18,0.292734,0.015423,8302.128906
19,0.062381,0.084339,8518.515625
20,0.338627,0.560920,9267.067383
21,0.382389,0.370498,9683.088867
22,0.256914,0.560918,10082.339844
23,0.189737,0.569415,10381.831055
24,0.148424,0.565073,10581.620117
25,0.534020,0.388552,14042.125977
26,0.609645,0.078603,14358.287109
27,0.479293,0.165503,14757.534180
28,0.349010,0.430489,15073.645508
29,0.329580,0.560001,15306.638672
30,0.324142,0.582564,15489.702148
31,0.298455,0.572069,15755.824219
32,0.730929,0.143204,16387.937500
33,0.806152,0.075470,16853.818359
34,0.816676,0.070440,17086.857422
35,0.676249,0.558382,17835.457031
36,0.556603,0.398301,19083.261719
37,0.082909,0.663887,21262.740234
38,0.074859,0.607320,21512.341797
39,0.079536,0.530040,21762.017578
40,0.076387,0.608066,22094.634766
41,0.131816,0.575612,22810.142578
42,0.155069,0.649156,23142.837891
43,0.187432,0.125128,24091.236328
44,0.073958,0.448641,24972.968750
0,0.763600,0.556299,16.725857
1,0.718964,0.348962,565.750549
2,0.709031,0.305666,815.315430
3,0.732343,0.281576,1031.628540
4,0.758524,0.250817,1381.046875
5,0.753569,0.223162,1530.737183
6,0.654270,0.197204,1830.270020
7,0.601114,0.176269,1979.940063
8,0.549303,0.143256,2179.575439
9,0.505728,0.120083,2379.273926
10,0.386438,0.046899,2845.095459
11,0.371650,0.117930,3094.624756
12,0.371816,0.159988,3360.833496
13,0.376080,0.269426,3793.417969
14,0.090842,0.116438,4808.387207
15,0.274713,0.398185,5873.125977
16,0.247413,0.392107,6289.102539
17,0.286892,0.472636,6488.758789
18,0.244534,0.388840,6954.576172
19,0.244621,0.378709,7303.976562
20,0.256807,0.495397,7620.103516
21,0.276699,0.464308,7869.612793
22,0.234940,0.370922,8202.392578
23,0.402382,0.132893,8967.730469
24,0.442703,0.070044,9250.585938
25,0.610803,0.047263,9666.510742
26,0.666132,0.044467,9782.968750
27,0.344200,0.036877,10365.345703
28,0.403244,0.029265,10481.715820
29,0.797850,0.332687,11030.812500
30,0.710477,0.382602,11413.452148
31,0.699618,0.371846,11646.392578
32,0.905255,0.272142,12178.760742
33,0.900901,0.263872,12278.603516
34,0.771001,0.533921,13043.979492
35,0.081122,0.326912,15123.649414
36,0.087000,0.292208,15356.528320
37,0.087215,0.274650,15639.418945
38,0.029908,0.254701,15938.948242
39,0.007153,0.244051,16105.305664
40,0.076383,0.304253,16487.929688
41,0.022649,0.509450,17036.976562
42,0.015568,0.491253,17236.626953
43,0.062023,0.451089,17586.070312
44,0.072830,0.317925,17818.925781
45,0.253263,0.340476,18750.695312
46,0.240496,0.276784,18933.613281
47,0.237109,0.257294,19199.855469
48,0.108031,0.125540,19615.753906
49,0.002335,0.114709,20248.072266
50,0.001103,0.105393,20381.154297
51,0.009988,0.093962,20597.447266
52,0.032983,0.445079,21079.890625
53,0.041978,0.405170,21296.150391
54,0.041758,0.388485,21529.109375
55,0.986850,0.313223,21945.111328
56,0.044212,0.431833,22261.150391
57,0.112066,0.435906,22560.605469
58,0.019532,0.501853,22943.361328
59,0.994081,0.396891,23309.322266
60,0.986929,0.283063,23558.935547
61,0.933627,0.247794,23891.619141
62,0.912407,0.242445,24041.343750
63,0.905428,0.242754,24224.400391
64,0.854747,0.231747,24440.652344
65,0.836483,0.308497,24706.900391
66,0.833968,0.326020,24956.443359
0,0.772899,0.538198,282.850281
1,0.759363,0.518441,499.170441
2,0.744995,0.484062,715.417603
3,0.745920,0.434166,915.093445
4,0.749473,0.361380,1131.426514
5,0.748721,0.334465,1297.717163
6,0.746309,0.301389,1530.646484
7,0.744981,0.316346,1730.305664
8,0.746868,0.343349,2162.866455
9,0.742585,0.378690,2562.264160
10,0.751702,0.346499,2911.600342
11,0.751894,0.381482,3493.964355
12,0.689008,0.336375,4159.424805
13,0.705058,0.359705,4442.337402
14,0.682441,0.359139,4625.285156
15,0.684007,0.378682,4858.170410
16,0.710288,0.381211,5806.513672
17,0.723179,0.361451,7669.935547
18,0.774874,0.493821,8169.078125
19,0.794968,0.531278,8385.426758
20,0.857697,0.545307,8668.257812
21,0.866300,0.524684,8934.400391
22,0.880499,0.533267,9150.666016
23,0.895205,0.378800,9416.854492
24,0.902001,0.330489,9599.973633
25,0.950242,0.355183,10148.964844
26,0.956352,0.343321,10298.653320
27,0.953339,0.337340,10398.522461
28,0.966307,0.340652,10498.318359
29,0.940697,0.331343,10847.717773
30,0.978552,0.540727,11296.910156
31,0.048230,0.598993,11513.300781
32,0.063960,0.548051,11746.168945
33,0.064553,0.457442,11995.704102
34,0.068856,0.394427,12195.367188
35,0.069309,0.375002,12395.012695
36,0.045005,0.443698,12777.668945
37,0.045380,0.490656,13093.777344
38,0.071210,0.549430,13276.781250
39,0.155713,0.588257,13692.803711
40,0.188795,0.542256,13925.651367
41,0.238671,0.542535,14158.636719
42,0.270246,0.523119,14408.181641
43,0.289351,0.511491,14657.732422
44,0.257660,0.449222,14940.599609
45,0.245385,0.394359,15156.833984
46,0.234187,0.384315,15472.943359
47,0.274483,0.386838,15689.258789
48,0.196571,0.393283,16088.591797
49,0.162531,0.336170,16254.936523
50,0.149622,0.226572,16637.599609
51,0.151281,0.180449,16870.503906
52,0.135911,0.181496,17153.365234
53,0.078868,0.181669,17402.939453
54,0.076470,0.147090,17602.589844
55,0.147052,0.121053,17852.126953
56,0.083510,0.102681,18085.064453
57,0.013881,0.122849,18268.066406
58,0.968482,0.132716,18517.669922
59,0.926785,0.030353,18867.023438
60,0.974118,0.026377,19216.433594
61,0.554123,0.061647,19715.568359
62,0.608369,0.245715,20364.404297
63,0.648278,0.328708,20564.060547
64,0.657841,0.327602,20713.814453
65,0.684386,0.331622,21063.183594
66,0.677240,0.326186,21279.488281
67,0.481405,0.225545,21695.423828
68,0.448717,0.220520,21828.566406
69,0.451204,0.184225,22111.375000
70,0.499974,0.403339,22344.279297
71,0.518184,0.401568,22494.060547
72,0.525182,0.386931,22760.210938
73,0.495845,0.539512,23176.162109
74,0.523892,0.474793,23375.810547
75,0.517988,0.460542,23608.746094
76,0.527428,0.459536,24008.068359
77,0.518040,0.466217,24257.603516
78,0.546619,0.464861,24523.812500
0,0.783215,0.379128,249.583115
1,0.784188,0.294571,449.236969
2,0.725615,0.298878,1580.671753
3,0.731043,0.243441,2162.940918
4,0.714627,0.450004,2728.595459
5,0.712556,0.456714,2878.299561
6,0.748431,0.304229,3410.727051
7,0.693047,0.175023,4325.818359
8,0.621318,0.149836,6039.429688
9,0.623150,0.526291,6821.448242
10,0.624632,0.501789,6921.228027
11,0.667586,0.403700,7237.352051
12,0.752877,0.390084,7503.550781
13,0.785057,0.402587,7803.057129
14,0.848561,0.368982,8019.344238
15,0.926887,0.347739,8684.900391
16,0.025230,0.280957,9550.032227
17,0.055258,0.357811,9799.520508
18,0.086167,0.363583,9982.608398
19,0.072906,0.356028,10465.086914
20,0.079614,0.384347,10980.933594
21,0.134409,0.358608,11230.392578
22,0.170168,0.396178,11646.429688
23,0.167504,0.397381,11812.712891
24,0.171391,0.466205,11962.429688
25,0.226512,0.428025,12295.208984
26,0.245813,0.408305,12544.741211
27,0.270635,0.324766,12827.582031
28,0.260300,0.285478,12993.986328
29,0.258210,0.265317,13343.366211
30,0.294988,0.295649,13626.175781
31,0.311918,0.333508,13975.565430
32,0.343934,0.317978,14241.815430
33,0.405185,0.199652,14724.302734
34,0.402652,0.210906,14807.480469
35,0.426239,0.172889,14957.204102
36,0.396475,0.411584,16687.566406
37,0.347117,0.431913,16870.529297
38,0.342574,0.424832,17103.445312
39,0.312160,0.372306,17303.117188
40,0.301131,0.357598,17669.136719
41,0.271120,0.352396,17885.400391
42,0.271787,0.340216,18051.800781
43,0.250285,0.329969,18384.568359
44,0.283637,0.347930,19033.408203
45,0.229130,0.381342,19682.306641
46,0.245789,0.322493,20547.525391
47,0.270497,0.386198,21645.544922
48,0.320044,0.385082,22111.345703
49,0.359861,0.332690,22377.658203
50,0.380707,0.325659,22710.376953
51,0.430508,0.344118,23342.572266
52,0.458797,0.342640,23608.785156
53,0.465483,0.351277,24024.742188
54,0.491338,0.415359,24207.738281
55,0.514994,0.342720,24457.306641
0,0.796250,0.838547,332.766968
1,0.791101,0.772642,981.657104
2,0.802179,0.761822,1380.944824
3,0.864753,0.549128,1929.964233
4,0.839866,0.489775,2162.909912
5,0.789589,0.472481,2379.236328
6,0.726553,0.349864,2795.154297
7,0.742183,0.322372,3011.462158
8,0.878246,0.324136,3810.042969
9,0.838308,0.359076,4242.661133
10,0.602119,0.385160,4941.375488
11,0.626126,0.478952,5390.628418
12,0.587731,0.505928,5590.243652
13,0.592297,0.495199,6139.292480
14,0.553705,0.496911,6355.623047
15,0.529397,0.483623,6555.271484
16,0.531310,0.493317,6688.324707
17,0.496946,0.505921,6838.083008
18,0.503736,0.403849,7204.175781
19,0.535781,0.333693,7503.596680
20,0.541637,0.302424,7669.948730
21,0.520285,0.305421,8002.747559
22,0.550943,0.314713,8335.497070
23,0.613752,0.206801,8535.147461
24,0.611198,0.188697,8718.144531
25,0.605261,0.148973,8934.438477
26,0.661738,0.123201,9134.156250
27,0.534975,0.191296,9583.317383
28,0.529593,0.317287,9965.920898
29,0.526815,0.374105,10215.594727
30,0.555577,0.382291,10614.861328
31,0.704263,0.328325,11130.637695
32,0.752323,0.368996,11380.116211
33,0.891757,0.370309,11962.524414
34,0.936412,0.391827,12195.388672
35,0.165234,0.307118,13626.210938
36,0.160493,0.256288,13859.125000
37,0.113779,0.210439,14092.045898
38,0.091349,0.171612,14258.448242
39,0.178281,0.195078,14691.007812
40,0.172168,0.342659,15123.578125
41,0.187216,0.535744,15722.531250
42,0.144687,0.514420,16571.056641
43,0.117427,0.538398,16754.060547
44,0.031463,0.466965,17203.275391
45,0.042534,0.416677,17486.126953
46,0.062941,0.382854,17752.335938
47,0.066429,0.370834,18001.908203
48,0.999399,0.516519,18434.478516
49,0.004606,0.522626,18550.917969
50,0.049982,0.599768,18767.238281
51,0.721321,0.504439,19948.468750
52,0.663597,0.518862,20198.044922
53,0.905366,0.767952,20863.568359
54,0.911006,0.760745,21379.326172
55,0.465363,0.537736,22826.791016
56,0.502386,0.668424,23275.998047
57,0.555057,0.693580,23558.867188
58,0.582839,0.606791,23858.312500
59,0.582678,0.600693,23941.517578
60,0.644023,0.519595,24490.572266
61,0.734275,0.473956,24973.037109
0,0.774136,0.482870,415.931274
1,0.763817,0.314660,865.244446
2,0.751900,0.257962,1014.886047
3,0.706098,0.284739,1447.465454
4,0.756701,0.238366,1730.351807
5,0.725084,0.275146,2129.587158
6,0.741473,0.301214,2512.304443
7,0.730991,0.349017,2961.539307
8,0.708111,0.372280,3360.798584
9,0.692454,0.331269,3577.057861
10,0.659492,0.308080,3776.721191
11,0.622980,0.283320,3943.149902
12,0.616054,0.271074,4126.234375
13,0.609550,0.228314,4342.462891
14,0.537781,0.299494,4558.708008
15,0.615005,0.075028,4908.120605
16,0.370938,0.053299,5956.271484
17,0.367373,0.064236,6122.627441
18,0.405339,0.081680,6388.818359
19,0.525651,0.379135,6871.299316
20,0.525868,0.534979,7270.617188
21,0.533805,0.497826,7620.043945
22,0.533183,0.486281,7753.162109
23,0.553284,0.476852,7952.759766
24,0.554860,0.468718,8185.734375
25,0.535072,0.439082,8501.792969
26,0.556550,0.449810,8834.582031
27,0.557620,0.449452,8934.433594
28,0.617621,0.509678,9233.858398
29,0.748219,0.532817,9882.751953
30,0.775407,0.510375,10049.128906
31,0.922242,0.241941,11047.455078
32,0.934456,0.267468,12012.429688
33,0.951804,0.270327,12261.925781
34,0.990866,0.304219,12494.843750
35,0.965943,0.379493,12727.783203
36,0.085711,0.375900,13476.428711
37,0.070287,0.423268,14042.101562
38,0.084387,0.365086,14308.354492
39,0.120486,0.396918,14574.567383
40,0.073831,0.558441,14973.830078
41,0.043509,0.548230,15173.502930
42,0.069348,0.467939,15456.380859
43,0.173377,0.488494,15722.610352
44,0.175896,0.214280,16071.906250
45,0.191109,0.168301,16271.577148
46,0.106038,0.060959,17170.009766
47,0.222422,0.084279,17369.687500
48,0.187424,0.296782,17719.117188
49,0.245723,0.444021,18068.404297
50,0.255462,0.518843,18268.095703
51,0.261606,0.547638,18467.794922
52,0.277753,0.538962,18667.414062
53,0.211726,0.507275,19033.382812
54,0.207156,0.494782,19166.597656
55,0.145241,0.524670,19366.169922
56,0.119347,0.545358,19532.597656
57,0.078336,0.540698,19732.287109
58,0.167280,0.691557,19865.273438
59,0.044917,0.586237,20114.878906
60,0.005233,0.422837,20430.947266
61,0.830326,0.525259,21512.410156
62,0.830154,0.507285,21778.599609
63,0.791633,0.514260,21994.917969
64,0.779498,0.462851,22543.935547
65,0.752500,0.371796,22776.841797
66,0.735705,0.291898,23059.746094
67,0.740965,0.291869,23226.162109
68,0.710145,0.288096,23442.365234
69,0.652580,0.200116,24324.136719
70,0.650706,0.194302,24573.701172
0,0.759254,0.449810,366.077728
1,0.779510,0.435758,515.850708
2,0.783730,0.431929,698.817688
3,0.727095,0.236250,1181.327759
4,0.740399,0.283103,1763.625244
5,0.669703,0.312940,2113.068359
6,0.660248,0.313674,2246.152588
7,0.709193,0.313024,2528.966797
8,0.699971,0.310385,2795.107178
9,0.675739,0.292600,3177.817871
10,0.662781,0.245793,3427.447998
11,0.622251,0.231831,3626.999023
12,0.656811,0.233282,3826.676270
13,0.591796,0.186357,4192.726074
14,0.549393,0.131474,4375.712402
15,0.510822,0.101727,4592.093262
16,0.478848,0.091532,4791.637695
17,0.473807,0.070150,5523.685547
18,0.453576,0.083483,6222.468262
19,0.405023,0.072489,6388.916992
20,0.496804,0.055425,6771.519043
21,0.577820,0.091720,7187.438477
22,0.468631,0.113483,7486.985352
23,0.618604,0.362735,8019.309570
24,0.635342,0.424460,8219.031250
25,0.567193,0.444684,8418.725586
26,0.537367,0.416741,8584.985352
27,0.531700,0.399232,8768.056641
28,0.531735,0.375655,8884.490234
29,0.540125,0.353149,9333.693359
30,0.537607,0.340398,9433.511719
31,0.546003,0.335864,9766.318359
32,0.501909,0.342994,9932.631836
33,0.493447,0.345659,10215.533203
34,0.563354,0.491785,10564.881836
35,0.552037,0.490487,10731.254883
36,0.525248,0.501600,10930.932617
37,0.526235,0.480605,11163.853516
38,0.526090,0.450920,11396.786133
39,0.512894,0.439698,11796.083008
40,0.474804,0.454210,11962.469727
41,0.508544,0.534332,12195.403320
42,0.553789,0.481218,12528.157227
43,0.581878,0.467802,12761.134766
44,0.509147,0.432953,12977.367188
45,0.545861,0.394600,13176.998047
46,0.590181,0.479381,13742.649414
47,0.481293,0.560343,14175.283203
48,0.461072,0.546616,14591.229492
49,0.439698,0.324410,15090.355469
50,0.452976,0.256128,15356.538086
51,0.391492,0.246719,15522.895508
52,0.370849,0.191096,15722.601562
53,0.372188,0.125931,15905.562500
54,0.356003,0.098314,16072.041016
55,0.367903,0.169000,16437.943359
56,0.379258,0.252088,16737.419922
57,0.375694,0.307093,17070.236328
58,0.359163,0.428178,17253.216797
59,0.384803,0.553761,17552.718750
60,0.365279,0.605824,17868.796875
61,0.267686,0.413123,18451.187500
62,0.295064,0.578447,18900.341797
63,0.255455,0.561194,19233.121094
64,0.233395,0.427909,19449.435547
65,0.229897,0.364149,19682.269531
66,0.262484,0.343604,19998.390625
67,0.208804,0.370474,20231.306641
68,0.235460,0.342820,20713.841797
69,0.234817,0.351393,21113.095703
70,0.242438,0.340657,21479.130859
71,0.240757,0.318577,21828.531250
72,0.234715,0.316830,21945.001953
73,0.270984,0.319193,22527.337891
74,0.271114,0.510586,22959.888672
75,0.275130,0.536183,23109.605469
76,0.278983,0.456850,23392.437500
77,0.207062,0.540860,23708.576172
78,0.168296,0.570866,24091.222656
79,0.166642,0.560056,24191.064453
80,0.151285,0.559058,24340.792969
81,0.156444,0.300242,24790.041016
0,0.764977,0.457914,515.738159
1,0.767309,0.467801,648.844849
2,0.793566,0.448419,848.488708
3,0.801731,0.386074,1148.064331
4,0.766029,0.257930,1530.702759
5,0.764508,0.233184,1763.654419
6,0.907445,0.285590,2429.199219
7,0.954731,0.360079,2811.761963
8,0.850282,0.632769,3227.666992
9,0.834874,0.589483,3460.722412
10,0.765625,0.544870,3693.567871
11,0.768588,0.544956,3809.996094
12,0.749250,0.546786,3959.753906
13,0.758362,0.572081,4292.606934
14,0.678085,0.583815,4592.058594
15,0.681654,0.614868,4991.341309
16,0.622937,0.581341,5224.194824
17,0.598503,0.549745,5490.386719
18,0.607598,0.498060,5823.147461
19,0.577650,0.529352,6006.209961
20,0.556266,0.533569,6222.459473
21,0.547248,0.236004,6771.573730
22,0.535489,0.463479,7253.968750
23,0.544682,0.447065,7586.770996
24,0.517406,0.474455,7869.666016
25,0.529721,0.448365,8169.051270
26,0.528536,0.463113,8418.652344
27,0.519954,0.477096,8634.903320
28,0.528998,0.454981,8951.072266
29,0.518145,0.276098,9583.224609
30,0.522167,0.259006,9766.342773
31,0.635383,0.168178,10697.979492
32,0.703927,0.287227,11030.787109
33,0.699696,0.261911,11263.666992
34,0.294249,0.600623,12095.588867
35,0.276006,0.500314,13110.456055
36,0.275580,0.493988,13276.813477
37,0.378111,0.326169,14008.857422
38,0.323048,0.353267,14191.926758
39,0.269783,0.647298,14724.250000
40,0.242720,0.618026,14940.549805
41,0.274893,0.579513,15140.301758
42,0.272636,0.568127,15656.035156
43,0.240937,0.501663,15905.561523
44,0.233630,0.448252,16155.113281
45,0.231368,0.419219,16620.976562
46,0.268764,0.568419,16887.171875
47,0.254531,0.608321,17220.023438
48,0.241421,0.576347,17436.203125
49,0.418934,0.383865,18251.517578
50,0.465195,0.550963,18983.498047
51,0.538206,0.500951,19316.251953
52,0.786918,0.576358,20414.359375
53,0.792674,0.558804,20813.603516
54,0.852127,0.609238,21346.070312
55,0.883845,0.599158,21645.597656
56,0.922966,0.548967,21945.050781
57,0.915764,0.466985,22161.367188
58,0.886277,0.707688,22677.048828
59,0.895586,0.767775,22876.689453
60,0.973751,0.793597,23142.888672
61,0.030698,0.451080,23675.287109
62,0.072927,0.501518,23841.734375
63,0.093956,0.372837,24224.332031
64,0.083640,0.403026,24407.363281
65,0.065674,0.451218,24656.941406
0,0.732634,0.257335,798.523743
1,0.735811,0.202444,964.920593
2,0.687859,0.279048,1397.515503
3,0.702821,0.477540,1796.814941
4,0.782842,0.474774,2046.407104
5,0.861556,0.308639,2395.783447
6,0.897844,0.262475,2562.157959
7,0.899635,0.220787,2761.742188
8,0.894564,0.226445,2878.215332
9,0.869264,0.388669,3344.173096
10,0.793762,0.488332,3543.748047
11,0.771818,0.516288,3759.999268
12,0.763734,0.531740,4109.428223
13,0.770718,0.531946,4558.600098
14,0.786788,0.502570,4858.131836
15,0.974364,0.299827,5556.956055
16,0.965374,0.263848,5689.995605
17,0.022101,0.291456,5939.643066
18,0.079387,0.340038,6172.467285
19,0.083859,0.329381,6422.085449
20,0.078874,0.293445,7087.577637
21,0.077417,0.324892,7337.163086
22,0.050804,0.571442,7636.683594
23,0.074842,0.333515,7936.080078
24,0.068521,0.303603,8085.817383
25,0.042018,0.570904,8335.431641
26,0.036424,0.493910,8568.328125
27,0.141122,0.460588,8901.083008
28,0.084714,0.248418,9150.633789
29,0.064443,0.282834,9316.958984
30,0.061161,0.270638,9516.641602
31,0.066757,0.340049,9766.212891
32,0.064349,0.381032,9949.232422
33,0.058801,0.377814,10281.975586
34,0.116154,0.110860,10548.139648
35,0.098551,0.041005,11063.973633
36,0.075027,0.061558,11180.501953
37,0.274344,0.517203,11962.424805
38,0.267576,0.350660,12328.466797
39,0.259862,0.312774,12478.089844
40,0.281157,0.384494,12711.035156
41,0.279896,0.398029,12827.529297
42,0.230321,0.428569,13127.054688
43,0.210810,0.430903,13409.858398
44,0.246116,0.336237,13592.927734
45,0.242782,0.303504,13958.852539
46,0.179717,0.443546,14424.755859
47,0.153940,0.513744,14591.088867
48,0.151252,0.357537,14940.545898
49,0.263752,0.331139,15156.825195
50,0.207805,0.348417,15489.568359
51,0.035264,0.306722,15988.750977
52,0.040675,0.285053,16288.219727
53,0.042175,0.273820,16387.978516
54,0.622951,0.278333,19282.931641
55,0.527126,0.074254,19915.123047
56,0.620629,0.034632,20214.582031
57,0.619657,0.032730,20397.621094
58,0.532846,0.150256,20580.664062
59,0.538382,0.137978,20680.468750
60,0.520222,0.330536,21395.978516
61,0.511476,0.321758,21562.273438
62,0.542692,0.326408,21878.363281
63,0.476887,0.495500,22078.015625
64,0.461787,0.523750,22244.380859
65,0.476943,0.453874,22427.388672
66,0.474950,0.260425,22610.507812
67,0.449529,0.054244,23542.179688
68,0.376792,0.218396,23841.669922
69,0.410967,0.364262,24191.009766
70,0.448555,0.388650,24373.986328
0,0.758286,0.473366,316.141479
1,0.750216,0.436631,715.467346
2,0.743701,0.303014,1181.293457
3,0.740215,0.268969,1447.475342
4,0.569068,0.127399,2778.547363
5,0.627850,0.036411,3011.454834
6,0.651002,0.031075,3260.954346
7,0.874857,0.010006,3859.966309
8,0.215749,0.026522,4192.785156
9,0.276113,0.074156,4558.781250
10,0.373412,0.128269,5207.631836
11,0.406657,0.122342,5340.707031
12,0.828123,0.529228,6472.047363
13,0.889744,0.279386,7154.183594
14,0.000571,0.418485,7886.229492
15,0.067200,0.470114,8418.671875
16,0.048588,0.511117,8684.872070
17,0.066683,0.485869,8851.191406
18,0.083042,0.626203,9150.705078
19,0.129738,0.525423,9367.002930
20,0.113301,0.349002,9583.249023
21,0.144401,0.276790,9849.464844
22,0.163968,0.222794,10032.465820
23,0.184208,0.124786,10232.130859
24,0.124696,0.107472,10448.400391
25,0.196583,0.113952,10698.110352
26,0.245629,0.533327,11380.104492
27,0.279635,0.420851,11662.953125
28,0.254789,0.382901,11945.899414
29,0.395625,0.352386,12977.376953
30,0.405222,0.191619,13409.943359
31,0.464917,0.146135,13709.380859
32,0.499203,0.106182,13859.162109
33,0.484965,0.149726,14108.714844
34,0.488169,0.128088,14225.147461
35,0.660330,0.101948,14441.478516
36,0.640657,0.196349,15007.154297
37,0.514148,0.332799,15589.477539
38,0.544033,0.325017,15938.886719
39,0.566533,0.547686,16205.054688
40,0.490001,0.529532,16687.541016
41,0.438644,0.519246,17003.650391
42,0.332997,0.473956,17652.550781
43,0.305037,0.417460,17885.517578
44,0.269271,0.517476,18218.164062
45,0.228905,0.401751,18584.205078
46,0.172141,0.466873,18783.880859
47,0.015919,0.470010,19748.851562
48,0.942625,0.372818,20048.335938
49,0.576324,0.671186,23791.855469
50,0.608657,0.742007,24257.650391
51,0.609989,0.704000,24440.642578
52,0.616449,0.711038,24557.087891
53,0.682383,0.608034,24806.740234
54,0.684170,0.618505,24973.072266
0,0.774757,0.475365,465.892883
1,0.765440,0.512321,765.350342
2,0.763227,0.462269,981.635315
3,0.754178,0.309735,1680.465820
4,0.677860,0.282490,2063.096436
5,0.645724,0.356950,2345.909424
6,0.569926,0.503909,2878.303467
7,0.486196,0.498709,3493.954590
8,0.478220,0.397158,3926.584717
9,0.487585,0.391981,4059.645752
10,0.466570,0.379579,4309.192383
11,0.349149,0.488588,4691.816406
12,0.353715,0.481635,4908.092773
13,0.347574,0.433335,5324.109375
14,0.392820,0.357190,5939.682129
15,0.490204,0.314772,6189.236816
16,0.490298,0.314331,6305.777832
17,0.662430,0.284073,6838.085938
18,0.730085,0.300107,7037.726074
19,0.810342,0.366683,7536.940918
20,0.895744,0.529475,7902.865234
21,0.892105,0.521868,8002.734375
22,0.969667,0.499994,8385.419922
23,0.039462,0.505926,8784.693359
24,0.089404,0.422384,9167.393555
25,0.066339,0.386873,9350.455078
26,0.063020,0.319206,9616.527344
27,0.061875,0.359853,10232.208984
28,0.166401,0.366078,10498.456055
29,0.184280,0.347227,10881.049805
30,0.151610,0.238146,11213.739258
31,0.160818,0.247710,11313.577148
32,0.158390,0.185530,11513.291992
33,0.129150,0.184412,11829.355469
34,0.088071,0.111863,12112.207031
35,0.231935,0.087528,12478.307617
36,0.236120,0.113637,12594.650391
37,0.120740,0.093641,12944.105469
38,0.029524,0.085248,13177.003906
39,0.139197,0.200765,13759.362305
40,0.147110,0.207556,13875.744141
41,0.114290,0.237648,14025.615234
42,0.012690,0.188762,15106.987305
43,0.958247,0.139102,15672.632812
44,0.953933,0.305560,18134.986328
45,0.932390,0.278263,18417.886719
46,0.927132,0.275690,18750.582031
47,0.914589,0.134953,19133.302734
48,0.898231,0.096082,19316.257812
49,0.903960,0.114292,19599.123047
50,0.515901,0.086156,19948.578125
51,0.568661,0.080102,20198.044922
52,0.460562,0.014643,20547.455078
53,0.660756,0.037505,20730.470703
54,0.582445,0.490045,22011.593750
55,0.768899,0.453580,22677.083984
56,0.785778,0.448814,22976.578125
57,0.774977,0.460758,23259.419922
58,0.906151,0.528492,23791.812500
59,0.906491,0.485327,24024.742188
60,0.953360,0.544692,24390.820312
61,0.999262,0.538171,24590.367188
0,0.767858,0.373423,316.145416
1,0.897196,0.398695,948.388611
2,0.932787,0.393796,1081.485596
3,0.920079,0.403990,1181.359863
4,0.834180,0.195634,1930.026978
5,0.919424,0.185818,2129.662109
6,0.840511,0.200423,2379.310547
7,0.659146,0.339919,3543.860596
8,0.698814,0.271783,3743.495117
9,0.703590,0.238483,4043.018066
10,0.690834,0.256178,4275.974121
11,0.535512,0.323606,4658.594727
12,0.486235,0.238450,4941.430176
13,0.473469,0.238982,5107.806641
14,0.490256,0.215715,5523.728516
15,0.462237,0.440985,6072.761230
16,0.461725,0.408927,6205.888184
17,0.375227,0.284489,6705.040039
18,0.303950,0.262440,7004.476074
19,0.260893,0.419979,7620.083008
20,0.215190,0.390254,7836.375000
21,0.220215,0.377855,8052.658691
22,0.269662,0.368384,8435.309570
23,0.215136,0.490023,8668.271484
24,0.265416,0.495546,9233.911133
25,0.292290,0.475703,9666.519531
26,0.279058,0.316950,10132.355469
27,0.634270,0.069905,12411.708008
28,0.713570,0.178534,12927.462891
29,0.794070,0.324688,13409.959961
30,0.797200,0.331796,13543.040039
31,0.763664,0.305936,13709.467773
32,0.749223,0.295382,13875.819336
33,0.925811,0.287609,14225.193359
34,0.964892,0.298253,14508.040039
35,0.962315,0.286630,14707.710938
36,0.983587,0.297645,15023.822266
37,0.032416,0.278857,15473.009766
38,0.077690,0.288253,15822.391602
39,0.056700,0.251980,16255.001953
40,0.117578,0.233540,16621.005859
41,0.020443,0.316567,17020.302734
42,0.033837,0.427604,17286.492188
43,0.251895,0.376543,18068.484375
44,0.248894,0.250148,18234.839844
45,0.273635,0.240981,18451.166016
46,0.293815,0.444565,18750.611328
47,0.289430,0.448749,18983.546875
48,0.291574,0.617147,19183.201172
49,0.300987,0.670170,19349.582031
50,0.292649,0.678472,19782.142578
51,0.278337,0.924277,20331.181641
52,0.094725,0.850873,20797.041016
53,0.066515,0.891935,21029.974609
54,0.037251,0.935624,21196.347656
55,0.928104,0.873840,21479.179688
56,0.020026,0.509228,21978.308594
57,0.024415,0.512291,22111.402344
58,0.047755,0.363148,22693.732422
59,0.042057,0.309063,22893.423828
60,0.031099,0.242947,23958.205078
0,0.775605,0.686172,216.353073
1,0.765704,0.584464,382.702393
2,0.774441,0.439703,648.898682
3,0.725680,0.258806,915.135193
4,0.725804,0.208755,1364.302368
5,0.717109,0.183199,1563.955811
6,0.723481,0.195459,1663.772705
7,0.725419,0.104008,1913.380615
8,0.736880,0.108944,2013.176880
9,0.569305,0.039615,2379.221924
10,0.566923,0.032150,2495.655273
11,0.491674,0.102037,2795.230713
12,0.385643,0.052773,2994.848145
13,0.330968,0.127738,3626.994873
14,0.531946,0.087237,3943.127197
15,0.547946,0.150262,4841.550293
16,0.352809,0.166181,5207.570312
17,0.497604,0.288576,5656.825195
18,0.425977,0.335392,5839.782227
19,0.379518,0.146743,6072.723633
20,0.532738,0.313968,6521.945312
21,0.518089,0.442907,6854.693848
22,0.501677,0.326530,7387.096680
23,0.546751,0.321932,7703.249023
24,0.536011,0.575562,7986.049316
25,0.547000,0.646574,8402.028320
26,0.579016,0.553863,8967.704102
27,0.645293,0.353673,9433.518555
28,0.633045,0.355979,9683.087891
29,0.678303,0.266198,9949.271484
30,0.734017,0.429709,10381.862305
31,0.692984,0.272061,10930.882812
32,0.612851,0.236459,11197.094727
33,0.644863,0.529492,11712.865234
34,0.347332,0.533610,13010.645508
35,0.295143,0.580476,13260.144531
36,0.234021,0.418111,13726.018555
37,0.265740,0.646828,14092.108398
38,0.272694,0.717509,14358.283203
39,0.274123,0.701173,14507.983398
40,0.279116,0.701888,14724.306641
41,0.276653,0.684834,14890.719727
42,0.192064,0.571428,15423.045898
43,0.195402,0.564247,15572.834961
44,0.154969,0.384347,16055.282227
45,0.124557,0.238849,16238.344727
46,0.072290,0.477787,18018.531250
47,0.921613,0.335088,19133.214844
48,0.908784,0.229603,19499.257812
49,0.907137,0.216019,19632.347656
50,0.841822,0.532199,20480.878906
51,0.862379,0.230900,20846.923828
52,0.859224,0.218325,21129.753906
53,0.932796,0.222905,21362.697266
54,0.030638,0.344848,22044.837891
55,0.944205,0.811372,22810.130859
56,0.807312,0.541707,23325.898438
57,0.752815,0.544411,23558.839844
58,0.765580,0.545009,23725.261719
59,0.763796,0.561865,23841.679688
60,0.722836,0.495671,24424.001953
61,0.028793,0.627502,24939.753906
0,0.732262,0.195798,1380.942261
1,0.918224,0.219078,1863.553467
2,0.912399,0.240854,2029.924438
3,0.910075,0.262521,2162.994141
4,0.900446,0.267474,2495.734375
5,0.862462,0.475006,2911.704590
6,0.823069,0.504106,3127.906738
7,0.766651,0.475553,3427.453857
8,0.590317,0.257726,4242.700195
9,0.566537,0.213098,4392.342285
10,0.520702,0.257459,4592.060059
11,0.504041,0.277928,4908.118652
12,0.340734,0.089628,6272.408691
13,0.311964,0.431610,7170.867676
14,0.286228,0.384803,7387.135742
15,0.253814,0.344955,7686.628418
16,0.224050,0.431828,8035.982910
17,0.475149,0.505082,8851.279297
18,0.474622,0.497942,8984.333008
19,0.516788,0.441185,9500.104492
20,0.574594,0.513245,9799.555664
21,0.572615,0.483844,9999.246094
22,0.612426,0.481664,10265.452148
23,0.621438,0.474857,10548.342773
24,0.664613,0.521212,10847.732422
25,0.718264,0.630384,11097.378906
26,0.954464,0.560834,12045.671875
27,0.008754,0.538588,12328.477539
28,0.078237,0.367619,12844.305664
29,0.076900,0.312667,13060.531250
30,0.074443,0.264939,13360.031250
31,0.064782,0.250328,13459.838867
32,0.981339,0.248489,13792.589844
33,0.060149,0.549883,15539.535156
34,0.060789,0.546396,15789.114258
35,0.977910,0.537243,15988.745117
36,0.279486,0.433270,17086.839844
37,0.247396,0.292327,17452.855469
38,0.235681,0.254207,17619.255859
39,0.334486,0.445114,18201.556641
40,0.326619,0.445345,18301.408203
41,0.293060,0.419110,18567.572266
42,0.248100,0.442380,18833.806641
43,0.275359,0.324727,19249.738281
44,0.194642,0.076182,20564.113281
45,0.152487,0.140505,20913.484375
46,0.144089,0.161000,21013.296875
47,0.626399,0.542149,22444.134766
48,0.630861,0.512935,22643.794922
49,0.542594,0.525797,22943.281250
50,0.510059,0.531477,23192.861328
51,0.476032,0.474715,23658.664062
52,0.451181,0.470435,24057.992188
53,0.424083,0.484850,24440.658203
0,0.769641,0.443115,266.197723
1,0.734168,0.200403,682.079468
2,0.710186,0.192972,865.180176
3,0.625916,0.096813,1330.947510
4,0.600791,0.096734,1530.697510
5,0.498869,0.009370,1880.060059
6,0.375031,0.087152,3044.669434
7,0.842502,0.390434,5906.358398
8,0.829621,0.351417,6272.321777
9,0.715558,0.378113,7553.441406
10,0.734999,0.411886,7786.295410
11,0.076858,0.383653,9317.071289
12,0.096711,0.271401,9716.314453
13,0.066555,0.391905,10498.288086
14,0.069581,0.400620,10697.920898
15,0.108051,0.466696,11230.383789
16,0.292282,0.571815,15439.685547
17,0.287437,0.559502,15639.305664
18,0.907181,0.895331,17169.867188
19,0.716703,0.928990,18850.386719
20,0.559960,0.239649,20763.626953
21,0.825879,0.443838,21612.160156
22,0.802145,0.440536,21978.150391
23,0.859515,0.456318,22277.714844
24,0.876764,0.524186,23076.271484
25,0.924240,0.621595,23924.755859
26,0.925664,0.609174,24157.636719
27,0.919877,0.605806,24407.238281
0,0.783832,0.434539,349.466064
1,0.737611,0.285548,1081.510498
2,0.695365,0.187781,1447.558472
3,0.716782,0.228271,1697.124512
4,0.911572,0.294473,2429.129150
5,0.750994,0.368360,3111.327393
6,0.757435,0.350729,3826.798096
7,0.389231,0.033965,5057.973633
8,0.317326,0.047580,5290.815918
9,0.333977,0.034838,5390.690430
10,0.354455,0.109338,5623.566895
11,0.601270,0.156791,5806.607910
12,0.526932,0.382025,6488.734375
13,0.525424,0.343837,6655.113770
14,0.499339,0.289602,7021.213867
15,0.497589,0.595023,7753.274414
16,0.480579,0.537858,8052.760742
17,0.779641,0.759337,9134.136719
18,0.827702,0.745205,9550.091797
19,0.926750,0.701819,10531.675781
20,0.911889,0.712605,10764.567383
21,0.927141,0.716359,11147.299805
22,0.921431,0.702924,11629.750977
23,0.097373,0.771890,12029.083984
24,0.051173,0.495513,12461.609375
25,0.041364,0.352802,12944.101562
26,0.037109,0.239060,13093.894531
27,0.175164,0.387801,13626.273438
28,0.206094,0.412271,13776.021484
29,0.232927,0.373407,14142.038086
30,0.233124,0.323287,14325.127930
31,0.056230,0.153324,14807.583984
32,0.978463,0.086927,15839.023438
33,0.061805,0.394179,16205.116211
34,0.977960,0.154408,17219.958984
35,0.947023,0.108425,17452.869141
36,0.907225,0.106824,17735.783203
37,0.958938,0.084479,18068.464844
38,0.919000,0.053644,18434.537109
39,0.256580,0.055562,18700.732422
40,0.783741,0.358042,19199.839844
41,0.732322,0.426456,19382.849609
42,0.730348,0.411242,19549.220703
43,0.685983,0.399673,19865.343750
44,0.629843,0.381423,20148.193359
45,0.610308,0.375520,20281.287109
46,0.537669,0.364881,20663.949219
47,0.515670,0.269913,20980.089844
48,0.517195,0.595482,21429.285156
49,0.475814,0.545436,21795.318359
50,0.476166,0.534330,21945.027344
51,0.475016,0.524272,22111.410156
52,0.412991,0.507940,22444.162109
53,0.413695,0.499987,22560.673828
54,0.372509,0.354319,23009.853516
55,0.335042,0.367218,23192.871094
56,0.388395,0.095043,24041.378906
57,0.503180,0.151148,24473.939453
58,0.556435,0.255467,24690.228516
0,0.741040,0.277329,465.825653
1,0.784579,0.419300,781.926270
2,0.740875,0.243315,1014.825134
3,0.732542,0.223347,1164.613892
4,0.743211,0.221366,1530.668701
5,0.732368,0.225193,1763.592773
6,0.696920,0.270289,2179.507324
7,0.683967,0.288787,2478.928711
8,0.668985,0.269161,2728.526611
9,0.605617,0.508981,3077.939941
10,0.576644,0.526749,3227.694824
11,0.578496,0.518543,3327.463623
12,0.560668,0.504760,3543.801514
13,0.575223,0.359977,3793.338867
14,0.542918,0.242041,4126.114746
15,0.575301,0.117887,4625.175293
16,0.625817,0.073346,4791.573242
17,0.741739,0.033497,4991.239746
18,0.796067,0.016790,5190.871094
19,0.257330,0.052133,5590.207520
20,0.010602,0.028463,5939.558105
21,0.637036,0.047338,6205.794922
22,0.696138,0.041578,6438.737305
23,0.819981,0.073297,6571.841797
24,0.447702,0.023539,6921.170410
25,0.843634,0.047295,7137.567871
26,0.856058,0.123026,7520.187012
27,0.859570,0.119373,7753.039551
28,0.871812,0.271208,10182.152344
29,0.075817,0.395063,11014.034180
30,0.057439,0.373991,11346.787109
31,0.045013,0.495731,11513.157227
32,0.045596,0.506814,11696.179688
33,0.047449,0.521161,11945.720703
34,0.051796,0.319382,12478.132812
35,0.050108,0.294530,12727.700195
36,0.062366,0.324022,13010.546875
37,0.072596,0.333311,13326.655273
38,0.059361,0.316935,13559.581055
39,0.063711,0.366441,13892.328125
40,0.198977,0.217331,14358.209961
41,0.231656,0.067852,14857.312500
42,0.264485,0.344597,15406.354492
43,0.269306,0.371167,15606.045898
44,0.267050,0.367269,15705.855469
45,0.283001,0.471382,16171.700195
46,0.276063,0.549268,16354.690430
47,0.243563,0.364343,16837.189453
48,0.239769,0.289362,17003.548828
49,0.208515,0.405957,17402.867188
50,0.165313,0.459156,17669.111328
51,0.164385,0.452964,17768.886719
52,0.145993,0.475550,18334.576172
53,0.142646,0.520884,18484.318359
54,0.146623,0.479618,18800.404297
55,0.130585,0.505298,18983.478516
56,0.125801,0.521439,19149.816406
57,0.143032,0.568654,19599.021484
58,0.148379,0.470680,20114.808594
59,0.146220,0.488190,20297.837891
60,0.143421,0.483102,20514.089844
61,0.147987,0.490457,21146.330078
62,0.144437,0.486376,21362.615234
63,0.142854,0.486870,21778.558594
64,0.131183,0.509171,22127.970703
65,0.128531,0.504093,22261.039062
66,0.130998,0.534430,22394.160156
67,0.148492,0.534478,22560.515625
68,0.187346,0.490880,23492.240234
69,0.212309,0.474999,23641.957031
70,0.248294,0.483465,23824.968750
71,0.289347,0.427674,24423.923828
0,0.738809,0.425179,166.349442
1,0.777019,0.453192,415.949219
2,0.767216,0.293816,698.834717
3,0.830030,0.476670,1880.084961
4,0.898861,0.452639,2179.524170
5,0.898326,0.445426,2362.524658
6,0.912810,0.232557,2761.902100
7,0.993462,0.308672,3194.447998
8,0.971155,0.258351,3493.931885
9,0.942697,0.235118,3776.710205
10,0.080667,0.334020,4225.941406
11,0.078149,0.379956,4525.443848
12,0.025839,0.605190,4891.461426
13,0.047822,0.455948,5141.007812
14,0.058776,0.372796,5307.377441
15,0.861804,0.231609,5640.132812
16,0.897791,0.224687,6022.787109
17,0.849223,0.287331,6971.184082
18,0.961304,0.275292,7254.000977
19,0.157282,0.419276,8052.605957
20,0.208511,0.148798,8418.630859
21,0.081632,0.080752,8950.996094
22,0.209699,0.138778,9267.160156
23,0.237162,0.487445,9683.078125
24,0.290468,0.474022,9982.545898
25,0.286311,0.469440,10182.225586
26,0.278732,0.472398,10564.843750
27,0.189833,0.682617,11396.730469
28,0.134664,0.545597,11613.034180
29,0.059518,0.471528,12345.122070
30,0.037782,0.589310,12910.769531
31,0.039544,0.592990,13077.122070
32,0.965478,0.523190,13426.534180
33,0.964741,0.529998,13759.286133
34,0.886950,0.504832,14175.211914
35,0.885033,0.507383,14358.224609
36,0.824044,0.472121,14641.071289
37,0.771808,0.446925,14957.186523
38,0.767702,0.257840,15389.759766
39,0.740780,0.235615,15655.973633
40,0.631500,0.243017,16188.398438
41,0.604164,0.209598,16354.738281
42,0.597923,0.156838,16554.419922
43,0.496316,0.119882,17569.271484
44,0.523609,0.290118,17935.310547
45,0.518045,0.340824,18134.949219
46,0.517945,0.351778,18451.085938
47,0.455378,0.501929,19898.542969
48,0.450423,0.393817,20247.949219
49,0.472584,0.410895,20514.136719
50,0.512409,0.431739,20830.248047
51,0.536802,0.454525,21096.433594
52,0.536519,0.463966,21196.298828
53,0.528663,0.457173,21512.382812
54,0.559640,0.472282,21878.427734
55,0.550284,0.450186,22327.626953
56,0.579731,0.304422,23159.519531
57,0.583618,0.244916,23442.339844
58,0.600136,0.240402,23725.199219
59,0.790675,0.516921,24590.351562
60,0.783912,0.443059,24956.396484
0,0.773366,0.478480,332.790375
1,0.784279,0.488748,815.281067
2,0.774273,0.433335,1231.190552
3,0.724040,0.330301,1730.332397
4,0.722071,0.332944,1913.347168
5,0.731060,0.364726,2445.806641
6,0.878745,0.294004,3077.999268
7,0.874812,0.294740,3161.163086
8,0.898436,0.466945,3876.593018
9,0.866904,0.514854,4109.475586
10,0.771674,0.531304,4575.315430
11,0.781953,0.517116,4775.024414
12,0.812784,0.503202,5340.685059
13,0.837918,0.502750,6022.813477
14,0.957077,0.495426,6655.114746
15,0.950299,0.502919,6838.100098
16,0.999314,0.469636,7553.500977
17,0.046165,0.445914,7919.571777
18,0.041671,0.452941,8035.959961
19,0.998816,0.379906,8335.461914
20,0.997714,0.336570,8551.779297
21,0.998495,0.346607,9317.119141
22,0.074703,0.366129,9749.632812
23,0.072273,0.371542,9932.707031
24,0.068688,0.356873,10032.490234
25,0.159600,0.410535,10631.444336
26,0.167551,0.467324,10980.848633
27,0.198164,0.447479,11446.688477
28,0.147012,0.265437,11812.733398
29,0.142704,0.225806,12112.161133
30,0.153552,0.204174,12228.636719
31,0.156704,0.242398,12661.192383
32,0.108188,0.415215,13093.861328
33,0.173385,0.520837,13526.359375
34,0.168460,0.511895,13642.816406
35,0.061772,0.481632,14374.869141
36,0.047147,0.463576,14740.927734
37,0.048082,0.393180,15090.342773
38,0.048390,0.385961,15306.604492
39,0.203976,0.352527,15772.510742
40,0.419117,0.521725,18001.867188
41,0.480681,0.491411,18517.630859
42,0.449488,0.538283,18817.109375
43,0.475796,0.281923,19332.923828
44,0.471104,0.244339,19582.437500
45,0.543997,0.364524,19898.636719
46,0.536834,0.355771,20148.150391
47,0.554412,0.356252,20297.941406
48,0.482171,0.364310,20896.806641
49,0.278752,0.452819,21196.312500
50,0.302684,0.496775,21662.162109
51,0.261617,0.442311,21978.298828
52,0.265268,0.438126,22111.388672
53,0.239003,0.462595,22311.054688
54,0.228759,0.456600,22793.500000
55,0.229978,0.401527,23043.060547
56,0.235653,0.391653,23525.611328
57,0.274525,0.383186,23791.748047
58,0.230981,0.374156,24141.160156
59,0.138146,0.370003,24390.703125
60,0.174263,0.516835,24740.121094
0,0.773270,0.430757,349.525970
1,0.688363,0.238496,1231.235840
2,0.743341,0.209239,1530.770996
3,0.643041,0.178852,1780.355713
4,0.580986,0.218932,2013.197998
5,0.602509,0.111812,2861.755859
6,0.693201,0.325079,3078.128662
7,0.687367,0.302573,3261.071289
8,0.525366,0.423486,4176.153809
9,0.540777,0.341570,4542.177246
10,0.508296,0.329801,4874.942383
11,0.522743,0.339506,5124.438477
12,0.475070,0.406857,5357.442383
13,0.473673,0.428343,5590.305664
14,0.439414,0.440133,5823.249023
15,0.442511,0.447143,5939.769043
16,0.455682,0.467057,6139.335449
17,0.511891,0.495153,6372.262207
18,0.529204,0.509291,6555.324707
19,0.907580,0.554408,8518.538086
20,0.920156,0.538239,8618.362305
21,0.824029,0.425739,9483.492188
22,0.947617,0.373523,9799.609375
23,0.044941,0.499742,11230.495117
24,0.122078,0.505181,11463.417969
25,0.170346,0.260250,11729.573242
26,0.169886,0.247504,11812.746094
27,0.143882,0.068650,12345.250977
28,0.116709,0.066957,12561.459961
29,0.145275,0.055524,12744.475586
30,0.102754,0.618567,13692.797852
31,0.150447,0.577878,14025.586914
32,0.152487,0.563861,14241.840820
33,0.169082,0.371764,14541.356445
34,0.160868,0.103379,15190.195312
35,0.258558,0.336544,15922.298828
36,0.225340,0.314562,16255.007812
37,0.226706,0.393334,16804.052734
38,0.222188,0.375742,17020.343750
39,0.228368,0.298457,17502.800781
40,0.229470,0.298710,17719.103516
41,0.218618,0.293178,18650.869141
42,0.196011,0.269642,18800.562500
43,0.994910,0.304563,20431.046875
44,0.006122,0.309112,20846.968750
45,0.009654,0.314746,21113.208984
46,0.003020,0.320094,21262.917969
47,0.966106,0.261988,21612.333984
48,0.042051,0.470137,22211.316406
49,0.040915,0.455588,22377.662109
50,0.023173,0.499245,22544.025391
51,0.068939,0.598149,22826.878906
52,0.179280,0.438317,23625.488281
53,0.172690,0.437050,23841.777344
0,0.753104,0.569085,598.940369
1,0.778146,0.536302,881.718018
2,0.779340,0.526399,1048.122192
3,0.823575,0.470841,1231.237793
4,0.754310,0.428444,1713.616455
5,0.746875,0.453254,1929.917847
6,0.840462,0.518755,2528.949951
7,0.885459,0.477049,2861.692627
8,0.895666,0.458889,3161.124512
9,0.929155,0.534679,4009.699707
10,0.816139,0.608291,4342.371582
11,0.779723,0.353726,5124.378418
12,0.798547,0.323724,5573.621094
13,0.615750,0.210365,6305.618164
14,0.555019,0.050912,6638.380371
15,0.510016,0.103556,6887.912598
16,0.526083,0.083338,7037.733398
17,0.528080,0.087922,7154.150879
18,0.583719,0.220492,7320.515625
19,0.639649,0.242989,7586.681152
20,0.513732,0.338038,9849.423828
21,0.396646,0.456099,11097.235352
22,0.304938,0.455630,12012.286133
23,0.226912,0.481608,13077.114258
24,0.222487,0.491986,13193.560547
25,0.195736,0.265001,13393.211914
26,0.175104,0.151184,13942.233398
27,0.105423,0.328009,14291.643555
28,0.063615,0.446748,14641.019531
29,0.036336,0.464539,14940.503906
30,0.048416,0.405387,15256.617188
31,0.050999,0.416969,15356.440430
32,0.031900,0.569787,15755.742188
33,0.054477,0.471135,16121.779297
34,0.049709,0.491364,16338.091797
35,0.017313,0.359274,16521.091797
36,0.057900,0.382762,16737.367188
37,0.065485,0.402274,16903.746094
38,0.012577,0.554136,17186.570312
39,0.030982,0.619616,17502.714844
40,0.287608,0.608961,18534.240234
41,0.361292,0.584548,18717.265625
42,0.444941,0.546556,19316.193359
43,0.434570,0.529546,19465.914062
44,0.561327,0.705643,20747.017578
45,0.767837,0.578098,22527.248047
46,0.767182,0.501958,22760.158203
47,0.818655,0.541319,23092.927734
48,0.819275,0.529399,23259.326172
49,0.915128,0.464162,23725.160156
50,0.915550,0.480102,23825.000000
51,0.944532,0.614527,24157.732422
52,0.070383,0.547028,24989.607422
0,0.797641,0.303310,166.522705
1,0.798712,0.323992,382.820007
2,0.779147,0.194851,981.709656
3,0.767869,0.182201,1081.521240
4,0.754454,0.200106,1214.718750
5,0.921932,0.246847,2029.874634
6,0.925347,0.230146,2162.958252
7,0.930075,0.242403,2595.570557
8,0.970025,0.252571,2878.388428
9,0.890483,0.499161,3360.938965
10,0.891530,0.492027,3477.309570
11,0.893008,0.487963,3577.172852
12,0.775717,0.489495,4009.760986
13,0.659124,0.262220,6072.766113
14,0.459455,0.574351,6821.462891
15,0.507113,0.344130,7337.223145
16,0.548054,0.464194,7703.269531
17,0.582861,0.471518,7886.289551
18,0.591159,0.486693,8085.948242
19,0.548741,0.400309,8634.981445
20,0.547850,0.243617,9233.940430
21,0.583475,0.433960,10182.288086
22,0.583355,0.419823,10282.131836
23,0.574350,0.380258,10481.728516
24,0.537931,0.369968,10714.666992
25,0.548897,0.347835,10897.666992
26,0.555865,0.341066,11113.974609
27,0.566178,0.346447,11480.018555
28,0.562982,0.343782,11596.476562
29,0.549280,0.334052,11945.840820
30,0.548799,0.349538,12128.888672
31,0.552097,0.354234,12345.155273
32,0.583174,0.349026,12694.534180
33,0.551914,0.330313,13243.560547
34,0.553295,0.337294,13343.415039
35,0.546694,0.362152,13642.898438
36,0.551174,0.360051,13859.181641
37,0.527368,0.460641,14208.588867
38,0.484877,0.422851,14408.203125
39,0.245618,0.394059,15240.113281
40,0.488033,0.109939,19432.757812
41,0.117972,0.385787,20846.978516
42,0.087482,0.479076,21429.269531
43,0.092312,0.491963,21878.509766
44,0.047655,0.538028,22161.345703
45,0.029261,0.484784,22527.357422
46,0.914622,0.646524,23176.251953
47,0.766008,0.380513,24107.912109
0,0.678047,0.556738,16.671494
1,0.732813,0.551111,349.378906
2,0.768959,0.503125,515.771362
3,0.780588,0.495742,781.965637
4,0.834635,0.516518,1114.700928
5,0.852537,0.526879,1231.165894
6,0.815544,0.522837,1514.025879
7,0.771490,0.490491,1697.031006
8,0.785976,0.486025,2096.308350
9,0.794631,0.381386,2329.273926
10,0.749538,0.363777,2528.926514
11,0.735589,0.361969,2728.581787
12,0.728574,0.346992,2878.285400
13,0.732307,0.328175,3078.019287
14,0.671997,0.348736,3776.699707
15,0.661615,0.350405,3959.824951
16,0.587502,0.377713,4242.567871
17,0.562063,0.475612,4591.946289
18,0.544056,0.497624,4758.414062
19,0.503355,0.492918,4974.687012
20,0.494858,0.442714,5190.904297
21,0.511780,0.443097,5357.318848
22,0.502689,0.436510,5557.025879
23,0.473618,0.428691,5773.216309
24,0.459190,0.423501,5922.950684
25,0.482397,0.488703,6538.592285
26,0.980156,0.448369,8019.378418
27,0.026329,0.390302,8368.691406
28,0.066895,0.458119,8585.020508
29,0.074872,0.403127,8768.035156
30,0.056297,0.625095,9067.499023
31,0.075435,0.704843,9350.336914
32,0.091971,0.747684,9599.992188
33,0.130946,0.714668,9899.374023
34,0.028893,0.562793,10165.550781
35,0.034955,0.544852,10348.568359
36,0.034724,0.526073,10731.298828
37,0.987911,0.491958,10964.166016
38,0.947287,0.485675,11346.902344
39,0.919148,0.477147,11563.147461
40,0.868176,0.480175,11862.646484
41,0.585571,0.501296,12794.335938
42,0.421991,0.500533,13376.609375
43,0.391637,0.486373,13592.951172
44,0.398801,0.440372,13809.236328
45,0.330695,0.490313,14042.167969
46,0.297288,0.483881,14275.074219
47,0.235339,0.498980,14707.645508
48,0.215667,0.497296,14923.904297
49,0.209795,0.473247,15156.893555
50,0.253702,0.406487,15589.407227
51,0.281764,0.387476,15822.369141
52,0.235474,0.378758,16071.889648
53,0.388218,0.389773,16504.583984
54,0.455746,0.169544,17369.691406
55,0.515410,0.160919,17602.552734
56,0.601785,0.141819,17852.142578
57,0.622962,0.115098,17985.275391
58,0.664152,0.105196,18151.632812
59,0.687708,0.097855,18434.470703
60,0.626860,0.051762,18617.457031
61,0.737191,0.039184,18783.853516
62,0.025848,0.403761,20181.425781
63,0.065310,0.386529,20564.044922
64,0.115834,0.431104,20930.093750
65,0.148101,0.489356,21246.238281
66,0.161941,0.530737,21479.179688
67,0.166672,0.623213,21778.648438
68,0.114962,0.752843,22028.195312
69,0.281242,0.950719,23159.607422
70,0.215193,0.920699,23359.242188
71,0.783689,0.467511,24340.835938
72,0.769558,0.481520,24523.812500
73,0.844607,0.510762,24989.658203
0,0.744037,0.738280,432.697235
1,0.742688,0.786593,748.769104
2,0.690427,0.855565,981.681763
3,0.729853,0.806119,1380.965698
4,0.735690,0.777009,1796.873413
5,0.716172,0.765306,2046.501587
6,0.698439,0.690284,2479.065186
7,0.692666,0.653253,2745.343506
8,0.709786,0.638594,2994.795654
9,0.695854,0.616138,3194.478760
10,0.734363,0.667970,3643.749023
11,0.760233,0.677351,3993.121094
12,0.751736,0.718682,4342.470703
13,0.745001,0.768715,4725.178223
14,0.745969,0.792870,4891.523926
15,0.816127,0.799980,5141.065430
16,0.826553,0.834782,5407.269531
17,0.791073,0.826187,5673.553711
18,0.802474,0.776840,5856.500977
19,0.767956,0.770027,6155.943848
20,0.761988,0.717963,6422.135742
21,0.754731,0.706809,6705.008789
22,0.766777,0.417743,7370.504883
23,0.808973,0.332534,7586.812988
24,0.819121,0.334160,7753.208496
25,0.829082,0.330022,7986.077637
26,0.639776,0.268353,8535.126953
27,0.634247,0.223994,8684.858398
28,0.545933,0.115801,9100.826172
29,0.469199,0.290304,9916.028320
30,0.506177,0.364656,10182.229492
31,0.527400,0.341300,10365.236328
32,0.508279,0.347969,10614.895508
33,0.483968,0.597354,10980.876953
34,0.496035,0.531014,11280.320312
35,0.483779,0.542892,11662.977539
36,0.527049,0.521076,12012.382812
37,0.536310,0.519843,12395.036133
38,0.549710,0.521895,12777.718750
39,0.502799,0.540323,13027.281250
40,0.510648,0.532221,13426.598633
41,0.619752,0.603056,14042.185547
42,0.684238,0.455039,14607.871094
43,0.699709,0.341836,14874.044922
44,0.687949,0.354643,15223.426758
45,0.705675,0.356790,15539.610352
46,0.698746,0.379715,15905.587891
47,0.690133,0.302361,16254.990234
48,0.660612,0.300438,16521.179688
49,0.679263,0.248526,16720.828125
50,0.880043,0.272442,17203.376953
51,0.892167,0.279794,17436.216797
52,0.886979,0.272407,17602.613281
53,0.878613,0.292392,17902.066406
54,0.945007,0.272457,18101.712891
55,0.943794,0.278158,18251.500000
56,0.957414,0.272224,18517.650391
57,0.958377,0.285350,18684.115234
58,0.952825,0.457342,19050.087891
59,0.076380,0.338268,19782.115234
60,0.070300,0.307067,20131.570312
61,0.028420,0.564154,20397.703125
62,0.016666,0.541942,20663.980469
63,0.033580,0.647210,21113.207031
64,0.037743,0.645851,21296.162109
65,0.064907,0.702625,21678.857422
66,0.025442,0.655659,21861.810547
67,0.124472,0.301125,22311.076172
68,0.189786,0.273157,22593.968750
69,0.194960,0.239828,22876.716797
70,0.204496,0.166443,23159.632812
71,0.181290,0.119464,23392.539062
72,0.181371,0.119101,23675.306641
73,0.183825,0.135267,23825.105469
74,0.242965,0.462080,24307.583984
75,0.276253,0.402447,24706.839844
76,0.250840,0.544883,24973.041016
0,0.768218,0.485344,366.067993
1,0.725532,0.823978,965.035645
2,0.649744,0.929435,1181.289917
3,0.654365,0.937807,1314.391846
4,0.517257,0.442146,2345.969971
5,0.501690,0.453457,2595.490234
6,0.491892,0.331171,2928.228516
7,0.500031,0.342231,3077.925781
8,0.494925,0.354358,3327.587891
9,0.527716,0.345818,3843.278564
10,0.504203,0.194669,4142.831055
11,0.523826,0.146259,4375.697266
12,0.501633,0.121517,4575.309082
13,0.416093,0.143478,5124.360352
14,0.453497,0.103626,5324.018555
15,0.555018,0.076622,5523.654297
16,0.532096,0.082603,5739.958008
17,0.458272,0.529537,6288.985840
18,0.461285,0.524269,6405.485840
19,0.482554,0.424815,6671.662109
20,0.759978,0.346736,7703.188477
21,0.753194,0.345298,7936.113770
22,0.801983,0.352422,8185.761230
23,0.764671,0.502350,8485.149414
24,0.778650,0.482686,8784.646484
25,0.813226,0.344132,9050.930664
26,0.890312,0.300747,9733.071289
27,0.836252,0.549870,10198.917969
28,0.848686,0.501230,10448.467773
29,0.936351,0.477311,10914.250000
30,0.932130,0.481800,11080.672852
31,0.985317,0.504355,11313.635742
32,0.903272,0.724551,11679.648438
33,0.029596,0.520927,12228.662109
34,0.077072,0.373386,12877.537109
35,0.074446,0.359812,12993.983398
36,0.999354,0.347041,13177.013672
37,0.993383,0.356288,13542.992188
38,0.161748,0.359686,14225.228516
39,0.164560,0.370387,14391.497070
40,0.133207,0.299030,14607.826172
41,0.137876,0.211358,14774.212891
42,0.094312,0.178715,15057.019531
43,0.136018,0.146979,15290.010742
44,0.182025,0.157761,15539.524414
45,0.114620,0.180989,16038.660156
46,0.086289,0.327025,16621.042969
47,0.060244,0.406969,16837.246094
48,0.064189,0.366859,17103.496094
49,0.062204,0.393119,17536.046875
50,0.067093,0.383157,17918.710938
51,0.043148,0.556058,18334.621094
52,0.053692,0.519040,18700.701172
53,0.995278,0.377650,19016.742188
54,0.983880,0.357881,19316.228516
55,0.057412,0.367474,20098.216797
56,0.059822,0.373956,20264.603516
57,0.026332,0.567188,20480.851562
58,0.878478,0.541203,21113.105469
59,0.827032,0.599054,21429.251953
60,0.918073,0.704681,21695.447266
61,0.915780,0.669421,21945.001953
62,0.756932,0.485972,22627.175781
63,0.759374,0.462951,22926.673828
64,0.297427,0.495313,24141.162109
65,0.249692,0.486778,24440.648438
0,0.779118,0.476080,465.980652
1,0.655712,0.200365,1297.756836
2,0.673779,0.200848,1447.595215
3,0.712928,0.234408,1613.927002
4,0.593493,0.114793,1813.547729
5,0.463853,0.536184,2412.493652
6,0.547879,0.466456,2878.333740
7,0.530426,0.450487,3510.573486
8,0.470657,0.436240,3926.517578
9,0.502804,0.387994,4242.705078
10,0.381366,0.347361,5606.903320
11,0.318336,0.345897,5823.215332
12,0.492439,0.553292,6405.498047
13,0.074052,0.369108,9017.594727
14,0.055913,0.431558,9367.074219
15,0.073632,0.370228,10032.484375
16,0.111125,0.602122,10631.497070
17,0.020151,0.562292,10947.593750
18,0.682806,0.427689,12012.443359
19,0.931116,0.650030,12544.764648
20,0.917556,0.756937,12877.542969
21,0.891315,0.743609,13077.216797
22,0.269304,0.416425,13959.054688
23,0.169645,0.251198,14325.007812
24,0.166721,0.136571,14757.600586
25,0.077941,0.150731,14923.975586
26,0.378920,0.212029,15456.373047
27,0.335713,0.534165,16504.525391
28,0.242506,0.375216,17236.580078
29,0.218031,0.397714,17386.326172
30,0.505533,0.502257,18234.867188
31,0.503528,0.495033,18351.292969
32,0.392631,0.192768,18850.498047
33,0.354829,0.242314,19216.447266
34,0.292812,0.446141,20813.708984
35,0.059176,0.428220,21762.001953
36,0.037592,0.399280,21961.716797
37,0.765958,0.396558,24241.087891
0,0.725340,0.605127,16.586945
1,0.749062,0.508630,399.257599
2,0.765144,0.481043,748.626709
3,0.910220,0.636341,1397.483643
4,0.918673,0.658107,1547.274902
5,0.881715,0.744341,1796.799561
6,0.037969,0.614105,2129.546387
7,0.056330,0.561125,2412.419189
8,0.037847,0.562705,2578.773438
9,0.045054,0.552869,2778.449707
10,0.062239,0.571596,2978.083008
11,0.665916,0.525231,3976.325684
12,0.680763,0.409981,4309.089844
13,0.714762,0.348953,4558.624512
14,0.683135,0.288097,5739.954590
15,0.668963,0.304628,5939.577148
16,0.670356,0.315709,6155.860352
17,0.775688,0.378406,6422.034180
18,0.832650,0.377441,6605.100098
19,0.852256,0.383707,6821.353516
20,0.844983,0.396191,6921.172852
21,0.504272,0.518357,8618.214844
22,0.323627,0.411587,9616.486328
23,0.317500,0.524974,9866.038086
24,0.261121,0.483297,10182.162109
25,0.256839,0.452849,10448.380859
26,0.228110,0.436376,10714.541992
27,0.251350,0.597437,10997.386719
28,0.248802,0.510558,11296.896484
29,0.408976,0.231096,12278.494141
30,0.442728,0.193381,12528.031250
31,0.457149,0.167869,12760.972656
32,0.480624,0.144212,12977.267578
33,0.068840,0.524503,14973.812500
34,0.080752,0.573766,15256.641602
35,0.176382,0.590678,15855.587891
36,0.190435,0.591966,16105.127930
37,0.190757,0.610024,16338.067383
38,0.071519,0.614888,16570.984375
39,0.744900,0.614876,18035.095703
40,0.734927,0.569071,18151.593750
41,0.767223,0.442956,19332.826172
42,0.819314,0.481330,19582.382812
43,0.885947,0.472485,20164.675781
44,0.883024,0.487179,20264.501953
45,0.929911,0.513605,20480.808594
46,0.932476,0.534751,20630.552734
47,0.022268,0.515792,21811.808594
48,0.986088,0.477779,22011.453125
49,0.628561,0.754732,23126.185547
50,0.531497,0.615248,23941.425781
51,0.540281,0.696343,24091.164062
0,0.776837,0.498965,366.049377
1,0.798357,0.355532,615.570557
2,0.759497,0.266342,815.208557
3,0.700332,0.282258,1380.926514
4,0.700446,0.346049,1863.428345
5,0.718690,0.355608,2129.578369
6,0.592435,0.155032,2362.558838
7,0.616070,0.036425,2612.089600
8,0.617201,0.260784,3327.593018
9,0.631063,0.136209,3810.047119
10,0.657685,0.041231,4026.356201
11,0.775083,0.035283,4192.712891
12,0.544615,0.301050,4508.762695
13,0.504440,0.326161,4708.412598
14,0.466037,0.259192,4941.422852
15,0.416565,0.083374,5257.507324
16,0.405246,0.066647,5407.208984
17,0.409107,0.128993,5706.731934
18,0.438371,0.394874,6355.633301
19,0.426632,0.389198,6605.162109
20,0.308832,0.403731,6937.854004
21,0.272721,0.367537,7104.241211
22,0.240911,0.309862,7337.203125
23,0.254682,0.318848,7536.818848
24,0.193576,0.255523,7886.209473
25,0.212024,0.099349,8318.861328
26,0.288538,0.070167,8535.041992
27,0.261880,0.351028,9583.264648
28,0.289416,0.346966,9949.272461
29,0.275890,0.548864,10298.730469
30,0.271678,0.538408,10431.838867
31,0.071064,0.315686,11197.114258
32,0.040473,0.489747,11679.659180
33,0.045178,0.491113,11846.026367
34,0.987685,0.356688,12078.962891
35,0.951183,0.279361,12295.151367
36,0.945691,0.251378,12461.625977
37,0.928797,0.244959,12727.729492
38,0.896005,0.219964,12993.944336
39,0.864475,0.253452,13359.981445
40,0.897383,0.290874,13626.166992
41,0.791161,0.517292,13925.667969
42,0.783196,0.400972,14408.143555
43,0.786074,0.388772,14524.602539
44,0.815570,0.379624,14857.360352
45,0.785069,0.399768,15289.932617
46,0.771745,0.424740,15506.196289
47,0.755998,0.374470,16071.916992
48,0.193402,0.235233,17319.707031
49,0.182685,0.238961,17419.541016
50,0.234019,0.270438,17619.210938
51,0.311344,0.404823,17951.929688
52,0.381688,0.066032,18833.728516
53,0.652011,0.098890,19599.062500
54,0.742093,0.078152,19765.437500
55,0.990930,0.099063,20181.371094
56,0.964086,0.099498,20564.037109
57,0.001541,0.088676,20713.777344
58,0.991771,0.074159,20913.417969
59,0.870455,0.051688,21296.097656
60,0.854936,0.153237,21595.570312
61,0.889897,0.270361,21861.767578
62,0.924570,0.327411,22227.812500
63,0.893731,0.307271,22826.740234
64,0.904207,0.252441,23276.021484
65,0.955953,0.295003,24024.677734
66,0.966463,0.285547,24523.804688
67,0.015624,0.325659,24756.705078
0,0.747790,0.563087,366.088074
1,0.772908,0.522168,549.157104
2,0.774046,0.339282,1281.151123
3,0.701808,0.280794,1813.625610
4,0.676038,0.151267,2146.333984
5,0.711126,0.265089,2512.324219
6,0.824757,0.006726,2961.541748
7,0.513953,0.079997,3693.609375
8,0.518207,0.121112,3993.097168
9,0.443806,0.194607,4176.164551
10,0.502669,0.543413,4874.868652
11,0.802610,0.479826,5972.995605
12,0.913958,0.296329,6505.375977
13,0.971534,0.346759,6888.005371
14,0.971720,0.403371,7154.246094
15,0.997946,0.472365,7403.818848
16,0.056788,0.495275,7686.660645
17,0.083659,0.451279,7886.258789
18,0.090589,0.386165,8102.603027
19,0.076604,0.366069,8368.749023
20,0.050924,0.480826,8684.879883
21,0.020689,0.553293,8951.159180
22,0.022299,0.544910,9167.386719
23,0.027762,0.562371,9283.864258
24,0.085019,0.416050,9716.453125
25,0.083260,0.372817,9949.380859
26,0.132707,0.310749,10148.981445
27,0.189754,0.282809,10431.860352
28,0.213520,0.226395,10614.847656
29,0.263392,0.157163,10797.871094
30,0.299187,0.155162,10997.553711
31,0.272770,0.351616,12045.719727
32,0.265363,0.308046,12245.347656
33,0.926138,0.755731,14125.389648
34,0.939167,0.766412,14241.895508
35,0.931800,0.754601,14341.659180
36,0.904797,0.744162,14624.533203
37,0.904345,0.761002,15073.710938
38,0.926605,0.743888,15473.011719
39,0.691863,0.506827,16371.475586
40,0.506530,0.524637,17170.076172
41,0.488380,0.429606,17502.814453
42,0.467950,0.448536,17769.103516
43,0.540736,0.337966,18001.990234
44,0.548440,0.356202,18201.632812
45,0.538265,0.340200,18750.625000
46,0.555108,0.348854,19050.154297
47,0.563732,0.352583,19532.583984
48,0.650309,0.264477,20048.347656
49,0.705330,0.213920,20347.832031
50,0.715376,0.198194,20514.210938
51,0.721353,0.214758,20797.062500
52,0.567964,0.067851,21279.537109
53,0.503260,0.058023,21412.638672
54,0.727341,0.040926,21778.654297
55,0.465622,0.131325,22643.804688
56,0.391295,0.394967,22959.976562
57,0.443168,0.540696,23325.970703
58,0.435036,0.531470,23775.173828
59,0.493966,0.556743,24157.847656
60,0.494797,0.545392,24290.966797
61,0.498842,0.539600,24490.599609
62,0.630083,0.587454,24973.126953
0,0.711413,0.474683,116.659187
1,0.784665,0.519518,349.534576
2,0.752665,0.307598,649.078491
3,0.741026,0.300332,798.719849
4,0.574675,0.065792,1597.374512
5,0.574648,0.055948,1780.327148
6,0.551958,0.052789,1979.989990
7,0.881468,0.297389,3128.006836
8,0.950109,0.347444,3593.837646
9,0.944610,0.343878,3693.752197
10,0.006514,0.382251,3976.556885
11,0.021783,0.376640,4192.793945
12,0.083145,0.386419,4575.469727
13,0.047620,0.495122,4908.275879
14,0.044257,0.574985,5174.432617
15,0.907086,0.771387,6355.763672
16,0.296470,0.690295,7237.464844
17,0.287476,0.443279,7553.574219
18,0.237038,0.392747,7819.800781
19,0.234788,0.363968,8036.194824
20,0.284106,0.459562,8335.599609
21,0.372625,0.303176,9001.100586
22,0.107923,0.248046,9882.911133
23,0.041292,0.144222,10431.877930
24,0.999668,0.183623,10748.071289
25,0.950382,0.148039,11080.837891
26,0.795811,0.071575,11546.647461
27,0.668517,0.050443,11862.769531
28,0.636094,0.077604,12328.638672
29,0.614952,0.074811,12761.157227
30,0.435334,0.058380,13060.637695
31,0.116151,0.199974,13709.512695
32,0.797248,0.228740,14158.706055
33,0.730401,0.231579,14957.300781
34,0.732441,0.234385,15423.271484
35,0.694634,0.182418,16188.537109
36,0.629809,0.190111,16604.546875
37,0.599668,0.150984,16820.757812
38,0.624626,0.279168,17170.169922
39,0.794593,0.444579,18101.849609
40,0.856990,0.515225,18933.714844
41,0.843754,0.516124,19133.378906
42,0.839436,0.539935,19266.533203
43,0.536241,0.437913,20281.421875
44,0.504864,0.434281,20530.931641
45,0.473814,0.444222,20713.921875
46,0.539862,0.445761,20996.771484
47,0.527707,0.436161,21146.531250
48,0.523289,0.436254,21412.785156
49,0.531123,0.441263,21878.566406
50,0.517927,0.433513,22727.056641
51,0.528425,0.319795,23292.849609
52,0.493440,0.171764,23758.578125
53,0.546393,0.052350,24257.806641
54,0.420756,0.144089,24590.480469
55,0.441278,0.154992,24707.027344
