Idx, longitude, latitude, start timestamp
0,0.733357,0.555990,332.727386
1,0.736353,0.559433,449.080414
2,0.722735,0.573106,565.620911
3,0.724754,0.523897,831.898926
4,0.722669,0.507802,1114.670044
5,0.755753,0.527948,1530.532959
6,0.794237,0.590165,1796.796753
7,0.830109,0.601670,2112.944824
8,0.858885,0.586176,2329.201660
9,0.886916,0.588791,2661.898926
10,0.930330,0.474737,3094.578369
11,0.965532,0.480777,3527.104004
12,0.890269,0.562941,4292.394531
13,0.795024,0.419950,4675.106934
14,0.666783,0.291770,5324.067871
15,0.629438,0.336427,5689.973145
16,0.662879,0.443758,5922.831543
17,0.716326,0.531636,6205.742676
18,0.731918,0.527745,6388.708496
19,0.728411,0.530346,6521.814453
20,0.713387,0.514823,6704.817383
21,0.690315,0.461606,7270.676758
22,0.686797,0.416949,7736.333984
23,0.632341,0.375923,7952.759766
24,0.444659,0.325685,8501.659180
25,0.448886,0.319382,8584.902344
26,0.394388,0.337459,8751.391602
27,0.335194,0.323362,8950.932617
28,0.339529,0.322212,9050.770508
29,0.313788,0.335735,9217.197266
30,0.274970,0.364485,9533.383789
31,0.240305,0.406983,9766.173828
32,0.237545,0.421938,9998.998047
33,0.261908,0.392880,10498.201172
34,0.303315,0.378274,10997.359375
35,0.338409,0.398483,11163.834961
36,0.380738,0.395414,11446.477539
37,0.378584,0.382681,11546.468750
38,0.385030,0.492447,11779.256836
39,0.361782,0.468777,12062.123047
40,0.315319,0.460776,12295.085938
41,0.296926,0.465389,12661.072266
42,0.274029,0.425202,12893.952148
43,0.256814,0.407842,13110.408203
44,0.267834,0.412692,13443.061523
45,0.314103,0.441354,13742.564453
46,0.346003,0.428694,13958.838867
47,0.381433,0.417680,14241.704102
48,0.409170,0.561179,14640.970703
49,0.451968,0.560453,14873.858398
50,0.564390,0.523479,15639.158203
51,0.478519,0.475776,16221.550781
52,0.479019,0.456226,16338.041992
53,0.483362,0.422591,16604.132812
54,0.480429,0.466541,16970.121094
55,0.493675,0.458047,17552.552734
56,0.547413,0.435090,17918.488281
57,0.586374,0.420037,18184.728516
58,0.618635,0.417667,18434.222656
59,0.643084,0.414524,18717.111328
60,0.656983,0.414222,18966.765625
61,0.632035,0.445738,19299.597656
62,0.530236,0.518836,19748.798828
63,0.437349,0.457557,20181.218750
64,0.408828,0.450392,20430.931641
65,0.375885,0.470792,20730.302734
66,0.341021,0.488390,20896.724609
67,0.387706,0.617522,21395.796875
68,0.457217,0.679860,21761.787109
69,0.836688,0.590229,23092.865234
70,0.857730,0.575876,23309.199219
71,0.863434,0.530878,23508.830078
72,0.914396,0.484904,23974.673828
73,0.896736,0.496535,24340.683594
74,0.904869,0.620651,24873.019531
0,0.744829,0.602620,16.749676
1,0.817945,0.574655,698.894836
2,0.827984,0.581099,915.139465
3,0.880564,0.443140,1430.838867
4,0.913988,0.508056,1697.125488
5,0.962077,0.502487,2079.764160
6,0.968465,0.549348,2312.663574
7,0.985120,0.559403,2578.892578
8,0.007400,0.586545,2811.796387
9,0.842233,0.599822,3260.996826
10,0.857620,0.590155,3543.868164
11,0.747911,0.593442,4092.792725
12,0.719062,0.569189,4342.474609
13,0.703342,0.586549,4575.277344
14,0.633399,0.572414,4874.833496
15,0.635009,0.561256,5057.796875
16,0.673313,0.506030,5407.143066
17,0.554029,0.569392,5823.197754
18,0.511640,0.521832,6106.011230
19,0.477112,0.499025,6405.509277
20,0.429990,0.499597,6771.509766
21,0.473208,0.481478,7303.932129
22,0.350710,0.478288,7603.311035
23,0.295489,0.498999,8002.559082
24,0.263771,0.508328,8418.584961
25,0.259416,0.538490,8767.922852
26,0.235469,0.588285,9067.383789
27,0.237377,0.657311,9366.935547
28,0.265790,0.737850,9732.968750
29,0.152122,0.521550,10398.369141
30,0.176119,0.522265,10581.379883
31,0.200984,0.547175,11080.443359
32,0.294942,0.748931,11263.678711
33,0.363188,0.503261,11579.705078
34,0.392700,0.614539,12062.203125
35,0.419310,0.582571,12328.382812
36,0.450802,0.493579,12577.988281
37,0.485287,0.470753,12777.514648
38,0.508211,0.468030,12993.800781
39,0.544479,0.471576,13293.249023
40,0.550044,0.491477,13576.118164
41,0.597686,0.512406,13859.027344
42,0.577546,0.569053,14058.637695
43,0.640972,0.517841,14241.604492
44,0.639625,0.525369,14341.412109
45,0.674714,0.508577,14574.339844
46,0.670027,0.513313,14857.303711
47,0.659809,0.499677,15023.650391
48,0.801115,0.537762,15905.353516
49,0.838593,0.538137,16204.841797
50,0.906911,0.548257,16753.830078
51,0.940555,0.480520,17103.312500
52,0.955587,0.473356,17336.193359
53,0.974064,0.524892,17752.146484
54,0.975403,0.536187,17935.156250
55,0.015086,0.515733,18384.394531
56,0.016717,0.563874,18617.291016
57,0.014279,0.585658,18883.451172
58,0.031426,0.622321,19132.990234
59,0.041767,0.621382,19532.369141
60,0.060866,0.628093,20081.337891
61,0.098870,0.664716,20580.421875
62,0.110022,0.673036,20680.302734
63,0.089740,0.687979,20946.414062
64,0.163906,0.643502,21661.910156
65,0.095757,0.677335,21978.009766
66,0.152853,0.671829,22543.587891
67,0.008145,0.756120,23308.982422
68,0.104578,0.717082,24190.664062
0,0.779395,0.537593,465.908051
1,0.788107,0.584647,715.566101
2,0.700832,0.507101,1214.660400
3,0.770017,0.482160,1480.928101
4,0.781789,0.491305,1663.906372
5,0.815613,0.473246,1846.917847
6,0.779412,0.453319,2063.186768
7,0.812588,0.461689,2762.002930
8,0.819468,0.913879,3211.166260
9,0.043920,0.804494,4375.765625
10,0.983294,0.896686,4592.083008
11,0.760295,0.923071,4941.492188
12,0.141074,0.939752,5107.885254
13,0.349976,0.695083,7071.118164
14,0.244029,0.749188,8052.715332
15,0.360556,0.372770,9982.673828
16,0.391857,0.349454,10248.889648
17,0.478861,0.371737,10515.044922
18,0.480117,0.367517,10714.787109
19,0.938851,0.409627,13676.262695
20,0.082277,0.726192,14358.374023
21,0.083431,0.684173,14591.381836
22,0.226120,0.794685,15073.707031
23,0.267405,0.788830,15556.248047
24,0.283514,0.794977,16088.678711
25,0.332410,0.463807,17253.304688
26,0.315541,0.475612,17386.435547
27,0.229483,0.424704,17735.771484
28,0.283970,0.437943,18484.576172
29,0.401414,0.470790,19216.539062
30,0.378319,0.692088,19665.744141
31,0.261124,0.439184,20214.748047
32,0.356791,0.928070,22494.160156
33,0.637276,0.967407,24141.257812
34,0.195379,0.938026,24374.250000
35,0.593651,0.680583,24939.875000
0,0.722775,0.546681,399.156708
1,0.756131,0.561208,598.787476
2,0.716273,0.538376,831.785522
3,0.709160,0.524828,1048.003052
4,0.778941,0.518911,1314.282837
5,0.806590,0.532709,1530.555664
6,0.842704,0.556252,1996.398315
7,0.846891,0.545586,2179.396729
8,0.766643,0.588476,2528.722900
9,0.618369,0.505508,3027.856934
10,0.613353,0.506817,3161.010986
11,0.575652,0.506148,3310.811279
12,0.544669,0.510419,3543.762451
13,0.504618,0.526384,3909.835205
14,0.486632,0.521047,4109.374023
15,0.467525,0.521164,4458.747559
16,0.448109,0.523186,4841.479492
17,0.431064,0.533600,5506.952637
18,0.418998,0.549658,5823.191406
19,0.410512,0.534738,6238.990234
20,0.442001,0.499367,6455.312500
21,0.367271,0.500702,6954.415527
22,0.341579,0.526045,7203.919922
23,0.313556,0.550213,7486.846191
24,0.295557,0.560615,7686.422363
25,0.289065,0.593126,7952.706055
26,0.257649,0.616903,8268.830078
27,0.237124,0.633259,8401.940430
28,0.227544,0.669016,8634.797852
29,0.365741,0.712068,9183.790039
30,0.373302,0.700962,9366.952148
31,0.558839,0.459407,10381.786133
32,0.708990,0.468522,10980.796875
33,0.956096,0.507085,12461.494141
34,0.008565,0.518672,12727.676758
35,0.018408,0.522438,12993.957031
36,0.963303,0.534157,13576.235352
37,0.713052,0.554267,14724.316406
38,0.696824,0.519332,15040.367188
39,0.655264,0.551542,15273.307617
40,0.597997,0.575460,15922.158203
41,0.586547,0.559336,16088.475586
42,0.589039,0.550357,16387.980469
43,0.604941,0.563049,16753.904297
44,0.609615,0.573696,17003.464844
45,0.639211,0.556334,17186.521484
46,0.665607,0.515804,17535.892578
47,0.718122,0.486567,17735.576172
48,0.692984,0.508816,18567.429688
49,0.706713,0.481797,18750.445312
50,0.635051,0.514715,19033.322266
51,0.626365,0.516483,19199.666016
52,0.590203,0.533807,19548.992188
53,0.570238,0.536016,19931.804688
54,0.577766,0.512428,20380.978516
55,0.521803,0.549039,20713.787109
56,0.584180,0.489417,21063.148438
57,0.603087,0.470833,21429.107422
58,0.545081,0.502935,22244.451172
59,0.506378,0.529620,22593.755859
60,0.486189,0.538336,22826.740234
61,0.483985,0.535670,23042.943359
62,0.480557,0.534505,23375.728516
63,0.494825,0.522830,23592.011719
64,0.514756,0.508262,23775.068359
65,0.511148,0.509747,23974.697266
66,0.594758,0.460610,24340.738281
67,0.585800,0.468221,24490.433594
0,0.728488,0.547413,282.768188
1,0.930058,0.485724,1380.857422
2,0.904224,0.495747,1613.754517
3,0.542503,0.502078,2994.724121
4,0.505803,0.483624,3194.334961
5,0.480868,0.484713,3626.884521
6,0.420307,0.540178,3859.971680
7,0.429338,0.526292,3992.936035
8,0.502957,0.470370,4242.572754
9,0.740273,0.506084,4957.868164
10,0.761751,0.506409,5257.411621
11,0.201034,0.946290,6322.282227
12,0.457003,0.470521,9782.822266
13,0.492599,0.451106,10032.463867
14,0.255030,0.650364,11762.666016
15,0.299976,0.712962,12245.119141
16,0.992740,0.554097,15888.851562
17,0.977475,0.526856,16138.289062
18,0.123846,0.490930,16870.412109
19,0.250663,0.539329,17868.689453
20,0.225585,0.535367,18101.501953
21,0.212940,0.550549,18451.041016
22,0.929035,0.510702,20064.882812
23,0.953940,0.428894,20297.775391
24,0.488693,0.486009,24972.900391
0,0.768436,0.476188,249.623947
1,0.753167,0.508228,399.299072
2,0.706162,0.521823,648.907349
3,0.715769,0.478659,898.499146
4,0.727261,0.449936,1164.614380
5,0.793507,0.491181,1597.285400
6,0.833316,0.508792,1830.151245
7,0.864297,0.527828,1996.474609
8,0.869179,0.522855,2113.016846
9,0.875704,0.522175,2262.746826
10,0.929035,0.495519,2512.214600
11,0.957992,0.447304,2795.169678
12,0.966133,0.439446,2978.113281
13,0.000595,0.526896,3310.996094
14,0.012509,0.489600,3560.486572
15,0.011942,0.466340,3743.451172
16,0.012024,0.531926,4159.494141
17,0.037785,0.573571,4425.585449
18,0.063645,0.627357,4591.924316
19,0.089283,0.737197,4941.472656
20,0.086815,0.713612,5340.677246
21,0.145594,0.595697,5789.920410
22,0.170451,0.574479,5923.026367
23,0.204012,0.507574,6205.778809
24,0.167946,0.578321,6538.528809
25,0.245676,0.655568,6987.752930
26,0.280694,0.790417,7486.867188
27,0.300220,0.789099,7636.651855
28,0.310083,0.782635,7769.741699
29,0.303955,0.475111,8119.132324
30,0.226400,0.438085,8451.935547
31,0.161606,0.463467,8634.851562
32,0.012484,0.505291,9350.333984
33,0.983148,0.491522,9566.630859
34,0.987375,0.474817,9766.213867
35,0.841801,0.535959,10315.380859
36,0.784904,0.516559,10531.624023
37,0.583858,0.451753,11546.480469
38,0.502605,0.413024,11912.578125
39,0.467859,0.408825,12145.463867
40,0.429232,0.422031,12361.747070
41,0.363602,0.412561,12827.578125
42,0.320503,0.429840,13060.579102
43,0.318796,0.409421,13326.649414
44,0.370872,0.414043,13509.636719
45,0.335069,0.704729,13909.003906
46,0.325684,0.719288,14108.651367
47,0.319831,0.738475,14408.189453
48,0.316559,0.756984,14524.656250
49,0.489604,0.454203,15206.769531
50,0.518420,0.398757,15522.880859
51,0.574314,0.455504,15922.093750
52,0.761817,0.503066,18051.843750
53,0.778970,0.552206,18733.908203
54,0.945477,0.437437,19948.392578
55,0.956961,0.439794,20231.273438
56,0.836794,0.317433,20996.623047
57,0.836455,0.308300,21395.900391
58,0.757059,0.476011,22144.666016
59,0.573452,0.404934,23708.451172
60,0.463204,0.415250,24956.345703
0,0.755231,0.359467,116.375847
1,0.750063,0.641271,548.954895
2,0.761048,0.684082,948.259644
3,0.730047,0.677573,1780.146973
4,0.717283,0.665999,1946.525391
5,0.704727,0.619633,2162.836426
6,0.692084,0.550689,2345.848145
7,0.713606,0.493520,2612.027832
8,0.729149,0.499306,2878.250488
9,0.800230,0.554112,3210.995361
10,0.833525,0.599075,3410.641357
11,0.833654,0.605164,3577.008789
12,0.776328,0.563582,4059.488525
13,0.736671,0.537653,4392.228516
14,0.744781,0.650810,4858.089844
15,0.712645,0.657756,5224.145020
16,0.701675,0.609792,5540.267578
17,0.701847,0.604116,5706.600586
18,0.716742,0.680818,6205.755859
19,0.939113,0.963076,7453.563965
20,0.038658,0.829866,9250.418945
21,0.029931,0.831087,9466.714844
22,0.029425,0.844810,9599.806641
23,0.964945,0.852782,9849.392578
24,0.932946,0.844137,10115.564453
25,0.872855,0.875862,10331.854492
26,0.875059,0.876298,10548.183594
27,0.527115,0.463211,11263.546875
28,0.489004,0.402753,11446.578125
29,0.464113,0.461422,11829.245117
30,0.435769,0.465229,12078.823242
31,0.349852,0.500244,12594.616211
32,0.334922,0.552774,13326.623047
33,0.440702,0.453429,13576.206055
34,0.208263,0.582543,14391.480469
35,0.217884,0.570765,14557.795898
36,0.203328,0.563125,14840.662109
37,0.288113,0.470824,15123.494141
38,0.317745,0.736240,15739.112305
39,0.320519,0.844416,16171.678711
40,0.301911,0.834831,16254.843750
41,0.278809,0.833904,17070.082031
42,0.286319,0.827063,17269.777344
43,0.359463,0.827516,17436.111328
44,0.360045,0.782731,17718.972656
45,0.493745,0.398529,18284.652344
46,0.516896,0.326828,18700.601562
47,0.690120,0.528611,19815.273438
48,0.748162,0.598783,20247.882812
49,0.751688,0.611880,20347.689453
50,0.744578,0.378861,20780.267578
51,0.745382,0.240030,20979.927734
52,0.890923,0.128262,21562.222656
53,0.915331,0.590698,22261.009766
54,0.939263,0.600040,22527.220703
55,0.958462,0.541649,22943.167969
56,0.964333,0.543434,23142.812500
57,0.008525,0.567372,23641.935547
58,0.008711,0.551665,23891.482422
59,0.037040,0.708817,24124.417969
60,0.039079,0.723819,24224.253906
61,0.060921,0.753525,24373.992188
62,0.091167,0.747456,24590.267578
0,0.759651,0.475522,166.366959
1,0.742519,0.484528,316.173401
2,0.722773,0.515924,515.756287
3,0.711359,0.541669,665.508423
4,0.683550,0.523638,915.034302
5,0.664688,0.480328,1231.141724
6,0.683024,0.444194,1480.766724
7,0.614713,0.503266,2162.946045
8,0.685938,0.445760,2628.747559
9,0.721186,0.489450,3161.182373
10,0.721846,0.501532,3260.979980
11,0.726391,0.583812,3676.907959
12,0.721592,0.530546,4059.532471
13,0.721946,0.521060,4275.840820
14,0.833642,0.575686,4924.671875
15,0.839954,0.587782,5207.557129
16,0.847584,0.502724,5390.556641
17,0.854905,0.509185,5756.602051
18,0.897159,0.517855,5989.537109
19,0.948813,0.458323,6438.752441
20,0.961023,0.463165,6704.950684
21,0.962791,0.455874,6921.249023
22,0.950744,0.455504,7120.884766
23,0.008954,0.512962,7453.630859
24,0.012435,0.511653,7553.427246
25,0.003837,0.494009,7952.743164
26,0.033385,0.574936,8185.743164
27,0.051917,0.650322,8451.872070
28,0.076403,0.715936,8634.869141
29,0.084371,0.730745,8801.342773
30,0.081673,0.696798,8967.626953
31,0.076909,0.701845,9283.736328
32,0.081661,0.711591,9450.108398
33,0.078884,0.692383,9732.947266
34,0.092918,0.683033,10348.582031
35,0.292677,0.752445,10897.633789
36,0.304798,0.749601,11113.914062
37,0.287858,0.751221,11396.750977
38,0.679216,0.980309,11812.703125
39,0.707914,0.932780,11995.697266
40,0.678438,0.911316,12195.406250
41,0.678846,0.924716,12328.459961
42,0.782082,0.929386,12528.082031
43,0.660901,0.920744,12877.512695
44,0.677014,0.915670,13210.246094
45,0.849207,0.938162,13659.449219
46,0.797449,0.921837,13925.634766
47,0.890097,0.966035,14092.102539
48,0.223886,0.953621,14524.606445
49,0.206728,0.538060,15472.930664
50,0.167533,0.556331,15655.948242
51,0.365630,0.481375,16620.916016
52,0.355956,0.726665,16937.025391
53,0.388436,0.725300,17169.990234
54,0.404345,0.708065,17303.173828
55,0.434724,0.418531,17802.232422
56,0.434189,0.442368,18018.460938
57,0.459604,0.465871,18251.394531
58,0.491249,0.412643,18434.419922
59,0.485707,0.402573,18750.621094
60,0.517402,0.338952,18966.814453
61,0.458360,0.488411,19582.406250
62,0.445103,0.497312,19865.324219
63,0.189767,0.560666,21129.748047
64,0.088644,0.587713,21595.576172
65,0.039454,0.615768,21811.927734
66,0.998017,0.567365,22044.794922
67,0.994751,0.484044,22261.097656
68,0.956506,0.422857,22560.544922
69,0.946132,0.410676,22726.917969
70,0.900078,0.528114,23342.560547
71,0.861963,0.548655,23658.652344
72,0.845121,0.566942,24107.957031
73,0.806211,0.557388,24357.433594
74,0.754291,0.556937,24756.720703
0,0.743531,0.441577,399.311646
1,0.683464,0.600302,898.592468
2,0.644269,0.641532,1131.393677
3,0.624894,0.677390,1464.122192
4,0.640267,0.601946,1863.373413
5,0.004645,0.328283,4542.081055
6,0.080043,0.528220,5257.439453
7,0.019236,0.362123,5806.619141
8,0.019235,0.339163,6056.098145
9,0.413498,0.729521,8535.150391
10,0.413563,0.719214,8718.047852
11,0.447086,0.707406,8984.287109
12,0.286545,0.757335,10265.397461
13,0.163333,0.475283,11280.368164
14,0.224739,0.490572,11729.475586
15,0.357409,0.476469,12711.058594
16,0.448165,0.568512,13210.319336
17,0.455418,0.643147,13709.441406
18,0.616516,0.603633,14691.029297
19,0.701654,0.597765,15373.112305
20,0.810749,0.794192,16587.625000
21,0.956898,0.809988,17369.619141
22,0.943731,0.655333,17852.072266
23,0.875172,0.535879,18866.923828
24,0.822356,0.352775,20031.685547
0,0.755242,0.536084,299.352661
1,0.766349,0.570120,465.710907
2,0.710627,0.540339,715.347290
3,0.723962,0.434149,1048.019165
4,0.729192,0.426963,1147.878662
5,0.615423,0.457464,1513.962769
6,0.593895,0.452704,1713.510986
7,0.561768,0.432441,2013.080811
8,0.525688,0.385710,2345.781982
9,0.490747,0.379534,2562.042480
10,0.472057,0.374330,2794.884521
11,0.444413,0.393172,3144.358643
12,0.408319,0.425384,3427.159180
13,0.368801,0.567045,3710.016357
14,0.352225,0.467593,3926.286133
15,0.427675,0.350637,4425.462402
16,0.489462,0.391551,4724.886719
17,0.504806,0.406783,5107.693359
18,0.505874,0.394315,5274.013672
19,0.507706,0.377616,5390.315918
20,0.501961,0.389998,5540.156250
21,0.526950,0.425500,5739.896484
22,0.454095,0.490297,6039.176758
23,0.261504,0.495039,6754.722168
24,0.218958,0.525245,7087.452637
25,0.186784,0.522793,7337.096680
26,0.166250,0.595410,7819.396484
27,0.222540,0.488714,8285.384766
28,0.235418,0.444927,8468.339844
29,0.296676,0.454913,8784.376953
30,0.345535,0.431300,8967.509766
31,0.415484,0.432864,9383.373047
32,0.408534,0.566866,9799.365234
33,0.380242,0.405987,10148.788086
34,0.422004,0.563476,10431.642578
35,0.558984,0.435960,11180.303711
36,0.587478,0.434710,11463.145508
37,0.625572,0.451434,11812.449219
38,0.728515,0.489800,12361.565430
39,0.737034,0.523643,12577.847656
40,0.767061,0.591793,12927.236328
41,0.782914,0.599409,13176.875000
42,0.844348,0.579181,13376.490234
43,0.883487,0.571896,13576.104492
44,0.937012,0.562571,13808.917969
45,0.974084,0.461657,14241.537109
46,0.025793,0.584172,14674.202148
47,0.993329,0.545337,14990.189453
48,0.812269,0.567116,15406.195312
49,0.801070,0.566278,15622.509766
50,0.751568,0.555786,15955.269531
51,0.723737,0.450111,16238.038086
52,0.632068,0.443620,16720.562500
53,0.600600,0.419045,16986.771484
54,0.476004,0.373496,17519.136719
55,0.432835,0.396231,17901.951172
56,0.405841,0.487585,18184.583984
57,0.402661,0.375867,18617.199219
58,0.386718,0.614830,19116.341797
59,0.407650,0.598032,19382.560547
60,0.403657,0.594770,19548.929688
61,0.418354,0.488236,20031.533203
62,0.432749,0.478207,20247.714844
63,0.394076,0.570339,20480.750000
64,0.405820,0.532114,20963.066406
65,0.415985,0.500369,21196.029297
66,0.420276,0.478205,21661.896484
67,0.422470,0.465051,21928.042969
68,0.509607,0.372657,22660.142578
69,0.627595,0.485179,24639.960938
70,0.603305,0.551392,24972.763672
0,0.851411,0.454602,1048.284912
1,0.852275,0.635247,1314.523682
2,0.879510,0.615530,1547.370728
3,0.863982,0.381111,2146.357178
4,0.930481,0.665488,2578.845459
5,0.969583,0.606080,2828.481689
6,0.981938,0.578479,2994.886475
7,0.031302,0.653628,3643.675537
8,0.039453,0.651818,3760.164307
9,0.947266,0.515591,4126.152832
10,0.558531,0.527972,5457.160645
11,0.559942,0.534430,5557.043457
12,0.390821,0.528509,6671.770508
13,0.121591,0.663247,8135.875977
14,0.297107,0.796462,9566.590820
15,0.534387,0.499504,11995.674805
16,0.756342,0.539169,13809.260742
17,0.813154,0.659692,14225.142578
18,0.854858,0.632970,14474.776367
19,0.889616,0.628547,14707.603516
20,0.952952,0.571925,15389.714844
21,0.956005,0.564960,15622.685547
22,0.824232,0.677558,15905.563477
23,0.795611,0.523703,16404.701172
24,0.622573,0.507636,18617.468750
25,0.611112,0.527922,19332.880859
26,0.628317,0.518048,19649.021484
27,0.627952,0.525138,19782.179688
28,0.575648,0.521686,20114.861328
29,0.626585,0.529562,20614.041016
30,0.680263,0.567970,21029.863281
31,0.677794,0.571141,21262.841797
32,0.682910,0.514010,21645.519531
33,0.639442,0.528281,21878.521484
34,0.588025,0.517039,24989.712891
0,0.790264,0.620394,316.138031
1,0.742693,0.552317,549.162659
2,0.887389,0.556904,2528.966797
3,0.932009,0.557532,2778.560059
4,0.944865,0.489769,2978.149414
5,0.955734,0.494982,3161.237549
6,0.001689,0.572901,3427.402344
7,0.001004,0.546516,3627.055908
8,0.642090,0.520907,4492.220703
9,0.593609,0.487790,4924.766113
10,0.559764,0.514373,5141.090332
11,0.549407,0.526223,5307.443359
12,0.458557,0.527948,6172.582520
13,0.461826,0.549007,6438.899902
14,0.475785,0.507811,6671.717773
15,0.222379,0.570786,8618.322266
16,0.260282,0.599448,8851.241211
17,0.257440,0.604380,8967.688477
18,0.283351,0.528923,9466.843750
19,0.282206,0.539831,9633.214844
20,0.401216,0.572544,10032.513672
21,0.380931,0.693133,10431.804688
22,0.334915,0.732056,10681.366211
23,0.356018,0.724672,10847.739258
24,0.349787,0.708360,11180.506836
25,0.325585,0.681158,11346.875000
26,0.318975,0.695540,11546.526367
27,0.327691,0.705755,11746.198242
28,0.327198,0.668048,12078.913086
29,0.324157,0.685505,12361.785156
30,0.331093,0.703493,12627.967773
31,0.428225,0.527465,12960.731445
32,0.469382,0.527369,13160.375000
33,0.493378,0.508762,13360.020508
34,0.487161,0.491822,13493.125000
35,0.506098,0.481493,13775.958984
36,0.447449,0.493774,14141.996094
37,0.353289,0.676206,14324.998047
38,0.331052,0.763188,14790.852539
39,0.178331,0.537029,15589.458008
40,0.183721,0.533219,15739.194336
41,0.162617,0.564840,15905.577148
42,0.154994,0.542399,16155.151367
43,0.134460,0.597933,16354.795898
44,0.103805,0.678822,16587.724609
45,0.132500,0.743824,16987.019531
46,0.061836,0.644300,17286.505859
47,0.044195,0.571610,17452.894531
48,0.107238,0.502220,17885.451172
49,0.121048,0.504789,18068.451172
50,0.987074,0.543444,18401.197266
51,0.981739,0.536719,18717.324219
52,0.988367,0.521656,18833.847656
53,0.954127,0.544846,19016.802734
54,0.919414,0.556374,19366.195312
55,0.874484,0.558156,19582.500000
56,0.862022,0.548277,19748.849609
57,0.820171,0.522682,19998.417969
58,0.727638,0.522226,20347.806641
59,0.729614,0.520073,20447.652344
60,0.665227,0.529485,20647.294922
61,0.647908,0.519334,20813.673828
62,0.628219,0.556801,21412.611328
63,0.595338,0.533478,21712.087891
64,0.710931,0.605825,22028.197266
65,0.747324,0.538533,22460.792969
66,0.774785,0.500189,22593.898438
67,0.832368,0.451587,22860.093750
68,0.847374,0.393739,23009.833984
69,0.844385,0.393775,23226.105469
70,0.900342,0.524957,23558.873047
71,0.933483,0.499575,23725.246094
72,0.953877,0.506192,23958.167969
73,0.952210,0.510863,24257.650391
74,0.949033,0.509592,24440.667969
75,0.950454,0.512376,24573.753906
76,0.011472,0.541806,24989.699219
0,0.752272,0.562215,282.896149
1,0.762735,0.573997,532.464233
2,0.706056,0.543703,798.612183
3,0.703250,0.518412,1064.868286
4,0.650832,0.508367,1347.715698
5,0.653456,0.494989,1530.672729
6,0.617918,0.507094,1780.227661
7,0.622297,0.486171,2029.885742
8,0.572703,0.467967,2229.570801
9,0.391863,0.445201,3277.622314
10,0.395624,0.461304,3394.108398
11,0.355860,0.462872,3676.956055
12,0.365748,0.459953,3810.031006
13,0.368367,0.472288,3993.048584
14,0.289288,0.485649,4242.635742
15,0.312336,0.718706,5074.518066
16,0.186990,0.540650,5257.531738
17,0.172891,0.514829,5490.438965
18,0.265241,0.582630,6472.080566
19,0.635027,0.546588,7570.118164
20,0.697253,0.506975,8102.537109
21,0.680162,0.505566,8285.556641
22,0.762881,0.535334,8585.014648
23,0.816289,0.523875,8834.624023
24,0.852082,0.439164,9416.902344
25,0.925484,0.496424,9616.599609
26,0.950304,0.517388,9799.591797
27,0.957288,0.523939,9999.235352
28,0.995223,0.561350,10215.500977
29,0.030735,0.600148,10598.220703
30,0.958471,0.574268,12328.484375
31,0.934111,0.599062,12744.453125
32,0.981646,0.544883,13559.669922
33,0.981432,0.538086,13726.076172
34,0.962188,0.543360,13958.980469
35,0.980703,0.575562,14125.339844
36,0.963606,0.578998,14441.471680
37,0.994666,0.583014,14790.889648
38,0.960387,0.571997,15206.795898
39,0.967348,0.569531,15406.430664
40,0.003342,0.589843,15922.206055
41,0.032665,0.595982,16304.854492
42,0.021739,0.503427,16620.984375
43,0.019511,0.477317,16804.009766
44,0.087392,0.497060,17136.738281
45,0.039650,0.477569,17402.972656
46,0.023202,0.470411,17635.859375
47,0.032599,0.630118,18800.507812
48,0.937637,0.520198,19698.935547
49,0.930165,0.511385,20247.966797
50,0.990447,0.535871,20713.863281
51,0.085769,0.523213,21529.105469
52,0.068401,0.586607,21745.353516
53,0.039623,0.565171,23226.093750
54,0.042827,0.540502,23841.710938
55,0.035259,0.466164,24041.351562
56,0.020132,0.464837,24257.621094
57,0.032351,0.470820,24973.056641
0,0.749499,0.484260,232.992004
1,0.753310,0.475703,382.695221
2,0.693836,0.415016,615.639221
3,0.661803,0.418498,1064.813965
4,0.618114,0.450350,1281.144043
5,0.621754,0.432971,1414.258911
6,0.600431,0.442811,1697.070557
7,0.677876,0.400247,2079.711426
8,0.688565,0.396490,2445.779297
9,0.708475,0.397502,2811.758789
10,0.659069,0.390883,3144.533691
11,0.659094,0.396453,3444.029541
12,0.656031,0.465857,3627.072754
13,0.695463,0.408102,4059.635254
14,0.676247,0.384105,4475.582520
15,0.647410,0.368988,4808.277344
16,0.706181,0.446136,5290.781250
17,0.691128,0.396877,5956.328125
18,0.726519,0.402971,6438.762695
19,0.760272,0.457444,6937.967285
20,0.782578,0.459158,7237.391602
21,0.802814,0.468272,7453.651855
22,0.849548,0.497269,7786.457031
23,0.855618,0.317861,8052.619629
24,0.915557,0.486897,8385.368164
25,0.945568,0.391937,8634.943359
26,0.951488,0.384463,8817.973633
27,0.995352,0.468813,9483.464844
28,0.968293,0.461417,9782.975586
29,0.949151,0.459038,9999.206055
30,0.919668,0.475821,10248.794922
31,0.906028,0.457311,10465.044922
32,0.879363,0.478656,10797.897461
33,0.829158,0.475258,11097.389648
34,0.707212,0.420934,11779.469727
35,0.698463,0.396793,11995.708008
36,0.700425,0.376507,12178.775391
37,0.720872,0.391283,13276.856445
38,0.727503,0.351143,13576.316406
39,0.013739,0.250618,14541.344727
40,0.096819,0.610058,15273.375977
41,0.120963,0.627144,15506.279297
42,0.157000,0.560642,15755.818359
43,0.251104,0.473434,16388.146484
44,0.263234,0.419861,16670.890625
45,0.469293,0.381575,17502.806641
46,0.486952,0.353944,17818.951172
47,0.494895,0.351337,17968.642578
48,0.544746,0.364318,18317.990234
49,0.569589,0.360026,18584.205078
50,0.548010,0.477832,18883.708984
51,0.467686,0.388164,19133.271484
52,0.385890,0.405101,19399.423828
53,0.334907,0.411788,19649.041016
54,0.336026,0.399966,19732.191406
55,0.347201,0.360958,19898.617188
56,0.353643,0.337667,20148.146484
57,0.361080,0.379067,20430.988281
58,0.302317,0.505938,20830.259766
59,0.287690,0.689645,21229.585938
60,0.232225,0.476476,21562.345703
61,0.216686,0.496653,21795.335938
62,0.210019,0.487402,22094.777344
63,0.310255,0.836178,22627.181641
64,0.318858,0.879679,22893.318359
65,0.483345,0.935150,23092.972656
66,0.518608,0.901653,23259.376953
67,0.554056,0.891347,23542.228516
68,0.566189,0.889459,23741.884766
69,0.581244,0.893926,24091.306641
70,0.558861,0.907461,24723.466797
71,0.596927,0.925330,24989.710938
0,0.752114,0.827046,166.472626
1,0.763651,0.949917,549.099304
2,0.222774,0.958840,831.953186
3,0.240572,0.911238,1048.242798
4,0.239230,0.885797,1380.995728
5,0.179956,0.904273,1530.710327
6,0.287793,0.893476,1713.708374
7,0.329614,0.880560,2096.442383
8,0.323018,0.878784,2246.111816
9,0.111826,0.966292,2745.321777
10,0.882172,0.979187,3061.424316
11,0.754040,0.967669,3394.136475
12,0.817559,0.949097,3810.148438
13,0.796833,0.939154,4176.125488
14,0.996013,0.846052,4575.484375
15,0.102913,0.685359,4974.711426
16,0.029280,0.663290,5157.723145
17,0.863015,0.594546,5673.452637
18,0.816599,0.611594,5839.902832
19,0.608848,0.544553,7054.446289
20,0.608058,0.528652,7170.875000
21,0.653886,0.487345,7403.845703
22,0.542349,0.535883,7603.469727
23,0.504720,0.575398,7869.698730
24,0.462338,0.609833,8485.212891
25,0.434115,0.656502,9034.280273
26,0.445125,0.606671,9317.108398
27,0.492079,0.476884,9882.910156
28,0.958500,0.505692,11596.458984
29,0.014605,0.552333,11929.229492
30,0.039223,0.600527,12095.641602
31,0.974412,0.580579,12361.868164
32,0.949534,0.574487,12544.813477
33,0.908152,0.582931,12877.581055
34,0.837912,0.634162,13143.795898
35,0.809760,0.562963,13609.677734
36,0.501910,0.486478,14774.322266
37,0.474092,0.485685,15073.702148
38,0.556792,0.471939,15406.457031
39,0.571388,0.471789,15523.001953
40,0.335695,0.473828,16437.990234
41,0.292864,0.481139,16704.236328
42,0.184606,0.490795,17236.597656
43,0.153973,0.500788,17502.826172
44,0.118963,0.509731,17769.027344
45,0.121510,0.515060,17918.835938
46,0.093274,0.499288,18101.771484
47,0.081282,0.511102,18467.845703
48,0.008053,0.541894,18684.097656
49,0.015923,0.536893,18767.261719
50,0.976925,0.528083,18983.533203
51,0.980074,0.535714,19100.021484
52,0.969039,0.563598,19299.648438
53,0.946199,0.568436,19649.048828
54,0.948218,0.569833,19865.367188
55,0.936599,0.521432,20048.380859
56,0.293312,0.561713,20846.949219
57,0.462270,0.482758,21579.001953
58,0.497485,0.470205,21812.013672
59,0.555978,0.463943,22128.080078
60,0.567040,0.460874,22344.324219
61,0.619190,0.479767,22926.667969
62,0.627229,0.453362,23126.289062
63,0.679794,0.465211,23425.796875
64,0.710213,0.511356,23858.376953
65,0.705254,0.506812,24157.830078
66,0.733091,0.515425,24424.074219
67,0.723275,0.515953,24640.322266
0,0.744726,0.508534,33.288467
1,0.727354,0.491261,349.437164
2,0.757117,0.500698,582.412537
3,0.856718,0.685897,748.738098
4,0.165122,0.780818,1913.378296
5,0.170843,0.807052,2046.480835
6,0.223694,0.796492,2229.453125
7,0.782936,0.969304,4159.419922
8,0.516049,0.940600,4425.647461
9,0.474850,0.896928,4675.236816
10,0.486049,0.901829,5507.155273
11,0.685008,0.954321,5906.401855
12,0.719146,0.930897,6056.133789
13,0.744091,0.916432,6322.286133
14,0.358291,0.527334,6838.107422
15,0.361364,0.377623,7037.794434
16,0.366563,0.389261,7154.208984
17,0.375442,0.384265,7270.674805
18,0.349169,0.710111,7603.383789
19,0.262755,0.585177,7986.098633
20,0.278472,0.469085,8268.898438
21,0.276445,0.791961,8568.393555
22,0.288361,0.776903,8784.702148
23,0.266455,0.768960,9067.488281
24,0.265084,0.750589,9367.005859
25,0.254360,0.747576,9549.987305
26,0.436975,0.526031,10032.469727
27,0.472749,0.415574,10298.677734
28,0.492905,0.398116,10465.106445
29,0.490306,0.395675,10564.925781
30,0.511973,0.378841,10864.393555
31,0.525619,0.368177,11247.033203
32,0.584015,0.411944,11529.932617
33,0.583620,0.391040,11762.791016
34,0.630241,0.392269,12045.641602
35,0.703643,0.444212,12445.043945
36,0.738442,0.437025,12777.756836
37,0.942007,0.410106,13726.059570
38,0.972587,0.496965,14075.465820
39,0.010620,0.460225,14258.413086
40,0.099299,0.694043,14940.606445
41,0.092571,0.700468,15057.080078
42,0.086776,0.688041,15173.579102
43,0.761658,0.493942,16271.645508
44,0.697473,0.526923,16754.091797
45,0.695918,0.516147,16887.191406
46,0.622914,0.448005,17369.667969
47,0.593233,0.446087,17602.570312
48,0.589358,0.433221,17735.699219
49,0.600989,0.422528,17902.095703
50,0.540967,0.516713,18567.666016
51,0.504285,0.367811,18983.558594
52,0.905994,0.889330,20747.078125
53,0.985130,0.851449,21495.785156
54,0.028538,0.864732,21828.529297
55,0.939519,0.912113,22410.851562
56,0.852444,0.875797,22926.658203
57,0.800625,0.812079,23259.367188
58,0.753659,0.848529,23642.013672
59,0.804725,0.847658,23825.087891
60,0.827931,0.843280,23958.220703
61,0.703136,0.410431,24623.742188
62,0.734770,0.414113,24956.376953
0,0.777416,0.652572,11097.387695
0,0.741615,0.570389,299.513550
1,0.717701,0.544439,582.425171
2,0.774239,0.918137,1281.209351
3,0.805879,0.952999,1430.879395
4,0.161512,0.991575,1647.145630
5,0.026196,0.912576,2495.698486
6,0.208520,0.895900,3044.795898
7,0.207714,0.880873,3261.009033
8,0.219092,0.877270,3394.108398
9,0.194776,0.886256,3676.985596
10,0.224071,0.895055,3843.416260
11,0.809114,0.900933,4242.711914
12,0.756438,0.853175,4508.815918
13,0.788847,0.543240,5340.684570
14,0.555013,0.485262,6555.233398
15,0.416308,0.541343,7220.748047
16,0.427059,0.521387,7353.861816
17,0.285468,0.535147,8069.328613
18,0.252431,0.557571,8402.115234
19,0.277990,0.724620,9100.771484
20,0.119105,0.627779,9466.828125
21,0.076985,0.679661,9699.730469
22,0.354995,0.700727,10431.814453
23,0.344404,0.686326,10797.832031
24,0.988284,0.589336,12378.488281
25,0.983589,0.572444,12528.112305
26,0.935636,0.507949,12860.895508
27,0.048530,0.574327,13193.642578
28,0.021444,0.628740,13742.696289
29,0.994528,0.581365,13992.266602
30,0.095221,0.645501,14191.879883
31,0.071458,0.673658,14790.937500
32,0.253905,0.524935,15639.433594
33,0.442809,0.521551,17053.568359
34,0.513482,0.466461,17519.482422
35,0.932198,0.124883,21662.160156
0,0.842090,0.455088,183.083160
1,0.744913,0.582484,482.517731
2,0.743898,0.524848,981.735474
3,0.745875,0.492298,1064.785889
4,0.746823,0.497487,1680.432007
5,0.746116,0.541511,3377.458984
6,0.698330,0.622309,3893.177734
7,0.766800,0.601607,4176.025879
8,0.766690,0.608387,4275.941406
9,0.765172,0.610301,5107.813477
10,0.790023,0.692595,5340.728516
11,0.732992,0.579065,5839.857910
12,0.774020,0.558925,6438.728027
13,0.761357,0.581088,6738.345703
14,0.756829,0.569798,7303.877930
15,0.791119,0.579799,7536.866211
16,0.773864,0.584309,7886.288574
17,0.774350,0.693532,9017.624023
18,0.757441,0.579565,9633.220703
19,0.722552,0.550045,9999.214844
20,0.727772,0.538090,10165.592773
21,0.905300,0.732968,10614.818359
22,0.804732,0.511097,10781.194336
23,0.805018,0.518356,11679.610352
24,0.819566,0.726214,11929.173828
25,0.906482,0.898992,12644.631836
26,0.861228,0.754196,13127.146484
27,0.853933,0.840392,13692.764648
28,0.856543,0.885800,13925.670898
29,0.380814,0.465533,16121.862305
30,0.434279,0.406949,16338.141602
31,0.681426,0.353031,17402.933594
32,0.711215,0.314486,17669.128906
33,0.949553,0.509152,18900.347656
34,0.959084,0.495483,19000.183594
35,0.960934,0.472327,19233.097656
36,0.909739,0.541573,19416.109375
37,0.778908,0.524999,20131.466797
38,0.622029,0.465045,20797.017578
39,0.561115,0.440062,20996.644531
40,0.506091,0.437352,21529.019531
41,0.464407,0.406951,21745.322266
42,0.467754,0.419545,21861.791016
43,0.533397,0.410438,22177.912109
44,0.501155,0.436112,22743.595703
45,0.512197,0.476790,23375.814453
46,0.545007,0.682410,23725.236328
47,0.532963,0.656326,23874.970703
48,0.552839,0.491591,24124.566406
49,0.557248,0.474236,24440.652344
50,0.605032,0.468097,24706.884766
0,0.885544,0.458183,565.774597
1,0.990095,0.525290,1064.815552
2,0.937106,0.500643,1231.221436
3,0.106523,0.572854,1830.146851
4,0.158346,0.610072,2046.525757
5,0.227638,0.569309,2479.026367
6,0.273655,0.528089,2994.865723
7,0.274027,0.482701,3527.169678
8,0.343635,0.531382,3959.769043
9,0.392466,0.478824,4142.796875
10,0.373372,0.481360,4325.837402
11,0.194370,0.593194,5124.437988
12,0.365471,0.675835,5673.510254
13,0.300902,0.834720,6039.459473
14,0.229862,0.929992,6322.350098
15,0.218118,0.973938,6488.776855
16,0.951684,0.993579,7071.024414
17,0.833468,0.965143,7254.048340
18,0.771418,0.957258,7470.329590
19,0.066777,0.928364,7786.396973
20,0.296661,0.974004,8002.748535
21,0.968312,0.536561,9350.372070
22,0.919345,0.489218,9699.819336
23,0.897492,0.495558,9899.358398
24,0.869732,0.577854,10282.046875
25,0.812636,0.536770,10814.431641
26,0.652210,0.488977,11613.063477
27,0.591955,0.481249,12062.304688
28,0.553210,0.478602,12295.210938
29,0.541190,0.469197,12511.461914
30,0.461596,0.456332,12860.917969
31,0.511244,0.460085,13276.839844
32,0.516299,0.459740,13409.985352
33,0.546516,0.505738,13526.382812
34,0.385627,0.450505,13759.291016
35,0.360180,0.456567,13958.938477
36,0.361098,0.460716,14092.040039
37,0.340691,0.483764,14258.433594
38,0.312663,0.534704,14524.623047
39,0.300097,0.539925,14840.770508
40,0.344863,0.694529,15057.054688
41,0.342748,0.756924,15256.740234
42,0.349143,0.501028,15539.617188
43,0.323546,0.506030,15705.899414
44,0.330095,0.476088,15988.744141
45,0.318552,0.474967,16088.632812
46,0.375765,0.474781,16521.179688
47,0.362579,0.559464,16870.564453
48,0.398491,0.535011,17120.080078
49,0.366266,0.420252,17286.488281
50,0.421609,0.535156,17669.175781
51,0.700285,0.496998,18983.562500
52,0.698031,0.501339,19199.775391
53,0.781751,0.509463,19432.722656
54,0.780491,0.511617,19698.933594
55,0.853471,0.423508,19898.644531
56,0.857694,0.411943,20164.800781
57,0.852682,0.406175,20464.265625
58,0.961114,0.510326,20913.460938
59,0.961033,0.512281,21163.044922
60,0.012690,0.587832,21445.914062
61,0.979924,0.565795,21861.867188
62,0.952888,0.566446,22128.037109
63,0.100127,0.731125,22394.289062
64,0.128861,0.526597,22643.804688
65,0.195466,0.574186,22909.992188
66,0.225568,0.518623,23126.292969
67,0.231849,0.503155,23425.804688
68,0.303127,0.521032,23924.888672
69,0.299376,0.529079,24174.482422
70,0.300854,0.536094,24374.082031
71,0.298736,0.540553,24573.728516
72,0.291112,0.557153,24773.398438
0,0.745605,0.480103,299.521790
1,0.751995,0.532093,449.230865
2,0.763810,0.567806,615.622375
3,0.611373,0.528299,1331.019287
4,0.522637,0.498599,1880.043945
5,0.564291,0.467220,2262.826416
6,0.598733,0.505073,2678.654785
7,0.587896,0.503917,2894.991699
8,0.619609,0.514000,3177.849365
9,0.875290,0.567225,3909.869141
10,0.932173,0.566197,4176.078125
11,0.940746,0.489432,4359.046387
12,0.947160,0.484927,4525.535645
13,0.016901,0.546528,5008.026367
14,0.072670,0.602787,5307.418945
15,0.100146,0.638690,5457.149902
16,0.176757,0.503942,6122.675781
17,0.179434,0.508422,6272.432617
18,0.293059,0.663571,6954.557617
19,0.304182,0.663210,7137.569336
20,0.090328,0.696798,7986.045410
21,0.124145,0.548381,8385.350586
22,0.108395,0.487474,8668.180664
23,0.986860,0.552412,9416.920898
24,0.982566,0.516473,9666.459961
25,0.841017,0.557095,10348.636719
26,0.833695,0.516526,11030.774414
27,0.646981,0.476253,11679.596680
28,0.528071,0.459848,12012.350586
29,0.469377,0.453460,12361.777344
30,0.548624,0.236169,13027.239258
31,0.627112,0.227822,13226.916016
32,0.730713,0.373408,13726.064453
33,0.399975,0.527161,14940.586914
34,0.399064,0.572782,15123.564453
35,0.491981,0.477682,15556.214844
36,0.575311,0.496515,16055.397461
37,0.581026,0.522862,16271.572266
38,0.625636,0.515690,16537.849609
39,0.695791,0.532618,16870.552734
40,0.739295,0.541421,17053.554688
41,0.740172,0.547464,17186.638672
42,0.778704,0.561534,17336.406250
43,0.780063,0.567028,17469.539062
44,0.810407,0.584873,17685.783203
45,0.861953,0.567136,18085.167969
46,0.878556,0.568087,18251.472656
47,0.930291,0.513872,18783.888672
48,0.958738,0.554445,19033.447266
49,0.968970,0.560857,19366.212891
50,0.997589,0.532606,19715.582031
51,0.785562,0.562348,20314.505859
52,0.800695,0.572363,20547.457031
53,0.708794,0.603366,20880.189453
54,0.688496,0.610810,21129.746094
55,0.657570,0.607708,21395.966797
56,0.649598,0.580507,21695.472656
57,0.638013,0.553319,21845.171875
58,0.601974,0.545708,22177.925781
59,0.564826,0.535443,22460.771484
60,0.605109,0.524210,23159.541016
61,0.684162,0.503935,23575.466797
62,0.704924,0.508219,23791.785156
63,0.718530,0.531113,24074.595703
0,0.721408,0.528640,266.146820
1,0.704972,0.538250,682.173889
2,0.657730,0.453330,1114.669067
3,0.774113,0.509787,1380.860107
4,0.777100,0.508062,1530.709717
5,0.882618,0.514301,1796.874390
6,0.940416,0.403595,2462.342041
7,0.947049,0.398736,2578.824463
8,0.010858,0.516208,2878.273193
9,0.967358,0.498844,3260.932617
10,0.947657,0.720890,3593.675781
11,0.903215,0.911636,5290.784180
12,0.061163,0.847756,6505.248047
13,0.068895,0.843650,6937.833496
14,0.012982,0.836238,7104.211426
15,0.975836,0.825978,7403.682617
16,0.923736,0.884677,7786.363281
17,0.017382,0.831898,8135.753418
18,0.851769,0.898188,8834.514648
19,0.025841,0.853108,9084.066406
20,0.040921,0.895542,9649.764648
21,0.921886,0.895146,10232.068359
22,0.113337,0.921006,10747.853516
23,0.128550,0.932093,11197.051758
24,0.568886,0.838136,11463.242188
25,0.457490,0.369322,12977.283203
26,0.411278,0.434955,13359.935547
27,0.407662,0.547351,13692.681641
28,0.306887,0.610792,14374.833008
29,0.376563,0.408230,14740.893555
30,0.440114,0.390696,14973.785156
31,0.427557,0.481610,15273.258789
32,0.419926,0.543770,15556.099609
33,0.441427,0.413099,15805.663086
34,0.489688,0.359609,16188.319336
35,0.435127,0.437606,16471.171875
36,0.510376,0.375064,16803.910156
37,0.568619,0.361052,17269.755859
38,0.577830,0.509855,17702.375000
39,0.530713,0.573519,18035.111328
40,0.625038,0.453133,18983.457031
41,0.658613,0.448483,19282.929688
42,0.718485,0.477080,19831.962891
43,0.632344,0.533292,20397.666016
44,0.583866,0.442650,20996.615234
45,0.529094,0.408755,21412.580078
46,0.503274,0.337453,21662.111328
47,0.469635,0.370623,22277.705078
48,0.450470,0.376112,22493.980469
49,0.501713,0.520211,22909.912109
50,0.514285,0.524035,23092.933594
51,0.422862,0.588932,23392.421875
52,0.565287,0.435405,23908.167969
53,0.584507,0.405211,24224.277344
54,0.575589,0.398951,24773.322266
55,0.629149,0.382434,24956.332031
0,0.778643,0.485766,16.728302
1,0.807380,0.529110,332.778595
2,0.799278,0.975065,3011.407715
3,0.851246,0.975013,3261.026123
4,0.498139,0.995387,3627.046143
5,0.973800,0.952747,4026.272217
6,0.935664,0.420253,5324.051270
7,0.027011,0.570749,5889.783691
8,0.662151,0.434893,6688.406250
9,0.584638,0.452765,6937.866699
10,0.585096,0.443509,7037.753906
11,0.564496,0.444691,7187.532715
12,0.492681,0.516656,10731.323242
13,0.482715,0.513485,10914.193359
14,0.441353,0.441315,11596.359375
15,0.444444,0.493940,11929.157227
16,0.663542,0.469242,14075.346680
17,0.688313,0.452423,14324.989258
18,0.702019,0.433753,14574.458008
19,0.738175,0.415121,14890.555664
20,0.755975,0.422701,15023.723633
21,0.771380,0.431290,15306.549805
22,0.874834,0.496569,15805.665039
23,0.871397,0.512011,16105.221680
24,0.780601,0.581547,16487.806641
25,0.778021,0.568347,16803.964844
26,0.082739,0.607378,19682.234375
27,0.090914,0.574296,19931.718750
28,0.090406,0.585728,20164.710938
29,0.292228,0.828223,22211.214844
0,0.744978,0.486612,66.505066
1,0.762427,0.535819,366.077759
2,0.759252,0.524377,549.032104
3,0.759937,0.501548,632.265869
4,0.681353,0.479575,1264.431030
5,0.807537,0.669832,1563.891724
6,0.766108,0.518945,1880.052124
7,0.860592,0.502536,2362.531006
8,0.623303,0.521053,3244.324463
9,0.667823,0.511805,3493.854980
10,0.610464,0.653122,3793.368896
11,0.614165,0.490071,4042.884766
12,0.504208,0.500018,4625.236816
13,0.481893,0.500767,4874.792480
14,0.617998,0.494070,5556.925293
15,0.652122,0.504725,5806.503906
16,0.688561,0.554578,6072.742676
17,0.886453,0.573657,7187.430176
18,0.908164,0.562997,7370.425781
19,0.871516,0.535766,7553.481445
20,0.851148,0.354129,7786.351562
21,0.945473,0.463330,8119.097656
22,0.973286,0.465504,8352.041992
23,0.969282,0.470676,8501.769531
24,0.988421,0.492846,8701.433594
25,0.986678,0.527612,9183.944336
26,0.040239,0.554418,9915.999023
27,0.032601,0.487166,10248.719727
28,0.065408,0.524766,10448.375977
29,0.088142,0.565806,10781.126953
30,0.104207,0.587082,10964.145508
31,0.123367,0.597213,11313.560547
32,0.125402,0.603503,11413.358398
33,0.156067,0.614819,11929.129883
34,0.179131,0.621021,12228.618164
35,0.195813,0.511785,12694.451172
36,0.189200,0.557713,12827.556641
37,0.119682,0.751035,13193.585938
38,0.094802,0.705531,13809.177734
39,0.058831,0.664102,14241.758789
40,0.078729,0.649062,14607.772461
41,0.152965,0.516506,14907.273438
42,0.170069,0.507446,15040.341797
43,0.226437,0.550261,15389.745117
44,0.232568,0.537789,15589.375977
45,0.207031,0.436754,15838.957031
46,0.228977,0.453419,16088.539062
47,0.243429,0.458201,16288.197266
48,0.262589,0.521376,16571.025391
49,0.257472,0.679247,16953.707031
50,0.216634,0.786309,17286.435547
51,0.218881,0.771442,17719.009766
52,0.284036,0.511619,18134.933594
53,0.321158,0.428718,18367.894531
54,0.323241,0.304929,18634.087891
55,0.385447,0.630209,19249.646484
56,0.375618,0.649388,19532.492188
57,0.370895,0.635427,20131.449219
58,0.323517,0.693391,20331.113281
59,0.317607,0.692671,20580.679688
60,0.297750,0.687795,20780.310547
61,0.290119,0.673656,21146.386719
62,0.271813,0.706395,21379.251953
63,0.292339,0.631392,21695.382812
64,0.281369,0.643291,21811.841797
65,0.109841,0.782487,22743.564453
66,0.112962,0.742329,23009.744141
67,0.100154,0.667162,23309.251953
68,0.058511,0.692011,23625.388672
69,0.921568,0.486033,24623.585938
0,0.732950,0.551296,349.440826
1,0.714446,0.516002,732.036987
2,0.869173,0.344314,1497.411743
3,0.963704,0.442323,2113.000977
4,0.014796,0.508120,2462.377441
5,0.021765,0.552008,2645.475098
6,0.990504,0.520323,2878.289551
7,0.895285,0.583806,3260.983887
8,0.873819,0.595414,3527.196289
9,0.845972,0.603415,3693.575195
10,0.815154,0.640057,3943.100342
11,0.763860,0.592400,4259.222656
12,0.737711,0.548505,4508.785645
13,0.689926,0.511000,4758.355957
14,0.669382,0.486209,4974.675293
15,0.633570,0.470906,5174.290527
16,0.604070,0.444856,5390.686035
17,0.570478,0.450646,5640.146484
18,0.520604,0.443303,5972.925781
19,0.486041,0.431476,6139.259766
20,0.446007,0.449289,6372.213379
21,0.432934,0.514031,6655.034180
22,0.431266,0.580763,7120.943848
23,0.427707,0.467806,7486.972168
24,0.414942,0.427168,7686.642090
25,0.479634,0.411432,8052.618652
26,0.506025,0.387426,8452.000977
27,0.515690,0.389557,8551.766602
28,0.506197,0.401489,8801.324219
29,0.501381,0.419177,9100.821289
30,0.510675,0.424129,9217.293945
31,0.515783,0.515060,9633.272461
32,0.535789,0.374327,10764.532227
33,0.567650,0.354184,12012.442383
34,0.609454,0.363101,12261.948242
35,0.631346,0.373928,12444.992188
36,0.626289,0.353468,13077.150391
37,0.637189,0.420150,13376.609375
38,0.655305,0.437431,13659.508789
39,0.695059,0.460319,13909.116211
40,0.432486,0.528230,15522.867188
41,0.404579,0.473489,15739.238281
42,0.294170,0.489116,16138.537109
43,0.361048,0.757427,16787.373047
44,0.372867,0.782434,16920.468750
45,0.383933,0.768397,17369.630859
46,0.330204,0.739030,17552.714844
47,0.304077,0.685965,17868.822266
48,0.403672,0.694698,18168.306641
49,0.358022,0.736849,18434.484375
50,0.440271,0.548140,18750.570312
51,0.471578,0.469194,18983.511719
52,0.487248,0.395282,19199.818359
53,0.506051,0.378246,19366.267578
54,0.532170,0.385255,19682.320312
55,0.565494,0.412228,19898.591797
56,0.592301,0.424739,20114.890625
57,0.629421,0.521921,20530.779297
58,0.652832,0.478247,20780.400391
59,0.688615,0.496953,21063.187500
60,0.723535,0.563265,21279.550781
61,0.733872,0.571722,21562.416016
62,0.710806,0.627646,21778.712891
63,0.739230,0.556865,22028.177734
64,0.779439,0.554113,22244.494141
65,0.801418,0.556308,22610.484375
66,0.834791,0.576797,22826.869141
67,0.874641,0.595826,23059.806641
68,0.025670,0.562311,24257.669922
69,0.046344,0.580714,24440.654297
70,0.072209,0.558958,24690.173828
0,0.750087,0.540147,49.930126
1,0.778645,0.552916,332.788086
2,0.839234,0.577946,698.788635
3,0.892544,0.540495,1098.091064
4,0.948377,0.513932,1364.295532
5,0.957924,0.510984,1497.357666
6,0.009930,0.563653,1747.034790
7,0.994365,0.537224,2079.775146
8,0.976997,0.579262,2279.353516
9,0.958977,0.546369,2512.267334
10,0.930513,0.511571,2745.221436
11,0.915353,0.498613,2911.571045
12,0.782188,0.583414,3577.058594
13,0.713792,0.559969,3826.664062
14,0.645152,0.530789,4292.469238
15,0.588388,0.521043,4641.921387
16,0.548813,0.513041,4924.755371
17,0.515447,0.507853,5240.873535
18,0.481069,0.500272,5507.066406
19,0.440549,0.478848,5972.952148
20,0.358711,0.490391,6505.326660
21,0.386390,0.470261,6788.210449
22,0.270002,0.494673,7337.224609
23,0.214315,0.520568,7620.026855
24,0.219127,0.523742,7836.336426
25,0.184596,0.535911,8085.850098
26,0.310749,0.504044,8518.468750
27,0.330467,0.492483,8751.460938
28,0.476187,0.473945,9450.271484
29,0.504570,0.471390,9633.146484
30,0.564465,0.478723,9965.905273
31,0.586457,0.493926,10215.517578
32,0.643449,0.508202,10481.708008
33,0.640356,0.508389,10598.146484
34,0.668256,0.516941,10747.912109
35,0.723758,0.524770,11047.339844
36,0.768988,0.548478,11463.324219
37,0.808774,0.559916,11613.068359
38,0.854249,0.574179,11895.903320
39,0.883489,0.566520,12278.569336
40,0.884567,0.564295,12411.682617
41,0.916931,0.564361,12561.397461
42,0.970847,0.561817,13326.732422
43,0.006242,0.525262,13792.542969
44,0.050844,0.545982,14058.781250
45,0.098764,0.557620,14325.001953
46,0.236084,0.547839,15056.995117
47,0.270468,0.539711,15223.488281
48,0.211350,0.577640,15506.230469
49,0.093676,0.545791,15972.078125
50,0.082508,0.507475,16188.444336
51,0.958225,0.552415,16637.617188
52,0.925985,0.515155,16920.468750
53,0.908369,0.506710,17103.541016
54,0.796342,0.582812,17652.552734
55,0.677954,0.502887,18484.363281
56,0.606247,0.486710,19033.386719
57,0.536447,0.466154,19349.617188
58,0.489834,0.464844,19615.757812
59,0.428984,0.482946,20198.013672
60,0.385306,0.487113,20431.017578
61,0.379786,0.465528,20813.673828
62,0.435609,0.450374,21013.281250
63,0.479311,0.464086,21246.226562
64,0.498023,0.456169,21612.263672
65,0.542703,0.464012,22061.429688
66,0.569618,0.517586,22294.371094
67,0.606330,0.475370,22544.000000
68,0.603108,0.480028,22627.208984
69,0.605979,0.467206,22876.701172
70,0.654676,0.488075,23309.306641
71,0.685483,0.487160,23758.482422
72,0.711747,0.495809,23958.148438
73,0.739196,0.531954,24407.345703
74,0.769202,0.540816,24723.501953
0,0.702536,0.530616,316.099762
1,0.711871,0.553797,515.797852
2,0.775358,0.852524,1613.822876
3,0.779562,0.876105,1746.915771
4,0.834575,0.916040,2162.910400
5,0.123388,0.920511,2329.205322
6,0.232455,0.925426,2761.813721
7,0.293455,0.887955,3028.077881
8,0.203783,0.902566,3310.871338
9,0.768795,0.877106,3893.143066
10,0.089316,0.860228,4758.298828
11,0.053059,0.847591,5024.488770
12,0.939138,0.885891,7070.941406
13,0.768885,0.900922,7453.582520
14,0.761074,0.893127,7553.453613
15,0.781994,0.937502,7736.478516
16,0.213520,0.910648,8169.119141
17,0.158687,0.885761,8501.799805
18,0.971079,0.762767,9084.075195
19,0.985220,0.688132,9450.176758
20,0.029067,0.626282,9782.837891
21,0.051189,0.615090,10082.386719
22,0.974739,0.533284,10381.849609
23,0.921914,0.479477,10614.740234
24,0.931097,0.484328,10897.565430
25,0.957341,0.528696,11213.683594
26,0.030626,0.558740,11563.099609
27,0.052700,0.597888,11845.910156
28,0.080783,0.650759,12112.178711
29,0.081695,0.674620,12428.313477
30,0.067144,0.674536,12727.737305
31,0.098608,0.659218,13193.651367
32,0.207641,0.545515,13493.041992
33,0.304706,0.611949,14058.799805
34,0.271565,0.695720,14258.396484
35,0.378661,0.965105,14840.666016
36,0.634732,0.922929,15456.292969
37,0.706897,0.926663,16105.137695
38,0.526694,0.869945,16687.474609
39,0.446968,0.884838,17003.587891
40,0.281583,0.898603,17569.265625
41,0.353049,0.902638,17985.183594
42,0.336086,0.891270,18317.949219
43,0.290733,0.929576,18800.427734
44,0.143963,0.912900,19515.875000
45,0.146075,0.850236,20148.058594
46,0.135111,0.841743,20613.951172
47,0.183199,0.874603,20780.326172
48,0.213877,0.875393,21196.222656
49,0.955598,0.846053,22577.197266
50,0.980737,0.847577,23675.271484
0,0.687620,0.484670,49.982979
1,0.739943,0.534871,349.343658
2,0.779568,0.560882,765.351379
3,0.882676,0.580898,1231.137085
4,0.959225,0.508735,2079.679443
5,0.927332,0.498882,2379.191162
6,0.953636,0.506352,2612.066406
7,0.007912,0.551467,2944.861816
8,0.737847,0.518194,3660.326660
9,0.744406,0.501814,3826.652588
10,0.657046,0.484590,4292.508789
11,0.610078,0.476446,4542.038574
12,0.642265,0.523609,4708.411621
13,0.546683,0.466276,5091.063965
14,0.479624,0.457592,5407.265625
15,0.452816,0.446961,5673.420410
16,0.468614,0.452069,5922.938477
17,0.413795,0.463552,6405.546387
18,0.437380,0.514007,6921.235840
19,0.458765,0.456214,7187.440918
20,0.479920,0.512765,7520.179688
21,0.484385,0.481581,7703.208984
22,0.289773,0.775222,8285.504883
23,0.313895,0.755365,8551.683594
24,0.310870,0.735293,8684.776367
25,0.264114,0.712698,8851.181641
26,0.319024,0.961660,9084.075195
27,0.513531,0.926486,9500.039062
28,0.720088,0.954326,9699.667969
29,0.820278,0.960893,9982.511719
30,0.153355,0.920544,10381.811523
31,0.882713,0.918059,11263.634766
32,0.474777,0.912550,11479.890625
33,0.471689,0.922632,11662.928711
34,0.455872,0.913648,11929.113281
35,0.313480,0.854787,12261.850586
36,0.280487,0.695106,12444.897461
37,0.229383,0.454938,13542.971680
38,0.177906,0.481264,13859.068359
39,0.170508,0.510733,14374.886719
40,0.191966,0.487282,15240.001953
41,0.212780,0.484545,15373.136719
42,0.216069,0.491602,15472.946289
43,0.269049,0.504693,15639.333008
44,0.334517,0.491536,15905.539062
45,0.285469,0.517376,16138.553711
46,0.393597,0.492625,16604.357422
47,0.464536,0.510900,16870.482422
48,0.506508,0.473456,17386.306641
49,0.573961,0.498443,17619.175781
50,0.577830,0.478755,17885.384766
51,0.642809,0.499671,18201.511719
52,0.645344,0.485333,18451.074219
53,0.705889,0.495025,18867.037109
54,0.734616,0.506824,19083.267578
55,0.784461,0.519886,19482.626953
56,0.790841,0.517416,19565.894531
57,0.980319,0.551571,21046.535156
58,0.008682,0.536584,21246.187500
59,0.999652,0.518308,21512.417969
60,0.747848,0.524181,22627.148438
61,0.786663,0.502231,23142.841797
62,0.810442,0.484017,23359.152344
63,0.580585,0.502028,24141.207031
64,0.452646,0.468350,24989.626953
0,0.742812,0.551670,349.390747
1,0.668169,0.527711,998.223145
2,0.504315,0.475670,1397.517578
3,0.503346,0.467630,1597.188477
4,0.593875,0.526964,1763.594360
5,0.753625,0.540403,2246.084229
6,0.633587,0.507756,2545.550537
7,0.636979,0.515640,2628.704346
8,0.649688,0.536007,2795.135742
9,0.685073,0.523475,3077.916504
10,0.666784,0.492996,3410.681885
11,0.625409,0.498721,3676.891602
12,0.634384,0.461230,3976.394531
13,0.638432,0.522352,4292.467773
14,0.552690,0.499996,4691.771973
15,0.560077,0.470429,4991.276855
16,0.588539,0.464712,5207.614746
17,0.622160,0.504689,5573.605469
18,0.579597,0.522357,5806.528809
19,0.497323,0.486969,6372.196777
20,0.474865,0.464778,6571.820312
21,0.868609,0.555467,7320.517090
22,0.939285,0.524662,7669.902344
23,0.016503,0.581405,8052.599609
24,0.982101,0.600508,8368.776367
25,0.509994,0.583237,12461.600586
26,0.434686,0.478543,12993.973633
27,0.410438,0.479141,13243.521484
28,0.398759,0.466081,13775.934570
29,0.545402,0.519912,14141.944336
30,0.914294,0.512171,17286.476562
31,0.899208,0.553345,17918.671875
32,0.813841,0.521995,18617.449219
33,0.779525,0.538073,19050.019531
34,0.713307,0.528154,19366.185547
35,0.718283,0.534918,19549.171875
36,0.802725,0.509691,20247.939453
37,0.809970,0.450935,20480.890625
38,0.631708,0.488322,21495.781250
39,0.624257,0.516426,21762.000000
40,0.640453,0.532058,21895.080078
41,0.574238,0.487435,22194.523438
42,0.585039,0.465063,22410.806641
43,0.596922,0.460540,22577.234375
44,0.612883,0.511575,22976.507812
45,0.505310,0.477959,23325.912109
46,0.477625,0.463902,23508.947266
47,0.545994,0.536700,23808.414062
48,0.579533,0.524187,24041.375000
49,0.422821,0.568969,24740.128906
50,0.539407,0.525388,24989.640625
0,0.754227,0.584466,282.808990
1,0.765150,0.585303,515.738342
2,0.769308,0.599870,865.175720
3,0.697718,0.541108,1231.164551
4,0.657818,0.508627,1464.071899
5,0.654344,0.511689,1746.932495
6,0.621138,0.499968,2096.303467
7,0.578418,0.491416,2412.505127
8,0.576993,0.570206,2994.757080
9,0.608661,0.495028,3177.832275
10,0.510528,0.505625,3493.879883
11,0.527433,0.543645,3976.339111
12,0.526706,0.539122,4126.156250
13,0.526776,0.532812,4259.211426
14,0.466845,0.522882,4492.118164
15,0.441786,0.527052,4858.211914
16,0.467166,0.515544,5307.357910
17,0.657744,0.524188,5806.506348
18,0.689926,0.535343,5989.540527
19,0.957130,0.537153,7586.723633
20,0.014912,0.561088,7902.804199
21,0.004117,0.556312,8119.173828
22,0.064484,0.608624,8435.292969
23,0.097526,0.623223,8684.813477
24,0.254299,0.659032,9583.202148
25,0.254894,0.667070,9749.601562
26,0.284852,0.722195,9965.934570
27,0.294649,0.688875,10215.477539
28,0.299528,0.662962,10448.392578
29,0.380292,0.747144,10698.030273
30,0.358659,0.698810,10897.614258
31,0.379519,0.698974,11629.666016
32,0.374220,0.706818,12062.231445
33,0.355738,0.703093,12278.523438
34,0.332156,0.668706,12428.245117
35,0.428627,0.569088,12927.412109
36,0.436195,0.488706,13176.913086
37,0.394429,0.477075,13476.428711
38,0.336279,0.443992,13692.737305
39,0.145184,0.548569,14408.128906
40,0.114803,0.551165,14724.243164
41,0.094901,0.531377,15040.363281
42,0.035989,0.509159,15472.917969
43,0.804912,0.156061,16570.980469
44,0.744891,0.557454,17635.791016
45,0.655520,0.514782,18134.947266
46,0.630362,0.508099,18451.039062
47,0.639509,0.503882,18567.486328
48,0.612389,0.490449,18883.630859
49,0.668172,0.635462,19283.013672
50,0.710189,0.612860,19499.201172
51,0.711099,0.616692,19765.453125
52,0.738707,0.546024,20381.078125
53,0.691738,0.539215,21146.363281
54,0.639935,0.503835,21795.201172
55,0.650828,0.521532,22377.582031
56,0.653413,0.525609,22477.335938
57,0.618958,0.516461,22726.935547
58,0.590170,0.570766,23126.226562
59,0.638239,0.691950,23475.626953
60,0.660369,0.703566,23908.216797
61,0.562002,0.634594,24107.837891
62,0.587046,0.554331,24540.400391
0,0.734763,0.557689,316.035675
1,0.660057,0.438115,1014.838623
2,0.381710,0.391297,2196.093750
3,0.406147,0.599099,2462.290527
4,0.418074,0.559689,2845.010498
5,0.428722,0.531317,3011.331299
6,0.715589,0.527872,4242.622559
7,0.781557,0.511014,4725.042969
8,0.084077,0.621482,5623.433105
9,0.064259,0.625772,5739.881836
10,0.058644,0.610952,6056.092773
11,0.055254,0.587760,6205.774414
12,0.234855,0.875840,6505.223633
13,0.305036,0.838951,6788.086914
14,0.351638,0.840519,7104.170410
15,0.138945,0.467980,7969.321777
16,0.206561,0.527424,8535.000977
17,0.226780,0.493628,8801.209961
18,0.308732,0.643415,9549.935547
19,0.290689,0.663185,9732.916016
20,0.353793,0.616645,10464.992188
21,0.296844,0.661374,10831.060547
22,0.282087,0.681589,10997.358398
23,0.032868,0.598067,11779.387695
24,0.892432,0.703855,12611.205078
25,0.817615,0.658955,13060.494141
26,0.515742,0.282752,15439.662109
27,0.556669,0.336417,15705.889648
28,0.566887,0.355500,15822.263672
29,0.559122,0.369614,16021.934570
30,0.604350,0.497314,16387.996094
31,0.649816,0.450935,16704.105469
32,0.688761,0.395284,16937.031250
33,0.708383,0.421249,17086.757812
34,0.735372,0.412086,17269.785156
35,0.119474,0.527523,19782.031250
36,0.137131,0.507120,19998.322266
37,0.147926,0.480632,20148.080078
38,0.164381,0.407409,20746.984375
39,0.883956,0.489579,21894.994141
40,0.396462,0.873827,22776.853516
41,0.393115,0.872759,23009.730469
42,0.364423,0.873337,23109.535156
43,0.285958,0.930616,23475.583984
44,0.783775,0.960755,23891.533203
45,0.399960,0.991982,24423.943359
46,0.869021,0.978411,24673.546875
0,0.750090,0.542796,332.896271
1,0.755915,0.854084,898.638916
2,0.776846,0.948097,1214.749146
3,0.103729,0.981198,1364.454224
4,0.293028,0.947740,1580.748535
5,0.240153,0.943878,1946.715332
6,0.362945,0.891821,2329.386475
7,0.723669,0.786764,3244.485352
8,0.715832,0.482041,3693.659180
9,0.657935,0.480080,4292.659668
10,0.650842,0.484045,4475.706543
11,0.589304,0.513774,4675.322754
12,0.459065,0.509416,5207.777832
13,0.465289,0.498168,5357.437500
14,0.446375,0.533175,5540.506836
15,0.497596,0.475001,5873.239746
16,0.562878,0.455013,6139.387695
17,0.567291,0.456869,6305.828613
18,0.955572,0.493975,7903.008301
19,0.957536,0.496565,8102.727539
20,0.997013,0.579008,8368.882812
21,0.980085,0.562715,8601.764648
22,0.018199,0.534183,9017.737305
23,0.124439,0.584057,9250.626953
24,0.262950,0.515344,9849.594727
25,0.278770,0.538749,10149.089844
26,0.268603,0.628401,10415.265625
27,0.290809,0.750138,10831.216797
28,0.369780,0.733510,11147.317383
29,0.346392,0.689499,11563.251953
30,0.284202,0.702583,11862.725586
31,0.203195,0.189358,12428.432617
32,0.186039,0.255916,12694.654297
33,0.242195,0.899980,15156.967773
34,0.321088,0.899584,15489.732422
35,0.331804,0.848381,15689.370117
36,0.786044,0.960683,15889.033203
37,0.736724,0.931776,16088.768555
38,0.715079,0.923706,16354.931641
39,0.781322,0.842424,16571.199219
40,0.826559,0.932707,16937.212891
41,0.828193,0.955726,17236.701172
42,0.822215,0.959936,17652.626953
43,0.096496,0.866972,17885.552734
44,0.049861,0.902018,18118.593750
45,0.762389,0.509967,19016.986328
46,0.647340,0.521899,19416.242188
47,0.591231,0.511448,19615.882812
48,0.600583,0.501958,19748.962891
49,0.604071,0.511618,19981.894531
50,0.498829,0.465636,20530.992188
51,0.448947,0.487678,20780.494141
52,0.458730,0.489354,20930.224609
53,0.498023,0.522254,21213.089844
54,0.491857,0.474748,21429.417969
55,0.516793,0.478484,21695.595703
56,0.470458,0.471302,21978.425781
57,0.420233,0.526378,22211.341797
58,0.479075,0.467622,22594.003906
59,0.517671,0.476360,22910.111328
60,0.507545,0.559737,23475.826172
61,0.544516,0.481931,23742.009766
62,0.550264,0.492972,23991.552734
63,0.582775,0.509778,24490.685547
0,0.752630,0.605497,382.612427
1,0.716838,0.551073,698.727417
2,0.712909,0.458269,931.698059
3,0.605724,0.453727,1513.902100
4,0.565135,0.450775,1763.495361
5,0.534818,0.470163,1963.145752
6,0.604871,0.422222,2212.689697
7,0.602510,0.420623,2312.536377
8,0.629868,0.521746,2611.993408
9,0.465121,0.473967,2861.567627
10,0.426794,0.515640,3061.215088
11,0.477879,0.400870,3543.733887
12,0.457749,0.395289,3693.441162
13,0.360634,0.507871,4026.175049
14,0.349505,0.460236,4192.608887
15,0.352416,0.431307,4675.044434
16,0.404879,0.491498,4874.722656
17,0.472830,0.469226,5124.257324
18,0.522608,0.496239,5457.031250
19,0.587501,0.493519,5723.221191
20,0.632521,0.438426,5906.244629
21,0.863186,0.622620,7104.140137
22,0.887395,0.654320,7420.259277
23,0.852741,0.780787,7769.672852
24,0.795434,0.878709,8052.478027
25,0.703572,0.928894,9616.448242
26,0.495019,0.963541,10148.815430
27,0.618368,0.962802,10315.189453
28,0.650539,0.961074,10598.071289
29,0.669058,0.990163,10731.157227
30,0.240915,0.980282,11030.614258
31,0.370678,0.877602,11363.379883
32,0.366057,0.857400,11579.677734
33,0.233260,0.870197,11845.866211
34,0.319967,0.871068,12261.807617
35,0.321261,0.971326,12428.177734
36,0.847840,0.440621,14025.384766
37,0.879028,0.463480,14324.856445
38,0.947065,0.523408,14591.069336
39,0.954851,0.527581,14774.101562
40,0.950160,0.533624,14857.258789
41,0.995459,0.566993,15356.415039
42,0.013136,0.602594,15772.325195
43,0.069719,0.649679,16121.712891
44,0.072717,0.751085,16437.867188
45,0.078878,0.761414,16704.062500
46,0.081145,0.741286,16853.785156
47,0.078339,0.742808,17070.056641
48,0.066043,0.733358,17336.283203
49,0.056308,0.746202,17535.914062
50,0.063050,0.758272,17669.035156
51,0.048658,0.726491,18068.318359
52,0.049170,0.703131,18450.974609
53,0.111763,0.500903,18667.250000
54,0.106673,0.523663,18883.562500
55,0.025998,0.574125,19382.677734
56,0.991736,0.690997,19565.712891
57,0.272345,0.777509,20946.607422
58,0.261137,0.795009,21146.265625
59,0.306285,0.481703,21695.332031
60,0.231226,0.504254,22111.269531
61,0.416905,0.571678,22876.611328
62,0.393276,0.605466,23142.789062
63,0.353338,0.727715,23542.097656
64,0.350502,0.754177,23641.925781
65,0.374698,0.711598,23924.773438
66,0.421362,0.927652,24274.146484
67,0.504869,0.948779,24523.720703
68,0.367754,0.703212,24723.365234
0,0.728665,0.570747,282.854187
1,0.777530,0.746701,632.237915
2,0.718807,0.899108,881.822754
3,0.932383,0.980037,1214.567993
4,0.391877,0.937782,1563.911865
5,0.012914,0.992002,2229.450195
6,0.932840,0.963590,2595.524170
7,0.322433,0.918984,2861.630371
8,0.106574,0.941827,3310.874268
9,0.328977,0.937055,3543.825439
10,0.210250,0.939678,3776.691162
11,0.670067,0.964368,4076.265381
12,0.292586,0.956343,4408.957520
13,0.686191,0.978321,4725.099609
14,0.416540,0.969753,5190.888184
15,0.481191,0.428491,5939.676758
16,0.457318,0.472436,6189.247559
17,0.490476,0.470157,6438.722168
18,0.683814,0.500207,7187.449219
19,0.864263,0.557640,7869.584961
20,0.954468,0.511298,8368.708984
21,0.016163,0.560811,8651.541016
22,0.057933,0.609180,9034.234375
23,0.164670,0.508106,9732.965820
24,0.193943,0.508860,10132.265625
25,0.222206,0.519606,10498.348633
26,0.285838,0.474939,10980.875977
27,0.283014,0.480898,11113.924805
28,0.280326,0.487523,11213.701172
29,0.356834,0.668410,12544.717773
30,0.249341,0.792073,12927.447266
31,0.346771,0.927880,13176.932617
32,0.434120,0.874931,13609.560547
33,0.442778,0.871025,13909.040039
34,0.491962,0.969804,14108.708008
35,0.700866,0.949238,14690.986328
36,0.644829,0.949292,14840.792969
37,0.667488,0.935364,14990.437500
38,0.463511,0.949674,15439.697266
39,0.951327,0.176665,16787.357422
40,0.810098,0.134342,17070.171875
41,0.804707,0.141999,17219.921875
42,0.828395,0.471676,17885.441406
43,0.841256,0.424989,18118.294922
44,0.814403,0.469911,18367.912109
45,0.692336,0.521172,18900.326172
46,0.651203,0.523034,19216.373047
47,0.578668,0.482327,19649.001953
48,0.586942,0.474764,19815.375000
49,0.476312,0.496142,20197.988281
50,0.482911,0.477343,20331.111328
51,0.361361,0.481174,21262.861328
52,0.294150,0.538943,21628.880859
53,0.300642,0.534500,21878.429688
54,0.337278,0.707077,22094.691406
55,0.315151,0.410216,22610.455078
56,0.405156,0.435741,22959.835938
57,0.404318,0.427693,23259.386719
58,0.506686,0.460034,23625.376953
59,0.479423,0.450304,24057.964844
60,0.478377,0.448046,24324.150391
61,0.553409,0.438128,24573.701172
62,0.547847,0.439384,24723.419922
63,0.583185,0.448770,24956.392578
0,0.795593,0.665974,216.382523
1,0.684210,0.565337,515.883362
2,0.503688,0.505084,1264.510620
3,0.439230,0.498976,1663.775146
4,0.391311,0.550484,1863.440063
5,0.385272,0.613494,2179.565186
6,0.321146,0.729003,2545.618896
7,0.358473,0.800421,2828.468750
8,0.252801,0.766378,3111.342041
9,0.271303,0.742695,3277.643066
10,0.279032,0.723608,3444.044434
11,0.248306,0.549036,4026.312012
12,0.178857,0.598922,4209.322266
13,0.103007,0.668243,4641.994629
14,0.059593,0.696049,4808.282715
15,0.051414,0.700544,4974.705078
16,0.416638,0.939554,5373.991699
17,0.130101,0.906830,5673.467773
18,0.264693,0.890678,6488.702148
19,0.273463,0.874811,6688.316406
20,0.317152,0.894437,7037.724121
21,0.355304,0.894625,7204.119629
22,0.592095,0.937731,7403.831543
23,0.478055,0.902274,7653.312012
24,0.455690,0.857868,8002.784668
25,0.469624,0.856749,8152.485352
26,0.466306,0.848528,8402.033203
27,0.506883,0.863981,8668.230469
28,0.679175,0.860608,9084.204102
29,0.556234,0.263248,10681.348633
30,0.837706,0.541414,11413.433594
31,0.844212,0.518440,11579.844727
32,0.934615,0.337440,11895.985352
33,0.946833,0.470060,12228.655273
34,0.949293,0.481671,12328.457031
35,0.755967,0.585797,13110.472656
36,0.697621,0.623152,13426.575195
37,0.626764,0.597555,13825.847656
38,0.596773,0.587695,14025.513672
39,0.372942,0.551275,15106.985352
40,0.243750,0.606044,15539.569336
41,0.231782,0.625712,15722.588867
42,0.282747,0.615426,16171.769531
43,0.220818,0.632850,16837.255859
44,0.284788,0.650736,17170.013672
45,0.283057,0.650166,17353.111328
46,0.296173,0.536079,17768.972656
47,0.204429,0.571044,17968.644531
48,0.305458,0.748906,18367.923828
49,0.107584,0.594761,18933.644531
50,0.047223,0.649371,19266.369141
51,0.070104,0.587523,19698.945312
52,0.150634,0.523421,19965.208984
53,0.503586,0.416048,21462.511719
54,0.547926,0.411621,21745.416016
55,0.471291,0.468604,21978.337891
56,0.541513,0.442737,22444.144531
57,0.644594,0.557919,23791.847656
58,0.649566,0.540282,23941.529297
59,0.739609,0.375331,24340.833984
0,0.819579,0.739868,316.144165
1,0.723493,0.574076,765.339417
2,0.719147,0.560639,881.808472
3,0.703798,0.540727,1098.077637
4,0.742787,0.523584,2362.543945
5,0.735179,0.516484,2745.215332
6,0.832688,0.483560,3676.943359
7,0.858974,0.519355,4009.680420
8,0.921758,0.661866,4508.838867
9,0.974997,0.568858,5740.009277
10,0.976405,0.567449,5839.840332
11,0.976591,0.554021,6122.652832
12,0.020359,0.580848,6405.481934
13,0.019777,0.590314,6754.866211
14,0.953971,0.530387,7370.465332
15,0.931541,0.558934,7686.615234
16,0.931702,0.559999,7869.583008
17,0.887908,0.583743,8102.520020
18,0.889421,0.562050,8418.654297
19,0.938897,0.461569,8734.776367
20,0.816834,0.585427,9183.980469
21,0.850332,0.536010,9733.000000
22,0.825412,0.511181,9899.379883
23,0.686005,0.590791,10232.115234
24,0.615669,0.590073,10581.524414
25,0.567569,0.597779,11097.323242
26,0.575014,0.597578,11296.956055
27,0.600640,0.583410,11529.893555
28,0.583015,0.569697,11846.002930
29,0.546982,0.600194,12178.746094
30,0.548987,0.592651,12311.856445
31,0.503783,0.609348,12528.137695
32,0.559553,0.594195,12860.853516
33,0.589144,0.571863,13127.074219
34,0.580392,0.587146,13592.939453
35,0.553777,0.538680,13842.479492
36,0.450476,0.603281,14624.449219
37,0.483328,0.567218,14790.856445
38,0.482609,0.551067,15140.238281
39,0.409824,0.588947,15739.189453
40,0.414780,0.584065,15855.621094
41,0.402301,0.608456,16271.592773
42,0.401755,0.594937,16571.076172
43,0.381919,0.572807,16837.289062
44,0.345755,0.586188,17386.333984
45,0.348037,0.588265,17519.404297
46,0.407821,0.634249,17735.691406
47,0.251005,0.545588,18783.847656
48,0.255511,0.534641,18883.695312
49,0.288581,0.533780,19216.445312
50,0.310019,0.505186,19499.294922
51,0.321347,0.395309,19732.228516
52,0.466209,0.511554,20813.662109
53,0.497867,0.493138,21163.017578
54,0.494416,0.499609,21279.494141
55,0.533968,0.474586,21562.369141
56,0.585303,0.492354,21828.554688
57,0.610524,0.491333,22111.402344
58,0.607861,0.479816,22360.943359
59,0.585279,0.472110,22660.412109
60,0.733724,0.668018,22959.914062
61,0.669261,0.499448,23342.550781
62,0.704873,0.524763,23708.580078
63,0.688089,0.518549,23991.417969
64,0.703845,0.491520,24457.292969
65,0.740743,0.512079,24773.423828
0,0.720516,0.265944,99.737572
1,0.658014,0.379366,282.891937
2,0.645039,0.531678,515.747375
3,0.489056,0.480882,1314.357178
4,0.484770,0.482346,1497.393311
5,0.424186,0.498506,1996.482300
6,0.388241,0.507292,2246.049072
7,0.338361,0.489687,2562.176514
8,0.346218,0.490094,2728.543213
9,0.278116,0.489942,3044.660889
10,0.245967,0.522811,3327.527100
11,0.181707,0.532741,3843.304199
12,0.156142,0.504739,4109.446289
13,0.135605,0.558201,4525.409180
14,0.999852,0.511543,6954.474121
15,0.923765,0.519424,7337.108398
16,0.942439,0.508703,7836.278809
17,0.932836,0.521856,8052.539551
18,0.296849,0.539178,9450.148438
19,0.427247,0.485719,10015.768555
20,0.549174,0.185954,10980.759766
21,0.541234,0.241271,11346.788086
22,0.475482,0.490648,11762.711914
23,0.434052,0.480654,11995.658203
24,0.447326,0.480846,12228.587891
25,0.383203,0.472195,12444.856445
26,0.320921,0.085373,13127.008789
27,0.299829,0.087090,13609.480469
28,0.117809,0.084321,14175.158203
29,0.092668,0.104976,14341.582031
30,0.013764,0.216055,14840.709961
31,0.011517,0.222689,15140.165039
32,0.020630,0.204243,15489.555664
33,0.041596,0.209303,15972.032227
34,0.883556,0.219743,16454.509766
35,0.863915,0.201297,16737.367188
36,0.843127,0.152212,17020.185547
37,0.804454,0.142610,17236.472656
38,0.786668,0.141165,17469.406250
39,0.702643,0.231901,18101.644531
40,0.712215,0.208958,18251.382812
41,0.733146,0.191176,18417.783203
42,0.679874,0.236372,18750.509766
43,0.636216,0.497389,19099.939453
44,0.638470,0.482656,19282.912109
45,0.355119,0.480355,20381.009766
46,0.285098,0.507296,21146.337891
47,0.332822,0.484713,21312.679688
48,0.393699,0.486246,21678.707031
49,0.625880,0.790557,22826.714844
50,0.606388,0.784267,22993.095703
51,0.599330,0.782522,23092.906250
52,0.660840,0.777828,23375.763672
53,0.817479,0.628434,23791.691406
54,0.815583,0.918397,24806.583984
0,0.764417,0.519675,33.305634
1,0.812780,0.561843,282.860260
2,0.869738,0.601911,482.624939
3,0.874103,0.610928,632.275085
4,0.041102,0.607640,1381.000732
5,0.165031,0.624105,1946.619385
6,0.157235,0.608082,2079.705566
7,0.196670,0.602419,2246.078369
8,0.218957,0.576578,2595.578125
9,0.242250,0.610959,2961.505127
10,0.190071,0.498349,3444.111816
11,0.132710,0.524122,3793.411133
12,0.080936,0.563472,4092.849854
13,0.887345,0.547275,4858.186035
14,0.838547,0.573276,4991.307129
15,0.770943,0.572769,5274.154785
16,0.720644,0.545953,5540.366211
17,0.695834,0.532041,5723.365723
18,0.606803,0.503344,6205.910156
19,0.653774,0.528776,6538.622559
20,0.499807,0.499513,7071.005859
21,0.457395,0.499430,7254.001953
22,0.466064,0.480623,7553.503418
23,0.416855,0.523046,7803.157715
24,0.404751,0.520843,8235.628906
25,0.350996,0.524068,8518.521484
26,0.361400,0.519083,8734.786133
27,0.414234,0.499549,8901.189453
28,0.365411,0.572280,9400.276367
29,0.205662,0.562273,10248.841797
30,0.166562,0.592017,10498.369141
31,0.150797,0.609836,10847.779297
32,0.153211,0.606540,11213.753906
33,0.185310,0.593637,11746.186523
34,0.150909,0.577515,12328.559570
35,0.105599,0.598273,12478.230469
36,0.040139,0.610420,12910.792969
37,0.046286,0.601617,13010.603516
38,0.011730,0.601122,13210.278320
39,0.968716,0.603191,13443.247070
40,0.925003,0.592577,13742.656250
41,0.915244,0.539137,14025.537109
42,0.925682,0.546450,14325.026367
43,0.986880,0.539382,14641.089844
44,0.993981,0.558069,14890.663086
45,0.953216,0.504697,16837.343750
46,0.948969,0.507718,17469.587891
47,0.960462,0.513617,18268.119141
48,0.868951,0.561274,19249.759766
49,0.957225,0.524511,19515.912109
50,0.965815,0.524533,19715.660156
51,0.001220,0.572752,20164.806641
52,0.018725,0.575044,20613.998047
53,0.010785,0.553051,20780.427734
54,0.007424,0.540674,20930.128906
55,0.062541,0.605513,21163.029297
56,0.079123,0.627467,21379.404297
57,0.116480,0.694326,21612.234375
58,0.063968,0.709804,21961.695312
59,0.716696,0.509620,23509.062500
60,0.648560,0.531553,24141.158203
61,0.596794,0.517071,24440.638672
0,0.666065,0.510680,715.391785
1,0.723979,0.559527,1081.394897
2,0.969737,0.517814,2096.294678
3,0.960527,0.518383,2196.148193
4,0.441407,0.972224,6205.743652
5,0.484527,0.959816,6305.551758
6,0.477767,0.422750,7237.287598
7,0.361596,0.476222,7786.410156
8,0.316151,0.506331,8169.026367
9,0.550418,0.479469,9133.999023
10,0.960986,0.584080,11014.069336
11,0.955341,0.508214,11346.814453
12,0.002447,0.550207,11563.067383
13,0.979067,0.552943,11829.255859
14,0.006596,0.523593,12062.137695
15,0.096784,0.563418,12561.303711
16,0.917367,0.568717,13193.521484
17,0.795157,0.563441,13825.802734
18,0.745108,0.525158,14208.386719
19,0.664062,0.524031,14507.915039
20,0.606157,0.498034,14757.501953
21,0.604516,0.482885,14923.916992
22,0.519507,0.459084,15339.753906
23,0.476651,0.458798,15556.088867
24,0.457606,0.449459,15805.596680
25,0.387141,0.470643,16521.093750
26,0.389304,0.469989,16637.533203
27,0.357453,0.448434,17003.570312
28,0.345078,0.680001,17552.548828
29,0.356289,0.687096,17669.064453
30,0.388770,0.684265,17868.783203
31,0.309458,0.519486,18134.878906
32,0.290173,0.533386,18334.531250
33,0.357516,0.673585,18767.093750
34,0.361914,0.701945,19049.941406
35,0.303572,0.692504,19482.541016
36,0.346611,0.695232,19815.291016
37,0.346321,0.698016,19915.111328
38,0.359214,0.692742,20264.509766
39,0.348522,0.658196,20580.593750
40,0.422288,0.455003,21695.398438
41,0.266609,0.637801,22577.207031
42,0.220380,0.570203,22843.324219
43,0.208014,0.544061,23092.906250
44,0.202454,0.479542,23475.582031
45,0.685933,0.552875,24739.984375
46,0.695189,0.642647,24939.703125
0,0.743472,0.461720,2096.368164
1,0.599809,0.535401,2778.527344
2,0.528763,0.505479,4026.322754
3,0.516674,0.499048,4192.701660
4,0.525478,0.510585,4741.685059
5,0.436120,0.496698,5024.620605
6,0.396312,0.542119,5407.203125
7,0.371488,0.568901,5556.977539
8,0.355057,0.496188,5806.543945
9,0.395475,0.569198,6305.654785
10,0.421408,0.596101,6472.062500
11,0.423928,0.594425,6704.934082
12,0.344106,0.710940,7586.763672
13,0.344552,0.723295,7703.190430
14,0.355292,0.686678,7886.202148
15,0.494206,0.955852,8418.663086
16,0.799591,0.536899,9483.497070
17,0.846415,0.576717,9866.065430
18,0.864876,0.581484,9982.541016
19,0.944429,0.534348,10248.774414
20,0.960780,0.529944,10415.172852
21,0.003492,0.579107,10764.549805
22,0.041166,0.605537,11113.921875
23,0.048466,0.645722,11263.693359
24,0.083116,0.675773,11479.954102
25,0.034171,0.633639,12611.369141
26,0.932524,0.498880,13143.716797
27,0.680233,0.576340,14208.500977
28,0.696372,0.593547,14358.336914
29,0.503643,0.485959,15023.830078
30,0.442790,0.486057,15489.578125
31,0.385476,0.485196,15755.788086
32,0.346968,0.493173,16155.091797
33,0.197506,0.522748,16687.490234
34,0.439755,0.590052,17602.576172
35,0.414001,0.522796,17951.998047
36,0.432894,0.590251,18334.658203
37,0.698390,0.646901,21861.830078
