Idx, longitude, latitude, start timestamp
0,0.800525,0.529717,332.752594
1,0.801912,0.488181,482.506226
2,0.822729,0.445747,698.848694
3,0.848847,0.427759,1014.969910
4,0.889227,0.415344,1214.575317
5,0.094389,0.388826,2246.057129
6,0.181806,0.406257,3028.053955
7,0.508963,0.483078,6505.340332
8,0.371723,0.481294,7187.444336
9,0.329938,0.455329,7670.002930
10,0.283243,0.452140,8035.983887
11,0.274681,0.444873,8169.121094
12,0.315737,0.445701,8468.628906
13,0.350129,0.455318,8784.734375
14,0.413147,0.476567,9150.705078
15,0.464111,0.486495,9683.065430
16,0.472934,0.491727,9932.689453
17,0.489487,0.496337,10415.176758
18,0.335924,0.444526,11829.279297
19,0.341397,0.444718,12395.033203
20,0.385579,0.465784,12661.163086
21,0.408463,0.477462,13093.751953
22,0.408515,0.472030,13276.791016
23,0.601609,0.473932,15522.803711
24,0.641092,0.358636,16071.956055
25,0.663743,0.362757,16471.205078
26,0.693429,0.367840,16704.068359
27,0.688508,0.553137,17452.753906
28,0.638011,0.482238,18184.955078
29,0.590469,0.469939,18717.283203
30,0.595768,0.474246,18950.173828
31,0.622903,0.427070,19216.400391
32,0.723339,0.263908,20447.628906
33,0.749651,0.259091,21162.955078
34,0.747987,0.270314,21362.572266
35,0.749539,0.234833,21628.814453
36,0.793592,0.515282,22676.921875
37,0.789905,0.505066,22859.914062
0,0.760274,0.419611,16.576698
1,0.586064,0.498964,1131.304077
2,0.544467,0.755854,1929.909668
3,0.596453,0.793176,2079.669189
4,0.852404,0.177030,4392.186035
5,0.721952,0.146455,4891.326660
6,0.333310,0.519314,6638.266602
7,0.365533,0.484798,7137.379883
8,0.326569,0.513963,7370.260254
9,0.327749,0.539148,7902.746582
10,0.372582,0.476656,8651.355469
11,0.325556,0.505212,9400.151367
12,0.965439,0.481772,11879.069336
13,0.946877,0.496777,12211.809570
14,0.946570,0.494630,12378.158203
15,0.586402,0.514308,13260.081055
16,0.504619,0.499671,13975.468750
17,0.664094,0.560981,14457.868164
18,0.643466,0.622392,14724.153320
19,0.643399,0.629960,14873.894531
20,0.596207,0.543668,15123.412109
21,0.669166,0.517911,15439.534180
22,0.672767,0.393172,15938.658203
23,0.671125,0.539495,16437.720703
24,0.669569,0.554729,16637.517578
25,0.687266,0.498330,16903.638672
26,0.644187,0.448644,17635.703125
27,0.665501,0.523086,18151.484375
28,0.690406,0.515015,18434.314453
29,0.639678,0.501968,19133.080078
30,0.634022,0.504235,19249.556641
31,0.633215,0.502847,19465.779297
32,0.646209,0.491757,19981.548828
33,0.678230,0.420263,20231.191406
34,0.689502,0.512759,20630.406250
35,0.637667,0.551532,20963.150391
36,0.576829,0.593995,21196.146484
37,0.565505,0.574353,21662.033203
38,0.575137,0.584992,22111.199219
39,0.546255,0.745248,22859.865234
40,0.527955,0.686579,23092.878906
41,0.520173,0.497704,23591.962891
42,0.557446,0.492264,24074.480469
43,0.557592,0.473823,24190.882812
0,0.642649,0.565596,715.515198
1,0.612604,0.558534,948.347656
2,0.559043,0.517717,1231.198120
3,0.554619,0.505591,1397.583374
4,0.669208,0.422289,1880.069946
5,0.717179,0.392622,2545.525391
6,0.704107,0.420303,2861.643311
7,0.653253,0.289836,3310.913330
8,0.558825,0.510906,3693.527344
9,0.593488,0.587608,3893.217041
10,0.617873,0.609744,4059.543457
11,0.624685,0.602635,4259.306152
12,0.796465,0.371434,4908.172852
13,0.841186,0.351480,5157.632324
14,0.880605,0.322262,5324.042480
15,0.912599,0.173279,5623.531738
16,0.968427,0.078409,6189.138184
17,0.930152,0.107531,6505.217773
18,0.668491,0.067506,6921.264160
19,0.597015,0.072635,7104.228516
20,0.649753,0.120461,7470.261230
21,0.639879,0.120777,7586.811523
22,0.164316,0.564969,14757.544922
23,0.233763,0.560136,15439.742188
24,0.394300,0.550971,16670.828125
25,0.533471,0.540757,17935.347656
26,0.561986,0.519073,18251.490234
27,0.531037,0.534416,18634.107422
28,0.307909,0.838285,20613.916016
29,0.193444,0.743475,21146.408203
30,0.577981,0.839649,22610.521484
0,0.814820,0.766230,149.695358
1,0.757249,0.319539,632.210083
2,0.673554,0.142209,1214.402344
3,0.616929,0.144736,1430.780884
4,0.973099,0.022249,1830.047119
5,0.065739,0.084982,2013.046387
6,0.085759,0.074483,2162.747314
7,0.070797,0.045750,2462.278320
8,0.038862,0.110780,2612.024658
9,0.858786,0.074419,3027.969238
10,0.023861,0.151991,3493.705322
11,0.013583,0.384703,4159.347656
12,0.140796,0.428538,4741.583496
13,0.155874,0.366266,4957.828125
14,0.209100,0.463295,5390.397461
15,0.208863,0.475338,5590.040527
16,0.229016,0.451599,5823.102051
17,0.283386,0.429230,6089.188477
18,0.313073,0.421415,6455.303711
19,0.331399,0.421290,6737.989746
20,0.344059,0.368337,6937.835938
21,0.369971,0.416963,7187.219727
22,0.366200,0.428550,7370.325195
23,0.410302,0.435504,7586.653320
24,0.426434,0.441120,7919.388672
25,0.426301,0.450875,8035.705078
26,0.467061,0.659191,8318.600586
27,0.362473,0.429450,8751.221680
28,0.337241,0.466764,8984.040039
29,0.341558,0.480143,9200.409180
30,0.388875,0.466600,9549.763672
31,0.393307,0.480729,9666.311523
32,0.410976,0.483485,9815.925781
33,0.549106,0.499137,10414.908203
34,0.593541,0.469964,10614.498047
35,0.629751,0.439295,10864.102539
36,0.669726,0.438257,11230.090820
37,0.680397,0.315882,11762.447266
38,0.686165,0.277052,11978.879883
39,0.682331,0.224242,12161.850586
40,0.694496,0.194548,12361.480469
41,0.749402,0.455795,12660.973633
42,0.762527,0.512994,12893.816406
43,0.747863,0.600791,13126.834961
44,0.703482,0.476979,13642.517578
45,0.643418,0.498704,13958.670898
46,0.637852,0.498904,14141.644531
47,0.610577,0.472683,14357.931641
48,0.588578,0.511663,14707.266602
49,0.591763,0.474033,15123.246094
50,0.643459,0.514623,22843.042969
51,0.780003,0.279580,23974.333984
0,0.756899,0.326456,49.851292
1,0.761191,0.261857,482.411407
2,0.684206,0.121375,1630.467651
3,0.548870,0.475215,2595.450684
4,0.499230,0.464351,2844.935059
5,0.475787,0.406284,3094.580566
6,0.329742,0.447415,3859.910400
7,0.220091,0.441434,4558.622559
8,0.136784,0.496054,5124.243652
9,0.203156,0.692813,5373.839844
10,0.292447,0.779176,7137.490234
11,0.218830,0.332272,10148.843750
12,0.263349,0.416249,10348.577148
13,0.502106,0.379067,12744.342773
14,0.474082,0.445051,13160.229492
15,0.445176,0.448532,13493.009766
16,0.333886,0.418282,14092.025391
17,0.388800,0.389853,14391.461914
18,0.501537,0.694941,14890.648438
19,0.536280,0.829730,15190.017578
20,0.494023,0.776276,15506.113281
21,0.600041,0.398879,16105.175781
22,0.636043,0.416301,16388.031250
23,0.662697,0.425310,16720.742188
24,0.672557,0.348689,17053.429688
25,0.614820,0.285421,17302.962891
26,0.588028,0.287999,17652.417969
27,0.463887,0.428585,18417.662109
28,0.400835,0.432355,18717.277344
29,0.366801,0.405225,18950.187500
30,0.371837,0.397952,19199.714844
31,0.376328,0.392538,19282.960938
32,0.325726,0.392472,19532.412109
33,0.018354,0.227512,22127.859375
0,0.753744,0.468665,316.099518
1,0.747889,0.410299,482.511169
2,0.754243,0.277544,798.553467
3,0.627895,0.504926,1697.157959
4,0.601904,0.436072,1946.589233
5,0.586309,0.121535,2878.266357
6,0.576855,0.382154,3577.058594
7,0.554348,0.602823,3909.811279
8,0.541888,0.600977,4059.524902
9,0.503248,0.579988,4292.497559
10,0.479761,0.564176,4591.920898
11,0.467024,0.591766,4841.489258
12,0.435627,0.577177,5107.664551
13,0.405604,0.573988,5423.888672
14,0.395528,0.554767,5773.233398
15,0.519653,0.500163,6189.143066
16,0.549942,0.709354,6621.782227
17,0.551964,0.720812,6721.595215
18,0.567401,0.725923,6854.583496
19,0.607490,0.612677,7220.754883
20,0.606402,0.456468,7420.424316
21,0.594232,0.380223,7653.253418
22,0.603300,0.310959,7852.945801
23,0.832895,0.098344,8767.947266
24,0.265449,0.061942,9516.710938
25,0.073858,0.112331,9799.548828
26,0.082334,0.123950,9949.190430
27,0.138846,0.774592,14158.503906
28,0.275655,0.475135,14923.853516
29,0.295381,0.471027,15223.445312
30,0.323318,0.505166,15473.035156
31,0.320015,0.504716,15672.647461
32,0.325838,0.522554,15922.141602
33,0.238972,0.571132,16221.625000
34,0.688387,0.178283,18234.859375
35,0.571317,0.121223,19449.361328
36,0.423989,0.496718,22394.121094
37,0.916376,0.412250,24973.017578
0,0.753532,0.490423,116.412148
1,0.717200,0.230349,964.987305
2,0.678980,0.188013,1131.386597
3,0.656730,0.160365,1330.989258
4,0.635129,0.132901,1530.568726
5,0.739086,0.096291,1830.099243
6,0.794075,0.068425,2112.971191
7,0.610470,0.169942,2379.087646
8,0.601360,0.327705,2612.145264
9,0.587298,0.443788,2811.697510
10,0.573608,0.580160,3027.943604
11,0.550229,0.564670,3244.406494
12,0.510851,0.540273,3510.460938
13,0.450574,0.507922,4026.346436
14,0.433610,0.481990,4292.437500
15,0.387674,0.475681,4558.649902
16,0.376760,0.459914,4708.436035
17,0.358075,0.461011,4908.035645
18,0.332496,0.445781,5506.995117
19,0.384309,0.441009,6006.166992
20,0.406839,0.410773,7270.627930
21,0.400274,0.402218,7370.405273
22,0.034182,0.387560,11213.693359
23,0.346390,0.488376,13493.037109
24,0.261854,0.485231,16088.419922
25,0.261655,0.481571,16338.068359
26,0.259684,0.478216,16620.837891
27,0.184080,0.490525,17070.070312
28,0.699172,0.028237,19316.142578
29,0.068693,0.012153,19798.609375
30,0.214159,0.023564,19998.246094
31,0.295234,0.067547,20347.617188
32,0.297589,0.069927,20480.783203
33,0.635542,0.517551,22244.363281
34,0.635552,0.501942,22427.332031
35,0.545161,0.472027,23425.542969
36,0.547458,0.472966,23675.082031
37,0.502992,0.458041,24174.324219
38,0.508437,0.454296,24407.189453
0,0.787853,0.455189,449.224304
1,0.679016,0.523383,931.712708
2,0.643388,0.572344,1197.784546
3,0.589036,0.572642,1414.186401
4,0.544559,0.509298,1730.303589
5,0.544166,0.493066,1913.270874
6,0.717777,0.253756,2645.327393
7,0.723700,0.233172,2795.055664
8,0.787577,0.327626,3044.653320
9,0.892409,0.405057,3344.136963
10,0.981372,0.493650,3843.301758
11,0.017256,0.486459,3992.982178
12,0.004419,0.241942,4375.631836
13,0.969897,0.213340,4575.337891
14,0.493417,0.510968,6471.937012
15,0.465809,0.470978,6971.055664
16,0.569102,0.504415,7736.466309
17,0.171721,0.490150,9183.920898
18,0.223764,0.487592,10132.270508
19,0.345576,0.498835,10714.526367
20,0.349019,0.499821,10880.889648
21,0.388798,0.506731,11130.528320
22,0.364840,0.363694,11912.494141
23,0.210971,0.262318,12478.100586
24,0.220182,0.273466,13825.716797
25,0.236355,0.279318,14091.953125
26,0.309554,0.442461,14374.828125
27,0.333583,0.497503,14607.717773
28,0.331810,0.496580,14807.405273
29,0.424982,0.503313,15838.954102
30,0.458489,0.377147,16570.929688
31,0.654875,0.269726,18484.230469
32,0.717253,0.535646,19465.869141
33,0.788320,0.454559,19998.324219
34,0.811481,0.567555,20447.464844
35,0.831815,0.538798,20697.123047
36,0.837494,0.495541,20946.550781
37,0.887142,0.643254,21695.316406
38,0.895501,0.645473,21978.101562
39,0.830086,0.342907,23492.167969
0,0.755914,0.534792,266.240479
1,0.736974,0.499313,532.437378
2,0.718824,0.468422,748.721497
3,0.717458,0.363286,1114.722656
4,0.691753,0.349826,1364.297119
5,0.635989,0.358449,1580.561646
6,0.575984,0.476722,1813.534912
7,0.539660,0.492334,2079.755615
8,0.498958,0.524413,2562.242188
9,0.465855,0.473655,2894.989746
10,0.598855,0.348781,3510.556396
11,0.645609,0.324602,3693.586670
12,0.666709,0.290571,3859.946533
13,0.668730,0.252415,4042.985107
14,0.679220,0.232037,4225.981445
15,0.747409,0.242169,4458.874512
16,0.791316,0.228768,4641.890625
17,0.801241,0.140587,4958.028320
18,0.766916,0.120750,5174.285645
19,0.751290,0.103025,5407.216309
20,0.875433,0.121837,5706.706543
21,0.925175,0.127825,5839.825684
22,0.959051,0.121127,6072.749023
23,0.904494,0.298694,6671.684570
24,0.885450,0.569032,7337.194824
25,0.930566,0.520938,7669.969727
26,0.084735,0.499213,8518.460938
27,0.118496,0.465815,8768.032227
28,0.104960,0.554426,9217.250977
29,0.125102,0.548410,9516.725586
30,0.083205,0.553814,9699.709961
31,0.178462,0.352899,10265.415039
32,0.206873,0.342795,10498.328125
33,0.229135,0.319518,10731.260742
34,0.240311,0.315642,10930.934570
35,0.271639,0.368992,11296.933594
36,0.296127,0.415723,11563.125000
37,0.326232,0.511026,11829.370117
38,0.360885,0.531505,12045.626953
39,0.407966,0.500447,12744.411133
40,0.384866,0.506365,13060.560547
41,0.524735,0.509328,13676.136719
42,0.562600,0.518983,14142.007812
43,0.576996,0.525838,14358.286133
44,0.553639,0.679510,14591.166016
45,0.540133,0.746883,14807.492188
46,0.533676,0.817525,15123.558594
47,0.441814,0.841593,15406.413086
48,0.445303,0.849869,15522.870117
49,0.395237,0.780911,15705.917969
50,0.324168,0.783021,15988.729492
51,0.246239,0.813554,16304.837891
52,0.191332,0.849501,16471.240234
53,0.134129,0.856109,16787.365234
54,0.138422,0.824898,17053.572266
55,0.045008,0.805556,17319.738281
56,0.047014,0.819966,17486.105469
57,0.118324,0.645587,17868.792969
58,0.135334,0.591613,18151.636719
59,0.148151,0.552300,18401.191406
60,0.144753,0.493575,18617.466797
61,0.143041,0.445987,18817.121094
62,0.150866,0.367111,19149.882812
63,0.187805,0.354705,19349.519531
64,0.189079,0.366906,19449.363281
65,0.203637,0.354144,19582.460938
66,0.208766,0.317800,19782.105469
67,0.206707,0.296910,20015.080078
68,0.218415,0.289702,20314.527344
69,0.211270,0.465511,20713.796875
70,0.206203,0.462328,21163.035156
71,0.342741,0.523565,22094.744141
72,0.346625,0.370327,22943.253906
73,0.092449,0.500924,23741.875000
74,0.082416,0.549397,23974.781250
75,0.071292,0.538757,24307.556641
76,0.052484,0.505780,24656.943359
77,0.011404,0.484846,24839.925781
0,0.756554,0.705096,33.290451
1,0.556432,0.505223,1181.377197
2,0.562941,0.506977,1480.755737
3,0.574634,0.633486,1979.872925
4,0.515360,0.559818,2578.875000
5,0.515244,0.510988,2828.395508
6,0.541076,0.490978,3211.133057
7,0.564591,0.497704,3643.637451
8,0.604801,0.503516,3810.064453
9,0.638744,0.452118,3993.055176
10,0.681694,0.341504,4475.609375
11,0.707793,0.365555,4725.127441
12,0.653335,0.448362,5407.335449
13,0.629904,0.508660,5673.532227
14,0.591264,0.523943,5972.950684
15,0.593003,0.510722,6255.729492
16,0.591867,0.474996,6405.465332
17,0.532901,0.478906,6788.169434
18,0.543576,0.515288,7054.333984
19,0.559763,0.516227,7553.524414
20,0.568194,0.514214,7969.507812
21,0.566552,0.499516,8634.901367
22,0.563335,0.469116,8751.432617
23,0.573794,0.425221,8984.407227
24,0.570794,0.306852,9200.616211
25,0.530613,0.307039,9549.991211
26,0.482092,0.396290,9832.875977
27,0.345049,0.501824,10315.353516
28,0.323938,0.506510,10564.873047
29,0.287265,0.504059,10897.656250
30,0.333276,0.489143,11247.025391
31,0.690215,0.503913,12162.077148
32,0.705345,0.608111,12428.307617
33,0.740965,0.839124,12794.397461
34,0.785000,0.893356,13060.609375
35,0.777946,0.879003,13226.927734
36,0.230927,0.492182,15123.637695
37,0.235631,0.486516,15356.526367
38,0.278077,0.500041,15556.164062
39,0.227626,0.482437,15938.841797
40,0.175621,0.468110,16088.628906
41,0.178144,0.477482,16205.057617
42,0.126495,0.500597,16737.470703
43,0.091903,0.507993,17020.263672
44,0.101014,0.510799,17136.755859
45,0.181655,0.473627,17319.750000
46,0.228715,0.495069,17569.287109
47,0.304628,0.497292,17835.574219
48,0.361426,0.503322,18051.849609
49,0.388112,0.497918,18268.105469
50,0.380333,0.490260,18434.460938
51,0.180959,0.476643,19349.521484
52,0.154248,0.464950,19615.716797
53,0.109775,0.493941,20530.783203
54,0.244772,0.211963,21229.572266
55,0.265159,0.200162,21362.673828
56,0.342551,0.197794,21878.421875
57,0.192292,0.280779,22410.835938
58,0.225415,0.247016,22693.666016
59,0.338406,0.392154,23142.949219
60,0.343113,0.386928,23276.080078
61,0.375354,0.499913,23775.171875
62,0.394788,0.483247,24141.240234
63,0.413977,0.489810,24523.835938
0,0.567573,0.555433,1064.811401
1,0.536543,0.473076,1347.700073
2,0.539566,0.469335,1480.846313
3,0.595891,0.403453,1813.571411
4,0.494623,0.479872,2029.833252
5,0.427233,0.460338,2395.901123
6,0.425495,0.453959,2495.754150
7,0.377465,0.456588,2678.667725
8,0.380723,0.447634,2811.787109
9,0.327925,0.451071,3077.947754
10,0.386683,0.473992,3560.504639
11,0.301539,0.498797,3959.760986
12,0.303149,0.502484,4076.250977
13,0.256552,0.468120,4408.992676
14,0.339740,0.479271,4874.896484
15,0.350422,0.451858,5274.196777
16,0.409607,0.498578,5756.709961
17,0.408077,0.482295,5873.078125
18,0.506281,0.523307,6205.844238
19,0.777460,0.474174,7453.667480
20,0.780420,0.463692,7603.431641
21,0.840497,0.373967,8152.510254
22,0.921342,0.367236,8485.185547
23,0.974254,0.452656,8751.383789
24,0.017750,0.450723,9067.568359
25,0.015701,0.448136,9167.386719
26,0.080483,0.455452,9366.996094
27,0.115053,0.448918,9832.905273
28,0.174784,0.425034,10115.736328
29,0.172039,0.339616,10448.419922
30,0.197683,0.325483,10714.647461
31,0.209762,0.252077,10881.030273
32,0.216409,0.188639,11180.506836
33,0.220237,0.205845,11330.268555
34,0.220890,0.200755,11496.602539
35,0.187892,0.352600,11796.145508
36,0.179880,0.370106,12128.901367
37,0.315681,0.470441,12361.843750
38,0.320091,0.461089,12544.752930
39,0.348944,0.526212,12694.487305
40,0.414521,0.558086,13226.923828
41,0.418488,0.546431,13360.027344
42,0.521340,0.505869,13775.934570
43,0.528387,0.512481,14008.845703
44,0.398202,0.475176,14557.902344
45,0.384618,0.445012,14923.933594
46,0.391567,0.426809,15389.813477
47,0.410308,0.433054,15639.339844
48,0.412660,0.434710,15789.152344
49,0.517083,0.499016,16055.387695
50,0.547596,0.516978,16205.028320
51,0.595700,0.505740,16521.146484
52,0.608368,0.481790,16770.707031
53,0.608190,0.465468,16920.486328
54,0.618904,0.377372,17103.515625
55,0.613001,0.381619,17186.626953
56,0.604843,0.486254,17652.503906
57,0.605460,0.497132,17918.679688
58,0.151101,0.297855,19100.025391
59,0.147601,0.490820,19915.230469
60,0.214717,0.458943,20114.902344
61,0.267262,0.500336,20414.357422
62,0.264221,0.490241,20564.099609
63,0.270041,0.474148,20797.009766
64,0.283250,0.510735,20963.406250
65,0.350694,0.519549,21628.869141
66,0.271405,0.360194,21845.205078
67,0.222600,0.298983,22261.150391
68,0.200922,0.287684,22909.974609
69,0.120216,0.345309,23242.755859
70,0.067361,0.404174,23409.097656
71,0.074251,0.410366,23508.916016
72,0.057758,0.462593,24074.693359
73,0.059941,0.473612,24290.892578
74,0.007121,0.665392,24956.443359
0,0.748544,0.496688,299.413239
1,0.580313,0.494109,1064.788330
2,0.544795,0.498037,1264.460083
3,0.510882,0.498136,1514.019043
4,0.503673,0.491557,1813.494995
5,0.475011,0.451284,2062.990967
6,0.422677,0.466905,2362.485596
7,0.611676,0.408744,3127.764404
8,0.657416,0.386913,3394.029053
9,0.667567,0.305783,3693.489014
10,0.685604,0.255861,3843.227051
11,0.712572,0.225100,4175.965332
12,0.743499,0.202846,4442.183105
13,0.752430,0.203259,4658.488770
14,0.743235,0.190295,4791.622559
15,0.783272,0.153926,4974.531250
16,0.839868,0.121091,5323.930176
17,0.885366,0.565226,6571.761230
18,0.902268,0.598870,6704.861816
19,0.903382,0.607102,6904.501953
20,0.910343,0.611110,7037.616699
21,0.098024,0.383536,7869.540039
22,0.123196,0.394729,8285.518555
23,0.124255,0.487134,8651.438477
24,0.132550,0.500471,8901.041016
25,0.195312,0.394247,9233.863281
26,0.209153,0.350408,9466.774414
27,0.225740,0.296413,9749.657227
28,0.225279,0.256759,9915.920898
29,0.211072,0.362961,10697.899414
30,0.202064,0.411550,10880.908203
31,0.196108,0.443290,11130.441406
32,0.179683,0.488116,11346.813477
33,0.153200,0.518772,11579.777344
34,0.192465,0.694587,12095.429688
35,0.209430,0.790835,12311.804688
36,0.223512,0.877265,12544.681641
37,0.206747,0.923712,12694.453125
38,0.169225,0.952545,12860.801758
39,0.186611,0.938227,13010.483398
40,0.252857,0.889799,13310.036133
41,0.331117,0.471354,14208.458008
42,0.404870,0.494599,15123.503906
43,0.523187,0.500748,16055.210938
44,0.339221,0.488914,17003.511719
45,0.238505,0.482454,18434.412109
46,0.232370,0.467423,20996.527344
47,0.224290,0.446714,21312.650391
48,0.166153,0.452326,23941.460938
49,0.173738,0.457660,24224.226562
0,0.748758,0.469437,499.250854
1,0.600777,0.478736,1580.631226
2,0.555742,0.487134,1896.801636
3,0.518139,0.468287,2196.231689
4,0.525690,0.452724,2895.043213
5,0.498745,0.450275,3044.745361
6,0.502369,0.466939,3344.270508
7,0.602247,0.691522,3494.018799
8,0.454256,0.499814,4542.139160
9,0.361299,0.470746,5257.573242
10,0.356284,0.330513,5706.819336
11,0.474672,0.783304,6971.260742
12,0.564899,0.685205,7636.735840
13,0.564578,0.674688,7753.236328
14,0.708643,0.434248,9150.778320
15,0.760465,0.373880,9550.075195
16,0.770730,0.404470,9733.103516
17,0.815033,0.465658,9916.069336
18,0.840418,0.432510,10232.316406
19,0.880708,0.471635,10515.028320
20,0.027895,0.529771,11663.014648
21,0.066867,0.548247,11912.682617
22,0.147444,0.536517,12378.550781
23,0.181575,0.534406,12694.582031
24,0.193903,0.396262,12927.518555
25,0.189369,0.383825,13110.603516
26,0.834657,0.144786,14940.722656
27,0.817559,0.156605,15140.303711
28,0.679520,0.246974,15822.432617
29,0.678205,0.233035,15955.567383
30,0.636294,0.276080,16271.710938
31,0.628355,0.227008,16587.750000
32,0.669932,0.218351,17253.349609
33,0.628044,0.238545,17902.126953
34,0.635093,0.327152,18068.535156
35,0.613168,0.471500,18334.761719
36,0.607917,0.527357,18750.707031
37,0.388418,0.512278,19665.775391
38,0.253254,0.461722,21030.113281
39,0.352971,0.518987,21379.423828
40,0.343717,0.639974,21579.121094
41,0.365136,0.434905,21795.355469
42,0.363907,0.406893,21994.982422
43,0.350948,0.447763,22211.263672
44,0.374982,0.450731,22494.142578
45,0.388160,0.417180,22710.460938
46,0.390115,0.389772,22910.089844
47,0.379897,0.447137,23276.064453
48,0.404497,0.432263,23575.542969
49,0.414172,0.438526,23775.218750
50,0.456482,0.446695,23924.972656
51,0.435744,0.432120,24124.628906
52,0.480710,0.464160,24457.414062
53,0.493788,0.468828,24657.056641
0,0.762273,0.547841,316.117706
1,0.760424,0.423548,532.352844
2,0.758454,0.413493,881.731018
3,0.727433,0.334919,1048.129028
4,0.717206,0.285544,1281.067139
5,0.700017,0.264116,1530.634888
6,0.705712,0.448904,2079.626221
7,0.662849,0.525462,2312.646729
8,0.642092,0.535423,2462.386963
9,0.633254,0.407521,2795.101318
10,0.623646,0.364172,2978.111816
11,0.627780,0.341646,3211.006348
12,0.553913,0.551119,3643.584717
13,0.525134,0.543526,3959.777100
14,0.543591,0.439263,4309.073242
15,0.563160,0.425146,4525.469727
16,0.604235,0.479918,4774.959961
17,0.619542,0.427044,5041.156738
18,0.602099,0.498164,5340.600586
19,0.520075,0.542285,6222.440430
20,0.563368,0.693233,6721.578125
21,0.590244,0.752909,6954.495117
22,0.623727,0.831151,7337.115723
23,0.617151,0.834822,7553.418945
24,0.560753,0.763505,7936.077148
25,0.537508,0.724965,8202.247070
26,0.573668,0.763728,8551.730469
27,0.520383,0.619679,8784.628906
28,0.505404,0.477531,9100.722656
29,0.509776,0.488723,9400.300781
30,0.523494,0.513223,9516.739258
31,0.521153,0.488264,9766.235352
32,0.561299,0.458549,9965.900391
33,0.515897,0.491665,10398.484375
34,0.467070,0.500284,10697.886719
35,0.451447,0.489381,10897.584961
36,0.469613,0.611459,11263.670898
37,0.454660,0.610126,11529.834961
38,0.448862,0.641847,11812.667969
39,0.424778,0.528792,12028.910156
40,0.405668,0.500032,12261.902344
41,0.485939,0.481572,12877.533203
42,0.490221,0.500657,13043.812500
43,0.356725,0.584809,13609.600586
44,0.356573,0.563845,13742.629883
45,0.340429,0.536194,13859.076172
46,0.337113,0.495669,14075.434570
47,0.373235,0.474184,14341.577148
48,0.384684,0.474122,14624.430664
49,0.409366,0.625539,15023.783203
50,0.400193,0.569078,15306.560547
51,0.413333,0.662750,15722.484375
52,0.418104,0.685729,15888.875000
53,0.405925,0.516942,16221.691406
54,0.403744,0.489437,16404.617188
55,0.381314,0.486016,16737.375000
56,0.370610,0.477354,17319.683594
57,0.412466,0.472956,17752.318359
58,0.338732,0.500811,18600.783203
59,0.330793,0.499933,18783.785156
60,0.324673,0.413861,19016.703125
61,0.334621,0.358175,19183.160156
62,0.330651,0.376509,19665.662109
63,0.308244,0.353573,19931.843750
64,0.338084,0.434821,20397.701172
65,0.326284,0.424255,20896.751953
66,0.305171,0.422402,21246.201172
67,0.292635,0.386514,21512.386719
68,0.255588,0.502270,22227.791016
69,0.241559,0.509983,22410.839844
70,0.223157,0.476567,22909.927734
71,0.313052,0.670934,23475.630859
72,0.314985,0.700909,23891.515625
73,0.303260,0.621888,24457.232422
74,0.279938,0.502438,24973.025391
0,0.763340,0.506581,299.490540
1,0.737150,0.456189,598.949768
2,0.712682,0.390244,765.397034
3,0.711609,0.388516,881.793945
4,0.667603,0.435361,1048.168213
5,0.619534,0.498675,1330.998535
6,0.600581,0.530109,1547.355957
7,0.596759,0.448703,1830.229492
8,0.652300,0.272271,2046.525635
9,0.528617,0.528728,2578.802490
10,0.516371,0.527196,2778.499023
11,0.512061,0.526918,2911.562012
12,0.430658,0.528529,3161.156494
13,0.398068,0.520341,3410.668701
14,0.369905,0.498474,3776.754150
15,0.336426,0.504082,4226.052246
16,0.357297,0.672104,4791.590332
17,0.380368,0.766894,5074.489746
18,0.373428,0.783079,5390.603027
19,0.367618,0.773622,5523.715332
20,0.353195,0.522174,5823.133789
21,0.373555,0.462072,6022.769043
22,0.404599,0.475128,6305.629395
23,0.421056,0.497228,6621.798340
24,0.529281,0.507728,7037.694336
25,0.561929,0.503862,7553.480469
26,0.614072,0.453535,7869.598145
27,0.613201,0.463868,8035.934082
28,0.652161,0.390409,8235.577148
29,0.652810,0.397946,8335.450195
30,0.655450,0.541954,8601.660156
31,0.667851,0.568444,8884.471680
32,0.767084,0.653342,9433.567383
33,0.784523,0.387315,9683.050781
34,0.801056,0.263112,9882.756836
35,0.850024,0.193075,10099.024414
36,0.901037,0.142829,10548.219727
37,0.898722,0.067620,10731.249023
38,0.015226,0.057088,10980.829102
39,0.082142,0.053176,11180.509766
40,0.132272,0.064455,11479.951172
41,0.178612,0.063756,11579.862305
42,0.207330,0.116864,12078.910156
43,0.236019,0.041990,12361.740234
44,0.231550,0.012342,12694.479492
45,0.250902,0.096905,12894.160156
46,0.310409,0.044489,13326.806641
47,0.015659,0.183469,13659.553711
48,0.104909,0.203025,14042.096680
49,0.144215,0.270174,14208.526367
50,0.180485,0.298135,14491.309570
51,0.222118,0.269242,14940.548828
52,0.184592,0.413129,15273.272461
53,0.178666,0.406543,16121.835938
54,0.165626,0.445593,16404.675781
55,0.205998,0.249876,16654.201172
56,0.212773,0.216353,16870.554688
57,0.354058,0.500156,17852.119141
58,0.268608,0.546742,18534.271484
59,0.204717,0.297422,19133.263672
60,0.206391,0.236016,19432.783203
61,0.184083,0.381279,19898.566406
62,0.180110,0.440118,20264.570312
63,0.233101,0.544364,20514.183594
64,0.354802,0.527159,21063.187500
65,0.388647,0.462632,21845.154297
66,0.411404,0.448999,22244.468750
67,0.348797,0.467592,22677.023438
68,0.201431,0.312075,23226.064453
69,0.203115,0.267112,23492.257812
70,0.163172,0.363101,23775.103516
71,0.167047,0.439836,24057.990234
72,0.204977,0.523697,24390.728516
73,0.213119,0.487919,24956.380859
0,0.686877,0.429684,83.215454
1,0.752150,0.426943,382.668213
2,0.792716,0.352399,715.436646
3,0.774700,0.267617,948.392090
4,0.719456,0.231659,1314.411987
5,0.658765,0.420720,1763.590820
6,0.615866,0.510630,2162.973633
7,0.557376,0.529022,2612.125488
8,0.558648,0.519839,2795.197510
9,0.496207,0.510401,3078.009521
10,0.501602,0.491033,3194.523682
11,0.427947,0.512338,3477.291992
12,0.392583,0.536803,3776.760254
13,0.529190,0.411607,4209.393066
14,0.559880,0.352258,4458.958984
15,0.648871,0.346074,4974.688965
16,0.691868,0.380100,5190.983887
17,0.722264,0.420705,5507.060547
18,0.787551,0.601786,5873.141113
19,0.783534,0.570527,6106.033691
20,0.872667,0.360428,6488.725098
21,0.929663,0.261270,6771.527832
22,0.898736,0.237540,7204.139648
23,0.952973,0.433296,7653.354004
24,0.105067,0.513847,8618.396484
25,0.163324,0.492588,8834.686523
26,0.105122,0.501280,9200.639648
27,0.201006,0.447866,9633.246094
28,0.269639,0.468497,9966.024414
29,0.276963,0.470358,10315.419922
30,0.168510,0.727546,10797.834961
31,0.171271,0.742679,10930.905273
32,0.832716,0.843872,12012.366211
33,0.773335,0.532810,12694.564453
34,0.603693,0.550202,13260.199219
35,0.528304,0.481701,13592.976562
36,0.492654,0.470259,13875.860352
37,0.443721,0.449280,14175.274414
38,0.400071,0.469403,14458.080078
39,0.406808,0.482414,14541.323242
40,0.490975,0.416889,14790.941406
41,0.569470,0.395471,15057.067383
42,0.616456,0.441505,15572.799805
43,0.640011,0.449095,15722.581055
44,0.652359,0.543380,16404.697266
45,0.581181,0.530493,17120.187500
46,0.602173,0.431178,17735.736328
47,0.670930,0.363441,18068.482422
48,0.629323,0.375646,18534.322266
49,0.657380,0.371633,19299.632812
50,0.658920,0.371889,20231.333984
51,0.605650,0.369876,22460.835938
52,0.518601,0.649584,23192.847656
53,0.464342,0.714627,23459.115234
54,0.418610,0.442568,23875.050781
55,0.411898,0.392940,24041.404297
0,0.735230,0.526180,332.786774
1,0.721547,0.468458,532.417725
2,0.585347,0.541506,1197.895874
3,0.549066,0.519542,1414.199341
4,0.525351,0.514434,1630.512573
5,0.510214,0.504490,1896.732300
6,0.669993,0.877959,2662.075439
7,0.378386,0.648152,3610.346436
8,0.358362,0.576273,3909.811035
9,0.411416,0.475953,4292.499023
10,0.375122,0.474443,4542.046875
11,0.557577,0.456827,5190.956543
12,0.090028,0.464704,6322.312012
13,0.039632,0.408086,6654.995605
14,0.010236,0.330113,6904.572266
15,0.109970,0.233522,7253.996582
16,0.134354,0.219817,7570.088867
17,0.205520,0.261846,7852.963867
18,0.225119,0.249099,8102.490723
19,0.219963,0.265811,8401.986328
20,0.224389,0.254540,8684.888672
21,0.231127,0.207995,9050.831055
22,0.212826,0.460022,9483.449219
23,0.268210,0.273492,9766.336914
24,0.298938,0.296928,9965.985352
25,0.331252,0.328191,10248.745117
26,0.112351,0.497683,11030.733398
27,0.009588,0.481873,11346.800781
28,0.955600,0.452041,11529.818359
29,0.899089,0.460463,11962.379883
30,0.902865,0.457314,12062.222656
31,0.903133,0.461235,12178.732422
32,0.823460,0.429166,12411.651367
33,0.800201,0.421144,12644.599609
34,0.740332,0.445105,13010.572266
35,0.713603,0.452927,13310.075195
36,0.682459,0.429588,13592.874023
37,0.665611,0.421950,13775.930664
38,0.632640,0.460223,14258.404297
39,0.614928,0.498976,14474.709961
40,0.693191,0.701368,14790.782227
41,0.541352,0.507417,15073.663086
42,0.507395,0.508888,15306.575195
43,0.541617,0.496453,15955.422852
44,0.610755,0.481017,16304.827148
45,0.650909,0.316327,16903.759766
46,0.677953,0.235696,17169.990234
47,0.685288,0.245628,17269.828125
48,0.705058,0.232360,17436.175781
49,0.695078,0.173860,17802.210938
50,0.745050,0.151681,18101.703125
51,0.727541,0.139351,18251.410156
52,0.711151,0.145154,18517.626953
53,0.869016,0.298427,18850.371094
54,0.881852,0.519386,19432.681641
55,0.882935,0.542119,19632.339844
56,0.956637,0.492436,19965.130859
57,0.949467,0.485071,20181.404297
58,0.037690,0.478525,20996.625000
59,0.070133,0.496767,21196.289062
60,0.016057,0.560739,21861.773438
61,0.110178,0.560018,22177.919922
62,0.126209,0.563082,22494.007812
63,0.119563,0.541743,22793.484375
64,0.129152,0.571096,23092.953125
65,0.123231,0.598361,23508.886719
66,0.109946,0.645041,23808.410156
67,0.132049,0.762673,24041.316406
68,0.158443,0.812344,24540.431641
0,0.761080,0.446791,133.093887
1,0.768112,0.445840,299.419739
2,0.573762,0.453851,1214.486816
3,0.572400,0.462005,1380.874023
4,0.516759,0.462755,1597.208496
5,0.513043,0.453962,2079.653809
6,0.572706,0.435941,2612.067871
7,0.463360,0.435056,2994.707520
8,0.421499,0.448510,3177.701660
9,0.399758,0.444857,3427.333984
10,0.353671,0.449150,3776.701416
11,0.351817,0.441494,3992.960449
12,0.332034,0.425630,4159.329590
13,0.332257,0.415912,4541.993652
14,0.336566,0.480790,4891.432617
15,0.318438,0.492731,5107.678711
16,0.342260,0.429018,5523.630371
17,0.349904,0.411649,5873.012695
18,0.348589,0.413359,6189.112305
19,0.300072,0.394141,6588.515137
20,0.257761,0.391957,6887.924805
21,0.225363,0.410530,7170.730469
22,0.163573,0.434318,7420.321289
23,0.097978,0.426040,7836.281250
24,0.098611,0.498548,8268.798828
25,0.109595,0.500426,8385.302734
26,0.075274,0.307705,8784.625000
27,0.205522,0.231547,9250.532227
28,0.264902,0.164704,9633.122070
29,0.240109,0.197080,10398.484375
30,0.403643,0.259605,10664.665039
31,0.789485,0.338916,11729.496094
32,0.857083,0.356594,12012.310547
33,0.869182,0.456903,12378.355469
34,0.912546,0.249097,12760.989258
35,0.918188,0.221170,12960.664062
36,0.935306,0.539811,13493.034180
37,0.348924,0.425038,15423.023438
38,0.333748,0.425826,15622.659180
39,0.330923,0.437537,15872.195312
40,0.333574,0.428271,16338.037109
41,0.350766,0.434300,16487.818359
42,0.397724,0.437962,17153.294922
43,0.420474,0.454483,17519.316406
44,0.427432,0.444581,18068.376953
45,0.541197,0.477840,19133.214844
46,0.539749,0.459058,19249.675781
47,0.557839,0.450039,20031.625000
48,0.606289,0.443269,20514.125000
49,0.622841,0.425908,20846.841797
50,0.634620,0.396060,21063.240234
51,0.665910,0.377292,21345.976562
52,0.661431,0.450471,21911.669922
53,0.646758,0.450849,22111.345703
54,0.681154,0.526205,22394.142578
55,0.684275,0.516320,22560.544922
56,0.779593,0.478680,22909.955078
57,0.782935,0.473824,23043.044922
58,0.989084,0.393835,23941.455078
59,0.061587,0.424833,24290.824219
60,0.093562,0.417955,24557.103516
0,0.745902,0.418714,415.891144
1,0.565883,0.467681,1098.049194
2,0.685919,0.244186,1580.619019
3,0.667795,0.107490,1780.204834
4,0.929514,0.483819,2944.845947
5,0.954176,0.254194,3693.599609
6,0.035180,0.358012,4026.337646
7,0.122810,0.409145,4542.016602
8,0.168661,0.372344,4708.429688
9,0.169835,0.383712,4824.855957
10,0.155835,0.246197,5057.810547
11,0.104144,0.241082,5407.199707
12,0.105266,0.227609,5690.042480
13,0.973399,0.108843,6222.514160
14,0.423351,0.453898,7736.537109
15,0.509441,0.607221,8385.380859
16,0.504920,0.381938,8867.862305
17,0.502979,0.357211,9000.985352
18,0.427074,0.280839,9500.021484
19,0.373802,0.404227,9832.768555
20,0.328806,0.467182,10015.844727
21,0.930008,0.441423,11662.958984
22,0.909480,0.408001,11929.214844
23,0.820354,0.427217,12295.201172
24,0.829667,0.422249,12444.898438
25,0.743253,0.418100,12694.441406
26,0.623059,0.493240,13426.485352
27,0.552148,0.495136,13676.133789
28,0.554155,0.498382,13825.896484
29,0.600569,0.420960,14058.719727
30,0.520537,0.493836,14241.783203
31,0.532098,0.466503,14574.484375
32,0.672428,0.288530,15023.747070
33,0.712761,0.155381,15323.278320
34,0.767826,0.205360,15622.683594
35,0.815557,0.225105,15888.889648
36,0.865910,0.399744,16571.003906
37,0.939537,0.318969,16754.003906
38,0.967400,0.313108,17036.888672
39,0.873802,0.457745,17386.363281
40,0.928634,0.564724,17918.640625
41,0.231311,0.775133,19099.912109
42,0.252284,0.634279,19582.468750
43,0.277420,0.574145,19931.841797
44,0.171691,0.375712,20314.552734
45,0.237742,0.357891,20747.093750
46,0.245571,0.371333,21013.369141
47,0.248835,0.366374,21113.048828
48,0.247702,0.376181,21262.798828
49,0.313919,0.376452,21545.703125
50,0.322791,0.353349,21778.603516
51,0.342938,0.353105,22161.294922
52,0.378176,0.370582,22477.394531
53,0.375800,0.383344,22760.275391
54,0.373774,0.346983,23009.791016
55,0.372709,0.395028,23708.621094
56,0.395790,0.392956,23974.781250
57,0.394724,0.357397,24124.478516
58,0.370603,0.339718,24407.333984
0,0.764838,0.419565,482.498474
1,0.782310,0.318044,682.153748
2,0.797379,0.289964,1197.870117
3,0.805652,0.302475,1380.974609
4,0.863592,0.287238,1663.729980
5,0.856388,0.223684,2013.217773
6,0.855546,0.148586,2179.552490
7,0.847807,0.120241,2379.170166
8,0.842905,0.076551,2645.391113
9,0.811897,0.620451,3310.859131
10,0.808852,0.643245,3743.427490
11,0.679659,0.381231,4275.881348
12,0.633081,0.356519,4442.303223
13,0.566839,0.438530,4708.399902
14,0.553286,0.394502,5024.505371
15,0.512606,0.461788,5240.812012
16,0.517506,0.469900,5407.278809
17,0.488564,0.359737,5623.515625
18,0.489505,0.338310,5889.685547
19,0.430931,0.388471,6072.747070
20,0.429559,0.503328,6472.031738
21,0.357188,0.444729,6721.655273
22,0.379475,0.361049,7037.661621
23,0.775187,0.232857,8335.447266
24,0.853651,0.255688,8618.286133
25,0.850059,0.239382,8817.920898
26,0.946364,0.322742,9416.872070
27,0.940132,0.176030,9716.384766
28,0.949393,0.123923,10015.857422
29,0.180498,0.474368,13143.690430
30,0.206984,0.437598,13459.842773
31,0.207821,0.454389,13659.563477
32,0.161815,0.571240,13975.624023
33,0.124656,0.506134,14225.117188
34,0.174899,0.359799,14491.334961
35,0.183244,0.319340,14707.608398
36,0.119717,0.440173,15123.548828
37,0.170587,0.611682,15705.850586
38,0.182258,0.452520,15888.912109
39,0.184723,0.443363,16005.419922
40,0.173651,0.389614,16770.689453
41,0.176166,0.307581,17003.603516
42,0.241308,0.478589,18101.703125
43,0.275156,0.518859,18401.148438
44,0.260314,0.490690,18900.265625
45,0.208157,0.554453,19116.576172
46,0.153636,0.744305,19432.777344
47,0.158508,0.733591,19649.095703
48,0.184360,0.512679,19881.927734
49,0.223002,0.463452,20181.457031
50,0.234614,0.412694,20347.763672
51,0.199214,0.788894,20763.705078
52,0.167519,0.835213,20996.621094
53,0.962982,0.770564,22028.146484
54,0.929769,0.688130,22311.005859
55,0.903475,0.469373,22776.843750
56,0.898026,0.453998,22959.857422
57,0.895188,0.465674,23092.951172
58,0.837880,0.719611,23409.070312
59,0.801715,0.445513,24740.074219
60,0.818109,0.368232,24956.369141
0,0.762232,0.444217,582.362305
1,0.818467,0.505976,881.847290
2,0.792784,0.412823,1397.613770
3,0.775863,0.345830,1747.019775
4,0.721931,0.328901,2162.947266
5,0.672697,0.380976,2562.246582
6,0.652331,0.408098,2828.464111
7,0.631615,0.440626,3161.273926
8,0.612136,0.425272,3493.967285
9,0.587549,0.381694,3776.794189
10,0.580795,0.177693,4109.554199
11,0.564846,0.138225,4325.834473
12,0.548628,0.121240,4625.288086
13,0.552936,0.184481,5290.815918
14,0.570114,0.263134,5457.204590
15,0.576774,0.551728,5906.409180
16,0.527819,0.580044,6239.180176
17,0.646702,0.468138,7137.623535
18,0.686673,0.492385,7503.610840
19,0.629754,0.442069,7853.037598
20,0.571112,0.455290,8185.763672
21,0.525018,0.450343,8585.051758
22,0.529696,0.454497,8751.418945
23,0.525660,0.410103,9017.606445
24,0.544549,0.475090,9616.578125
25,0.475530,0.481302,10049.169922
26,0.415926,0.489860,10348.666016
27,0.331853,0.484685,10864.394531
28,0.247802,0.475369,11546.569336
29,0.199687,0.635491,11962.465820
30,0.164608,0.679226,12128.843750
31,0.132811,0.670365,12594.695312
32,0.179597,0.672638,13110.470703
33,0.395994,0.685610,14574.577148
34,0.420328,0.676132,15506.287109
35,0.492064,0.658151,15955.500977
36,0.539872,0.650445,16238.330078
37,0.800838,0.604933,17968.630859
38,0.824095,0.420285,18534.320312
39,0.828401,0.264114,18767.271484
40,0.818808,0.205101,19050.105469
41,0.862347,0.170997,19582.523438
42,0.742321,0.045500,20015.060547
43,0.641713,0.057202,20164.812500
44,0.926542,0.335860,20830.347656
45,0.844601,0.133802,21013.347656
46,0.897540,0.247893,21662.230469
47,0.002005,0.353738,22078.152344
48,0.018926,0.372076,22427.533203
49,0.009856,0.379983,22593.886719
50,0.034704,0.443682,22993.207031
51,0.037364,0.598674,23392.517578
52,0.076970,0.582000,23791.808594
53,0.064661,0.521565,24124.566406
54,0.069324,0.441426,24390.742188
55,0.085650,0.405544,24723.533203
0,0.744894,0.542091,332.782196
1,0.735856,0.437260,499.134460
2,0.725826,0.342175,765.336060
3,0.695259,0.298252,981.695251
4,0.680465,0.244395,1148.031372
5,0.656132,0.177868,1347.686035
6,0.538151,0.501395,2346.015137
7,0.512711,0.501281,2645.378906
8,0.447637,0.488328,3144.557373
9,0.390688,0.475697,3543.842529
10,0.396659,0.487330,3676.943604
11,0.364735,0.472975,3909.934570
12,0.374874,0.470463,4092.999268
13,0.398433,0.478895,4275.880859
14,0.356574,0.688593,4658.587891
15,0.542636,0.574448,5373.996582
16,0.543295,0.518832,5690.059082
17,0.600312,0.530348,5973.018555
18,0.618745,0.523133,6122.684082
19,0.613345,0.475362,6405.500000
20,0.641743,0.471342,6638.435059
21,0.680716,0.544643,6971.189941
22,0.674183,0.545429,7137.566895
23,0.724730,0.548392,7486.932129
24,0.777120,0.513487,7769.864258
25,0.847000,0.495618,8302.167969
26,0.844945,0.418545,8585.000000
27,0.819169,0.389630,8901.134766
28,0.941887,0.474242,9184.006836
29,0.959777,0.407849,9433.541016
30,0.902859,0.345619,9799.556641
31,0.005134,0.472378,10015.918945
32,0.006869,0.439734,10298.687500
33,0.994461,0.434703,10747.976562
34,0.050859,0.459630,11147.251953
35,0.116468,0.485248,11496.583008
36,0.133597,0.448829,11812.750977
37,0.173015,0.454137,12178.714844
38,0.132692,0.355886,12744.436523
39,0.191033,0.464745,13077.191406
40,0.261687,0.470664,13609.591797
41,0.210021,0.452112,13809.268555
42,0.183034,0.366443,14042.221680
43,0.225164,0.501469,14557.883789
44,0.249073,0.478505,14740.917969
45,0.154352,0.534886,15206.761719
46,0.126677,0.504570,15373.198242
47,0.081995,0.536598,15772.509766
48,0.062068,0.503667,16038.674805
49,0.961595,0.528169,16704.181641
50,0.905478,0.504288,16987.052734
51,0.914989,0.476236,17236.644531
52,0.808405,0.494685,17635.894531
53,0.762860,0.495295,17935.421875
54,0.717591,0.535666,18268.097656
55,0.720826,0.524095,18384.587891
56,0.726616,0.505361,18767.271484
57,0.648165,0.489869,19033.453125
58,0.619170,0.522195,19349.582031
59,0.661628,0.528935,19798.783203
60,0.667126,0.525393,19915.244141
61,0.571446,0.512132,20098.205078
62,0.547773,0.507131,20730.501953
63,0.550244,0.497714,20980.005859
64,0.512550,0.519350,21296.158203
65,0.330203,0.489176,22244.511719
66,0.239303,0.453702,22627.119141
67,0.247801,0.470037,22843.462891
68,0.225749,0.420038,23126.263672
69,0.298539,0.495763,23409.142578
70,0.349025,0.559101,23725.218750
71,0.365013,0.693596,23958.160156
72,0.400415,0.506055,24340.796875
73,0.423805,0.509676,24523.898438
74,0.418784,0.496212,24673.554688
75,0.504865,0.514506,24989.724609
0,0.724963,0.447483,83.248016
1,0.751873,0.441383,266.151642
2,0.502965,0.533686,1231.118408
3,0.504856,0.460285,1397.505859
4,0.591770,0.372337,1630.419922
5,0.132022,0.199426,4858.153809
6,0.103640,0.530988,5274.130859
7,0.315084,0.909364,6821.404785
8,0.968930,0.967597,7420.398926
9,0.569168,0.957776,7636.590332
10,0.292748,0.933510,8119.135254
11,0.286312,0.918408,8451.875977
12,0.412888,0.914347,8901.069336
13,0.358738,0.777991,9383.620117
14,0.253940,0.809706,9799.572266
15,0.043659,0.859188,10331.925781
16,0.045351,0.855123,10415.101562
17,0.091914,0.819305,10664.697266
18,0.079021,0.941348,10880.928711
19,0.185607,0.697658,11380.077148
20,0.197151,0.661531,11679.640625
21,0.186538,0.573444,11912.490234
22,0.192607,0.544925,12261.912109
23,0.194563,0.561128,12428.299805
24,0.227809,0.607499,12744.388672
25,0.166726,0.718598,13027.289062
26,0.039568,0.637247,13692.723633
27,0.627102,0.814546,15190.099609
28,0.659846,0.765262,15556.133789
29,0.654939,0.752677,15656.005859
30,0.681886,0.894903,15888.878906
31,0.827141,0.903832,16238.261719
32,0.686874,0.713093,16787.320312
33,0.556287,0.375192,17269.810547
34,0.587632,0.330338,17552.648438
35,0.637649,0.504035,18218.101562
36,0.607249,0.443296,18800.457031
37,0.317853,0.443839,20647.244141
38,0.353460,0.398387,20863.535156
39,0.329790,0.402651,21096.417969
40,0.377617,0.386185,21595.556641
41,0.353137,0.512445,21978.218750
42,0.215253,0.467131,23093.005859
43,0.218296,0.264083,23575.443359
44,0.260177,0.273046,23858.267578
45,0.310293,0.431976,24224.349609
46,0.340668,0.387452,24507.169922
47,0.184859,0.463308,24973.001953
0,0.788821,0.685810,116.513870
1,0.775366,0.588801,449.290222
2,0.781534,0.531387,732.080444
3,0.781793,0.556245,848.587646
4,0.780359,0.574895,1048.223877
5,0.764589,0.449355,1214.585205
6,0.764498,0.467770,1331.001465
7,0.762976,0.505309,1663.786377
8,0.759068,0.519504,1746.928833
9,0.796497,0.289999,2013.208740
10,0.626287,0.535490,6072.759277
11,0.618314,0.604773,9383.666992
12,0.621395,0.581140,9483.426758
13,0.632490,0.374495,9816.220703
14,0.362371,0.647018,11330.226562
15,0.271341,0.651917,13792.559570
16,0.243141,0.642891,14641.169922
17,0.207194,0.617811,14940.543945
18,0.166379,0.598829,15306.583008
19,0.171831,0.604704,15522.990234
20,0.190195,0.569099,15772.520508
21,0.204123,0.564550,15955.474609
22,0.171890,0.520926,17219.894531
23,0.177224,0.528337,17419.546875
24,0.262469,0.526335,18650.732422
25,0.122097,0.644914,19898.671875
26,0.602347,0.893935,23342.576172
27,0.602641,0.873855,23459.050781
28,0.621074,0.622028,23741.871094
29,0.623109,0.628290,23891.593750
30,0.639190,0.605429,24257.673828
31,0.650762,0.635011,24590.408203
32,0.669198,0.572718,24956.437500
0,0.722475,0.437506,549.026245
1,0.688635,0.400227,715.404602
2,0.650257,0.449017,1131.345703
3,0.629229,0.464180,1297.703003
4,0.612719,0.420685,1663.763306
5,0.602925,0.393782,1929.991577
6,0.569293,0.449515,2196.189209
7,0.547715,0.478577,2512.256348
8,0.503750,0.475986,3077.959229
9,0.506776,0.485211,3260.939209
10,0.589583,0.463624,3610.465088
11,0.589404,0.420588,3793.349609
12,0.627082,0.397456,3992.976562
13,0.515147,0.393622,4342.426758
14,0.520552,0.499249,4641.897949
15,0.558235,0.515735,4924.753418
16,0.581412,0.617673,5157.672363
17,0.610374,0.638407,5423.906250
18,0.614472,0.550484,5773.322754
19,0.587193,0.527685,6089.387695
20,0.565772,0.537303,6388.808105
21,0.570041,0.812700,7054.412109
22,0.616328,0.792920,7420.330566
23,0.713162,0.533027,7803.041992
24,0.692393,0.442615,8185.683105
25,0.647665,0.490061,8385.344727
26,0.612073,0.389641,8718.057617
27,0.580380,0.359096,8934.447266
28,0.501240,0.336247,9183.915039
29,0.435737,0.415572,9516.720703
30,0.413934,0.449371,9749.702148
31,0.381062,0.465175,9999.185547
32,0.372901,0.473799,10215.557617
33,0.367122,0.483226,10448.382812
34,0.369959,0.501937,10964.142578
35,0.303372,0.456007,11463.321289
36,0.224033,0.437110,12078.895508
37,0.195776,0.426481,12578.069336
38,0.175939,0.424697,12827.616211
39,0.203063,0.425522,13293.445312
40,0.225816,0.369035,13459.808594
41,0.220262,0.319121,13592.869141
42,0.234672,0.284260,13759.293945
43,0.206139,0.266406,14025.460938
44,0.337395,0.451972,14624.433594
45,0.337658,0.528464,14840.795898
46,0.372648,0.555242,15106.942383
47,0.404461,0.566550,15572.788086
48,0.335920,0.503415,16005.305664
49,0.371701,0.520909,16554.365234
50,0.349679,0.561729,17619.164062
51,0.319052,0.589933,17935.361328
52,0.318775,0.536095,18850.359375
53,0.322545,0.502599,19050.058594
54,0.331987,0.486078,19233.001953
55,0.373871,0.516859,20264.550781
56,0.389434,0.523913,20497.509766
57,0.459717,0.559637,21196.250000
58,0.523779,0.565776,21495.779297
59,0.517887,0.543515,21961.574219
60,0.530329,0.523430,22244.460938
61,0.482655,0.426411,22510.652344
62,0.459307,0.385601,22693.724609
63,0.570517,0.514117,23043.136719
64,0.509232,0.488683,23359.191406
65,0.428555,0.491076,23642.062500
66,0.397246,0.493706,23808.371094
0,0.780939,0.571604,399.250122
1,0.591631,0.468538,1264.378540
2,0.566081,0.440491,1464.130737
3,0.585326,0.438989,1913.246216
4,0.550090,0.548938,2162.840088
5,0.494456,0.504055,2345.834717
6,0.486215,0.474931,2661.936768
7,0.403023,0.539600,3161.038330
8,0.373664,0.561736,3427.289551
9,0.325507,0.508757,4192.634766
10,0.340994,0.557156,4358.917480
11,0.307611,0.557407,4591.927734
12,0.317779,0.509707,5091.004395
13,0.307598,0.502306,5224.134277
14,0.302176,0.478927,5456.999023
15,0.317039,0.492454,5723.312988
16,0.245225,0.491994,6205.788574
17,0.364164,0.511632,6621.657227
18,0.340018,0.435946,6921.114746
19,0.341371,0.383180,7237.223145
20,0.346842,0.267187,7420.211426
21,0.353582,0.216682,7819.641113
22,0.371592,0.238622,8352.005859
23,0.485700,0.522959,8934.406250
24,0.442164,0.702682,9616.472656
25,0.324583,0.674868,10148.867188
26,0.339312,0.438765,10598.041992
27,0.358995,0.428382,11163.699219
28,0.626792,0.505232,12145.394531
29,0.620286,0.498652,12278.384766
30,0.856958,0.424952,13093.670898
31,0.884356,0.359753,13426.360352
32,0.918951,0.355728,13592.766602
33,0.035427,0.413699,14491.238281
34,0.924347,0.096800,15123.451172
35,0.060570,0.070635,15489.440430
36,0.100182,0.124749,15689.096680
37,0.195468,0.402080,16670.712891
38,0.325285,0.453080,17419.445312
39,0.356146,0.498527,17702.330078
40,0.359825,0.507004,18068.330078
41,0.165575,0.509477,18634.130859
42,0.170537,0.500199,18767.121094
43,0.192785,0.462737,19133.205078
44,0.213672,0.578638,19565.617188
45,0.588501,0.966660,20813.470703
46,0.908435,0.612836,22577.130859
47,0.956846,0.372594,22959.691406
48,0.974806,0.400679,23126.138672
49,0.026969,0.415078,23525.480469
50,0.258069,0.241626,24573.548828
51,0.249793,0.244759,24673.486328
52,0.213988,0.351460,24956.330078
0,0.792083,0.378295,366.076904
1,0.879312,0.278123,998.280212
2,0.051734,0.247596,2944.831787
3,0.106592,0.430984,3809.983887
4,0.148656,0.424199,3976.389404
5,0.134946,0.276793,4492.163574
6,0.450425,0.407250,7154.208496
7,0.409525,0.433008,7403.773926
8,0.377126,0.435378,7570.068359
9,0.390372,0.438833,7836.316895
10,0.379689,0.427860,8035.993652
11,0.345611,0.432010,8302.187500
12,0.353584,0.438114,8634.978516
13,0.356396,0.445300,8901.136719
14,0.623239,0.436547,11513.191406
15,0.398077,0.474839,13426.563477
16,0.356629,0.456240,13642.895508
17,0.351097,0.429340,13892.355469
18,0.343797,0.370372,14108.689453
19,0.396232,0.426634,14458.106445
20,0.358827,0.419013,14757.537109
21,0.356149,0.424788,15007.204102
22,0.343308,0.440757,15206.764648
23,0.364802,0.440091,15822.344727
24,0.346429,0.368327,16121.819336
25,0.347618,0.420061,17219.951172
26,0.385012,0.443621,17719.033203
27,0.408389,0.443104,18068.417969
28,0.410604,0.442667,18234.781250
29,0.344614,0.439172,18883.650391
30,0.347385,0.429176,19116.609375
31,0.345349,0.372084,19698.923828
32,0.342626,0.376989,19815.382812
33,0.343334,0.365462,20031.625000
34,0.294193,0.390395,20264.564453
35,0.311524,0.373570,20597.330078
36,0.344530,0.406137,20780.326172
37,0.347956,0.430035,21029.921875
38,0.259600,0.433562,21296.107422
39,0.230396,0.412205,21811.863281
40,0.272193,0.277938,22826.746094
41,0.271136,0.285606,22959.865234
42,0.280632,0.289929,23226.070312
43,0.380017,0.427326,23475.634766
44,0.421371,0.445853,23874.923828
45,0.493052,0.466747,24157.763672
46,0.562952,0.488920,24673.533203
47,0.561576,0.484557,24823.285156
48,0.557223,0.484885,24989.652344
0,0.724537,0.414584,116.502426
1,0.768902,0.435820,366.052948
2,0.600238,0.150880,1064.884277
3,0.544475,0.479983,1846.786133
4,0.508673,0.479186,2096.364014
5,0.446171,0.461012,2479.003906
6,0.397319,0.445884,2861.644531
7,0.331320,0.414752,3510.552490
8,0.334713,0.407161,3993.008057
9,0.312909,0.558571,4275.888672
10,0.338055,0.427085,4658.503906
11,0.231000,0.434074,5240.881348
12,0.265335,0.310322,5673.400391
13,0.291803,0.188950,5939.622559
14,0.215068,0.205210,6139.237305
15,0.304896,0.233172,6538.588867
16,0.391024,0.231496,6804.794922
17,0.641190,0.153679,7902.888184
18,0.631894,0.508333,8318.841797
19,0.892164,0.181696,9433.495117
20,0.916190,0.149753,9733.013672
21,0.018297,0.121906,9982.640625
22,0.539731,0.017823,10714.645508
23,0.087650,0.501574,11529.845703
24,0.079869,0.503786,11646.327148
25,0.133510,0.445074,11845.931641
26,0.168472,0.283495,12078.924805
27,0.238009,0.343676,12727.782227
28,0.257978,0.490323,13176.954102
29,0.316463,0.402444,13676.166992
30,0.328845,0.414245,13825.876953
31,0.321937,0.389276,13992.197266
32,0.349659,0.441868,14291.733398
33,0.347565,0.443967,14458.076172
34,0.382028,0.428544,14674.391602
35,0.384815,0.417989,15023.763672
36,0.379980,0.427355,15240.058594
37,0.378200,0.426177,15489.628906
38,0.347037,0.468116,15722.512695
39,0.415575,0.434517,16055.320312
40,0.481565,0.436866,16704.156250
41,0.536635,0.456451,17236.570312
42,0.528851,0.441547,17436.208984
43,0.343343,0.471766,17885.386719
44,0.347565,0.464182,18168.232422
45,0.370519,0.452573,18401.166016
46,0.333750,0.470181,18833.732422
47,0.371769,0.432905,19449.333984
48,0.407241,0.422287,20064.935547
49,0.388188,0.426251,20713.794922
50,0.407949,0.435584,21179.638672
51,0.392745,0.705072,21895.056641
52,0.401297,0.676065,22061.443359
53,0.404461,0.671067,22427.468750
54,0.351586,0.631838,22610.472656
55,0.401717,0.659005,23325.888672
56,0.402609,0.656416,24989.636719
0,0.765726,0.421268,981.597351
1,0.762370,0.295834,1264.414917
2,0.760939,0.279109,1430.757446
3,0.674770,0.461998,1730.224609
4,0.676552,0.476575,1929.877563
5,0.626631,0.529595,2179.460938
6,0.616665,0.359951,2678.610596
7,0.610156,0.348096,2894.868652
8,0.607431,0.495287,3277.577393
9,0.575837,0.529721,3726.735107
10,0.623169,0.528648,4359.000977
11,0.699197,0.494044,4691.730957
12,0.694183,0.370806,5174.199707
13,0.615004,0.496040,5606.786621
14,0.550314,0.598889,6022.780273
15,0.539101,0.596568,6388.750000
16,0.591637,0.577844,6638.324707
17,0.591710,0.580926,6821.361816
18,0.592763,0.573450,7037.625977
19,0.593746,0.566744,7137.494629
20,0.570613,0.531728,7470.255371
21,0.586408,0.362373,7802.947754
22,0.587034,0.366602,8102.442871
23,0.545502,0.577115,8718.008789
24,0.495733,0.583003,9017.526367
25,0.493062,0.583298,9233.816406
26,0.512661,0.515583,9483.375977
27,0.513688,0.505840,9782.805664
28,0.512113,0.498833,9882.680664
29,0.488976,0.552618,10098.958984
30,0.491389,0.544300,10265.333984
31,0.493607,0.544555,10481.593750
32,0.419540,0.508325,10814.373047
33,0.443163,0.448847,11197.053711
34,0.452274,0.561083,11746.063477
35,0.453712,0.571527,11862.550781
36,0.437920,0.520225,12261.844727
37,0.405103,0.486717,12694.414062
38,0.437961,0.392775,12993.916016
39,0.499007,0.368374,13226.821289
40,0.536905,0.413270,13592.851562
41,0.606869,0.385303,14158.535156
42,0.605472,0.330725,14441.347656
43,0.606624,0.318421,14790.742188
44,0.638861,0.267743,15056.945312
45,0.658296,0.227294,15289.915039
46,0.674412,0.244221,15622.620117
47,0.775091,0.128365,16970.265625
48,0.863225,0.241523,17303.039062
49,0.845043,0.390421,17735.578125
50,0.859682,0.393541,17968.505859
51,0.893381,0.414390,18184.849609
52,0.908161,0.406566,18301.257812
53,0.023903,0.376631,19199.714844
54,0.018925,0.366929,19316.189453
55,0.030052,0.349299,19515.837891
56,0.050470,0.329432,19732.123047
57,0.049255,0.333960,19848.558594
58,0.076018,0.351277,20281.140625
59,0.080943,0.350806,20863.472656
60,0.062708,0.320696,21362.580078
61,0.113952,0.353482,22144.556641
62,0.114220,0.366788,22261.037109
63,0.145065,0.313094,22959.804688
64,0.144764,0.323674,23109.552734
65,0.175150,0.332533,23375.736328
66,0.196490,0.327794,23958.062500
67,0.198164,0.328567,24074.513672
68,0.193236,0.292686,24523.732422
0,0.834123,0.710260,199.679169
1,0.837976,0.697253,482.514557
2,0.515790,0.513771,1663.836914
3,0.435448,0.528312,2129.660156
4,0.392286,0.441706,3577.105225
5,0.340616,0.488639,5440.546387
6,0.353198,0.686456,5673.441406
7,0.405097,0.515541,7536.851562
8,0.884513,0.497928,9716.405273
9,0.220990,0.715012,11097.328125
10,0.095764,0.548710,11579.788086
11,0.150619,0.552615,12145.513672
12,0.170505,0.541003,12744.426758
13,0.179935,0.539849,12877.538086
14,0.199138,0.540206,13127.079102
15,0.201195,0.415528,13726.083008
16,0.737944,0.559097,16704.183594
17,0.723925,0.563274,16870.544922
18,0.599348,0.635674,17669.146484
19,0.558260,0.534345,18035.171875
20,0.604486,0.674064,18284.769531
21,0.725193,0.788982,18767.242188
22,0.944619,0.880066,19665.687500
23,0.961032,0.889531,20015.039062
24,0.997703,0.890859,21379.326172
25,0.982268,0.892115,22078.115234
26,0.659878,0.498977,23342.554688
27,0.612531,0.497976,23608.761719
28,0.631165,0.401437,23908.277344
29,0.532806,0.503532,24224.378906
30,0.532341,0.517581,24590.416016
31,0.612486,0.711383,24956.451172
0,0.772196,0.457921,382.633667
1,0.777029,0.458038,582.285156
2,0.632065,0.360861,2162.859863
3,0.632511,0.837249,2711.885986
4,0.570499,0.854299,3227.735107
5,0.504717,0.737974,3610.418945
6,0.757208,0.876876,4375.780762
7,0.761188,0.874815,4575.349609
8,0.405146,0.490962,5656.784180
9,0.394761,0.469538,5889.774414
10,0.545862,0.489188,6355.585938
11,0.571276,0.460336,6521.973633
12,0.587718,0.484716,6738.186523
13,0.307554,0.487848,7520.179199
14,0.337372,0.482497,7769.811035
15,0.103285,0.529834,8718.093750
16,0.098279,0.563452,8867.859375
17,0.108610,0.559453,9034.195312
18,0.041711,0.385140,9599.862305
19,0.083178,0.301108,9949.252930
20,0.229849,0.338939,10465.002930
21,0.294738,0.477538,10897.625977
22,0.399875,0.476800,11396.753906
23,0.405907,0.482385,11729.501953
24,0.411200,0.479868,11995.748047
25,0.424231,0.490968,12278.522461
26,0.553406,0.500747,12727.744141
27,0.541144,0.494424,12877.513672
28,0.599637,0.487755,13077.194336
29,0.617364,0.468776,13376.616211
30,0.615781,0.467717,13526.333984
31,0.573345,0.449830,13742.640625
32,0.682373,0.491152,14025.462891
33,0.660862,0.491740,14258.393555
34,0.692020,0.535301,14507.949219
35,0.762572,0.494820,15007.097656
36,0.810766,0.500878,15423.041992
37,0.806902,0.495400,15656.046875
38,0.801727,0.535696,15888.898438
39,0.804667,0.548482,16271.536133
40,0.927913,0.570055,16803.966797
41,0.908138,0.606498,17170.054688
42,0.922158,0.560277,17469.470703
43,0.885172,0.344538,18035.115234
44,0.957074,0.462076,18251.445312
45,0.950876,0.469431,18384.507812
46,0.862399,0.215457,18916.974609
47,0.926951,0.164155,19366.158203
48,0.879574,0.092445,19615.693359
49,0.830261,0.096680,19865.255859
50,0.769316,0.161518,20231.326172
51,0.717092,0.151552,20697.126953
52,0.715388,0.124001,21046.593750
53,0.689355,0.110873,21246.191406
54,0.844247,0.187359,21529.023438
55,0.933252,0.299795,21845.156250
56,0.036381,0.432788,22710.322266
57,0.944673,0.476741,22959.857422
58,0.943505,0.476979,23176.179688
59,0.942259,0.473837,24240.931641
60,0.937429,0.475109,24457.222656
