Idx, longitude, latitude, start timestamp
0,0.728593,0.517556,316.108032
1,0.880628,0.441115,815.113159
2,0.872006,0.472345,1181.182495
3,0.994087,0.440629,1763.502319
4,0.988853,0.442224,1929.822144
5,0.973934,0.488117,2112.963135
6,0.979904,0.455841,2412.311035
7,0.645801,0.369084,3610.278564
8,0.586924,0.576941,4225.909180
9,0.588652,0.528102,4358.897461
10,0.729318,0.456193,4824.772461
11,0.811533,0.475970,5956.124512
12,0.724206,0.482943,6239.013184
13,0.017661,0.521443,7553.339355
14,0.116460,0.364635,8451.807617
15,0.105998,0.355526,8651.455078
16,0.110104,0.359277,8900.903320
17,0.113242,0.360235,9400.190430
18,0.099637,0.366854,9649.687500
19,0.308612,0.472020,11879.099609
20,0.283630,0.352665,12428.103516
21,0.278156,0.359481,12627.857422
22,0.284847,0.582609,13126.955078
23,0.185567,0.478653,13908.827148
24,0.201379,0.422746,14358.068359
25,0.207678,0.537625,14857.170898
26,0.265882,0.504566,15106.819336
27,0.173133,0.469058,15356.317383
28,0.457658,0.465813,18317.919922
29,0.497825,0.195317,20064.748047
30,0.564778,0.259887,20330.964844
31,0.550556,0.259670,20580.638672
32,0.460104,0.528971,21345.820312
33,0.531599,0.552400,21944.861328
34,0.586599,0.449712,22443.917969
35,0.652450,0.497400,22893.199219
36,0.637339,0.452987,23359.044922
37,0.663703,0.291923,23858.177734
38,0.662809,0.297394,24007.886719
39,0.674606,0.290197,24157.703125
0,0.762306,0.550224,66.529266
1,0.722339,0.527754,299.479126
2,0.668003,0.391195,815.203125
3,0.557046,0.508376,1564.007690
4,0.523052,0.521536,1879.954956
5,0.575389,0.509583,2229.326660
6,0.588301,0.506394,2528.906738
7,0.452653,0.506593,3094.626221
8,0.440786,0.551264,3460.637939
9,0.433348,0.560744,3743.428467
10,0.373736,0.543479,3992.945557
11,0.379368,0.544707,4192.688477
12,0.379916,0.543896,4292.435059
13,0.320617,0.541546,4625.169922
14,0.302439,0.557107,4808.355957
15,0.262562,0.528653,5124.330566
16,0.268267,0.438535,5340.708984
17,0.260951,0.412513,5756.588379
18,0.286609,0.424099,6438.763184
19,0.170968,0.500428,6754.895020
20,0.177838,0.502674,6921.275391
21,0.181152,0.496365,7154.224121
22,0.123406,0.524094,7736.489746
23,0.121823,0.460870,7986.021484
24,0.088366,0.433054,8235.654297
25,0.090125,0.412730,8368.816406
26,0.086673,0.414876,8734.754883
27,0.101736,0.420700,8984.297852
28,0.114419,0.413437,9067.476562
29,0.094849,0.439053,9816.096680
30,0.089504,0.445512,10598.077148
31,0.091208,0.447865,10781.118164
32,0.100291,0.452834,11280.235352
33,0.100238,0.459048,11529.802734
34,0.195166,0.514835,13592.971680
35,0.218395,0.498945,14042.189453
36,0.365119,0.757238,15522.875000
37,0.393472,0.515051,16055.291016
38,0.263016,0.426975,16986.998047
39,0.292076,0.439001,17669.136719
40,0.343082,0.517415,18401.097656
41,0.375754,0.465057,18900.345703
42,0.337587,0.540892,19133.214844
43,0.329081,0.521956,19615.748047
44,0.325261,0.494507,19865.191406
45,0.455221,0.507008,21179.671875
46,0.470133,0.486753,21595.574219
47,0.453151,0.523065,22177.960938
48,0.584092,0.509244,23325.910156
49,0.566416,0.502970,23608.841797
50,0.565809,0.504342,23825.058594
51,0.585196,0.503820,24141.060547
52,0.584297,0.502918,24540.373047
0,0.486045,0.519725,1197.899414
1,0.433423,0.480338,1746.910156
2,0.333362,0.488435,2029.821289
3,0.331693,0.485956,2162.901123
4,0.255589,0.496804,2728.708740
5,0.284537,0.491444,2944.846924
6,0.539766,0.515555,4275.829590
7,0.990231,0.488229,5423.851562
8,0.980388,0.487569,5623.413574
9,0.871096,0.503565,6322.343750
10,0.846900,0.496402,6588.413574
11,0.848329,0.443710,6771.408691
12,0.113079,0.476273,7669.993652
13,0.145802,0.495891,7836.253418
14,0.201278,0.482289,8185.621094
15,0.197130,0.483346,8585.033203
16,0.216657,0.469340,9000.879883
17,0.183906,0.472908,9267.156250
18,0.172797,0.439562,9782.860352
19,0.108948,0.491968,10248.705078
20,0.017113,0.463710,10764.471680
21,0.446081,0.506724,13559.584961
22,0.430016,0.541706,13825.758789
23,0.321460,0.522268,15007.026367
24,0.273081,0.543869,15339.748047
25,0.249381,0.455927,15905.511719
26,0.243061,0.432162,16071.873047
27,0.239862,0.413175,16620.841797
28,0.159166,0.525428,17203.251953
29,0.167853,0.502772,17402.859375
30,0.181966,0.485521,17619.109375
31,0.273934,0.492951,17835.443359
32,0.324766,0.672231,18600.841797
33,0.298412,0.646103,18800.490234
34,0.293311,0.609219,19216.355469
35,0.324121,0.639590,19515.833984
0,0.721772,0.490636,282.727478
1,0.879721,0.496130,1148.041504
2,0.864253,0.491987,1414.121460
3,0.853343,0.472219,1680.311157
4,0.669910,0.411097,2811.664795
5,0.671790,0.405554,2928.193848
6,0.736484,0.541121,3227.740723
7,0.500314,0.505637,4608.572266
8,0.438396,0.528967,4874.782227
9,0.446543,0.529587,4974.512207
10,0.574547,0.487767,5507.010254
11,0.459281,0.493187,6338.914551
12,0.450475,0.478881,6621.729004
13,0.655914,0.607819,9167.159180
14,0.724807,0.931972,10381.773438
15,0.163334,0.458749,11879.141602
16,0.087917,0.232419,19532.378906
17,0.201605,0.435326,20447.441406
18,0.182510,0.445941,20763.597656
19,0.181667,0.458288,21129.601562
20,0.201114,0.452923,21379.179688
21,0.076273,0.466680,21894.994141
22,0.845733,0.463696,23292.417969
23,0.798886,0.509171,23658.529297
24,0.708619,0.497062,24556.873047
0,0.731317,0.461125,332.658844
1,0.728424,0.416122,482.376801
2,0.685618,0.283377,1197.980103
3,0.671894,0.266847,1380.915649
4,0.674775,0.272016,1647.111084
5,0.626010,0.482711,2029.766724
6,0.574226,0.454847,2329.213379
7,0.571705,0.461317,2545.543701
8,0.514769,0.476169,2928.128906
9,0.497461,0.462217,3710.104492
10,0.457983,0.497657,4425.583496
11,0.438341,0.514088,4675.075195
12,0.439430,0.433203,4924.680664
13,0.448870,0.424965,5174.208984
14,0.491040,0.540232,5706.698730
15,0.472302,0.505271,5939.524902
16,0.472239,0.475882,6189.188965
17,0.468008,0.466542,6388.826172
18,0.466635,0.455758,6488.534180
19,0.469846,0.452361,6621.652344
20,0.537700,0.437659,6887.926270
21,0.883819,0.393231,8817.904297
22,0.875301,0.447088,9150.631836
23,0.122537,0.371354,11296.858398
24,0.107313,0.378767,11496.419922
25,0.103241,0.385842,11729.411133
26,0.094118,0.409380,12012.187500
27,0.101010,0.408604,12461.437500
28,0.097741,0.405739,12794.164062
29,0.098989,0.401169,12943.932617
30,0.195715,0.686784,13077.056641
31,0.136634,0.402421,13692.626953
32,0.363205,0.732450,16487.708984
33,0.460393,0.520460,17718.994141
34,0.460693,0.437420,18417.710938
35,0.464148,0.442551,18667.332031
36,0.465203,0.443193,18916.787109
37,0.465797,0.438511,19183.078125
38,0.414959,0.439868,19465.777344
39,0.375219,0.371913,19698.777344
40,0.371453,0.358721,19948.273438
41,0.368845,0.354873,20148.062500
42,0.326057,0.410200,20430.765625
43,0.333315,0.421871,20697.021484
44,0.327905,0.407082,20996.539062
45,0.324831,0.388362,21246.015625
46,0.336094,0.486784,21878.271484
47,0.252351,0.350618,22460.652344
48,0.282025,0.358104,22909.876953
49,0.185135,0.448684,23641.863281
50,0.180770,0.488890,23874.849609
51,0.180668,0.481984,24107.761719
0,0.743040,0.539814,316.159393
1,0.897680,0.500878,549.170715
2,0.883386,0.531081,1131.399536
3,0.009216,0.575965,1464.081665
4,0.005198,0.579696,1613.854980
5,0.003808,0.565986,1813.560669
6,0.049659,0.608669,2046.468018
7,0.261044,0.580726,3643.657471
8,0.345750,0.882214,5523.609863
9,0.490402,0.619560,7570.116699
10,0.551284,0.620546,8235.631836
11,0.593718,0.598218,8468.625977
12,0.608956,0.583229,8668.237305
13,0.601588,0.600393,9000.929688
14,0.592791,0.575799,9200.601562
15,0.456063,0.602611,9683.106445
16,0.441255,0.612927,9916.059570
17,0.443801,0.623070,10148.914062
18,0.473120,0.636307,10381.790039
19,0.466362,0.523656,10631.441406
20,0.478178,0.522176,11113.894531
21,0.486074,0.235076,12095.565430
22,0.389198,0.538341,12594.676758
23,0.469849,0.571242,13126.987305
24,0.468034,0.571553,13792.631836
25,0.485472,0.612290,14042.107422
26,0.480385,0.627480,14374.852539
27,0.398276,0.581707,15056.961914
28,0.221745,0.609599,17785.542969
29,0.136018,0.463863,18966.789062
30,0.859420,0.509363,21229.507812
31,0.740551,0.574680,22177.876953
32,0.460522,0.620816,24174.468750
33,0.457026,0.653609,24873.164062
34,0.426530,0.650884,24989.671875
0,0.758014,0.617314,33.236629
1,0.738823,0.640140,482.518555
2,0.748651,0.772683,748.647522
3,0.719549,0.818631,1098.167114
4,0.719745,0.870152,1464.072754
5,0.159995,0.937157,1946.579834
6,0.187116,0.944038,2246.143311
7,0.118549,0.925768,2545.574463
8,0.857657,0.679857,3560.433594
9,0.870898,0.456494,4109.446777
10,0.856871,0.486828,4309.011230
11,0.845593,0.469311,4508.850098
12,0.734558,0.555008,5107.673340
13,0.624880,0.403708,5623.540039
14,0.633338,0.401750,5739.900391
15,0.629788,0.613144,5989.536621
16,0.506141,0.601874,6455.404297
17,0.455816,0.623510,6671.670898
18,0.433278,0.568516,6954.565430
19,0.413543,0.594002,7203.979492
20,0.431724,0.615108,7403.757812
21,0.374417,0.628558,7620.005371
22,0.376362,0.622589,7769.824707
23,0.380229,0.583925,8102.493164
24,0.322578,0.596789,8335.406250
25,0.290555,0.683936,8568.362305
26,0.277273,0.691515,8801.225586
27,0.311730,0.730143,9150.628906
28,0.323536,0.776534,9416.863281
29,0.385875,0.809628,9732.915039
30,0.400281,0.805986,10049.106445
31,0.412367,0.792133,10215.460938
32,0.450946,0.531513,10415.035156
33,0.472871,0.453798,10614.710938
34,0.972491,0.537055,12544.664062
35,0.972580,0.560664,12794.224609
36,0.971471,0.554869,13027.149414
37,0.981552,0.539158,13276.782227
38,0.973451,0.492971,13509.632812
39,0.972312,0.522171,13759.212891
40,0.977305,0.520392,14042.132812
41,0.973091,0.518333,14241.741211
42,0.862362,0.591798,14724.229492
43,0.843060,0.484479,15522.830078
44,0.782452,0.561557,15722.433594
45,0.618377,0.612113,17236.402344
46,0.621099,0.600608,17452.804688
47,0.631390,0.336902,17951.947266
48,0.655629,0.294972,18201.382812
49,0.661729,0.478119,18683.875000
50,0.679995,0.543438,19016.679688
51,0.624992,0.606157,19748.771484
52,0.590925,0.640346,21179.582031
53,0.588538,0.649580,21429.113281
0,0.728759,0.522835,482.550964
1,0.880254,0.493795,1031.483643
2,0.859734,0.477459,1364.246460
3,0.854708,0.444566,1680.338257
4,0.905019,0.491413,2811.717041
5,0.881511,0.511941,3061.199463
6,0.741458,0.500833,4508.702148
7,0.721726,0.501277,4675.049316
8,0.771525,0.509669,5357.268066
9,0.729380,0.506327,5656.673340
10,0.721650,0.495808,6804.753906
11,0.623006,0.567925,7154.092773
12,0.624275,0.500913,7786.345703
13,0.628962,0.486959,7902.788086
14,0.660196,0.363995,8135.741699
15,0.573839,0.543192,8851.041992
16,0.522451,0.539926,9633.078125
17,0.515000,0.520970,10232.071289
18,0.445778,0.529196,12028.909180
19,0.447532,0.494359,12511.439453
20,0.440344,0.496952,12810.913086
21,0.450259,0.471166,13077.011719
22,0.373518,0.539989,14058.637695
23,0.448508,0.478109,14541.112305
24,0.450360,0.492537,14823.979492
25,0.187164,0.452486,17020.175781
26,0.284577,0.409260,18484.328125
27,0.332496,0.520786,18983.375000
28,0.341005,0.512776,19482.480469
29,0.391246,0.482215,19715.363281
30,0.457622,0.522618,19998.226562
31,0.467082,0.496886,20447.462891
32,0.462903,0.504125,20929.992188
33,0.432641,0.549046,21279.378906
34,0.434647,0.554776,21412.460938
35,0.466393,0.515143,21645.369141
36,0.449459,0.508296,22144.480469
37,0.435954,0.559371,22527.201172
38,0.445181,0.554528,23109.470703
39,0.469468,0.542828,23442.173828
40,0.471078,0.543919,24091.062500
41,0.468095,0.570503,24224.166016
0,0.852784,0.462651,416.026978
1,0.878035,0.464586,965.016296
2,0.872686,0.446446,1098.146606
3,0.893016,0.493454,1397.636963
4,0.914665,0.450406,1880.142700
5,0.856357,0.445275,2212.864502
6,0.792810,0.497575,2795.223145
7,0.715523,0.523189,3310.927002
8,0.716731,0.499364,3477.237061
9,0.677748,0.363986,4725.029297
10,0.664398,0.349656,4941.522461
11,0.656943,0.354804,5224.252441
12,0.629522,0.513587,6821.443359
13,0.604937,0.502302,7353.873047
14,0.566935,0.484549,7769.798340
15,0.549957,0.476260,8368.767578
16,0.570076,0.475814,8701.504883
17,0.555904,0.486704,9084.096680
18,0.555497,0.513483,9949.363281
19,0.537237,0.506030,10465.070312
20,0.527350,0.502937,11380.162109
21,0.515842,0.495259,11629.670898
22,0.503248,0.480425,11879.340820
23,0.504510,0.481258,12078.952148
24,0.454863,0.518167,12328.433594
25,0.527902,0.523967,12810.893555
26,0.468262,0.521758,13376.654297
27,0.454854,0.525763,13792.554688
28,0.455692,0.494983,14042.131836
29,0.447789,0.473370,14275.019531
30,0.462393,0.457360,14524.636719
31,0.449484,0.476559,14824.053711
32,0.468096,0.446172,15273.340820
33,0.443341,0.481462,15755.861328
34,0.443364,0.538132,16055.217773
35,0.527010,0.511974,16521.060547
36,0.537512,0.505180,16870.437500
37,0.455214,0.495289,17120.089844
38,0.450280,0.493373,17253.236328
39,0.378267,0.494590,17502.734375
40,0.446021,0.486794,17802.181641
41,0.378248,0.497384,18251.408203
42,0.321529,0.496494,18584.207031
43,0.322991,0.510385,19249.662109
44,0.329895,0.493254,19748.833984
45,0.321584,0.468268,20114.783203
46,0.321669,0.461836,20231.314453
47,0.250274,0.425674,20747.015625
48,0.334640,0.471306,21528.992188
49,0.316703,0.459618,22227.734375
50,0.245585,0.411458,22976.474609
51,0.304902,0.610327,23725.224609
52,0.326620,0.687917,24257.554688
53,0.267902,0.532084,24989.687500
0,0.781840,0.459195,33.429550
1,0.725201,0.449925,282.883575
2,0.713598,0.429102,865.219238
3,0.658679,0.322301,1347.730469
4,0.864955,0.424123,2362.664307
5,0.976549,0.429323,2944.962891
6,0.975803,0.436021,3161.194580
7,0.975640,0.441962,3277.722168
8,0.997931,0.426884,3627.042236
9,0.103263,0.353743,4009.703613
10,0.100646,0.340498,4242.744629
11,0.104571,0.339396,4508.825684
12,0.190762,0.506401,5191.074219
13,0.219662,0.447879,5490.480469
14,0.260011,0.488807,5756.681641
15,0.260248,0.480168,6006.275391
16,0.257337,0.348217,6455.538086
17,0.118254,0.453178,6738.380371
18,0.146119,0.505494,7071.082031
19,0.121585,0.508440,7387.139160
20,0.097608,0.454865,7636.709473
21,0.084721,0.417655,7819.829102
22,0.100979,0.455138,8801.385742
23,0.103439,0.425477,9067.594727
24,0.120400,0.427773,9350.490234
25,0.211032,0.537465,10232.264648
26,0.259168,0.465000,10498.442383
27,0.262411,0.459996,10598.191406
28,0.327347,0.443874,10781.209961
29,0.331801,0.475037,11064.114258
30,0.391034,0.486872,11413.475586
31,0.441098,0.458323,11829.409180
32,0.460660,0.535089,12112.306641
33,0.442765,0.558888,12328.499023
34,0.440674,0.526720,12910.847656
35,0.436009,0.517081,13010.645508
36,0.389018,0.480749,13276.846680
37,0.387764,0.476318,13443.245117
38,0.383588,0.479992,13742.680664
39,0.466188,0.510387,14208.548828
40,0.463031,0.547607,14591.272461
41,0.378379,0.424024,14907.326172
42,0.365239,0.424731,15173.552734
43,0.278361,0.507335,15489.655273
44,0.285548,0.602817,15772.470703
45,0.317480,0.720169,16005.416016
46,0.315498,0.740387,16288.251953
47,0.272969,0.634095,16671.037109
48,0.233853,0.409631,16903.853516
49,0.199316,0.405840,17336.449219
50,0.956976,0.422580,18417.904297
51,0.965589,0.435989,18700.732422
52,0.871687,0.425711,18933.619141
53,0.851673,0.408910,19133.326172
54,0.877441,0.495125,19748.910156
55,0.845925,0.421368,20763.808594
56,0.674700,0.278429,21579.117188
57,0.677455,0.267871,21678.937500
58,0.650829,0.293261,21828.640625
59,0.647592,0.324697,22227.880859
60,0.624876,0.338740,22544.021484
61,0.536257,0.465336,22876.720703
62,0.519868,0.484143,23142.943359
63,0.461665,0.488743,23475.679688
64,0.548530,0.471364,24207.744141
65,0.622777,0.469189,24457.332031
0,0.711955,0.491199,499.057617
1,0.877048,0.470461,1014.864258
2,0.899431,0.508092,1297.750977
3,0.861957,0.476152,1547.230469
4,0.862860,0.450515,2029.783936
5,0.851481,0.295631,2495.645264
6,0.848509,0.306972,2678.668945
7,0.979058,0.478551,3260.983154
8,0.977652,0.490684,3360.725342
9,0.952947,0.508746,3643.565430
10,0.565068,0.509233,4658.448242
11,0.527541,0.542906,4991.270996
12,0.506851,0.528924,5257.419922
13,0.451080,0.556983,5956.221680
14,0.460681,0.529149,6455.339844
15,0.411183,0.597981,6738.146484
16,0.379897,0.730461,7004.449219
17,0.346799,0.771358,7370.426758
18,0.302910,0.682558,7653.312500
19,0.299560,0.669402,7819.601074
20,0.272358,0.606913,7969.402832
21,0.264169,0.595978,8302.174805
22,0.228560,0.561130,8568.365234
23,0.214643,0.522781,8817.935547
24,0.177663,0.525548,9034.138672
25,0.184801,0.514393,9383.621094
26,0.169608,0.533986,9766.217773
27,0.292684,0.523826,10348.520508
28,0.316516,0.604947,10548.184570
29,0.294541,0.558277,10714.627930
30,0.258704,0.522077,10980.744141
31,0.237631,0.494142,11147.131836
32,0.235134,0.433722,11346.761719
33,0.254491,0.437606,11696.183594
34,0.457899,0.456826,12461.562500
35,0.472901,0.459432,12727.773438
36,0.458262,0.474237,12944.038086
37,0.445899,0.475602,13243.500977
38,0.468129,0.455220,13476.416016
39,0.436087,0.543576,13875.730469
40,0.444743,0.534928,14125.273438
41,0.472958,0.535704,14541.232422
42,0.480178,0.515477,14757.512695
43,0.540564,0.493492,14973.772461
44,0.593751,0.478976,15289.922852
45,0.685661,0.402540,16021.954102
46,0.699853,0.462479,16221.630859
47,0.423065,0.518159,17818.837891
48,0.371920,0.507617,17985.210938
49,0.366034,0.499082,18251.416016
50,0.351369,0.444110,18451.041016
51,0.318829,0.481549,19282.900391
52,0.305353,0.491021,19465.931641
53,0.317919,0.502459,19715.513672
54,0.243282,0.481902,20497.488281
55,0.213471,0.469312,20747.046875
56,0.227290,0.523612,20963.296875
57,0.230827,0.520029,21079.794922
58,0.281705,0.537966,21345.990234
59,0.166966,0.535989,21612.187500
60,0.153814,0.505807,21944.945312
61,0.135410,0.493566,22227.751953
62,0.094803,0.496381,22543.925781
63,0.048948,0.473700,23126.216797
64,0.056794,0.461880,23608.730469
65,0.061073,0.444562,23841.628906
66,0.056560,0.457073,24257.595703
0,0.716273,0.501469,282.948303
1,0.789679,0.516000,615.712891
2,0.838982,0.506968,798.708008
3,0.866365,0.516724,965.026001
4,0.870619,0.478392,1331.043823
5,0.874163,0.506029,1730.361206
6,0.879626,0.511679,1913.396484
7,0.855771,0.463317,2296.069092
8,0.853557,0.447166,2578.910889
9,0.897374,0.470806,3144.582764
10,0.911786,0.467091,3676.941650
11,0.916647,0.436938,3943.158203
12,0.867669,0.492396,4924.841797
13,0.859676,0.490118,5257.560547
14,0.969000,0.506305,5939.695801
15,0.971614,0.473329,6172.600586
16,0.037447,0.500740,7087.735840
17,0.032385,0.498419,7187.470703
18,0.753917,0.408905,8169.106934
19,0.794695,0.481781,8451.958984
20,0.678162,0.384240,8818.001953
21,0.664241,0.373189,8984.329102
22,0.648250,0.370468,9283.902344
23,0.626703,0.507789,9733.137695
24,0.729422,0.530405,9949.405273
25,0.734610,0.519180,10065.781250
26,0.727562,0.523455,10381.925781
27,0.617241,0.526930,10731.343750
28,0.581188,0.540960,10930.950195
29,0.558012,0.496149,11180.508789
30,0.564559,0.486979,11430.089844
31,0.506855,0.519165,11746.221680
32,0.511161,0.508386,12062.304688
33,0.535392,0.518568,12461.596680
34,0.465496,0.513657,12711.173828
35,0.447200,0.513287,12960.733398
36,0.456996,0.479433,13276.848633
37,0.467037,0.538651,13559.694336
38,0.472414,0.554533,13825.898438
39,0.446142,0.555092,14308.408203
40,0.455657,0.538942,14774.241211
41,0.455200,0.357342,15156.904297
42,0.456389,0.278438,15389.825195
43,0.398172,0.341363,15705.928711
44,0.374951,0.496523,16005.436523
45,0.376519,0.520166,16221.818359
46,0.381141,0.546323,16537.818359
47,0.384172,0.503885,16770.740234
48,0.367379,0.463732,17070.220703
49,0.328336,0.491418,17253.255859
50,0.314933,0.468702,17502.791016
51,0.266927,0.459280,17785.666016
52,0.258569,0.539701,18018.578125
53,0.296469,0.644308,18234.841797
54,0.316469,0.706896,18384.634766
55,0.343274,0.756475,18600.867188
56,0.365612,0.803911,18783.878906
57,0.265605,0.415937,19149.923828
58,0.250385,0.391211,19382.839844
59,0.254925,0.395323,19632.429688
60,0.186704,0.476154,19898.609375
61,0.167757,0.483310,20247.998047
62,0.171185,0.480112,20480.916016
63,0.117221,0.518732,20846.941406
64,0.118611,0.521654,21013.382812
65,0.115413,0.468311,21196.351562
66,0.084594,0.440413,21412.685547
67,0.076013,0.430387,21595.646484
68,0.071642,0.430041,21811.935547
69,0.081076,0.425446,22510.714844
70,0.221453,0.515578,23192.855469
71,0.259098,0.540134,23409.132812
72,0.271248,0.526437,23575.558594
73,0.239184,0.516883,23875.009766
74,0.295262,0.596725,24257.648438
75,0.303728,0.663213,24457.310547
76,0.305995,0.693344,24690.253906
0,0.779155,0.229483,49.905499
1,0.673934,0.255832,415.951752
2,0.715135,0.453318,632.286316
3,0.732949,0.503387,798.622437
4,0.464239,0.469923,1946.605347
5,0.443360,0.467506,2362.599121
6,0.426876,0.473098,2545.546875
7,0.391343,0.432631,2911.651367
8,0.367927,0.426610,3111.226807
9,0.439408,0.389088,3394.066895
10,0.447384,0.402132,3710.183838
11,0.447532,0.414346,3976.392822
12,0.387843,0.756233,4625.242676
13,0.273190,0.494039,5007.904785
14,0.254940,0.485329,5207.559082
15,0.267599,0.481402,5407.185547
16,0.244718,0.411868,5756.590332
17,0.286629,0.510810,5956.242676
18,0.298461,0.534300,6255.729980
19,0.324210,0.345349,6704.938477
20,0.370563,0.321098,6971.122070
21,0.406955,0.369912,7237.316895
22,0.474640,0.383453,7570.072754
23,0.507857,0.436151,7736.474121
24,0.526348,0.435205,7986.025879
25,0.550646,0.380645,8368.696289
26,0.582198,0.414561,8618.260742
27,0.597967,0.413520,8751.371094
28,0.693354,0.361903,9683.058594
29,0.718823,0.378933,9849.426758
30,0.739203,0.358796,10531.596680
31,0.754544,0.443107,10747.854492
32,0.737732,0.344105,11180.437500
33,0.693411,0.251049,11945.766602
34,0.753648,0.453348,12361.700195
35,0.895866,0.386261,12977.292969
36,0.893749,0.406987,13160.318359
37,0.891368,0.420584,13476.434570
38,0.859892,0.353224,13659.471680
39,0.992852,0.374751,13958.927734
40,0.071848,0.359689,14541.246094
41,0.120724,0.388112,14740.887695
42,0.151977,0.408994,14907.287109
43,0.199100,0.360697,15306.591797
44,0.236861,0.343572,15622.683594
45,0.262292,0.356614,15822.333008
46,0.206805,0.357134,16121.791016
47,0.183327,0.367999,16454.546875
48,0.207654,0.322912,17951.939453
49,0.177952,0.367972,18234.798828
50,0.114834,0.388606,18700.617188
51,0.961590,0.322770,20098.181641
52,0.861996,0.357971,21512.398438
53,0.842667,0.332186,21712.042969
54,0.820525,0.336308,23026.414062
55,0.788508,0.367296,23176.144531
56,0.696300,0.195876,24307.488281
57,0.693173,0.176904,24423.953125
0,0.865663,0.317305,715.449585
1,0.932663,0.307346,1098.063599
2,0.538120,0.405408,3244.316650
3,0.491885,0.405836,3377.415039
4,0.490739,0.397366,3477.311768
5,0.444559,0.392412,3676.913330
6,0.452890,0.394784,4292.479980
7,0.450598,0.418079,4542.125488
8,0.431773,0.414862,4841.526367
9,0.355364,0.479568,5191.012695
10,0.354127,0.484702,5756.582031
11,0.295680,0.521417,6039.420410
12,0.276452,0.575624,6422.162109
13,0.246683,0.482502,6671.707520
14,0.236909,0.420373,7287.240723
15,0.241101,0.292353,7869.552246
16,0.161163,0.463399,8202.347656
17,0.162238,0.444246,8352.101562
18,0.739116,0.433386,10847.731445
19,0.730577,0.477222,11147.189453
20,0.848722,0.405992,11446.656250
21,0.851986,0.385681,11629.690430
22,0.850384,0.415181,12062.301758
23,0.872043,0.430838,12278.572266
24,0.949292,0.465404,12444.905273
25,0.957491,0.378761,12694.462891
26,0.954932,0.397015,12827.596680
27,0.955237,0.394361,13060.588867
28,0.956539,0.419009,13326.720703
29,0.070045,0.385206,13775.904297
30,0.090511,0.394558,14075.451172
31,0.100841,0.292951,14790.830078
32,0.108397,0.383368,15156.894531
33,0.119815,0.404777,15522.879883
34,0.191997,0.498667,16288.241211
35,0.279392,0.456200,16870.544922
36,0.275293,0.401012,17136.744141
37,0.277352,0.306793,17735.687500
38,0.180759,0.480820,18035.177734
39,0.176434,0.467810,18151.623047
40,0.175499,0.447439,18318.015625
41,0.834486,0.410686,19998.423828
42,0.711916,0.462825,20613.976562
43,0.725975,0.457724,21013.255859
44,0.669089,0.362395,21229.623047
45,0.684533,0.251085,21562.332031
46,0.671085,0.372147,21811.949219
47,0.705730,0.567922,22993.154297
48,0.679553,0.583293,23542.207031
49,0.593762,0.608717,24024.765625
50,0.545631,0.592022,24606.974609
0,0.751470,0.428953,116.460846
1,0.717054,0.495292,332.724121
2,0.877739,0.500280,865.122070
3,0.918400,0.504564,1613.876831
4,0.952852,0.488119,2046.364380
5,0.983000,0.463606,2296.079590
6,0.072918,0.474886,2662.034424
7,0.153195,0.467615,3061.311279
8,0.196168,0.453850,3261.038330
9,0.212911,0.461256,3560.420898
10,0.242131,0.464706,3743.405762
11,0.277336,0.482681,3959.705566
12,0.278293,0.515595,4425.608398
13,0.488272,0.145138,6239.152344
14,0.290923,0.524799,7686.547852
15,0.273796,0.473617,7852.969238
16,0.282283,0.404284,8085.809082
17,0.436033,0.529863,8867.839844
18,0.284976,0.536184,9483.417969
19,0.280934,0.569283,9616.529297
20,0.271773,0.395314,9932.652344
21,0.267644,0.367161,10115.596680
22,0.194432,0.388695,10398.489258
23,0.189988,0.395047,10631.377930
24,0.419712,0.512642,11446.603516
25,0.697338,0.638976,12261.860352
26,0.743457,0.491540,12627.943359
27,0.738824,0.484737,12744.376953
28,0.875533,0.473019,13226.946289
29,0.892023,0.490730,13459.757812
30,0.975446,0.477949,13809.202148
31,0.038496,0.460163,14175.241211
32,0.972033,0.471784,14641.105469
33,0.969422,0.483831,15289.894531
34,0.890782,0.531521,15556.120117
35,0.893480,0.523983,15855.647461
36,0.869602,0.523303,16005.335938
37,0.845357,0.460308,16354.823242
38,0.855568,0.472560,16986.947266
39,0.875499,0.542227,17186.705078
40,0.873133,0.548029,17286.408203
41,0.786451,0.510685,17685.708984
42,0.830597,0.279060,18035.126953
43,0.855897,0.259413,18268.025391
44,0.873975,0.233934,18500.980469
45,0.875125,0.226194,18817.068359
46,0.101924,0.446113,19499.212891
47,0.095650,0.392466,19698.882812
48,0.102622,0.381380,20364.390625
49,0.092643,0.388244,20880.144531
50,0.136160,0.477872,21578.923828
51,0.965069,0.543808,22177.884766
52,0.024327,0.502119,22394.142578
53,0.023130,0.487046,22560.517578
54,0.894819,0.545708,22860.035156
55,0.857652,0.527970,23159.531250
56,0.846792,0.479939,23325.863281
57,0.721235,0.921650,24623.603516
0,0.730490,0.450979,332.725159
1,0.886872,0.512229,781.891357
2,0.914061,0.500731,1098.088745
3,0.894265,0.489572,1331.052979
4,0.892638,0.481797,1597.155151
5,0.977241,0.614093,1863.338867
6,0.973801,0.780124,2063.021729
7,0.147575,0.525901,2894.925781
8,0.113144,0.364214,3177.729004
9,0.113337,0.351908,3543.728516
10,0.107047,0.382270,4009.574951
11,0.206453,0.518117,4442.218262
12,0.270674,0.486039,4758.309082
13,0.295108,0.520346,5024.529785
14,0.299610,0.364527,5457.106445
15,0.467699,0.573585,6189.119141
16,0.470728,0.463766,6555.145996
17,0.470795,0.389515,7004.368652
18,0.471678,0.279296,7187.405273
19,0.544820,0.469824,7802.988770
20,0.450555,0.276574,8202.291016
21,0.179271,0.441925,9782.829102
22,0.087872,0.375974,10315.236328
23,0.088859,0.357782,10531.525391
24,0.093259,0.352172,10631.401367
25,0.556249,0.521637,11895.811523
26,0.595244,0.527979,12178.628906
27,0.612828,0.551789,12594.589844
28,0.635512,0.577640,12960.607422
29,0.516739,0.530392,13260.084961
30,0.524752,0.531803,13443.078125
31,0.511149,0.453994,13626.120117
32,0.519984,0.422839,13975.492188
33,0.632267,0.554713,14408.077148
34,0.667237,0.531916,14724.202148
35,0.709555,0.542895,15056.994141
36,0.744597,0.572641,15556.083008
37,0.736304,0.550686,15838.913086
38,0.678894,0.306009,16288.133789
39,0.676242,0.302809,16421.218750
40,0.730058,0.535990,16820.537109
41,0.735472,0.532868,17070.089844
42,0.735251,0.549981,17303.025391
43,0.736662,0.548315,17685.693359
44,0.737425,0.547250,17868.712891
45,0.737764,0.544634,18051.707031
46,0.737585,0.543198,18168.173828
47,0.737440,0.546581,18284.628906
48,0.733112,0.541949,19432.650391
49,0.736355,0.477166,19981.660156
50,0.726468,0.469177,20164.679688
51,0.803162,0.492386,20497.425781
52,0.610880,0.477960,21262.779297
53,0.463288,0.496195,22028.115234
54,0.436603,0.458291,22261.035156
55,0.445139,0.459899,22493.968750
56,0.386656,0.481925,22776.792969
57,0.329125,0.488977,23325.830078
58,0.092309,0.400669,24623.548828
0,0.757240,0.493317,83.175507
1,0.733563,0.470128,532.401550
2,0.735069,0.474902,648.810486
3,0.736599,0.482247,815.209106
4,0.683447,0.271386,1214.625854
5,0.681930,0.251339,1613.785767
6,0.668644,0.252515,1796.837769
7,0.634344,0.430671,2129.586182
8,0.639295,0.507188,2379.113281
9,0.736647,0.757077,3111.188477
10,0.869662,0.789723,3344.167725
11,0.854936,0.784539,3776.750488
12,0.858221,0.448853,4209.257324
13,0.843993,0.428286,4425.656250
14,0.864831,0.371699,4658.483398
15,0.874188,0.356929,4941.363770
16,0.871416,0.409591,5141.008789
17,0.886344,0.444129,5640.114258
18,0.886277,0.442739,5839.848633
19,0.867663,0.347189,6172.584961
20,0.004863,0.566328,6588.441406
21,0.985499,0.421011,7087.656250
22,0.986507,0.420103,7204.034668
23,0.081963,0.465277,7736.467285
24,0.121382,0.367317,8152.363281
25,0.064909,0.424268,8901.121094
26,0.063479,0.438125,9017.512695
27,0.469977,0.479695,11097.206055
28,0.476526,0.472349,11197.079102
29,0.460419,0.510574,11463.277344
30,0.467793,0.516802,11629.658203
31,0.444093,0.533727,11845.930664
32,0.213731,0.468629,15023.741211
33,0.278732,0.360774,15789.077148
34,0.290182,0.438168,16188.431641
35,0.382541,0.492380,16820.541016
36,0.436621,0.555163,18301.355469
37,0.476295,0.456231,18883.611328
38,0.502599,0.561917,19266.355469
39,0.465919,0.443644,19582.429688
40,0.408522,0.464704,19782.093750
41,0.297436,0.506005,20247.951172
42,0.276404,0.477620,20547.443359
43,0.270368,0.468918,21046.494141
44,0.269743,0.459969,21678.744141
45,0.271751,0.459058,21811.869141
46,0.273748,0.450265,22061.486328
47,0.274880,0.446129,22227.773438
48,0.272993,0.453448,22593.802734
49,0.264159,0.449811,22859.994141
50,0.247789,0.466863,23259.294922
51,0.198735,0.473788,23625.337891
52,0.107876,0.471903,24007.982422
53,0.066133,0.463236,24407.318359
54,0.986909,0.440202,24756.695312
0,0.773151,0.600444,99.790192
1,0.719180,0.515393,465.810364
2,0.691408,0.471952,1613.820557
3,0.727309,0.513530,1946.691040
4,0.699298,0.513063,2179.585693
5,0.680655,0.500121,2395.819092
6,0.653446,0.407103,2578.837402
7,0.645005,0.392247,2761.842773
8,0.631613,0.393516,2994.778809
9,0.640115,0.391768,3227.773682
10,0.651620,0.387047,3543.816406
11,0.617574,0.408740,4076.173340
12,0.618120,0.401406,4309.145020
13,0.647120,0.388489,4591.967773
14,0.638625,0.389821,4841.538574
15,0.661715,0.395381,5274.149902
16,0.671805,0.379072,5440.563477
17,0.636451,0.574112,5656.765137
18,0.645617,0.576236,6239.131836
19,0.641695,0.546954,6405.434570
20,0.636393,0.544680,6838.057129
21,0.560717,0.538990,7786.428711
22,0.546144,0.539856,8368.700195
23,0.544208,0.542669,8651.544922
24,0.571723,0.549233,8867.842773
25,0.562147,0.537080,9017.541016
26,0.519317,0.545851,9333.734375
27,0.509200,0.553554,9466.783203
28,0.528180,0.538439,9816.252930
29,0.581094,0.567299,10215.428711
30,0.600352,0.579894,10381.840820
31,0.569394,0.536920,10814.453125
32,0.556192,0.516081,11097.241211
33,0.527311,0.530659,11712.864258
34,0.513911,0.550776,11995.707031
35,0.528302,0.537207,12228.605469
36,0.561026,0.548591,12677.890625
37,0.877307,0.518695,13792.526367
38,0.871397,0.517745,13892.446289
39,0.885961,0.524802,14508.057617
40,0.857758,0.521224,14824.160156
41,0.851939,0.494663,15123.545898
42,0.854078,0.460015,15339.876953
43,0.888903,0.491649,15972.170898
44,0.888736,0.472827,16171.721680
45,0.879379,0.521615,16371.421875
46,0.877898,0.557265,16987.009766
47,0.876767,0.567310,17536.033203
48,0.892050,0.492146,17785.625000
49,0.906485,0.484665,18001.931641
50,0.853656,0.456141,18367.892578
51,0.914965,0.510276,18983.507812
52,0.882690,0.525792,19233.025391
53,0.989685,0.516508,19948.492188
54,0.990147,0.503070,20098.199219
55,0.986813,0.494226,20480.892578
56,0.972677,0.514270,20630.619141
57,0.965165,0.504100,21279.488281
58,0.972436,0.481842,21978.216797
59,0.989100,0.485769,22494.035156
60,0.939045,0.523407,22793.464844
61,0.979374,0.536198,23425.783203
62,0.973786,0.476889,23691.957031
63,0.966891,0.495725,24124.484375
64,0.979717,0.497291,24590.369141
0,0.742315,0.509136,332.788269
1,0.728791,0.482550,548.974121
2,0.886004,0.443359,1081.454712
3,0.881532,0.449855,1314.346802
4,0.982122,0.422177,2046.401489
5,0.988298,0.407614,2229.405518
6,0.872750,0.476539,2728.493652
7,0.852930,0.392256,2961.450195
8,0.859593,0.391472,3460.578125
9,0.675860,0.259732,4009.623047
10,0.663568,0.265641,4275.816406
11,0.615681,0.430873,4758.308594
12,0.528009,0.440960,5057.786621
13,0.528685,0.426297,5274.057129
14,0.542335,0.409608,5573.529297
15,0.588693,0.471411,6105.924316
16,0.594487,0.506953,6388.779785
17,0.597785,0.499888,6871.266113
18,0.574414,0.498435,7054.283203
19,0.481200,0.451894,7403.665527
20,0.464449,0.464580,7653.227051
21,0.448917,0.457965,7836.264160
22,0.402851,0.420257,8285.486328
23,0.421885,0.483532,8767.937500
24,0.314903,0.639348,9749.576172
25,0.308426,0.559101,9965.878906
26,0.302550,0.462191,10232.053711
27,0.292841,0.390005,10431.720703
28,0.280995,0.384458,10797.762695
29,0.265147,0.351159,11030.671875
30,0.238619,0.336153,11246.942383
31,0.225912,0.327545,11513.173828
32,0.212473,0.331695,11746.084961
33,0.205849,0.334857,11945.725586
34,0.290621,0.304480,12195.308594
35,0.299913,0.293410,12394.949219
36,0.349087,0.466975,12694.412109
37,0.303056,0.766043,13226.827148
38,0.330658,0.686963,13642.772461
39,0.412312,0.485564,14042.076172
40,0.401353,0.529445,14275.022461
41,0.456364,0.575371,14541.207031
42,0.456120,0.601816,14740.861328
43,0.387905,0.518751,15173.409180
44,0.448160,0.473146,15522.803711
45,0.476404,0.449395,15822.291016
46,0.479679,0.406212,16021.952148
47,0.492899,0.394003,16171.671875
48,0.669203,0.162195,17219.832031
49,0.840037,0.026462,17652.427734
50,0.931587,0.442950,18434.394531
51,0.874714,0.510184,18650.666016
52,0.802768,0.457124,19116.546875
53,0.054430,0.413506,19965.046875
54,0.061487,0.441961,20164.734375
55,0.069825,0.376624,20331.107422
56,0.046986,0.375526,20730.392578
57,0.728756,0.468202,21745.271484
58,0.741682,0.528719,22044.746094
59,0.745709,0.440318,22394.128906
60,0.720233,0.422753,22843.343750
61,0.738753,0.461698,23242.685547
62,0.742306,0.442777,23775.042969
63,0.741309,0.451231,24057.916016
64,0.683290,0.246136,24573.683594
0,0.746365,0.442531,33.300243
1,0.715269,0.434317,316.139435
2,0.670903,0.439740,1081.495483
3,0.634757,0.471390,1530.663086
4,0.592016,0.490518,1963.266846
5,0.549824,0.527719,2479.042725
6,0.552401,0.514136,2578.806396
7,0.511284,0.522515,2994.792480
8,0.477813,0.504515,3427.416504
9,0.447308,0.498075,3776.786621
10,0.450784,0.486359,3893.271729
11,0.456273,0.368264,4708.525879
12,0.462386,0.294773,4924.735352
13,0.469023,0.220376,5141.018066
14,0.540061,0.180625,5839.831543
15,0.651691,0.298867,6388.845703
16,0.639424,0.296393,6488.704590
17,0.654076,0.334352,6738.264648
18,0.652941,0.317163,7021.091797
19,0.707538,0.490046,7969.498535
20,0.719355,0.533821,8335.522461
21,0.721167,0.531564,8634.897461
22,0.826789,0.487633,9600.000977
23,0.847866,0.482035,9849.547852
24,0.854472,0.546777,10198.872070
25,0.869003,0.544831,10515.010742
26,0.880459,0.519267,11696.264648
27,0.874990,0.510214,11912.543945
28,0.958315,0.476873,13160.369141
29,0.959603,0.445592,14341.629883
30,0.086643,0.434908,15639.384766
31,0.080895,0.455520,16055.307617
32,0.177056,0.431080,16371.396484
33,0.183198,0.449713,16754.091797
34,0.250438,0.427655,17669.205078
35,0.244147,0.412539,17818.853516
36,0.235405,0.468577,18168.351562
37,0.226030,0.506425,18617.513672
38,0.173177,0.477006,19066.726562
39,0.085551,0.414457,19582.496094
40,0.052184,0.321746,19931.857422
41,0.056948,0.307155,20064.990234
42,0.062370,0.299027,20281.271484
43,0.792630,0.092948,21845.148438
44,0.779769,0.070051,22327.650391
45,0.839252,0.186701,22560.585938
46,0.742524,0.192503,23093.000000
47,0.758169,0.295165,24191.087891
48,0.660890,0.369880,24473.882812
0,0.702244,0.520573,366.083862
1,0.442596,0.532570,1530.743164
2,0.435848,0.534763,1663.783813
3,0.443228,0.491534,1813.532715
4,0.299190,0.624783,2279.332275
5,0.396890,0.473654,2861.707764
6,0.427253,0.540992,3028.043213
7,0.449542,0.553530,3294.233154
8,0.320802,0.453609,3893.191895
9,0.370060,0.442813,4109.477051
10,0.390371,0.471982,4425.627930
11,0.382523,0.534119,4908.101074
12,0.385388,0.536898,4991.305176
13,0.777091,0.656270,6871.355469
14,0.798996,0.500366,7137.516602
15,0.141060,0.498593,8085.890137
16,0.101332,0.408216,8368.745117
17,0.095675,0.398469,8518.484375
18,0.278049,0.493020,9500.111328
19,0.355592,0.716149,10049.135742
20,0.401558,0.557003,10548.225586
21,0.398819,0.569946,10664.684570
22,0.311218,0.482597,11679.624023
23,0.240564,0.401188,12178.710938
24,0.386154,0.127249,12910.806641
25,0.105233,0.183190,13909.054688
26,0.195681,0.174947,14108.716797
27,0.425840,0.344785,14940.587891
28,0.483899,0.422278,15888.974609
29,0.452502,0.457419,16105.298828
30,0.456710,0.453650,16338.122070
31,0.448467,0.450542,16737.457031
32,0.177828,0.485838,17469.509766
33,0.214867,0.475662,17619.238281
34,0.268320,0.392122,18550.941406
35,0.106600,0.383303,19532.554688
36,0.093983,0.382098,19948.503906
37,0.865059,0.475791,20597.429688
38,0.865593,0.480967,20713.818359
39,0.839752,0.465180,20980.042969
40,0.841760,0.466186,21146.386719
41,0.847004,0.503786,21462.525391
42,0.849132,0.474617,21762.011719
43,0.851800,0.437705,22028.181641
44,0.706863,0.498502,22394.201172
45,0.708719,0.492374,22577.212891
46,0.661243,0.524300,22843.435547
47,0.636200,0.384185,23226.117188
48,0.649654,0.367243,23508.933594
49,0.610337,0.511286,23825.052734
50,0.576837,0.549519,24240.988281
51,0.570757,0.492131,24440.638672
52,0.666192,0.351740,24989.666016
0,0.756380,0.657533,349.373596
1,0.727972,0.504141,815.223450
2,0.720660,0.486058,965.015808
3,0.863497,0.500840,2262.701172
4,0.878330,0.522949,2528.887451
5,0.968019,0.509322,3177.750977
6,0.947837,0.503148,3527.158447
7,0.938114,0.510289,3710.179443
8,0.985825,0.454610,4092.808105
9,0.663803,0.364567,4775.010254
10,0.636580,0.394641,5091.076172
11,0.568607,0.491281,5307.415039
12,0.557045,0.501252,5573.647949
13,0.592510,0.546071,5856.519043
14,0.507149,0.529937,6072.727051
15,0.443893,0.514642,6488.709961
16,0.442075,0.560721,7054.327148
17,0.464066,0.600658,7536.841797
18,0.493848,0.735362,7869.600098
19,0.554272,0.749345,8651.514648
20,0.528318,0.837407,9217.291992
21,0.535566,0.901217,9583.245117
22,0.511436,0.918740,9866.041016
23,0.256492,0.427772,11130.515625
24,0.243147,0.409474,11396.707031
25,0.171961,0.472598,11696.193359
26,0.177341,0.466215,11862.609375
27,0.229180,0.496998,12112.174805
28,0.075579,0.407976,12578.025391
29,0.094757,0.399226,13376.650391
30,0.145493,0.456726,13925.725586
31,0.339995,0.515021,14790.863281
32,0.301909,0.591532,15023.735352
33,0.306137,0.595698,15123.645508
34,0.300235,0.663157,15423.011719
35,0.295683,0.562839,15888.871094
36,0.250546,0.463349,16388.027344
37,0.239978,0.466469,16637.558594
38,0.182570,0.499160,17003.658203
39,0.187102,0.489659,17153.335938
40,0.166377,0.493470,17353.041016
41,0.173858,0.481095,17835.486328
42,0.253484,0.387579,18118.304688
43,0.262082,0.376696,18284.716797
44,0.348882,0.440859,18717.255859
45,0.350041,0.460779,19033.394531
46,0.346960,0.467265,19149.869141
47,0.403317,0.468602,19465.980469
48,0.455213,0.480102,19798.728516
49,0.445045,0.486990,20131.437500
50,0.442988,0.638262,20547.396484
51,0.471501,0.488779,21512.451172
52,0.469076,0.521951,21678.769531
53,0.513052,0.496821,21845.181641
54,0.543167,0.498996,22194.552734
55,0.540456,0.490564,22277.697266
56,0.574961,0.514223,22660.482422
57,0.605427,0.519630,23109.566406
58,0.580215,0.481100,23275.955078
59,0.580869,0.480518,23908.207031
60,0.564525,0.479203,24107.878906
61,0.533554,0.508985,24440.589844
62,0.518441,0.517534,24706.798828
0,0.806891,0.482742,399.388275
1,0.895612,0.511443,915.076416
2,0.888965,0.506899,1114.723267
3,0.893155,0.514633,1214.557007
4,0.891700,0.516176,1397.548950
5,0.888010,0.526846,1647.179810
6,0.985946,0.477974,2113.049561
7,0.985116,0.468095,2345.931396
8,0.979501,0.487637,2795.129883
9,0.975336,0.474316,2994.765381
10,0.971967,0.445370,3876.561035
11,0.968434,0.453375,4309.157715
12,0.858715,0.507175,4808.341797
13,0.859499,0.501882,5274.167969
14,0.850680,0.485231,5507.078613
15,0.851051,0.445165,5690.084473
16,0.865077,0.477169,6205.854004
17,0.895022,0.454024,6588.511719
18,0.884145,0.448239,7154.168457
19,0.931782,0.660152,7753.164551
20,0.704956,0.506616,8102.515625
21,0.728664,0.508342,8634.940430
22,0.704458,0.366987,9333.742188
23,0.682242,0.350706,9500.135742
24,0.657141,0.352164,9766.364258
25,0.639123,0.361279,11180.458984
26,0.616715,0.106109,11979.079102
27,0.750925,0.039981,12261.964844
28,0.991508,0.057429,12444.953125
29,0.379382,0.466214,13892.433594
30,0.387452,0.481552,14042.130859
31,0.457444,0.569267,14374.940430
32,0.455035,0.537762,14824.100586
33,0.477346,0.544651,15106.962891
34,0.472002,0.541460,15456.361328
35,0.541649,0.532741,15822.396484
36,0.543584,0.531742,16138.499023
37,0.486356,0.533086,16437.955078
38,0.469741,0.526532,16754.119141
39,0.437993,0.528195,17053.531250
40,0.444837,0.470079,17569.292969
41,0.308356,0.491054,18035.191406
42,0.307027,0.453072,18284.742188
43,0.275339,0.481346,18534.304688
44,0.248332,0.475292,18767.275391
45,0.276002,0.555042,19116.619141
46,0.290157,0.714822,19815.384766
47,0.295301,0.697949,20031.683594
48,0.296924,0.670567,20214.685547
49,0.187804,0.953257,20547.433594
50,0.196512,0.971040,20647.318359
51,0.796002,0.924977,21129.750000
52,0.915525,0.914601,21562.347656
53,0.118960,0.915535,21745.373047
54,0.266248,0.942149,22078.082031
55,0.072738,0.886030,22643.841797
56,0.110071,0.880761,23525.632812
57,0.022537,0.928437,23741.935547
58,0.870600,0.913550,24141.160156
59,0.196133,0.962563,24357.441406
60,0.137898,0.878230,24939.751953
0,0.721967,0.473401,366.090088
1,0.844410,0.465998,765.384888
2,0.878985,0.465761,981.753418
3,0.881273,0.466955,1098.105225
4,0.873176,0.477803,1381.042358
5,0.888183,0.490350,1613.973389
6,0.782064,0.562681,2212.846680
7,0.787335,0.576072,2362.622559
8,0.724077,0.587518,2545.605469
9,0.702246,0.602305,2811.810059
10,0.618140,0.400300,3693.576904
11,0.586843,0.354950,3976.431152
12,0.538109,0.249634,4459.007812
13,0.495769,0.268584,4642.014648
14,0.469319,0.288628,4858.213867
15,0.444339,0.285000,5091.168945
16,0.459797,0.429399,5640.193359
17,0.463513,0.441727,5723.463867
18,0.480555,0.472803,5856.510742
19,0.445689,0.503757,6172.581055
20,0.477376,0.489637,6422.182129
21,0.526188,0.470250,6671.787598
22,0.502961,0.473325,7037.750000
23,0.292598,0.618268,7536.893066
24,0.251583,0.573109,7819.778809
25,0.225439,0.548452,8019.354004
26,0.237751,0.468775,8468.671875
27,0.162283,0.497285,8684.929688
28,0.256147,0.479203,9117.434570
29,0.219831,0.495291,9500.184570
30,0.303407,0.459234,9849.483398
31,0.341116,0.476691,10065.769531
32,0.385196,0.474570,10298.733398
33,0.395881,0.491129,10531.636719
34,0.404791,0.497221,10814.531250
35,0.455246,0.490279,11130.584961
36,0.497865,0.491602,11479.994141
37,0.503577,0.492872,11646.454102
38,0.742273,0.495470,12628.026367
39,0.916147,0.473383,13360.019531
40,0.908160,0.473355,13459.865234
41,0.995088,0.465966,13659.572266
42,0.064933,0.461266,13975.666992
43,0.057559,0.464984,14191.971680
44,0.126888,0.440279,14541.317383
45,0.105433,0.438754,14857.451172
46,0.108748,0.442388,15373.175781
47,0.136779,0.475056,16038.698242
48,0.198509,0.482460,16338.182617
49,0.235408,0.475108,16853.917969
50,0.248277,0.467008,17153.488281
51,0.110797,0.243715,17885.443359
52,0.090963,0.228667,18051.833984
53,0.061862,0.409272,18567.646484
54,0.060524,0.402950,18700.761719
55,0.103636,0.397503,18950.292969
56,0.108265,0.395335,19233.115234
57,0.953522,0.433989,19649.144531
58,0.956970,0.434349,19798.765625
59,0.836659,0.461425,20081.642578
60,0.771798,0.482746,20480.982422
61,0.636579,0.556011,21113.142578
62,0.631857,0.458405,21412.642578
63,0.674834,0.479299,21845.228516
64,0.728049,0.465514,22277.816406
65,0.655774,0.444569,22593.990234
66,0.656893,0.437261,22760.310547
67,0.535570,0.491773,23126.394531
68,0.499734,0.496691,23392.544922
69,0.450467,0.513570,23891.607422
70,0.429507,0.518685,24241.011719
0,0.736688,0.518796,299.466064
1,0.720045,0.463422,465.812439
2,0.656439,0.295998,765.370178
3,0.648944,0.301382,865.130066
4,0.710071,0.493785,1081.417969
5,0.721100,0.446658,1247.764648
6,0.719602,0.429550,1414.207520
7,0.602096,0.483332,1680.430298
8,0.581534,0.335221,2013.138916
9,0.553400,0.470691,2246.081299
10,0.561992,0.415362,2545.599609
11,0.553476,0.442619,3327.494629
12,0.565089,0.415568,3593.676758
13,0.549020,0.420793,4059.571289
14,0.507138,0.494090,4608.610840
15,0.517287,0.477610,4858.160156
16,0.655271,0.306073,5107.734375
17,0.671685,0.267807,5274.103516
18,0.630982,0.489585,5773.293457
19,0.670893,0.241141,6555.216797
20,0.726514,0.469196,7254.022461
21,0.881567,0.385701,7786.383789
22,0.891896,0.468129,8002.650391
23,0.878688,0.446657,8385.319336
24,0.979138,0.379009,8834.561523
25,0.978338,0.370680,9150.708984
26,0.965036,0.421051,9533.332031
27,0.141789,0.407019,10082.347656
28,0.203601,0.412993,10481.662109
29,0.221867,0.382517,10831.106445
30,0.289296,0.484112,11230.329102
31,0.268837,0.334680,11446.711914
32,0.262604,0.295120,11629.740234
33,0.244169,0.324965,12128.802734
34,0.172263,0.486436,12444.929688
35,0.170474,0.437211,12761.067383
36,0.177976,0.430540,12860.823242
37,0.289578,0.551796,13143.659180
38,0.317310,0.756905,13409.840820
39,0.784348,0.972359,14358.184570
40,0.887796,0.938074,14641.078125
41,0.660993,0.905345,14957.162109
42,0.527814,0.881452,15589.358398
43,0.499688,0.891987,15988.703125
44,0.388158,0.919562,16321.423828
45,0.220404,0.918304,16670.818359
46,0.564739,0.939114,17070.123047
47,0.566422,0.952716,17319.687500
48,0.038113,0.316149,17935.292969
49,0.091242,0.315996,18683.998047
50,0.936930,0.039051,19465.933594
51,0.448369,0.521707,20913.406250
52,0.529962,0.442635,21279.437500
53,0.567959,0.413216,21845.123047
54,0.526600,0.481786,22127.949219
55,0.539102,0.416400,22477.332031
56,0.571358,0.398346,22710.281250
57,0.565664,0.406178,22909.937500
58,0.515156,0.459530,23126.205078
59,0.519989,0.449956,23359.220703
60,0.569233,0.399426,23658.611328
61,0.574336,0.384855,24057.902344
62,0.452506,0.471556,24374.078125
63,0.444706,0.431990,24623.574219
64,0.437748,0.460393,24989.609375
0,0.753875,0.470714,33.248184
1,0.727378,0.535281,482.447845
2,0.805714,0.522297,948.358398
3,0.809589,0.522080,1098.051392
4,0.804324,0.474725,1447.448608
5,0.810615,0.476660,2063.040771
6,0.811827,0.477355,2229.427490
7,0.815138,0.510258,2395.772217
8,0.816677,0.511021,2528.965820
9,0.817092,0.482364,2795.096436
10,0.882617,0.480226,3227.659668
11,0.884256,0.482250,3360.764648
12,0.898092,0.532114,3643.616211
13,0.906499,0.541135,3859.956543
14,0.887077,0.529376,4542.033203
15,0.908832,0.522112,4957.974609
16,0.922449,0.486736,5357.316406
17,0.963971,0.522241,5690.038574
18,0.963300,0.530946,5972.861328
19,0.002619,0.503045,6422.087402
20,0.004073,0.505523,6555.188477
21,0.008488,0.506538,6937.850098
22,0.010016,0.511341,7070.943848
23,0.009679,0.504314,7303.905273
24,0.970442,0.523959,7586.737305
25,0.929076,0.536567,8318.791992
26,0.923641,0.496795,8568.361328
27,0.863206,0.481982,8917.751953
28,0.851693,0.446210,9200.560547
29,0.856506,0.430348,9400.206055
30,0.838455,0.418774,9616.513672
31,0.841329,0.417590,9732.964844
32,0.783545,0.450671,9915.958984
33,0.782882,0.443187,10082.344727
34,0.794776,0.458405,10381.844727
35,0.815913,0.556274,10731.239258
36,0.808746,0.550367,11047.330078
37,0.698684,0.502998,11346.812500
38,0.644694,0.358295,11546.461914
39,0.647206,0.295470,11995.676758
40,0.643632,0.243501,12278.510742
41,0.617770,0.316037,12727.739258
42,0.604191,0.266261,12944.018555
43,0.606160,0.181130,13276.797852
44,0.585883,0.125008,14225.112305
45,0.644467,0.583341,14824.077148
46,0.641453,0.576580,14957.149414
47,0.567988,0.568168,15506.208008
48,0.573168,0.543504,15722.518555
49,0.549202,0.592896,16088.529297
50,0.547680,0.589276,16238.264648
51,0.522595,0.601648,16454.558594
52,0.452435,0.589322,17336.359375
53,0.456352,0.603527,17552.636719
54,0.429385,0.601283,18001.847656
55,0.428909,0.601781,18085.035156
56,0.429177,0.601337,18367.876953
57,0.365658,0.582725,18667.375000
58,0.369914,0.567975,19216.390625
59,0.364544,0.585513,19332.869141
60,0.370397,0.583052,19449.310547
61,0.406662,0.644866,19915.166016
62,0.414261,0.644494,20164.734375
63,0.414546,0.641525,20247.910156
64,0.331122,0.834314,21096.439453
65,0.332894,0.827424,21312.718750
66,0.293154,0.769723,21645.478516
67,0.299250,0.772346,21994.873047
68,0.318363,0.763483,22194.513672
69,0.317399,0.774103,22311.003906
70,0.275494,0.704185,22843.398438
71,0.287504,0.703830,23026.400391
72,0.256714,0.606217,23192.779297
73,0.262370,0.606403,23325.890625
74,0.280620,0.608850,24374.046875
75,0.461416,0.708574,24756.707031
76,0.452908,0.623073,24989.634766
0,0.708680,0.549106,282.819061
1,0.961845,0.510323,1364.311768
2,0.850358,0.486091,1780.242065
3,0.848794,0.467987,2046.428955
4,0.879674,0.453535,2395.795166
5,0.972031,0.488050,2728.537109
6,0.083697,0.432624,3893.210205
7,0.081971,0.407016,4042.927979
8,0.093244,0.398972,4458.890137
9,0.090300,0.409112,4874.826172
10,0.175618,0.429704,5340.675293
11,0.180041,0.454740,5606.888184
12,0.230437,0.785518,6039.436035
13,0.217097,0.798194,6172.522949
14,0.210098,0.804025,6272.376465
15,0.223016,0.796611,6372.189453
16,0.202680,0.461005,6987.773926
17,0.216030,0.453305,7204.063477
18,0.236009,0.390052,7636.670410
19,0.485615,0.506605,8917.749023
20,0.284689,0.567617,9633.141602
21,0.386988,0.523220,10698.000977
22,0.448911,0.494572,10947.557617
23,0.441349,0.599619,11779.396484
24,0.512603,0.501089,12594.655273
25,0.526187,0.493092,13060.501953
26,0.531891,0.487665,13243.500977
27,0.535140,0.480274,13343.341797
28,0.535531,0.488109,13443.177734
29,0.543298,0.489920,14158.595703
30,0.563677,0.638772,14275.072266
31,0.601138,0.879962,14807.446289
32,0.691829,0.886428,15040.379883
33,0.426479,0.412243,16837.259766
34,0.416665,0.302738,16970.355469
35,0.403621,0.184131,17269.845703
36,0.397139,0.494477,17968.589844
37,0.383163,0.452232,18384.521484
38,0.368857,0.438517,18733.945312
39,0.489407,0.700541,19083.337891
40,0.521530,0.725880,19183.169922
41,0.626214,0.631731,19948.490234
42,0.617104,0.303909,20414.333984
43,0.642093,0.315834,20597.326172
44,0.726036,0.354161,21079.828125
45,0.745600,0.363161,21346.035156
46,0.754166,0.363460,21429.214844
47,0.817037,0.584574,21595.578125
48,0.700096,0.560070,22011.517578
49,0.684015,0.683467,22410.986328
50,0.671467,0.674172,22577.201172
51,0.685030,0.622527,22726.941406
52,0.650334,0.337088,23242.699219
53,0.662050,0.339803,23475.636719
54,0.657132,0.380931,24390.708984
0,0.649349,0.317102,981.594666
1,0.589455,0.466610,1264.401611
2,0.510702,0.503473,1613.853638
3,0.464903,0.495963,1813.481445
4,0.467093,0.491780,1963.195435
5,0.438111,0.500983,2113.015869
6,0.440843,0.425690,2412.412354
7,0.445426,0.424098,2828.320068
8,0.437044,0.309949,3111.200684
9,0.452440,0.239035,3344.110107
10,0.579044,0.088329,3776.711426
11,0.902872,0.048505,4225.892090
12,0.793502,0.052207,4425.548340
13,0.860965,0.398981,5440.434082
14,0.875221,0.435168,5723.275879
15,0.852233,0.458661,5956.242676
16,0.723966,0.446896,6937.849121
17,0.721582,0.437230,7054.299805
18,0.736219,0.470818,7420.329102
19,0.730200,0.459999,7753.142090
20,0.722893,0.433685,8169.032715
21,0.723014,0.436605,8751.308594
22,0.727561,0.419793,8934.378906
23,0.718026,0.478998,9433.500000
24,0.717582,0.498524,9633.198242
25,0.739968,0.451635,10032.477539
26,0.741516,0.437101,10148.910156
27,0.969586,0.411086,10781.186523
28,0.974348,0.387521,11030.669922
29,0.972156,0.408605,11197.157227
30,0.968214,0.404087,11313.528320
31,0.933329,0.464877,11546.429688
32,0.886427,0.463173,11796.044922
33,0.931356,0.458095,12178.710938
34,0.935842,0.459189,12278.478516
35,0.988392,0.832019,12993.973633
36,0.359889,0.942357,13443.139648
37,0.485305,0.931751,13642.798828
38,0.472054,0.951398,13958.888672
39,0.581367,0.971909,14125.290039
40,0.166240,0.944677,14341.649414
41,0.101072,0.324815,15373.071289
42,0.097457,0.351428,15506.179688
43,0.193198,0.432698,16803.894531
44,0.281360,0.543287,17902.037109
45,0.303117,0.629174,18101.750000
46,0.255762,0.407732,18634.035156
47,0.242080,0.377608,18833.769531
48,0.231474,0.321457,18983.486328
49,0.173435,0.454327,19332.843750
50,0.189452,0.420017,19532.458984
51,0.220390,0.448445,19831.966797
52,0.175460,0.435695,20197.970703
53,0.386631,0.977140,21578.978516
54,0.120534,0.949358,21778.580078
55,0.394292,0.940807,22177.884766
56,0.936386,0.353387,23708.582031
57,0.478221,0.476829,24923.078125
