Idx, longitude, latitude, start timestamp
0,0.757519,0.517271,-0.009744
1,0.767279,0.519240,266.148254
2,0.770269,0.520495,515.730652
3,0.769919,0.517596,765.274719
4,0.786885,0.511408,1014.841980
5,0.808745,0.513842,1264.316406
6,0.827076,0.534375,1514.009521
7,0.834020,0.555674,1763.444214
8,0.836224,0.558367,2013.154297
9,0.820878,0.552521,2262.663086
10,0.789780,0.551212,2512.273193
11,0.771023,0.550934,2761.813232
12,0.756595,0.554633,3011.299316
13,0.740141,0.568465,3260.922119
14,0.716254,0.571063,3510.418457
15,0.686525,0.564768,3760.059814
16,0.653914,0.552595,4009.510742
17,0.626439,0.535725,4259.133789
18,0.602150,0.518755,4508.628906
19,0.575815,0.506599,4758.311035
20,0.544237,0.498312,5007.910156
21,0.504568,0.488406,5257.408203
22,0.476429,0.478847,5507.040527
23,0.467087,0.464737,5756.493164
24,0.470956,0.429690,6006.136719
25,0.486716,0.388121,6338.887695
26,0.498700,0.375540,6505.248047
27,0.522589,0.356796,6838.032715
28,0.553470,0.350285,7070.911133
29,0.569409,0.372800,7320.452148
30,0.578573,0.423538,7570.000488
31,0.591162,0.461991,7802.992676
32,0.603165,0.474187,8052.483887
33,0.618044,0.483289,8302.094727
34,0.634182,0.482767,8551.586914
35,0.650340,0.476992,8801.234375
36,0.664841,0.473551,9050.668945
37,0.674579,0.467090,9300.284180
38,0.679665,0.447444,9533.203125
39,0.692149,0.420339,9782.781250
40,0.717571,0.399814,10032.418945
41,0.705681,0.369200,10281.894531
42,0.706301,0.325362,10531.535156
43,0.755372,0.306452,10764.447266
44,0.847763,0.311190,11014.051758
45,0.914084,0.355185,11263.556641
46,0.952335,0.387085,11546.458984
47,0.985125,0.379108,11762.630859
48,0.025271,0.374942,12045.542969
49,0.063101,0.381364,12278.378906
50,0.100615,0.393443,12528.038086
51,0.129078,0.414952,12777.517578
52,0.151507,0.436821,13027.138672
53,0.168247,0.447543,13259.975586
54,0.187164,0.468392,13509.609375
55,0.197180,0.480657,13792.516602
56,0.204933,0.487301,14008.753906
57,0.210452,0.492375,14258.388672
58,0.219004,0.497472,14541.145508
59,0.230436,0.501553,14774.146484
60,0.241992,0.503694,15023.616211
61,0.255235,0.504012,15256.575195
62,0.265664,0.506984,15506.055664
63,0.272467,0.508018,15755.735352
64,0.274466,0.506207,16005.161133
65,0.273597,0.505947,16254.845703
66,0.271949,0.505450,16504.292969
67,0.270296,0.505658,16753.935547
68,0.265587,0.502298,17003.564453
69,0.255213,0.489194,17253.019531
70,0.244308,0.468626,17502.699219
71,0.233213,0.460029,17752.136719
72,0.221691,0.460859,18001.800781
73,0.207499,0.462404,18251.300781
74,0.189269,0.463233,18500.958984
75,0.166120,0.463769,18833.636719
76,0.143032,0.459684,19083.113281
77,0.117189,0.449714,19332.773438
78,0.089771,0.439832,19565.605469
79,0.058629,0.437105,19798.642578
80,0.026150,0.433945,20048.099609
81,0.990946,0.449858,20281.087891
82,0.955304,0.485860,20547.210938
83,0.932055,0.498849,20780.201172
84,0.906784,0.504896,21029.757812
85,0.880490,0.509232,21279.351562
86,0.860871,0.513386,21512.193359
87,0.835100,0.512840,21761.851562
88,0.814276,0.513590,22044.748047
89,0.793185,0.514747,22277.583984
90,0.782874,0.518492,22527.185547
91,0.778739,0.520623,22776.722656
92,0.778414,0.526811,23009.703125
93,0.774222,0.531661,23259.187500
94,0.769124,0.535818,23542.046875
95,0.758407,0.536392,23774.931641
96,0.742732,0.536297,24041.146484
97,0.724400,0.533739,24274.060547
98,0.703291,0.528989,24507.007812
99,0.688907,0.526626,24773.259766
0,0.749384,0.451380,0.000662
1,0.748997,0.454482,266.104675
2,0.735488,0.465571,515.740662
3,0.686973,0.475575,765.338257
4,0.636836,0.474354,1014.799255
5,0.607861,0.471827,1264.433960
6,0.596066,0.473055,1513.936401
7,0.584630,0.443878,1763.533203
8,0.592485,0.397199,2013.102173
9,0.693838,0.420329,2262.716309
10,0.833234,0.465469,2512.160400
11,0.875549,0.471172,2761.763428
12,0.906620,0.438384,3011.403320
13,0.932762,0.412630,3260.879883
14,0.943780,0.389862,3510.568115
15,0.953892,0.394784,3760.029297
16,0.982353,0.445419,4009.637451
17,0.972241,0.489421,4259.108887
18,0.967921,0.504931,4508.783691
19,0.963669,0.508644,4758.262207
20,0.963514,0.508547,5007.874023
21,0.945815,0.509108,5257.342773
22,0.840825,0.508927,5507.004883
23,0.777249,0.511675,5756.702148
24,0.784171,0.540309,6006.095215
25,0.792003,0.637611,6255.760742
26,0.791065,0.667654,6505.187500
27,0.757731,0.667040,6754.869141
28,0.738832,0.661120,7004.307617
29,0.727499,0.619149,7254.030273
30,0.720085,0.573749,7503.460449
31,0.709459,0.545122,7753.046875
32,0.692309,0.521407,8002.595703
33,0.656111,0.494940,8252.219727
34,0.598289,0.470370,8501.714844
35,0.543419,0.463971,8751.303711
36,0.502149,0.478849,9000.953125
37,0.471445,0.530118,9250.448242
38,0.460894,0.566163,9500.013672
39,0.455365,0.602190,9766.139648
40,0.460743,0.654732,10015.787109
41,0.461945,0.665215,10265.290039
42,0.466133,0.662017,10514.974609
43,0.555215,0.588905,10764.392578
44,0.687457,0.501164,11013.989258
45,0.758488,0.474551,11263.648438
46,0.841155,0.464223,11513.101562
47,0.890496,0.454072,11762.757812
48,0.900596,0.417524,12012.253906
49,0.914669,0.372938,12261.907227
50,0.917968,0.355488,12511.431641
51,0.917257,0.351933,12761.062500
52,0.917099,0.359628,13010.507812
53,0.917593,0.415996,13260.106445
54,0.914195,0.445532,13509.621094
55,0.872775,0.452880,13759.207031
56,0.818834,0.461063,14008.739258
57,0.788004,0.467958,14258.314453
58,0.788341,0.467965,14507.964844
59,0.789267,0.464394,14757.439453
60,0.790668,0.460748,15007.077148
61,0.798137,0.462939,15256.601562
62,0.827447,0.472406,15506.186523
63,0.836297,0.476478,15755.706055
64,0.835323,0.474786,16005.272461
65,0.833350,0.470635,16254.839844
66,0.831054,0.467317,16504.388672
67,0.836441,0.467941,16753.882812
68,0.854555,0.472366,17003.505859
69,0.860807,0.474415,17253.064453
70,0.862612,0.475552,17502.691406
71,0.864366,0.476405,17752.267578
72,0.863355,0.475720,18001.814453
73,0.860771,0.474791,18251.359375
74,0.852349,0.471438,18500.884766
75,0.833751,0.466368,18750.472656
76,0.818317,0.466650,19000.033203
77,0.814774,0.473851,19266.298828
78,0.812180,0.479300,19515.798828
79,0.809719,0.479348,19765.365234
80,0.805537,0.476150,20015.072266
81,0.803208,0.473050,20264.443359
82,0.802578,0.470955,20514.119141
83,0.801953,0.468591,20780.183594
84,0.802046,0.469251,21013.242188
85,0.801919,0.469649,21262.753906
86,0.802009,0.468764,21512.298828
87,0.802294,0.468094,21761.835938
88,0.801982,0.467901,22011.441406
89,0.809096,0.465052,22260.962891
90,0.916908,0.463738,22510.531250
91,0.990201,0.492060,22760.140625
92,0.025293,0.482842,23009.646484
93,0.043448,0.466036,23259.291016
94,0.062631,0.457588,23508.851562
95,0.106561,0.480835,23758.429688
96,0.133477,0.492085,24007.996094
97,0.145989,0.497018,24257.498047
98,0.156885,0.501026,24507.035156
99,0.165740,0.495729,24756.722656
0,0.750145,0.534222,-0.054520
1,0.747805,0.522888,266.161774
2,0.748147,0.494763,515.610107
3,0.730373,0.483400,765.261902
4,0.692111,0.481369,1014.842773
5,0.655529,0.486617,1264.391479
6,0.642623,0.486831,1514.002197
7,0.648625,0.488679,1763.518799
8,0.681385,0.483226,2013.145264
9,0.765187,0.476157,2262.646729
10,0.819700,0.465143,2512.265381
11,0.846167,0.461713,2761.771240
12,0.892555,0.451879,3044.630127
13,0.932531,0.432865,3294.208740
14,0.942314,0.429641,3527.105225
15,0.963458,0.443024,3776.615479
16,0.986308,0.451066,4009.574219
17,0.010449,0.451337,4259.229004
18,0.039531,0.454210,4541.926270
19,0.058852,0.454611,4791.599609
20,0.088325,0.443720,5024.483887
21,0.106875,0.442485,5274.045898
22,0.121708,0.442550,5506.914551
23,0.139511,0.455336,5756.595215
24,0.151849,0.479987,6006.037109
25,0.151302,0.479872,6288.914062
26,0.150370,0.475888,6521.918945
27,0.147661,0.478065,6771.436035
28,0.148874,0.502968,7021.013672
29,0.152196,0.507769,7253.930176
30,0.155942,0.494134,7520.177734
31,0.161031,0.479242,7753.006836
32,0.173261,0.471429,8002.676758
33,0.185889,0.474988,8252.126953
34,0.179300,0.485103,8518.402344
35,0.146114,0.486217,8767.930664
36,0.123302,0.491425,9000.903320
37,0.099135,0.500359,9250.424805
38,0.076079,0.502979,9500.028320
39,0.060329,0.500901,9766.248047
40,0.055316,0.497328,10015.857422
41,0.064367,0.487538,10265.407227
42,0.070133,0.443462,10514.876953
43,0.065181,0.404747,10764.526367
44,0.049095,0.397474,11030.650391
45,0.032980,0.397306,11263.596680
46,0.017434,0.399583,11513.085938
47,0.993123,0.402526,11762.734375
48,0.967893,0.418268,12012.388672
49,0.949264,0.437214,12261.822266
50,0.932977,0.440888,12594.619141
51,0.919299,0.449879,12844.184570
52,0.918993,0.466227,13093.701172
53,0.916243,0.474427,13326.739258
54,0.899358,0.468466,13576.205078
55,0.877612,0.482402,13809.241211
56,0.863725,0.488033,14058.710938
57,0.853195,0.481645,14308.312500
58,0.869848,0.485513,14557.826172
59,0.897728,0.485879,14790.829102
60,0.909024,0.476765,15040.281250
61,0.910559,0.475899,15273.291992
62,0.913956,0.473732,15506.193359
63,0.958135,0.483948,15755.802734
64,0.973357,0.494424,16038.539062
65,0.979795,0.499367,16288.135742
66,0.964013,0.503330,16521.021484
67,0.955720,0.508117,16787.253906
68,0.938199,0.507958,17036.939453
69,0.871802,0.506330,17269.757812
70,0.803110,0.502327,17502.658203
71,0.777123,0.493099,17768.908203
72,0.776899,0.492603,18001.789062
73,0.762096,0.484753,18251.412109
74,0.738969,0.483783,18534.291016
75,0.718464,0.488229,18767.117188
76,0.701534,0.484289,19016.779297
77,0.672181,0.479796,19266.265625
78,0.619729,0.466930,19515.917969
79,0.561134,0.448444,19765.390625
80,0.513563,0.441065,20014.962891
81,0.467711,0.453641,20264.488281
82,0.441062,0.464199,20514.130859
83,0.414756,0.461778,20763.767578
84,0.389556,0.451388,21013.269531
85,0.372898,0.440899,21262.832031
86,0.353779,0.438236,21512.371094
87,0.336650,0.440360,21761.962891
88,0.327757,0.442319,22011.486328
89,0.313835,0.434160,22344.189453
90,0.303250,0.426497,22510.572266
91,0.290952,0.418182,22826.679688
92,0.280876,0.415174,23076.345703
93,0.263622,0.417665,23325.791016
94,0.255464,0.419407,23575.439453
95,0.244760,0.422425,23808.345703
96,0.242970,0.428944,24057.966797
97,0.248373,0.438280,24307.419922
98,0.252710,0.434842,24540.464844
99,0.253688,0.431653,24789.960938
0,0.750236,0.523953,-0.004326
1,0.749477,0.524183,266.070374
2,0.750044,0.526428,515.676758
3,0.769518,0.544666,765.189026
4,0.790142,0.560160,1014.829346
5,0.806058,0.568978,1264.282227
6,0.811333,0.580031,1513.901245
7,0.809334,0.610185,1763.429077
8,0.812533,0.613833,2012.991333
9,0.812759,0.577089,2262.622803
10,0.809894,0.549474,2512.142578
11,0.809956,0.541203,2761.714111
12,0.811189,0.544809,3011.207275
13,0.812157,0.545511,3260.900146
14,0.814149,0.545542,3510.380859
15,0.826881,0.542077,3759.937256
16,0.857014,0.532865,4009.494141
17,0.885451,0.525043,4259.108887
18,0.913721,0.519537,4508.606445
19,0.956629,0.511728,4758.201172
20,0.989435,0.513471,5007.649414
21,0.998255,0.517015,5257.377441
22,0.019926,0.515907,5506.917969
23,0.047778,0.524535,5756.431152
24,0.064251,0.527211,6005.863281
25,0.075226,0.523733,6255.502930
26,0.078205,0.517161,6505.105957
27,0.085530,0.512037,6754.658691
28,0.104967,0.508271,7004.242188
29,0.125195,0.507007,7253.723145
30,0.150328,0.503458,7519.998047
31,0.165155,0.510584,7752.810059
32,0.167871,0.513905,8002.466797
33,0.168686,0.511853,8251.919922
34,0.165134,0.512874,8501.572266
35,0.071160,0.532292,8817.716797
36,0.906908,0.539941,9067.205078
37,0.816181,0.537196,9283.522461
38,0.801031,0.532230,9516.418945
39,0.787048,0.517337,9799.274414
40,0.778336,0.512784,10032.130859
41,0.743665,0.509895,10265.139648
42,0.710194,0.504982,10514.649414
43,0.683474,0.499163,10780.835938
44,0.648849,0.494544,11013.729492
45,0.616252,0.482624,11263.347656
46,0.587608,0.477019,11579.492188
47,0.577220,0.468864,11812.347656
48,0.578602,0.383523,12028.746094
49,0.573962,0.314543,12261.559570
50,0.540150,0.285536,12544.452148
51,0.489512,0.333794,12760.681641
52,0.465237,0.391678,13026.919922
53,0.465063,0.399444,13259.800781
54,0.461709,0.408382,13509.420898
55,0.451872,0.441457,13758.874023
56,0.430536,0.476751,14074.981445
57,0.413897,0.487442,14307.984375
58,0.386767,0.499038,14524.266602
59,0.371870,0.506598,14757.236328
60,0.374334,0.505041,15039.958984
61,0.384399,0.505748,15256.376953
62,0.395733,0.501461,15522.485352
63,0.412440,0.496162,15755.489258
64,0.439650,0.492993,16004.943359
65,0.464138,0.494953,16254.607422
66,0.493313,0.493375,16587.326172
67,0.565448,0.495614,16803.576172
68,0.649249,0.512657,17036.582031
69,0.693733,0.514365,17286.023438
70,0.756850,0.502814,17502.425781
71,0.797065,0.500051,17751.890625
72,0.816643,0.497207,18018.123047
73,0.821402,0.501125,18250.978516
74,0.849168,0.499189,18517.283203
75,0.886347,0.484439,18750.109375
76,0.912117,0.483221,19016.345703
77,0.928107,0.488417,19265.855469
78,0.952345,0.486852,19581.962891
79,0.970954,0.485328,19814.966797
80,0.973724,0.487960,20047.859375
81,0.999622,0.488285,20280.824219
82,0.021206,0.493290,20513.679688
83,0.035166,0.504294,20763.314453
84,0.046953,0.505998,21029.410156
85,0.046074,0.510255,21279.058594
86,0.048679,0.516395,21528.562500
87,0.043535,0.516079,21778.121094
88,0.034757,0.511948,22011.056641
89,0.021564,0.507699,22260.664062
90,0.006864,0.504958,22510.101562
91,0.962298,0.503254,22826.214844
92,0.925539,0.459974,23059.220703
93,0.927710,0.393234,23292.093750
94,0.934562,0.357514,23508.505859
95,0.950887,0.352574,23757.980469
96,0.975393,0.368688,24024.216797
97,0.004985,0.375425,24257.087891
98,0.029427,0.387757,24523.287109
99,0.042327,0.398143,24756.156250
0,0.750201,0.519728,0.053499
1,0.750092,0.520683,266.152008
2,0.750042,0.521593,515.801147
3,0.750133,0.522321,765.361450
4,0.749988,0.523235,1014.947632
5,0.746652,0.522913,1264.557495
6,0.714603,0.511785,1514.004028
7,0.673008,0.490858,1763.577271
8,0.642890,0.470122,2013.147461
9,0.621307,0.456612,2262.800537
10,0.613060,0.444430,2512.320801
11,0.606231,0.432923,2761.923096
12,0.599984,0.409675,3011.379395
13,0.593409,0.377049,3261.096436
14,0.588299,0.352715,3510.555908
15,0.577760,0.337919,3760.148193
16,0.563238,0.334499,4009.650635
17,0.548178,0.339023,4259.293945
18,0.533823,0.348682,4508.926758
19,0.519993,0.364896,4758.337891
20,0.507457,0.379246,5008.102539
21,0.496112,0.388985,5257.554199
22,0.481983,0.396017,5507.131348
23,0.463513,0.408675,5756.580566
24,0.444589,0.427825,6006.295898
25,0.421557,0.445871,6255.753906
26,0.400963,0.459403,6505.312988
27,0.387464,0.467573,6754.937012
28,0.372990,0.468317,7004.431641
29,0.359756,0.467978,7253.986816
30,0.351013,0.466264,7503.549805
31,0.344206,0.467866,7753.182129
32,0.340581,0.465175,8002.746582
33,0.331824,0.460238,8252.292969
34,0.321636,0.451535,8501.817383
35,0.309075,0.448315,8751.425781
36,0.292302,0.443554,9000.958008
37,0.281639,0.446452,9250.522461
38,0.271661,0.456447,9500.079102
39,0.266868,0.464760,9766.371094
40,0.263021,0.475831,10015.930664
41,0.264045,0.489941,10265.416992
42,0.285569,0.496499,10515.051758
43,0.299938,0.500415,10764.507812
44,0.296985,0.502257,11014.245117
45,0.279169,0.495648,11263.636719
46,0.246111,0.482192,11546.501953
47,0.221417,0.482544,11762.800781
48,0.200228,0.481687,12012.427734
49,0.182132,0.479699,12278.514648
50,0.163357,0.475891,12511.474609
51,0.147070,0.469552,12777.766602
52,0.134554,0.460342,13027.277344
53,0.122789,0.458322,13260.303711
54,0.113996,0.467265,13526.411133
55,0.108409,0.471424,13759.351562
56,0.107098,0.470969,14008.901367
57,0.108034,0.469722,14275.137695
58,0.109567,0.466471,14524.576172
59,0.112447,0.461810,14774.242188
60,0.114088,0.463145,15023.697266
61,0.115665,0.465444,15256.694336
62,0.118581,0.468254,15506.251953
63,0.123085,0.469138,15755.825195
64,0.129659,0.469117,16005.370117
65,0.138646,0.469377,16255.000000
66,0.145817,0.470051,16504.611328
67,0.149789,0.470174,16754.125000
68,0.147217,0.470921,17003.710938
69,0.140917,0.472676,17253.220703
70,0.132487,0.474310,17502.789062
71,0.123670,0.475412,17752.345703
72,0.119065,0.476249,18001.923828
73,0.120625,0.475747,18251.464844
74,0.124679,0.473980,18501.097656
75,0.132551,0.472820,18750.558594
76,0.143821,0.472529,19000.191406
77,0.157389,0.471870,19266.402344
78,0.169857,0.470867,19515.886719
79,0.184267,0.468663,19765.535156
80,0.200857,0.464596,20015.003906
81,0.218005,0.460227,20264.671875
82,0.239156,0.454774,20514.164062
83,0.265417,0.446785,20763.746094
84,0.291404,0.441278,21013.306641
85,0.333849,0.443558,21262.904297
86,0.388012,0.444020,21512.416016
87,0.476667,0.444919,21761.998047
88,0.541139,0.448133,22011.619141
89,0.595645,0.441099,22261.128906
90,0.632068,0.450657,22593.906250
91,0.650311,0.451358,22760.291016
92,0.671593,0.449047,23009.880859
93,0.691895,0.451151,23259.347656
94,0.714873,0.451636,23508.966797
95,0.735058,0.454054,23758.521484
96,0.749869,0.455316,24008.078125
97,0.769437,0.458155,24257.613281
98,0.789374,0.463131,24507.207031
99,0.803793,0.467118,24756.837891
0,0.752462,0.427575,-0.033599
1,0.752577,0.437987,266.220337
2,0.763150,0.458644,515.838013
3,0.802342,0.469110,765.395020
4,0.834694,0.475113,1014.913635
5,0.863687,0.473522,1264.505859
6,0.892136,0.459311,1514.060669
7,0.921112,0.454062,1763.567139
8,0.942508,0.454296,2013.137939
9,0.956231,0.472798,2262.639160
10,0.970588,0.476613,2512.346924
11,0.989213,0.453574,2761.754395
12,0.001116,0.440418,3011.449707
13,0.005436,0.462234,3260.908691
14,0.004336,0.500635,3510.539795
15,0.999001,0.537954,3760.123047
16,0.992757,0.531095,4009.609863
17,0.986784,0.514911,4259.358887
18,0.982354,0.509287,4508.728516
19,0.963730,0.491908,4758.425781
20,0.937036,0.475602,5007.896484
21,0.917556,0.465734,5257.497070
22,0.897344,0.456404,5506.958008
23,0.878766,0.445744,5756.635742
24,0.867285,0.439765,6006.106934
25,0.864229,0.435012,6255.686035
26,0.867600,0.431947,6505.401367
27,0.853349,0.444085,6754.894531
28,0.784666,0.465757,7004.559570
29,0.725909,0.473839,7253.928223
30,0.700305,0.476464,7503.599121
31,0.677703,0.485596,7753.072266
32,0.635550,0.490374,8002.661621
33,0.581295,0.481764,8252.252930
34,0.545746,0.464596,8501.818359
35,0.526491,0.443536,8751.291992
36,0.509992,0.420213,9000.891602
37,0.515972,0.349463,9250.444336
38,0.528134,0.295300,9500.045898
39,0.512101,0.318294,9766.307617
40,0.468404,0.376577,10015.749023
41,0.425314,0.422768,10265.492188
42,0.381565,0.445224,10514.889648
43,0.350975,0.444094,10764.579102
44,0.331161,0.447510,11013.979492
45,0.307362,0.442212,11263.615234
46,0.283593,0.433892,11513.153320
47,0.267671,0.423737,11762.749023
48,0.265760,0.418513,12012.458008
49,0.258807,0.425344,12261.861328
50,0.257376,0.436171,12511.563477
51,0.257686,0.440219,12760.944336
52,0.259109,0.438396,13010.529297
53,0.259993,0.438918,13260.116211
54,0.261135,0.438215,13509.700195
55,0.261609,0.437806,13759.185547
56,0.262887,0.437461,14008.896484
57,0.263065,0.435250,14258.373047
58,0.264122,0.432666,14507.922852
59,0.267860,0.432106,14757.461914
60,0.275879,0.436218,15007.032227
61,0.281095,0.434204,15256.716797
62,0.281752,0.433006,15506.200195
63,0.277163,0.433597,15755.867188
64,0.259741,0.434150,16005.355469
65,0.273257,0.431743,16254.945312
66,0.317407,0.422704,16504.464844
67,0.356251,0.418010,16754.021484
68,0.383545,0.418455,17003.550781
69,0.454655,0.417584,17253.126953
70,0.589134,0.423500,17519.419922
71,0.718452,0.428170,17768.902344
72,0.808326,0.438952,18018.425781
73,0.879032,0.445859,18251.353516
74,0.941967,0.456817,18501.003906
75,0.976228,0.463109,18767.091797
76,0.984576,0.453219,19016.773438
77,0.988259,0.439089,19266.205078
78,0.989303,0.430509,19515.871094
79,0.993104,0.435122,19765.333984
80,0.008032,0.449973,20015.005859
81,0.024847,0.460685,20264.451172
82,0.051546,0.472870,20514.083984
83,0.063396,0.473835,20763.726562
84,0.064910,0.475147,21013.179688
85,0.062943,0.477142,21262.833984
86,0.060738,0.477870,21512.291016
87,0.057714,0.476254,21761.951172
88,0.055035,0.473523,22094.675781
89,0.054343,0.471483,22344.197266
90,0.053660,0.470448,22593.837891
91,0.053313,0.470857,22826.664062
92,0.048541,0.463443,23059.710938
93,0.046671,0.443640,23309.130859
94,0.058824,0.450533,23558.771484
95,0.044980,0.450011,23808.255859
96,0.021437,0.449143,24041.289062
97,0.993837,0.441111,24274.115234
98,0.963653,0.434269,24523.773438
99,0.937471,0.435019,24773.285156
0,0.750027,0.568418,0.032265
1,0.749340,0.569512,266.262909
2,0.740286,0.574960,515.855042
3,0.698667,0.589754,765.426086
4,0.662891,0.596654,1014.939941
5,0.633253,0.593703,1264.525024
6,0.599401,0.581254,1514.049805
7,0.566715,0.566786,1763.718506
8,0.539896,0.552034,2013.176636
9,0.515296,0.528391,2262.782471
10,0.494562,0.491535,2512.341797
11,0.488019,0.463536,2761.920410
12,0.496044,0.461535,3011.435303
13,0.510531,0.491050,3261.002197
14,0.519448,0.519135,3510.675293
15,0.525506,0.523873,3760.115234
16,0.534086,0.523706,4009.733398
17,0.555474,0.532428,4259.274902
18,0.584620,0.539833,4508.893555
19,0.617431,0.547932,4758.432129
20,0.649032,0.554403,5007.968750
21,0.680561,0.559941,5257.540039
22,0.702433,0.567666,5507.066895
23,0.713459,0.571495,5756.742676
24,0.720899,0.573420,6006.197266
25,0.734598,0.574207,6255.802246
26,0.762431,0.575156,6505.332520
27,0.792044,0.579006,6754.902344
28,0.810503,0.584251,7004.446777
29,0.827509,0.585392,7254.038574
30,0.833790,0.587284,7503.639648
31,0.837842,0.587536,7753.158203
32,0.840942,0.584353,8002.746094
33,0.851928,0.577772,8252.265625
34,0.872823,0.562041,8501.863281
35,0.891718,0.540493,8751.438477
36,0.907673,0.506071,9001.018555
37,0.920704,0.465640,9250.612305
38,0.930154,0.428852,9500.101562
39,0.937610,0.325985,9766.297852
40,0.946961,0.283758,10015.906250
41,0.950367,0.268928,10265.411133
42,0.957639,0.234361,10514.974609
43,0.960313,0.221423,10764.643555
44,0.962073,0.258778,11014.157227
45,0.968302,0.321492,11263.696289
46,0.981833,0.397876,11513.268555
47,0.986232,0.474085,11762.855469
48,0.983066,0.525478,12012.397461
49,0.987722,0.555601,12261.938477
50,0.994175,0.570878,12511.562500
51,0.010935,0.579705,12761.087891
52,0.031363,0.583021,13010.626953
53,0.053453,0.582045,13260.205078
54,0.076733,0.576949,13509.830078
55,0.100320,0.565848,13759.335938
56,0.120711,0.559776,14008.873047
57,0.138053,0.554510,14258.461914
58,0.152595,0.547026,14508.134766
59,0.165363,0.545771,14757.584961
60,0.179420,0.588912,15007.133789
61,0.200300,0.627538,15256.711914
62,0.221090,0.632248,15506.293945
63,0.243407,0.602849,15755.875000
64,0.262476,0.578747,16005.427734
65,0.288168,0.566089,16254.948242
66,0.313849,0.561060,16504.574219
67,0.338521,0.554405,16754.121094
68,0.363509,0.548760,17003.638672
69,0.379208,0.531833,17253.216797
70,0.385681,0.510336,17502.773438
71,0.386498,0.491110,17752.341797
72,0.375695,0.475305,18001.910156
73,0.350848,0.448590,18251.494141
74,0.309862,0.432576,18501.039062
75,0.301077,0.435700,18750.695312
76,0.314973,0.454454,19000.210938
77,0.348007,0.469916,19266.353516
78,0.377479,0.489739,19515.916016
79,0.388772,0.517863,19765.626953
80,0.395622,0.527440,20015.117188
81,0.390802,0.530316,20264.681641
82,0.383887,0.527896,20514.205078
83,0.379614,0.526740,20763.800781
84,0.373256,0.525802,21013.375000
85,0.367017,0.524332,21262.878906
86,0.363189,0.524521,21512.466797
87,0.361706,0.526627,21762.033203
88,0.361194,0.527053,22011.693359
89,0.359615,0.526090,22261.126953
90,0.357394,0.525327,22510.720703
91,0.353740,0.524103,22760.242188
92,0.350780,0.523023,23009.880859
93,0.347296,0.524465,23259.384766
94,0.342440,0.527726,23509.003906
95,0.337491,0.529640,23758.539062
96,0.331306,0.530799,24008.062500
97,0.325254,0.531698,24257.662109
98,0.316652,0.532934,24507.265625
99,0.308114,0.533714,24756.806641
0,0.752719,0.563394,-0.091183
1,0.752544,0.562171,266.034698
2,0.761221,0.552986,532.306030
3,0.799148,0.541702,765.188354
4,0.835354,0.510130,1014.785950
5,0.865557,0.458602,1264.315308
6,0.884503,0.440741,1513.941406
7,0.911496,0.434091,1763.365479
8,0.932227,0.439770,2012.970581
9,0.956814,0.460214,2262.465088
10,0.993561,0.488216,2545.353516
11,0.018760,0.471595,2795.010010
12,0.033508,0.422182,3044.451416
13,0.016904,0.425735,3294.093750
14,0.005031,0.436614,3543.567627
15,0.952363,0.465039,3793.249512
16,0.837155,0.497158,4026.110107
17,0.667848,0.519468,4259.096191
18,0.605819,0.508337,4525.194336
19,0.567198,0.488239,4774.834961
20,0.502613,0.495136,5007.660156
21,0.457493,0.588426,5257.302734
22,0.435130,0.660691,5506.965332
23,0.441748,0.740600,5756.413086
24,0.486594,0.856429,6006.044434
25,0.570427,0.922351,6255.561035
26,0.573000,0.925728,6505.200684
27,0.643687,0.853081,6754.633789
28,0.687908,0.693050,7004.166016
29,0.698312,0.577022,7253.749023
30,0.701177,0.536190,7503.386230
31,0.701685,0.531692,7786.244141
32,0.692455,0.518767,8002.518555
33,0.681153,0.514486,8285.356445
34,0.650034,0.490680,8518.266602
35,0.616621,0.475456,8784.515625
36,0.584572,0.471241,9017.359375
37,0.538247,0.473667,9267.004883
38,0.466882,0.490004,9516.500977
39,0.380944,0.511185,9766.135742
40,0.328018,0.529460,10048.967773
41,0.313563,0.543418,10298.487305
42,0.327762,0.549698,10548.128906
43,0.358101,0.552527,10780.985352
44,0.421074,0.565336,11047.117188
45,0.508971,0.559849,11280.107422
46,0.588088,0.559659,11529.671875
47,0.645844,0.548764,11762.564453
48,0.668786,0.536628,12012.208008
49,0.683237,0.535320,12261.720703
50,0.703111,0.518515,12511.308594
51,0.762893,0.496194,12760.780273
52,0.784743,0.492302,13010.431641
53,0.761383,0.491463,13259.893555
54,0.728679,0.492317,13509.552734
55,0.618559,0.499015,13759.006836
56,0.424428,0.561623,14008.648438
57,0.323926,0.568999,14258.300781
58,0.264298,0.543964,14507.821289
59,0.211867,0.526590,14757.409180
60,0.201422,0.508159,15006.869141
61,0.202169,0.496774,15256.506836
62,0.180728,0.458700,15589.271484
63,0.168973,0.437510,15838.741211
64,0.172168,0.441454,16071.753906
65,0.178309,0.450879,16321.239258
66,0.181569,0.450462,16570.882812
67,0.182927,0.448749,16803.742188
68,0.185222,0.450366,17053.339844
69,0.190896,0.450822,17302.880859
70,0.209849,0.440510,17535.857422
71,0.234935,0.414093,17785.349609
72,0.272222,0.427666,18018.330078
73,0.329200,0.433104,18267.841797
74,0.356370,0.426817,18500.851562
75,0.364254,0.432542,18750.304688
76,0.365056,0.436498,19049.861328
77,0.364948,0.436191,19299.457031
78,0.364937,0.437097,19532.281250
79,0.363906,0.437719,19781.904297
80,0.363968,0.439032,20014.777344
81,0.363628,0.439507,20264.394531
82,0.363713,0.439677,20513.902344
83,0.364022,0.440722,20763.550781
84,0.364737,0.442306,21013.074219
85,0.365476,0.443376,21295.921875
86,0.365212,0.443182,21545.523438
87,0.353149,0.434960,21778.378906
88,0.343596,0.425075,22011.232422
89,0.312291,0.408711,22260.951172
90,0.249136,0.412062,22510.353516
91,0.189474,0.417933,22760.019531
92,0.153190,0.414986,23009.632812
93,0.112508,0.400372,23259.107422
94,0.069598,0.409842,23508.728516
95,0.022575,0.448666,23758.220703
96,0.989846,0.469901,24024.501953
97,0.980238,0.477306,24257.330078
98,0.981404,0.483598,24506.972656
99,0.983857,0.483991,24756.435547
0,0.748459,0.455978,0.018422
1,0.744767,0.457081,266.169281
2,0.699862,0.467635,515.724487
3,0.647590,0.472686,765.306885
4,0.632990,0.471964,1014.898254
5,0.655160,0.465409,1264.390991
6,0.688960,0.460339,1513.956909
7,0.693632,0.461684,1763.487061
8,0.701095,0.461756,2013.127563
9,0.779337,0.454904,2262.584961
10,0.812426,0.447193,2512.242432
11,0.815675,0.447034,2761.846680
12,0.839272,0.435198,3011.368896
13,0.871849,0.414176,3260.962891
14,0.897665,0.400543,3510.459229
15,0.897829,0.402737,3760.116699
16,0.903572,0.410758,4009.570557
17,0.928383,0.456398,4259.199219
18,0.937288,0.490923,4508.654297
19,0.934721,0.503658,4758.287598
20,0.930353,0.517198,5007.770996
21,0.927925,0.522494,5257.405273
22,0.926145,0.522582,5507.029297
23,0.919055,0.513195,5756.535645
24,0.909148,0.498437,6006.184570
25,0.903545,0.475584,6255.674805
26,0.890012,0.440337,6505.187012
27,0.874934,0.400218,6754.747559
28,0.860832,0.361355,7004.364258
29,0.842140,0.322047,7253.852539
30,0.805534,0.289234,7503.512695
31,0.754989,0.264564,7753.020996
32,0.707292,0.257676,8002.593262
33,0.663243,0.272007,8252.093750
34,0.621241,0.303246,8501.759766
35,0.579981,0.364108,8751.372070
36,0.552621,0.428373,9000.821289
37,0.518720,0.467827,9250.452148
38,0.480213,0.492398,9599.814453
39,0.440728,0.500037,9849.337891
40,0.413254,0.509107,10098.923828
41,0.388745,0.506967,10331.850586
42,0.370533,0.510085,10581.495117
43,0.366399,0.511870,10830.927734
44,0.359391,0.525433,11080.585938
45,0.357968,0.550460,11313.463867
46,0.358300,0.567926,11563.022461
47,0.399673,0.588273,11812.517578
48,0.498107,0.600976,12045.533203
49,0.514536,0.551419,12295.011719
50,0.513093,0.501689,12544.671875
51,0.511031,0.481780,12794.291016
52,0.478603,0.474826,13010.518555
53,0.418237,0.469075,13276.653320
54,0.381796,0.464550,13509.652344
55,0.357219,0.461077,13759.121094
56,0.317479,0.469369,14008.787109
57,0.270754,0.474784,14258.365234
58,0.239367,0.483219,14507.888672
59,0.218357,0.489789,14790.733398
60,0.208837,0.475961,15023.616211
61,0.204787,0.476900,15256.630859
62,0.210311,0.480189,15522.763672
63,0.291880,0.465869,15772.346680
64,0.410662,0.446848,16021.836914
65,0.478367,0.440268,16254.848633
66,0.510612,0.443710,16587.613281
67,0.511886,0.387418,16770.560547
68,0.493080,0.322264,17003.585938
69,0.483811,0.261135,17286.291016
70,0.476804,0.236355,17519.289062
71,0.468596,0.252417,17752.167969
72,0.434942,0.324292,18001.845703
73,0.402233,0.398777,18251.273438
74,0.382216,0.447684,18500.931641
75,0.372970,0.465428,18750.390625
76,0.370192,0.473159,19000.046875
77,0.404778,0.455892,19266.130859
78,0.442742,0.445812,19515.763672
79,0.436792,0.440805,19765.369141
80,0.437954,0.433731,20014.925781
81,0.439649,0.427686,20264.556641
82,0.441066,0.429798,20514.048828
83,0.453284,0.428508,20763.667969
84,0.517626,0.431688,21013.121094
85,0.552520,0.446758,21262.765625
86,0.570786,0.460992,21512.244141
87,0.580064,0.465967,21761.876953
88,0.575919,0.462290,22011.339844
89,0.538790,0.453191,22260.966797
90,0.485120,0.449095,22510.451172
91,0.450687,0.449266,22760.064453
92,0.450354,0.443576,23009.740234
93,0.453932,0.439603,23259.236328
94,0.452565,0.437129,23508.810547
95,0.433525,0.444131,23758.302734
96,0.405018,0.460692,24007.857422
97,0.382609,0.486775,24257.416016
98,0.357188,0.506738,24507.041016
99,0.351547,0.513777,24756.537109
0,0.747796,0.422572,-0.047664
1,0.749785,0.425862,266.106140
2,0.749496,0.427933,515.667480
3,0.747510,0.429024,765.272522
4,0.713703,0.425173,1014.795227
5,0.665526,0.424531,1264.396729
6,0.628899,0.425322,1513.964233
7,0.597663,0.426854,1763.566406
8,0.570981,0.432239,2013.044434
9,0.550553,0.437078,2262.684326
10,0.537092,0.435630,2512.215332
11,0.513992,0.433227,2761.743896
12,0.499229,0.434264,3011.359619
13,0.493175,0.423799,3260.905029
14,0.496867,0.399801,3510.539551
15,0.519095,0.366552,3759.999268
16,0.564320,0.334930,4009.617432
17,0.599569,0.343741,4259.151367
18,0.619455,0.380757,4508.720703
19,0.633927,0.410469,4758.311035
20,0.664523,0.429918,5007.837402
21,0.711462,0.438655,5257.454102
22,0.739146,0.443983,5506.965332
23,0.763494,0.447758,5756.603516
24,0.826951,0.450156,6006.058105
25,0.877146,0.451620,6255.719238
26,0.909620,0.451623,6505.243164
27,0.935245,0.452929,6754.821289
28,0.952590,0.460753,7004.364258
29,0.957584,0.470083,7253.894043
30,0.945293,0.470811,7503.569824
31,0.874132,0.473594,7753.011230
32,0.812926,0.477953,8002.680664
33,0.771350,0.482865,8252.130859
34,0.708984,0.475292,8501.759766
35,0.629115,0.467161,8751.358398
36,0.560412,0.469865,9000.837891
37,0.514486,0.469049,9250.432617
38,0.474584,0.470261,9500.016602
39,0.437332,0.476115,9766.170898
40,0.414798,0.476907,10015.766602
41,0.390969,0.467718,10265.340820
42,0.355466,0.463749,10514.926758
43,0.320931,0.452712,10764.468750
44,0.284892,0.433548,11013.976562
45,0.252390,0.425707,11263.664062
46,0.224404,0.429482,11513.176758
47,0.197617,0.436035,11762.791992
48,0.180665,0.437119,12012.283203
49,0.168480,0.449841,12261.870117
50,0.146644,0.458200,12511.365234
51,0.128235,0.458142,12760.929688
52,0.114876,0.433989,13010.579102
53,0.115548,0.421212,13260.103516
54,0.120218,0.418729,13509.624023
55,0.122484,0.424466,13759.246094
56,0.124187,0.430506,14008.808594
57,0.125870,0.433791,14258.324219
58,0.127367,0.436817,14507.881836
59,0.129100,0.438294,14757.490234
60,0.133831,0.440049,15007.045898
61,0.147386,0.442344,15256.656250
62,0.169873,0.438493,15506.242188
63,0.217473,0.396781,15755.754883
64,0.290840,0.323932,16005.297852
65,0.394986,0.266095,16254.830078
66,0.445927,0.244427,16504.404297
67,0.452470,0.263805,16753.962891
68,0.421460,0.359168,17003.515625
69,0.396633,0.571699,17253.125000
70,0.373816,0.764173,17502.669922
71,0.356159,0.848084,17752.234375
72,0.360867,0.863473,18001.833984
73,0.371720,0.855362,18251.380859
74,0.365111,0.805666,18501.021484
75,0.309664,0.691844,18750.525391
76,0.288636,0.588048,19000.029297
77,0.323102,0.543381,19266.259766
78,0.375430,0.523504,19515.900391
79,0.425301,0.532338,19765.408203
80,0.437165,0.579719,20014.914062
81,0.435577,0.578205,20264.591797
82,0.454417,0.541659,20514.097656
83,0.494461,0.504403,20763.603516
84,0.564288,0.491096,21013.207031
85,0.624754,0.490065,21262.867188
86,0.668137,0.502866,21512.339844
87,0.705638,0.499445,21761.855469
88,0.751622,0.500324,22011.539062
89,0.796830,0.501177,22261.066406
90,0.827018,0.502406,22510.607422
91,0.847999,0.497192,22760.123047
92,0.875879,0.476610,23009.699219
93,0.890264,0.458682,23259.257812
94,0.894550,0.443799,23508.812500
95,0.908099,0.424157,23758.455078
96,0.922875,0.404734,24007.943359
97,0.944644,0.393415,24257.564453
98,0.973668,0.375371,24507.083984
99,0.993239,0.396411,24756.697266
0,0.749311,0.530659,-0.021124
1,0.748996,0.530258,266.234741
2,0.741567,0.528633,515.784973
3,0.704478,0.514743,765.363892
4,0.627746,0.475184,1014.917908
5,0.561909,0.453830,1264.444092
6,0.543257,0.455043,1513.996338
7,0.574030,0.394861,1763.602905
8,0.630397,0.297722,2013.167236
9,0.674214,0.306535,2262.746826
10,0.689718,0.383904,2512.299561
11,0.692981,0.470606,2761.929199
12,0.702754,0.490013,3011.395508
13,0.708774,0.494485,3261.003906
14,0.712989,0.494330,3510.555664
15,0.736892,0.501976,3760.067383
16,0.763436,0.504196,4009.688965
17,0.783833,0.506568,4259.274414
18,0.801311,0.513299,4508.882324
19,0.830077,0.507904,4758.346191
20,0.875262,0.499149,5007.955566
21,0.907799,0.498237,5257.495605
22,0.935304,0.503941,5507.025391
23,0.977357,0.500522,5756.616699
24,0.027382,0.499315,6006.152344
25,0.083133,0.500705,6255.769531
26,0.129368,0.503730,6505.281738
27,0.158412,0.507448,6754.965332
28,0.200742,0.476863,7004.409668
29,0.225355,0.473821,7254.011230
30,0.259147,0.491214,7503.620117
31,0.280523,0.505192,7753.226074
32,0.287725,0.533258,8002.723633
33,0.304369,0.572120,8252.230469
34,0.305692,0.580930,8501.879883
35,0.267216,0.558471,8751.371094
36,0.216211,0.528237,9000.954102
37,0.182463,0.517325,9250.568359
38,0.156315,0.511496,9500.159180
39,0.130878,0.506686,9766.317383
40,0.096966,0.507225,10032.458008
41,0.049224,0.512485,10265.377930
42,0.003378,0.508435,10515.012695
43,0.007411,0.508866,10764.496094
44,0.005370,0.513297,11014.108398
45,0.951425,0.512129,11263.710938
46,0.906608,0.508547,11513.296875
47,0.851325,0.521210,11762.820312
48,0.802327,0.530192,12012.354492
49,0.763549,0.531979,12261.952148
50,0.746108,0.547836,12511.458008
51,0.770775,0.568427,12761.076172
52,0.769446,0.563299,13010.573242
53,0.756091,0.546382,13260.203125
54,0.721983,0.520929,13509.695312
55,0.673056,0.490090,13759.273438
56,0.643159,0.471455,14008.941406
57,0.619682,0.458920,14258.467773
58,0.652929,0.487495,14508.042969
59,0.670654,0.499871,14757.582031
60,0.678927,0.501572,15007.194336
61,0.702215,0.506973,15256.655273
62,0.750117,0.513401,15506.255859
63,0.787667,0.513725,15755.844727
64,0.801126,0.511635,16005.468750
65,0.824571,0.500079,16254.967773
66,0.837003,0.496667,16504.517578
67,0.837194,0.497267,16754.095703
68,0.837719,0.494481,17003.640625
69,0.835712,0.489991,17253.183594
70,0.833757,0.485412,17502.716797
71,0.832252,0.483737,17752.294922
72,0.830960,0.482460,18001.865234
73,0.829847,0.481091,18251.445312
74,0.829009,0.479560,18500.998047
75,0.828252,0.478585,18750.601562
76,0.827238,0.477989,19000.119141
77,0.825950,0.476440,19266.318359
78,0.825547,0.476871,19515.884766
79,0.824979,0.477824,19765.490234
80,0.824268,0.479345,20015.009766
81,0.823900,0.480206,20264.595703
82,0.823588,0.480438,20514.123047
83,0.823225,0.481185,20763.691406
84,0.822384,0.483040,21013.300781
85,0.821581,0.485056,21262.835938
86,0.820768,0.485788,21512.435547
87,0.820598,0.485494,21761.990234
88,0.820248,0.485368,22011.552734
89,0.819944,0.486734,22261.087891
90,0.819480,0.488231,22510.660156
91,0.818472,0.488956,22760.208984
92,0.817040,0.488898,23009.794922
93,0.815956,0.487334,23259.367188
94,0.814785,0.485240,23508.925781
95,0.813634,0.483790,23758.472656
96,0.812384,0.484126,24008.052734
97,0.810700,0.485456,24257.628906
98,0.809543,0.486931,24507.162109
99,0.808158,0.488380,24756.732422
0,0.750303,0.488072,-0.000580
1,0.750599,0.488174,266.324463
2,0.747911,0.490557,515.796997
3,0.721203,0.491259,765.397949
4,0.674864,0.484540,1014.915039
5,0.646626,0.485726,1264.505371
6,0.642452,0.490130,1514.019287
7,0.645139,0.491420,1763.670044
8,0.650313,0.484673,2013.229126
9,0.651563,0.462738,2262.704590
10,0.639760,0.436743,2512.332520
11,0.623580,0.430560,2761.861328
12,0.613131,0.441700,3011.419434
13,0.609222,0.440974,3260.997559
14,0.593401,0.434278,3510.598145
15,0.564301,0.429009,3760.120361
16,0.538638,0.439087,4009.658447
17,0.516855,0.450917,4259.281250
18,0.502515,0.453684,4508.838379
19,0.490909,0.450315,4758.364746
20,0.490590,0.439092,5007.975098
21,0.512715,0.396389,5257.535156
22,0.543805,0.306298,5507.062500
23,0.553237,0.275466,5756.621094
24,0.566764,0.270582,6006.182129
25,0.585410,0.274389,6255.740723
26,0.603703,0.290511,6505.310547
27,0.634040,0.348576,6754.888672
28,0.687585,0.405803,7004.441406
29,0.721005,0.436232,7254.009277
30,0.737142,0.450683,7503.565430
31,0.743298,0.456213,7753.144043
32,0.744999,0.452128,8002.698242
33,0.754855,0.460893,8252.273438
34,0.782373,0.477915,8501.850586
35,0.812346,0.486498,8751.373047
36,0.838922,0.491644,9000.953125
37,0.858921,0.486373,9250.516602
38,0.871922,0.470654,9500.095703
39,0.882426,0.475960,9766.273438
40,0.906813,0.472193,10015.833984
41,0.930972,0.469745,10265.411133
42,0.944308,0.456023,10514.976562
43,0.962685,0.436432,10764.534180
44,0.987490,0.430745,11014.089844
45,0.002281,0.409782,11263.651367
46,0.025692,0.411770,11513.215820
47,0.039947,0.442137,11762.819336
48,0.058380,0.476186,12012.376953
49,0.075647,0.498051,12261.924805
50,0.092526,0.505763,12511.486328
51,0.107407,0.511753,12761.058594
52,0.121817,0.505646,13010.603516
53,0.123652,0.487609,13260.197266
54,0.095547,0.477981,13509.732422
55,0.062002,0.489211,13759.332031
56,0.007679,0.505782,14008.871094
57,0.947402,0.520402,14258.427734
58,0.872261,0.526516,14508.002930
59,0.808664,0.525654,14757.564453
60,0.778859,0.520189,15007.110352
61,0.752288,0.516333,15256.688477
62,0.708608,0.510611,15506.267578
63,0.637449,0.506422,15755.805664
64,0.530421,0.482579,16005.360352
65,0.470577,0.466966,16254.948242
66,0.438404,0.467872,16504.511719
67,0.401409,0.479111,16754.070312
68,0.363912,0.483190,17003.654297
69,0.343006,0.491310,17253.197266
70,0.319539,0.492334,17502.755859
71,0.296438,0.510979,17752.337891
72,0.265477,0.517061,18001.888672
73,0.241074,0.516875,18251.458984
74,0.221484,0.514153,18501.013672
75,0.196707,0.511113,18750.595703
76,0.175403,0.511464,19000.144531
77,0.160116,0.514242,19266.359375
78,0.160510,0.512480,19515.914062
79,0.174437,0.507160,19765.496094
80,0.188383,0.499048,20015.041016
81,0.212152,0.484207,20264.605469
82,0.247294,0.452655,20514.166016
83,0.272556,0.432315,20763.751953
84,0.290041,0.431787,21013.287109
85,0.305489,0.439326,21262.890625
86,0.316244,0.452811,21512.408203
87,0.330332,0.463358,21761.972656
88,0.345301,0.465839,22011.583984
89,0.361729,0.470034,22261.113281
90,0.377148,0.478974,22510.671875
91,0.391777,0.492260,22760.234375
92,0.401464,0.506924,23009.800781
93,0.411815,0.522399,23259.353516
94,0.417003,0.546612,23508.943359
95,0.428695,0.545428,23758.548828
96,0.441749,0.510482,24008.070312
97,0.456479,0.447363,24257.617188
98,0.472350,0.394631,24507.185547
99,0.485008,0.365795,24756.751953
0,0.750016,0.515742,-0.018099
1,0.749987,0.515849,266.164429
2,0.750114,0.515472,515.812866
3,0.750686,0.515664,765.300659
4,0.743664,0.513697,1014.851135
5,0.735504,0.512731,1264.481445
6,0.727950,0.510336,1514.018799
7,0.724639,0.509628,1763.589233
8,0.741156,0.509226,2013.105713
9,0.762716,0.506691,2262.777344
10,0.774875,0.500830,2512.278564
11,0.796286,0.493289,2761.811768
12,0.816668,0.504762,3011.442871
13,0.836349,0.513088,3260.972412
14,0.862305,0.515262,3510.539062
15,0.887434,0.513436,3760.071289
16,0.915711,0.511857,4009.693115
17,0.939286,0.507109,4259.233398
18,0.957924,0.508666,4508.752441
19,0.961974,0.511998,4758.400879
20,0.953943,0.516059,5007.967773
21,0.942372,0.516149,5257.474121
22,0.925830,0.514884,5507.022949
23,0.907304,0.510797,5756.619629
24,0.887825,0.507840,6006.235352
25,0.868198,0.507149,6255.791992
26,0.846315,0.506165,6505.257324
27,0.814255,0.502817,6754.899902
28,0.778956,0.496846,7004.384277
29,0.748283,0.494074,7253.957031
30,0.718640,0.488453,7503.609375
31,0.692632,0.486730,7753.119141
32,0.672148,0.489473,8002.689941
33,0.651409,0.488851,8252.230469
34,0.632373,0.490032,8501.881836
35,0.615866,0.490554,8751.346680
36,0.601681,0.487555,9000.943359
37,0.592051,0.464257,9250.481445
38,0.571711,0.424655,9500.103516
39,0.550271,0.416902,9766.344727
40,0.527790,0.433305,10015.834961
41,0.491542,0.459051,10265.367188
42,0.455679,0.481025,10515.055664
43,0.432417,0.493049,10764.494141
44,0.409960,0.498211,11014.079102
45,0.393178,0.498712,11263.600586
46,0.381915,0.499754,11513.232422
47,0.367895,0.502496,11762.757812
48,0.356424,0.499815,12012.304688
49,0.345078,0.521225,12261.926758
50,0.337579,0.525338,12511.494141
51,0.332787,0.521548,12760.989258
52,0.304876,0.499991,13010.572266
53,0.278547,0.483803,13260.251953
54,0.271319,0.461842,13509.694336
55,0.275916,0.412660,13759.277344
56,0.280869,0.393018,14008.870117
57,0.269462,0.392128,14258.416016
58,0.234191,0.422729,14507.981445
59,0.208268,0.450047,14757.506836
60,0.200221,0.464909,15007.100586
61,0.195768,0.469159,15256.666016
62,0.190383,0.473222,15506.223633
63,0.186026,0.475723,15755.771484
64,0.184623,0.473737,16005.351562
65,0.182478,0.475008,16254.891602
66,0.178042,0.480057,16504.484375
67,0.141605,0.495156,16754.044922
68,0.120301,0.504717,17003.630859
69,0.106682,0.506038,17253.189453
70,0.088399,0.498996,17502.716797
71,0.080957,0.482855,17752.324219
72,0.085634,0.459650,18001.857422
73,0.114742,0.444636,18251.435547
74,0.156443,0.441748,18500.958984
75,0.180284,0.444083,18750.546875
76,0.182976,0.447391,19000.101562
77,0.183695,0.445996,19266.330078
78,0.189875,0.445757,19515.857422
79,0.192943,0.442828,19765.437500
80,0.191813,0.443509,20014.982422
81,0.186713,0.447852,20264.546875
82,0.178962,0.447705,20514.107422
83,0.168665,0.441720,20763.685547
84,0.153136,0.432639,21013.255859
85,0.140302,0.428376,21262.822266
86,0.140953,0.421226,21512.375000
87,0.143116,0.414125,21761.947266
88,0.147288,0.416197,22011.509766
89,0.151758,0.415964,22261.068359
90,0.166769,0.417841,22510.652344
91,0.186254,0.419384,22760.193359
92,0.210859,0.423386,23009.757812
93,0.235896,0.430205,23259.365234
94,0.282885,0.431444,23508.878906
95,0.332964,0.441958,23758.451172
96,0.382803,0.441127,24008.025391
97,0.425630,0.439693,24257.578125
98,0.469774,0.443054,24507.138672
99,0.496863,0.444605,24756.716797
0,0.749476,0.506768,-0.016821
1,0.749101,0.504218,266.278900
2,0.749151,0.501947,515.827637
3,0.748984,0.502422,765.310120
4,0.747387,0.503251,1014.899353
5,0.735022,0.501810,1264.436035
6,0.716437,0.500026,1514.022949
7,0.702572,0.507179,1763.567261
8,0.699176,0.520013,2013.196655
9,0.700536,0.527434,2262.704590
10,0.701607,0.531969,2512.319092
11,0.702005,0.533354,2761.924805
12,0.702109,0.534901,3011.407471
13,0.702055,0.535117,3260.965332
14,0.702277,0.531793,3510.523193
15,0.702168,0.528549,3760.171875
16,0.702154,0.525909,4009.668457
17,0.701632,0.523973,4259.234375
18,0.700110,0.521664,4508.770508
19,0.696004,0.520929,4758.365234
20,0.689866,0.520599,5007.916016
21,0.681625,0.519802,5257.605957
22,0.673070,0.518559,5507.069336
23,0.663786,0.517068,5756.598633
24,0.653042,0.515799,6006.204102
25,0.636332,0.514390,6255.744141
26,0.623975,0.513114,6505.327637
27,0.615023,0.511963,6754.854004
28,0.607379,0.510145,7004.505371
29,0.603771,0.508738,7253.979492
30,0.599528,0.508976,7503.543457
31,0.594538,0.508554,7753.106445
32,0.589921,0.506406,8002.749512
33,0.584043,0.503570,8252.251953
34,0.577336,0.502079,8501.796875
35,0.570269,0.502462,8751.412109
36,0.563751,0.501765,9000.909180
37,0.557899,0.501183,9250.514648
38,0.552465,0.500302,9500.028320
39,0.547760,0.500661,9766.250000
40,0.542957,0.500793,10015.835938
41,0.537494,0.501239,10265.380859
42,0.532614,0.502182,10514.928711
43,0.526887,0.502187,10764.604492
44,0.523539,0.500055,11014.144531
45,0.520056,0.500529,11263.689453
46,0.512118,0.508744,11513.186523
47,0.506423,0.518683,11762.828125
48,0.500373,0.513384,12012.332031
49,0.495543,0.513250,12261.923828
50,0.485562,0.508287,12511.519531
51,0.469047,0.504712,12761.084961
52,0.456135,0.510308,13010.654297
53,0.444576,0.515679,13260.156250
54,0.435996,0.516717,13509.767578
55,0.423319,0.515387,13759.377930
56,0.408947,0.519471,14008.874023
57,0.397918,0.525344,14258.411133
58,0.388978,0.527070,14508.037109
59,0.377597,0.529340,14757.512695
60,0.370895,0.526068,15007.083984
61,0.370713,0.525596,15256.730469
62,0.371099,0.521122,15506.222656
63,0.370993,0.513473,15755.815430
64,0.371474,0.506067,16005.350586
65,0.371638,0.499974,16254.959961
66,0.370240,0.497057,16504.511719
67,0.364431,0.495497,16754.031250
68,0.361478,0.494636,17003.650391
69,0.357816,0.496964,17253.197266
70,0.354065,0.497930,17502.808594
71,0.345290,0.499267,17752.335938
72,0.339421,0.500394,18001.917969
73,0.336831,0.498807,18251.412109
74,0.334948,0.496695,18500.984375
75,0.332010,0.497316,18750.582031
76,0.328988,0.496765,19000.216797
77,0.326044,0.497037,19266.314453
78,0.323031,0.500653,19515.919922
79,0.320746,0.506360,19765.480469
80,0.318938,0.509538,20015.060547
81,0.317055,0.508594,20264.644531
82,0.316182,0.507506,20514.126953
83,0.315601,0.505785,20763.740234
84,0.311430,0.502503,21013.355469
85,0.302744,0.499611,21262.917969
86,0.296281,0.499324,21512.378906
87,0.290248,0.499567,21762.041016
88,0.284265,0.498719,22011.503906
89,0.277787,0.497646,22261.070312
90,0.270436,0.497283,22510.697266
91,0.263681,0.496453,22760.292969
92,0.257639,0.496332,23009.873047
93,0.250703,0.497701,23259.328125
94,0.244945,0.497719,23508.925781
95,0.241572,0.499006,23758.466797
96,0.238499,0.499588,24008.023438
97,0.236170,0.499327,24257.619141
98,0.233955,0.500821,24507.203125
99,0.230344,0.501278,24756.742188
0,0.750257,0.547550,-0.003918
1,0.750709,0.547738,266.212036
2,0.755727,0.548173,515.782776
3,0.778401,0.552085,765.423889
4,0.805211,0.560588,1014.967712
5,0.813820,0.565445,1264.498535
6,0.814143,0.568783,1514.061035
7,0.813462,0.569565,1763.618286
8,0.830248,0.567937,2013.182007
9,0.834408,0.564446,2262.770752
10,0.832970,0.563329,2512.291748
11,0.835090,0.562710,2761.883789
12,0.837264,0.562351,3011.395264
13,0.850882,0.556232,3261.010010
14,0.869911,0.547713,3510.613525
15,0.882726,0.544633,3760.098877
16,0.867517,0.551913,4009.705566
17,0.866253,0.551942,4259.256348
18,0.873881,0.551184,4508.829590
19,0.898759,0.547137,4758.342773
20,0.931674,0.541970,5007.966309
21,0.960276,0.535377,5257.567383
22,0.989905,0.532801,5507.136230
23,0.016664,0.532700,5756.663574
24,0.039500,0.533788,6006.277832
25,0.051023,0.533778,6255.767578
26,0.058495,0.533842,6505.289062
27,0.068117,0.534238,6754.908691
28,0.086113,0.533790,7004.458008
29,0.106092,0.532086,7254.072754
30,0.119797,0.529719,7503.539551
31,0.131275,0.528703,7753.166992
32,0.140494,0.528693,8002.746094
33,0.154791,0.524386,8252.245117
34,0.173496,0.520794,8501.891602
35,0.176042,0.518739,8751.429688
36,0.167746,0.517762,9000.980469
37,0.154801,0.518731,9250.495117
38,0.151485,0.523503,9500.109375
39,0.170957,0.525656,9766.324219
40,0.199555,0.527805,10015.869141
41,0.220124,0.526251,10265.417969
42,0.235276,0.520717,10515.044922
43,0.256015,0.516926,10764.510742
44,0.267382,0.519620,11014.163086
45,0.273149,0.523634,11263.657227
46,0.286242,0.526288,11513.298828
47,0.304232,0.523162,11762.771484
48,0.319464,0.520395,12012.390625
49,0.343915,0.510094,12261.985352
50,0.372921,0.488707,12511.508789
51,0.393168,0.477556,12761.059570
52,0.416498,0.473280,13010.603516
53,0.438867,0.471967,13260.211914
54,0.457356,0.472759,13509.737305
55,0.472939,0.476280,13759.289062
56,0.483474,0.476197,14008.879883
57,0.482573,0.444510,14258.537109
58,0.470403,0.403000,14508.043945
59,0.453198,0.426614,14757.589844
60,0.439308,0.495604,15007.130859
61,0.423900,0.555693,15256.741211
62,0.398891,0.629725,15506.285156
63,0.399811,0.650225,15755.822266
64,0.412564,0.656494,16005.478516
65,0.421262,0.660414,16254.957031
66,0.365589,0.668888,16504.541016
67,0.312043,0.664561,16754.105469
68,0.311051,0.659642,17003.630859
69,0.319365,0.665461,17253.234375
70,0.372209,0.680322,17502.791016
71,0.465162,0.687939,17752.335938
72,0.540055,0.678096,18001.882812
73,0.605064,0.653048,18251.480469
74,0.647724,0.625878,18500.998047
75,0.674597,0.602839,18750.605469
76,0.698994,0.581991,19000.164062
77,0.737603,0.579580,19266.349609
78,0.731625,0.579202,19515.917969
79,0.698290,0.565358,19765.523438
80,0.665815,0.542650,20015.021484
81,0.645180,0.523079,20264.630859
82,0.633230,0.521974,20514.162109
83,0.614882,0.519202,20763.748047
84,0.583109,0.511898,21013.306641
85,0.535995,0.512209,21262.875000
86,0.461916,0.525087,21512.402344
87,0.378331,0.530826,21761.984375
88,0.324549,0.529935,22011.548828
89,0.294916,0.525444,22261.115234
90,0.273961,0.518627,22510.695312
91,0.241717,0.513798,22760.242188
92,0.212872,0.511118,23009.814453
93,0.189592,0.510792,23259.380859
94,0.173515,0.511023,23508.929688
95,0.164140,0.509432,23758.511719
96,0.156432,0.506264,24008.083984
97,0.144134,0.505206,24257.646484
98,0.123028,0.495840,24507.177734
99,0.101458,0.481125,24756.744141
0,0.730181,0.458857,0.042689
1,0.699576,0.479495,266.266571
2,0.687363,0.496154,515.801819
3,0.699079,0.517124,765.454407
4,0.726266,0.533624,1014.947144
5,0.775209,0.546957,1264.478882
6,0.832794,0.536639,1514.094482
7,0.823891,0.510120,1763.650024
8,0.763962,0.482708,2013.275879
9,0.673780,0.474807,2262.727783
10,0.611064,0.477161,2512.371826
11,0.579417,0.476929,2761.869385
12,0.537124,0.475975,3011.467529
13,0.481223,0.474999,3261.045410
14,0.442303,0.470291,3510.591797
15,0.421342,0.478514,3760.235596
16,0.395372,0.498440,4009.686279
17,0.380360,0.515419,4259.354980
18,0.373710,0.522436,4508.809570
19,0.371003,0.525446,4758.409668
20,0.366317,0.524736,5007.972656
21,0.355016,0.519911,5257.586426
22,0.347394,0.507947,5507.098145
23,0.339338,0.494649,5756.656738
24,0.331603,0.472574,6006.257812
25,0.307951,0.466444,6255.759277
26,0.276289,0.457361,6505.412109
27,0.242635,0.455856,6754.936523
28,0.211741,0.465752,7004.489258
29,0.182416,0.483071,7254.047363
30,0.158330,0.501337,7503.591309
31,0.139732,0.508278,7753.232422
32,0.121253,0.511006,8002.756836
33,0.117174,0.515834,8252.317383
34,0.121604,0.523916,8501.844727
35,0.138870,0.529494,8751.483398
36,0.176694,0.527890,9001.004883
37,0.227071,0.523990,9250.527344
38,0.292869,0.516783,9500.104492
39,0.364494,0.523471,9766.372070
40,0.433612,0.512975,10015.885742
41,0.497426,0.496215,10265.476562
42,0.567257,0.476404,10515.006836
43,0.638818,0.469838,10764.594727
44,0.682958,0.471506,11014.127930
45,0.708091,0.476256,11263.690430
46,0.734364,0.476829,11513.288086
47,0.759922,0.478031,11762.936523
48,0.787810,0.481298,12012.405273
49,0.809928,0.484407,12261.951172
50,0.829037,0.485684,12511.519531
51,0.846273,0.487492,12761.063477
52,0.862209,0.489028,13010.632812
53,0.876574,0.490122,13260.304688
54,0.889005,0.489667,13509.796875
55,0.898548,0.488960,13759.346680
56,0.905207,0.489360,14008.883789
57,0.907987,0.490926,14258.479492
58,0.906646,0.492218,14508.036133
59,0.901582,0.493321,14757.556641
60,0.892770,0.495222,15007.144531
61,0.885899,0.503016,15256.785156
62,0.877885,0.508513,15506.266602
63,0.869410,0.501081,15755.827148
64,0.845796,0.495810,16005.461914
65,0.816867,0.489351,16254.956055
66,0.793233,0.494199,16504.548828
67,0.768482,0.494040,16754.113281
68,0.736430,0.495565,17003.681641
69,0.700750,0.495943,17253.236328
70,0.668603,0.490125,17502.806641
71,0.630333,0.483065,17752.402344
72,0.594626,0.486253,18001.919922
73,0.560525,0.489659,18251.458984
74,0.489645,0.483440,18501.095703
75,0.417382,0.481628,18750.632812
76,0.372247,0.486794,19000.265625
77,0.330423,0.489615,19266.357422
78,0.257583,0.484942,19515.958984
79,0.192084,0.482200,19765.531250
80,0.153249,0.481972,20015.091797
81,0.121553,0.483960,20264.638672
82,0.090570,0.493614,20514.289062
83,0.065689,0.505307,20763.759766
84,0.053642,0.514681,21013.398438
85,0.051078,0.520719,21262.869141
86,0.056308,0.528776,21512.429688
87,0.079374,0.526691,21762.072266
88,0.133893,0.507527,22011.564453
89,0.199538,0.497331,22261.158203
90,0.244985,0.501988,22510.734375
91,0.271607,0.524070,22760.357422
92,0.298994,0.520608,23009.830078
93,0.345995,0.513385,23259.408203
94,0.405872,0.502845,23508.986328
95,0.462649,0.500297,23758.494141
96,0.514202,0.497068,24008.109375
97,0.589164,0.493046,24257.625000
98,0.674800,0.506051,24507.222656
99,0.718611,0.503979,24756.757812
0,0.750133,0.561042,0.016066
1,0.749405,0.562826,266.241699
2,0.740104,0.558639,515.786621
3,0.712883,0.542668,765.362976
4,0.656230,0.514984,1014.913757
5,0.610353,0.479346,1264.532349
6,0.584758,0.473497,1514.071655
7,0.558371,0.483653,1763.581177
8,0.548296,0.499732,2013.219604
9,0.573974,0.509866,2262.732422
10,0.619956,0.507444,2512.383789
11,0.659730,0.504233,2761.824463
12,0.697922,0.501393,3011.444336
13,0.731533,0.500683,3260.997314
14,0.747907,0.513646,3510.610840
15,0.765471,0.533434,3760.114502
16,0.789185,0.551838,4009.652832
17,0.811608,0.554760,4259.270020
18,0.837503,0.567157,4508.770996
19,0.843536,0.551893,4758.438965
20,0.849075,0.524579,5007.982422
21,0.867578,0.506975,5257.579590
22,0.887691,0.495327,5507.080078
23,0.910362,0.494067,5756.600098
24,0.940617,0.489949,6006.224121
25,0.964541,0.489738,6255.793945
26,0.986887,0.485823,6505.314941
27,0.007924,0.479460,6754.916992
28,0.026312,0.469337,7004.439453
29,0.035516,0.468891,7254.093750
30,0.048626,0.470454,7503.561523
31,0.065275,0.471126,7753.219727
32,0.083487,0.475088,8002.707031
33,0.093466,0.476069,8252.276367
34,0.101785,0.476315,8501.839844
35,0.116933,0.484054,8751.389648
36,0.138271,0.487813,9000.924805
37,0.154768,0.492384,9250.500000
38,0.168686,0.503008,9500.054688
39,0.182881,0.502393,9766.307617
40,0.204087,0.497228,10015.882812
41,0.233741,0.487547,10265.513672
42,0.261937,0.474816,10514.972656
43,0.274058,0.465508,10764.588867
44,0.270007,0.460661,11014.135742
45,0.261744,0.463036,11263.648438
46,0.234386,0.470869,11513.208984
47,0.201910,0.496829,11762.808594
48,0.183204,0.517128,12012.342773
49,0.171935,0.515268,12261.938477
50,0.156444,0.519839,12511.513672
51,0.129822,0.535486,12761.038086
52,0.098735,0.542507,13010.584961
53,0.064102,0.535042,13260.202148
54,0.026979,0.518499,13509.758789
55,0.989170,0.506582,13759.290039
56,0.961396,0.500684,14008.939453
57,0.940928,0.500805,14258.441406
58,0.923799,0.500153,14507.974609
59,0.925117,0.481275,14757.562500
60,0.948552,0.455046,15007.200195
61,0.962154,0.445217,15256.733398
62,0.959352,0.450790,15506.276367
63,0.924036,0.453345,15755.817383
64,0.885252,0.452956,16005.436523
65,0.862985,0.471467,16254.954102
66,0.833817,0.485767,16504.484375
67,0.812453,0.501333,16754.078125
68,0.778242,0.490366,17003.667969
69,0.733275,0.484607,17253.226562
70,0.696011,0.495707,17502.757812
71,0.670323,0.500279,17752.298828
72,0.666138,0.493354,18001.894531
73,0.663225,0.484425,18251.427734
74,0.629775,0.476054,18500.996094
75,0.579283,0.473893,18750.556641
76,0.536262,0.533987,19000.251953
77,0.516106,0.579452,19266.394531
78,0.504987,0.610494,19515.917969
79,0.499454,0.626806,19765.451172
80,0.498467,0.633366,20015.064453
81,0.504051,0.621467,20264.589844
82,0.531381,0.518435,20514.160156
83,0.559172,0.401097,20763.716797
84,0.587749,0.321228,21013.369141
85,0.611731,0.306118,21262.861328
86,0.632230,0.311616,21512.433594
87,0.658129,0.333884,21761.980469
88,0.687153,0.358453,22011.517578
89,0.717272,0.409057,22261.146484
90,0.761187,0.456730,22510.712891
91,0.813178,0.492055,22760.248047
92,0.850753,0.527395,23009.794922
93,0.881568,0.530569,23259.378906
94,0.875626,0.534607,23508.962891
95,0.858188,0.541744,23758.484375
96,0.884945,0.539687,24008.070312
97,0.928856,0.530858,24257.675781
98,0.966645,0.522648,24507.216797
99,0.974195,0.521681,24756.740234
0,0.750032,0.467525,-0.008615
1,0.749908,0.470701,266.136688
2,0.756585,0.472105,515.708313
3,0.778190,0.480256,765.346191
4,0.791990,0.494405,1014.884705
5,0.791519,0.498512,1264.412964
6,0.789360,0.498318,1514.015625
7,0.787219,0.498519,1763.555908
8,0.783323,0.499265,2013.148315
9,0.776123,0.490056,2262.692627
10,0.763169,0.485164,2512.235840
11,0.745489,0.486930,2761.840332
12,0.712942,0.485970,3011.337646
13,0.659639,0.476106,3260.965576
14,0.626203,0.465565,3510.508301
15,0.583066,0.460697,3760.103760
16,0.549447,0.456933,4009.649414
17,0.530355,0.450728,4259.261719
18,0.510467,0.450825,4508.804688
19,0.499515,0.450378,4758.284668
20,0.485715,0.447660,5007.914062
21,0.486866,0.451775,5257.436523
22,0.488572,0.457505,5507.108887
23,0.490510,0.459571,5756.547852
24,0.492603,0.462976,6006.142578
25,0.495418,0.468628,6255.717773
26,0.494271,0.479074,6505.238281
27,0.479163,0.475291,6754.875488
28,0.466094,0.484718,7004.452148
29,0.460605,0.491198,7254.035645
30,0.459759,0.478921,7503.500488
31,0.464891,0.437865,7753.160156
32,0.467838,0.407252,8002.622070
33,0.453504,0.404882,8252.223633
34,0.428590,0.432448,8501.811523
35,0.412552,0.460217,8751.392578
36,0.412422,0.462935,9000.954102
37,0.443280,0.448647,9250.456055
38,0.497488,0.440147,9500.095703
39,0.545440,0.444653,9766.320312
40,0.581159,0.453459,10015.766602
41,0.608366,0.462292,10265.363281
42,0.643583,0.473729,10515.000977
43,0.674940,0.480787,10764.533203
44,0.686073,0.485076,11014.117188
45,0.692707,0.496865,11263.596680
46,0.700711,0.521547,11513.262695
47,0.721185,0.547887,11762.721680
48,0.748896,0.558511,12012.292969
49,0.773866,0.557590,12261.840820
50,0.791758,0.544540,12511.432617
51,0.806123,0.538337,12761.041016
52,0.819693,0.532677,13010.572266
53,0.826918,0.519385,13260.180664
54,0.831964,0.507375,13509.699219
55,0.845692,0.502356,13759.277344
56,0.865198,0.495475,14008.824219
57,0.889955,0.484362,14258.434570
58,0.916001,0.443200,14507.918945
59,0.929511,0.430027,14757.500000
60,0.936468,0.430390,15007.121094
61,0.937810,0.429012,15256.719727
62,0.938444,0.427014,15506.282227
63,0.942556,0.431341,15755.789062
64,0.950289,0.442769,16005.419922
65,0.957835,0.460784,16254.932617
66,0.964732,0.470798,16504.429688
67,0.969918,0.479125,16754.001953
68,0.977901,0.480122,17003.615234
69,0.001493,0.490688,17253.142578
70,0.033878,0.515875,17502.728516
71,0.061373,0.538868,17752.369141
72,0.087749,0.620743,18001.865234
73,0.120031,0.678255,18251.392578
74,0.142642,0.691835,18500.953125
75,0.159152,0.686614,18750.548828
76,0.186854,0.589713,19000.103516
77,0.193174,0.512399,19266.314453
78,0.184026,0.450556,19515.939453
79,0.173086,0.397573,19765.412109
80,0.166040,0.399868,20015.000000
81,0.158486,0.394908,20264.535156
82,0.147469,0.394340,20514.146484
83,0.122669,0.375361,20763.714844
84,0.085313,0.357928,21013.277344
85,0.059456,0.362584,21262.808594
86,0.038757,0.385302,21512.447266
87,0.022977,0.404026,21761.964844
88,0.007527,0.408992,22011.470703
89,0.009288,0.402924,22261.037109
90,0.020024,0.393414,22510.632812
91,0.012810,0.374481,22760.167969
92,0.017547,0.369264,23009.765625
93,0.042664,0.378223,23259.304688
94,0.073813,0.385915,23508.871094
95,0.093457,0.391883,23758.423828
96,0.103298,0.394296,24008.007812
97,0.113440,0.402491,24257.574219
98,0.152827,0.413418,24507.144531
99,0.187645,0.429019,24756.703125
0,0.760116,0.512216,-0.004332
1,0.777380,0.503198,266.211639
2,0.792139,0.504356,515.729309
3,0.806202,0.497720,765.312927
4,0.821347,0.479114,1014.871094
5,0.848795,0.472537,1264.397583
6,0.879613,0.462255,1514.009888
7,0.918797,0.441581,1763.610352
8,0.953383,0.434491,2013.172241
9,0.984571,0.443185,2262.673096
10,0.017721,0.413988,2512.224609
11,0.034096,0.388269,2761.841064
12,0.044552,0.394300,3011.389160
13,0.064508,0.402142,3260.992188
14,0.094489,0.405267,3510.517822
15,0.120988,0.415195,3760.148926
16,0.142100,0.432323,4009.618652
17,0.156374,0.448712,4259.215820
18,0.168128,0.452335,4508.735352
19,0.180306,0.453808,4758.306641
20,0.188732,0.453850,5007.906738
21,0.194223,0.453341,5257.419434
22,0.209041,0.446019,5507.017090
23,0.224412,0.440547,5756.549805
24,0.248042,0.439408,6006.140137
25,0.269485,0.432270,6255.670410
26,0.283976,0.409947,6505.303711
27,0.316397,0.413438,6754.849121
28,0.343687,0.434217,7004.441895
29,0.376837,0.423832,7253.968262
30,0.405459,0.407999,7503.496094
31,0.429277,0.396446,7753.113281
32,0.447210,0.396245,8002.620117
33,0.450656,0.405019,8252.268555
34,0.436604,0.415938,8501.784180
35,0.417606,0.423828,8751.372070
36,0.400495,0.427950,9000.962891
37,0.385677,0.431955,9250.448242
38,0.368425,0.434491,9500.124023
39,0.350110,0.435528,9766.288086
40,0.331644,0.437294,10015.785156
41,0.315604,0.436736,10265.362305
42,0.300282,0.436986,10514.910156
43,0.286408,0.438345,10764.471680
44,0.269422,0.437145,11014.068359
45,0.248864,0.434331,11263.597656
46,0.231027,0.429711,11513.166992
47,0.212002,0.433583,11762.718750
48,0.189162,0.433226,12012.325195
49,0.166558,0.430323,12261.854492
50,0.145596,0.427615,12511.435547
51,0.129527,0.425521,12760.989258
52,0.117696,0.429099,13010.544922
53,0.105978,0.431628,13260.107422
54,0.092899,0.426095,13509.714844
55,0.077875,0.417135,13759.240234
56,0.059870,0.416847,14008.798828
57,0.034222,0.419402,14258.392578
58,0.005702,0.423008,14507.940430
59,0.974599,0.422046,14757.501953
60,0.946078,0.417047,15007.080078
61,0.915302,0.415870,15256.639648
62,0.877075,0.422110,15522.828125
63,0.844893,0.435025,15755.752930
64,0.827884,0.446351,16005.327148
65,0.853021,0.434901,16254.863281
66,0.894103,0.408500,16504.435547
67,0.914925,0.405089,16754.007812
68,0.917199,0.404271,17003.603516
69,0.912823,0.398727,17253.134766
70,0.910840,0.396909,17502.722656
71,0.923185,0.384830,17752.267578
72,0.939307,0.372841,18001.863281
73,0.949898,0.363842,18251.412109
74,0.953753,0.364094,18500.982422
75,0.952329,0.363472,18750.519531
76,0.951114,0.364519,19000.082031
77,0.949616,0.366342,19266.308594
78,0.948727,0.369171,19515.835938
79,0.947380,0.370813,19765.402344
80,0.945835,0.371418,20014.978516
81,0.930550,0.374767,20264.542969
82,0.903816,0.410865,20514.101562
83,0.866555,0.450691,20763.689453
84,0.810136,0.465889,21013.218750
85,0.781884,0.463799,21262.787109
86,0.786247,0.467371,21512.349609
87,0.771426,0.456357,21761.943359
88,0.738420,0.461129,22011.519531
89,0.716060,0.465147,22261.050781
90,0.683021,0.453870,22510.615234
91,0.640495,0.421181,22760.199219
92,0.598642,0.396833,23009.738281
93,0.574055,0.381708,23259.312500
94,0.553401,0.342214,23508.888672
95,0.544724,0.290043,23758.419922
96,0.532784,0.257736,24008.000000
97,0.531499,0.252625,24257.593750
98,0.566266,0.252797,24507.152344
99,0.608728,0.266920,24756.705078
0,0.743037,0.575576,-0.001308
1,0.735595,0.576845,266.218781
2,0.733327,0.571422,515.772522
3,0.744285,0.557766,765.299255
4,0.780956,0.542307,1014.867676
5,0.817456,0.532408,1264.429932
6,0.824184,0.538366,1513.981323
7,0.834654,0.551979,1763.536255
8,0.838024,0.562513,2013.218628
9,0.836344,0.561875,2262.709961
10,0.833165,0.552280,2512.332031
11,0.832676,0.550460,2761.820557
12,0.829443,0.560147,3011.363770
13,0.826407,0.563351,3260.962402
14,0.828104,0.574259,3510.489990
15,0.829345,0.573500,3760.118652
16,0.831675,0.566922,4009.604980
17,0.835011,0.551241,4275.837402
18,0.839682,0.537016,4508.757324
19,0.859344,0.525068,4758.371582
20,0.893483,0.508224,5007.912109
21,0.908327,0.491617,5257.430664
22,0.896039,0.496306,5507.113770
23,0.891228,0.501937,5756.612793
24,0.904296,0.497775,6006.184082
25,0.938017,0.494025,6255.687988
26,0.987750,0.504776,6505.307129
27,0.003753,0.508758,6754.850098
28,0.003367,0.501364,7004.361816
29,0.995883,0.471621,7254.012207
30,0.981338,0.453096,7503.538574
31,0.968364,0.450445,7753.092285
32,0.958287,0.453737,8002.632812
33,0.940500,0.459649,8252.234375
34,0.914236,0.467978,8501.758789
35,0.890022,0.477060,8751.356445
36,0.859331,0.493564,9000.939453
37,0.825116,0.509753,9250.499023
38,0.807128,0.518551,9500.088867
39,0.788056,0.518785,9766.289062
40,0.777039,0.520835,10015.767578
41,0.770129,0.526302,10265.375977
42,0.744332,0.536855,10514.907227
43,0.718484,0.535330,10764.523438
44,0.700420,0.533492,11014.119141
45,0.680777,0.529505,11263.647461
46,0.666200,0.534049,11513.215820
47,0.649885,0.524696,11762.741211
48,0.629752,0.517573,12012.434570
49,0.604474,0.509694,12261.851562
50,0.563825,0.479573,12511.439453
51,0.500425,0.458988,12760.984375
52,0.463449,0.459243,13010.666992
53,0.447288,0.472995,13260.152344
54,0.423434,0.480884,13509.689453
55,0.407823,0.487010,13759.355469
56,0.395537,0.483283,14008.792969
57,0.385261,0.478293,14258.367188
58,0.386411,0.472619,14507.934570
59,0.390817,0.475150,14757.579102
60,0.393906,0.474339,15007.101562
61,0.393350,0.472137,15256.648438
62,0.388076,0.454312,15506.242188
63,0.407046,0.418124,15755.796875
64,0.435800,0.376666,16005.374023
65,0.478106,0.340245,16254.919922
66,0.533476,0.334753,16504.470703
67,0.593239,0.364061,16754.029297
68,0.637415,0.386800,17003.576172
69,0.661029,0.404280,17253.228516
70,0.681547,0.419167,17502.740234
71,0.697728,0.433443,17752.261719
72,0.708717,0.444662,18001.808594
73,0.733664,0.448193,18251.441406
74,0.765595,0.452105,18500.990234
75,0.792823,0.452290,18750.535156
76,0.814629,0.451211,19000.109375
77,0.834271,0.447111,19266.314453
78,0.852688,0.439846,19515.859375
79,0.867644,0.436467,19782.066406
80,0.880974,0.445221,20015.033203
81,0.893426,0.450690,20264.599609
82,0.905684,0.456444,20514.144531
83,0.907169,0.456261,20763.691406
84,0.911281,0.461438,21013.275391
85,0.924443,0.467140,21262.843750
86,0.938121,0.466558,21512.439453
87,0.940481,0.465056,21761.955078
88,0.933411,0.456390,22011.523438
89,0.928112,0.447013,22261.103516
90,0.926820,0.436593,22510.644531
91,0.925669,0.435171,22760.224609
92,0.924130,0.435958,23009.734375
93,0.923222,0.435700,23259.316406
94,0.925512,0.438039,23508.873047
95,0.925443,0.435715,23758.468750
96,0.928248,0.433949,24008.031250
97,0.935303,0.434507,24257.603516
98,0.944987,0.433157,24507.232422
99,0.951081,0.430881,24756.705078
0,0.749757,0.420310,0.047161
1,0.749683,0.421679,266.303589
2,0.748590,0.436015,515.851440
3,0.745930,0.465284,765.404602
4,0.749971,0.486598,1014.994141
5,0.764428,0.490958,1264.527344
6,0.780178,0.492450,1514.082520
7,0.794062,0.498542,1763.645996
8,0.811746,0.501636,2013.201416
9,0.821901,0.506688,2262.791016
10,0.825934,0.509971,2512.363525
11,0.832736,0.511222,2761.913086
12,0.841309,0.510603,3011.504639
13,0.852138,0.509857,3261.034424
14,0.862114,0.508859,3510.600098
15,0.871795,0.507273,3760.142822
16,0.881408,0.507457,4009.746582
17,0.888353,0.505669,4259.268555
18,0.895790,0.504660,4508.884766
19,0.905692,0.503673,4758.495605
20,0.918204,0.502544,5007.972168
21,0.932395,0.501514,5257.536621
22,0.944267,0.501340,5507.107910
23,0.954692,0.500031,5756.750977
24,0.964740,0.498963,6006.240234
25,0.974639,0.498017,6255.808105
26,0.985868,0.495939,6505.388184
27,0.007676,0.487829,6754.903320
28,0.041971,0.488178,7004.495117
29,0.068953,0.491492,7254.049316
30,0.100132,0.489156,7503.621582
31,0.127327,0.487819,7753.254883
32,0.147514,0.484181,8002.767578
33,0.167928,0.484040,8252.322266
34,0.187759,0.494537,8518.502930
35,0.210078,0.501397,8751.422852
36,0.234210,0.507248,9001.012695
37,0.252963,0.502539,9250.567383
38,0.267382,0.501914,9500.123047
39,0.276945,0.503510,9766.422852
40,0.279803,0.501238,10015.882812
41,0.264796,0.498048,10265.452148
42,0.241164,0.488097,10515.015625
43,0.231544,0.478422,10764.562500
44,0.249542,0.481073,11014.157227
45,0.275882,0.478804,11263.738281
46,0.305508,0.481328,11513.283203
47,0.326359,0.484190,11762.869141
48,0.343297,0.478410,12012.435547
49,0.365727,0.469625,12261.959961
50,0.385387,0.459730,12511.531250
51,0.400563,0.457219,12761.161133
52,0.418527,0.463019,13010.650391
53,0.439367,0.466986,13260.210938
54,0.458842,0.458617,13509.810547
55,0.477105,0.437432,13759.366211
56,0.494187,0.415203,14008.949219
57,0.505420,0.384606,14258.486328
58,0.507991,0.372049,14508.038086
59,0.502011,0.371166,14757.656250
60,0.498054,0.405001,15007.192383
61,0.513447,0.467637,15256.719727
62,0.530787,0.507190,15506.292969
63,0.540226,0.523594,15755.854492
64,0.545184,0.534031,16005.464844
65,0.546988,0.540679,16255.015625
66,0.546582,0.542364,16504.574219
67,0.546149,0.544364,16754.201172
68,0.545255,0.545792,17003.673828
69,0.544413,0.546625,17253.285156
70,0.543687,0.547731,17502.814453
71,0.543018,0.549141,17752.394531
72,0.542768,0.551691,18001.916016
73,0.542747,0.557612,18251.544922
74,0.546198,0.571548,18501.056641
75,0.556193,0.585639,18750.623047
76,0.567191,0.586718,19000.248047
77,0.582951,0.584791,19266.417969
78,0.598367,0.582347,19515.955078
79,0.607906,0.580678,19765.562500
80,0.604016,0.577787,20015.068359
81,0.592830,0.578727,20264.658203
82,0.578249,0.580567,20514.230469
83,0.557801,0.578537,20763.773438
84,0.538016,0.579337,21013.324219
85,0.513218,0.576103,21262.906250
86,0.486606,0.566780,21512.474609
87,0.461046,0.552845,21762.013672
88,0.428953,0.530183,22011.626953
89,0.394640,0.508414,22261.160156
90,0.358903,0.488597,22510.712891
91,0.321907,0.477032,22760.367188
92,0.289460,0.466448,23009.845703
93,0.261682,0.458987,23259.460938
94,0.259775,0.461902,23508.988281
95,0.253497,0.465399,23758.566406
96,0.218296,0.457106,24008.099609
97,0.172779,0.447953,24257.701172
98,0.126055,0.447094,24507.224609
99,0.093442,0.448737,24756.832031
0,0.749989,0.542185,0.003074
1,0.749725,0.543444,266.262146
2,0.751676,0.542430,515.815857
3,0.752711,0.541531,765.389282
4,0.727905,0.538692,1014.911926
5,0.652472,0.533574,1264.499634
6,0.583480,0.516120,1514.018799
7,0.570105,0.505760,1763.581665
8,0.572194,0.508541,2013.243286
9,0.587697,0.514718,2262.745117
10,0.610811,0.519261,2512.337158
11,0.630958,0.521895,2761.889893
12,0.654263,0.521777,3011.446533
13,0.671777,0.521252,3261.001953
14,0.672855,0.522240,3510.552490
15,0.670918,0.524223,3760.139893
16,0.671822,0.524544,4009.703613
17,0.672434,0.524110,4259.216309
18,0.672224,0.524192,4508.906738
19,0.672163,0.525106,4758.460938
20,0.672386,0.527633,5007.958008
21,0.672726,0.528713,5257.495117
22,0.672948,0.528771,5507.133301
23,0.673075,0.529060,5756.622070
24,0.673064,0.529259,6006.167480
25,0.673334,0.529217,6255.771484
26,0.673492,0.528999,6505.325684
27,0.673748,0.529299,6754.911133
28,0.687811,0.527599,7004.469238
29,0.738323,0.520006,7254.085938
30,0.788160,0.508424,7503.614258
31,0.819056,0.503953,7753.154785
32,0.825388,0.502842,8002.679199
33,0.823481,0.505275,8252.310547
34,0.830018,0.512174,8501.829102
35,0.842072,0.514870,8751.391602
36,0.847918,0.518717,9001.032227
37,0.845776,0.531400,9250.586914
38,0.838002,0.544482,9500.111328
39,0.841806,0.543843,9766.360352
40,0.854611,0.544563,10015.873047
41,0.859706,0.543581,10265.401367
42,0.882277,0.541075,10514.994141
43,0.900855,0.541121,10764.533203
44,0.930851,0.538794,11014.170898
45,0.973284,0.533186,11263.687500
46,0.005603,0.523771,11513.297852
47,0.043898,0.511862,11762.833008
48,0.075289,0.490267,12012.411133
49,0.108009,0.484515,12261.945312
50,0.130925,0.487967,12511.481445
51,0.147095,0.493405,12761.134766
52,0.165313,0.495866,13010.654297
53,0.188548,0.498562,13260.261719
54,0.213494,0.503309,13509.720703
55,0.234744,0.507951,13759.322266
56,0.257361,0.514199,14008.884766
57,0.267664,0.510873,14258.432617
58,0.272418,0.507638,14508.029297
59,0.268370,0.510235,14757.553711
60,0.254473,0.507833,15007.149414
61,0.237436,0.505790,15256.687500
62,0.224574,0.499678,15506.328125
63,0.223975,0.504375,15755.867188
64,0.237838,0.506006,16005.416992
65,0.269377,0.496524,16254.996094
66,0.292441,0.496498,16504.539062
67,0.311400,0.504505,16754.132812
68,0.331352,0.510711,17003.626953
69,0.347673,0.513052,17253.226562
70,0.358196,0.510986,17502.748047
71,0.367430,0.509335,17752.363281
72,0.374322,0.508492,18001.892578
73,0.375799,0.505714,18251.472656
74,0.371073,0.501999,18501.046875
75,0.366800,0.499855,18750.601562
76,0.363616,0.499115,19000.220703
77,0.359443,0.499097,19266.386719
78,0.355455,0.498241,19515.947266
79,0.352262,0.499302,19765.482422
80,0.349434,0.500309,20015.076172
81,0.347950,0.501033,20264.650391
82,0.347655,0.501897,20514.201172
83,0.347507,0.502130,20763.732422
84,0.347318,0.502796,21013.328125
85,0.346831,0.503721,21262.884766
86,0.337352,0.502080,21512.421875
87,0.283526,0.489936,21761.982422
88,0.223327,0.476024,22011.638672
89,0.212395,0.446717,22261.105469
90,0.214583,0.437408,22510.666016
91,0.207093,0.442669,22760.300781
92,0.197088,0.453896,23009.869141
93,0.176851,0.469340,23259.417969
94,0.160913,0.477064,23508.955078
95,0.158223,0.481475,23758.587891
96,0.157806,0.480599,24008.054688
97,0.156437,0.480740,24257.617188
98,0.156379,0.481363,24507.173828
99,0.156684,0.481717,24756.798828
0,0.749788,0.509876,-0.000100
1,0.749340,0.516324,266.220276
2,0.758936,0.555060,515.783997
3,0.785696,0.559577,765.323364
4,0.806466,0.563628,1014.869751
5,0.837748,0.559884,1264.501221
6,0.867262,0.548218,1514.030884
7,0.891222,0.532067,1763.591919
8,0.917804,0.517833,2013.155640
9,0.899377,0.523801,2262.763428
10,0.889770,0.518639,2512.310303
11,0.845234,0.515322,2761.808594
12,0.702637,0.523954,3011.385742
13,0.640609,0.521516,3261.028320
14,0.624406,0.503319,3510.500000
15,0.587691,0.471316,3760.086914
16,0.550030,0.464443,4009.653564
17,0.508745,0.460334,4259.229492
18,0.459181,0.469808,4508.767578
19,0.421906,0.486913,4758.378906
20,0.393027,0.497802,5007.925293
21,0.373260,0.501679,5257.548828
22,0.357533,0.504668,5507.063477
23,0.350529,0.504435,5756.594727
24,0.350990,0.504613,6006.180664
25,0.349125,0.497502,6255.699707
26,0.350151,0.476989,6505.392090
27,0.350440,0.465313,6754.879395
28,0.331570,0.447852,7004.407715
29,0.315629,0.430301,7253.964355
30,0.354350,0.401950,7503.637695
31,0.442612,0.352207,7753.117188
32,0.510586,0.333656,8002.652832
33,0.581310,0.315832,8252.289062
34,0.647328,0.339708,8501.805664
35,0.698612,0.373766,8751.420898
36,0.748846,0.434286,9000.916016
37,0.796164,0.469410,9250.500000
38,0.841719,0.526773,9500.077148
39,0.846965,0.594996,9766.258789
40,0.849759,0.663010,10015.815430
41,0.855029,0.691524,10265.453125
42,0.903262,0.661357,10514.934570
43,0.976467,0.613667,10764.535156
44,0.026345,0.594573,11014.058594
45,0.066391,0.580968,11263.715820
46,0.096577,0.565776,11513.257812
47,0.127315,0.559162,11762.803711
48,0.151494,0.560489,12012.384766
49,0.169385,0.569559,12261.931641
50,0.182033,0.578115,12511.501953
51,0.191716,0.585917,12761.011719
52,0.190111,0.584499,13010.654297
53,0.190850,0.571533,13260.144531
54,0.199608,0.567808,13509.746094
55,0.201431,0.559591,13759.279297
56,0.186527,0.545354,14008.927734
57,0.173494,0.527051,14258.426758
58,0.176654,0.533153,14507.965820
59,0.193188,0.596888,14757.617188
60,0.232631,0.661356,15007.124023
61,0.259853,0.686257,15256.651367
62,0.265838,0.708829,15506.226562
63,0.253543,0.769916,15755.892578
64,0.186584,0.833457,16005.389648
65,0.164634,0.895422,16254.963867
66,0.157225,0.921484,16504.599609
67,0.114367,0.948121,16754.037109
68,0.028170,0.944822,17003.716797
69,0.915978,0.900761,17253.156250
70,0.895310,0.889111,17502.787109
71,0.848085,0.891719,17752.300781
72,0.753689,0.876128,18001.863281
73,0.725066,0.863670,18251.496094
74,0.793971,0.796794,18501.076172
75,0.861366,0.722111,18750.591797
76,0.933118,0.640944,19000.156250
77,0.939127,0.574909,19266.332031
78,0.907819,0.535708,19515.945312
79,0.883629,0.515376,19765.488281
80,0.886271,0.493524,20015.005859
81,0.891509,0.458875,20264.671875
82,0.910618,0.436750,20514.214844
83,0.919997,0.407014,20763.740234
84,0.934466,0.381556,21013.294922
85,0.943749,0.352049,21262.880859
86,0.945391,0.346349,21512.402344
87,0.940705,0.343528,21761.953125
88,0.902871,0.387591,22011.515625
89,0.834069,0.480760,22261.117188
90,0.772571,0.530729,22510.654297
91,0.729091,0.532000,22760.263672
92,0.717075,0.526701,23009.806641
93,0.727541,0.532407,23259.349609
94,0.724924,0.531022,23508.902344
95,0.718508,0.496203,23758.464844
96,0.721245,0.466124,24008.111328
97,0.721332,0.462392,24257.601562
98,0.718945,0.469728,24507.167969
99,0.717739,0.479868,24756.802734
0,0.749955,0.530140,-0.012254
1,0.750108,0.530428,266.260315
2,0.750647,0.531754,515.768616
3,0.750942,0.532255,765.315613
4,0.751008,0.532374,1014.885132
5,0.751013,0.532447,1264.479126
6,0.751074,0.532694,1514.021118
7,0.760754,0.540930,1763.526733
8,0.793834,0.558701,2013.158203
9,0.813609,0.570512,2262.694092
10,0.818662,0.551966,2512.233887
11,0.846401,0.516906,2761.784424
12,0.865400,0.473101,3011.373047
13,0.878726,0.456403,3260.968262
14,0.882939,0.452289,3510.487061
15,0.885680,0.444881,3760.085938
16,0.887930,0.443415,4009.606445
17,0.887180,0.443074,4259.208008
18,0.863085,0.439889,4508.737305
19,0.810666,0.448731,4758.328613
20,0.755634,0.436992,5007.881348
21,0.702786,0.429763,5257.461914
22,0.647652,0.437905,5507.021484
23,0.631865,0.457611,5756.596191
24,0.639120,0.470240,6006.138184
25,0.656718,0.463268,6255.686523
26,0.673635,0.462077,6505.262695
27,0.654411,0.457528,6754.816895
28,0.611004,0.442330,7004.414551
29,0.567905,0.426383,7253.954590
30,0.518492,0.405391,7503.517090
31,0.488988,0.384347,7753.080078
32,0.469132,0.378737,8002.634766
33,0.438044,0.404339,8252.205078
34,0.389142,0.421390,8501.776367
35,0.360258,0.437071,8751.335938
36,0.342638,0.435799,9000.913086
37,0.335207,0.422429,9250.461914
38,0.301873,0.418867,9500.027344
39,0.260879,0.435338,9766.230469
40,0.243810,0.448259,10015.777344
41,0.237707,0.454063,10265.381836
42,0.236729,0.457514,10514.922852
43,0.233626,0.453969,10764.518555
44,0.214136,0.447614,11014.040039
45,0.209489,0.454472,11263.632812
46,0.226917,0.454254,11513.174805
47,0.242838,0.453199,11762.741211
48,0.270458,0.449636,12012.303711
49,0.305678,0.452397,12261.881836
50,0.349029,0.458422,12511.435547
51,0.374992,0.434361,12760.992188
52,0.421438,0.435678,13010.566406
53,0.454530,0.439810,13260.145508
54,0.490555,0.437591,13509.689453
55,0.528998,0.434898,13759.243164
56,0.546225,0.442216,14008.814453
57,0.556443,0.438241,14258.363281
58,0.563018,0.431899,14507.925781
59,0.562438,0.431004,14757.534180
60,0.556521,0.412621,15007.075195
61,0.550574,0.390906,15256.644531
62,0.543151,0.360871,15506.185547
63,0.531090,0.321095,15755.753906
64,0.517416,0.311831,16005.311523
65,0.502224,0.313197,16254.894531
66,0.490681,0.316103,16504.501953
67,0.473220,0.320885,16754.042969
68,0.453505,0.324875,17003.583984
69,0.434481,0.329924,17253.138672
70,0.415935,0.336582,17502.740234
71,0.397078,0.341311,17752.294922
72,0.372481,0.342059,18001.824219
73,0.344361,0.340284,18251.388672
74,0.314107,0.344669,18500.960938
75,0.285430,0.351480,18750.564453
76,0.262824,0.361943,19000.105469
77,0.238820,0.362824,19266.279297
78,0.213856,0.367940,19515.875000
79,0.187484,0.373023,19765.425781
80,0.158985,0.376304,20014.990234
81,0.138974,0.382940,20264.546875
82,0.123403,0.391800,20514.125000
83,0.102275,0.394713,20763.667969
84,0.088085,0.402831,21013.259766
85,0.091937,0.408349,21262.808594
86,0.100444,0.405750,21512.367188
87,0.102758,0.406526,21761.933594
88,0.109032,0.410855,22011.498047
89,0.126896,0.412176,22261.062500
90,0.141238,0.411395,22510.626953
91,0.154285,0.418036,22760.214844
92,0.163835,0.424151,23009.742188
93,0.168756,0.426883,23259.337891
94,0.169594,0.427108,23508.876953
95,0.167183,0.427362,23758.470703
96,0.163110,0.425621,24007.994141
97,0.140894,0.414777,24257.568359
98,0.110140,0.409685,24507.154297
99,0.085528,0.407855,24756.695312
0,0.752209,0.498415,0.046493
1,0.751937,0.494531,266.235474
2,0.782057,0.507903,515.795349
3,0.830897,0.524150,765.337402
4,0.911882,0.516767,1014.925110
5,0.943212,0.528401,1264.508179
6,0.862920,0.549516,1514.045532
7,0.813348,0.551472,1763.671387
8,0.811073,0.555353,2013.200439
9,0.788658,0.580940,2262.768066
10,0.684403,0.521654,2512.320312
11,0.616957,0.472401,2761.863525
12,0.603202,0.476284,3011.459961
13,0.573257,0.486260,3260.999268
14,0.529452,0.499167,3510.575684
15,0.486971,0.529547,3760.120361
16,0.446476,0.553499,4009.701660
17,0.402089,0.582807,4259.280762
18,0.372703,0.579896,4508.840820
19,0.357974,0.555576,4758.379883
20,0.354827,0.550674,5007.945801
21,0.375143,0.534401,5257.511719
22,0.400635,0.512090,5507.070801
23,0.472834,0.480454,5756.636719
24,0.561974,0.446987,6006.198730
25,0.614096,0.446961,6255.784668
26,0.645276,0.462014,6505.353027
27,0.669658,0.469144,6754.884766
28,0.697626,0.490665,7004.458496
29,0.726464,0.522392,7254.035156
30,0.748905,0.550502,7503.617188
31,0.766058,0.579745,7753.125488
32,0.793615,0.592739,8002.720215
33,0.912237,0.550319,8252.272461
34,0.004414,0.543094,8501.823242
35,0.035159,0.541312,8751.392578
36,0.040634,0.510158,9000.992188
37,0.039592,0.520203,9250.550781
38,0.044047,0.540387,9500.101562
39,0.042751,0.550804,9766.290039
40,0.007342,0.547321,10015.869141
41,0.972253,0.490709,10265.409180
42,0.962768,0.440146,10514.971680
43,0.960456,0.412049,10764.559570
44,0.961962,0.413664,11014.132812
45,0.962796,0.414915,11263.687500
46,0.961874,0.415628,11513.245117
47,0.961615,0.419105,11762.829102
48,0.965927,0.433537,12012.362305
49,0.968157,0.442486,12261.933594
50,0.967435,0.459369,12511.483398
51,0.974629,0.482115,12761.095703
52,0.981854,0.507610,13010.634766
53,0.009324,0.538042,13260.186523
54,0.063890,0.537852,13509.767578
55,0.091640,0.547771,13759.345703
56,0.115356,0.550988,14008.919922
57,0.138926,0.553740,14258.436523
58,0.153164,0.552723,14508.012695
59,0.167007,0.553101,14757.586914
60,0.177270,0.555013,15007.138672
61,0.192589,0.557929,15256.703125
62,0.186463,0.563230,15506.288086
63,0.174987,0.569655,15755.857422
64,0.171874,0.607107,16005.418945
65,0.158360,0.677523,16254.958984
66,0.132890,0.745564,16504.496094
67,0.061653,0.835138,16754.074219
68,0.016358,0.869391,17003.626953
69,0.017182,0.871026,17253.248047
70,0.053101,0.838405,17502.773438
71,0.064283,0.677025,17752.353516
72,0.092437,0.555173,18001.931641
73,0.111292,0.546144,18251.498047
74,0.122709,0.534749,18501.013672
75,0.128472,0.515417,18750.582031
76,0.129112,0.509402,19000.208984
77,0.124540,0.509493,19266.378906
78,0.124416,0.517460,19515.935547
79,0.128069,0.528381,19765.478516
80,0.129334,0.534542,20015.074219
81,0.132465,0.538419,20264.626953
82,0.129371,0.538801,20514.177734
83,0.126021,0.543534,20763.738281
84,0.121185,0.543194,21013.335938
85,0.104949,0.540354,21262.855469
86,0.038391,0.537774,21512.451172
87,0.875711,0.540679,21761.974609
88,0.757884,0.506306,22011.568359
89,0.683129,0.498909,22261.136719
90,0.592871,0.510837,22510.697266
91,0.594480,0.521573,22760.275391
92,0.681448,0.513577,23009.828125
93,0.695699,0.512082,23259.378906
94,0.691275,0.508434,23508.939453
95,0.690696,0.500290,23758.513672
96,0.681460,0.491478,24008.064453
97,0.685812,0.488979,24257.660156
98,0.694693,0.490507,24507.224609
99,0.702938,0.493746,24756.808594
0,0.752174,0.489451,-0.004837
1,0.750105,0.491018,266.157776
2,0.746618,0.520269,515.799500
3,0.788732,0.559280,765.276672
4,0.815725,0.548118,1014.933350
5,0.812047,0.543367,1264.396118
6,0.811952,0.544008,1513.961304
7,0.820924,0.542609,1763.603394
8,0.829532,0.541080,2013.161743
9,0.830086,0.539735,2262.656494
10,0.824375,0.557595,2512.236328
11,0.814433,0.575247,2761.847656
12,0.806435,0.575701,3011.351807
13,0.788339,0.557039,3260.922119
14,0.766040,0.533676,3510.524902
15,0.736097,0.527433,3760.085449
16,0.696706,0.528779,4009.642334
17,0.661280,0.520907,4259.188965
18,0.638444,0.519422,4508.838867
19,0.620258,0.522598,4758.325684
20,0.597437,0.491498,5007.910645
21,0.560632,0.480362,5257.415039
22,0.531322,0.481758,5507.051758
23,0.497480,0.485834,5756.627441
24,0.485775,0.484853,6006.102539
25,0.497520,0.482551,6255.712891
26,0.511892,0.478613,6505.272461
27,0.548793,0.471077,6754.800781
28,0.595576,0.468955,7004.466309
29,0.622847,0.475088,7253.979004
30,0.645766,0.479296,7503.493164
31,0.681066,0.474587,7753.063477
32,0.699722,0.474831,8002.653320
33,0.701061,0.473925,8252.220703
34,0.674513,0.472617,8501.748047
35,0.642915,0.465290,8751.333008
36,0.613315,0.466007,9000.953125
37,0.575556,0.462736,9250.525391
38,0.529665,0.451807,9500.050781
39,0.488821,0.449209,9766.208008
40,0.441813,0.456870,10015.770508
41,0.392123,0.471478,10265.396484
42,0.349298,0.476403,10514.904297
43,0.310802,0.470016,10764.458008
44,0.288226,0.470643,11014.127930
45,0.282819,0.472557,11263.626953
46,0.293387,0.465993,11513.168945
47,0.254099,0.473143,11762.711914
48,0.207514,0.476690,12012.337891
49,0.202875,0.469757,12261.856445
50,0.196900,0.463891,12511.489258
51,0.218900,0.458091,12760.991211
52,0.215676,0.458397,13010.661133
53,0.211139,0.457490,13260.130859
54,0.223551,0.463862,13509.738281
55,0.227528,0.460970,13759.258789
56,0.222159,0.473078,14008.773438
57,0.204569,0.474005,14258.374023
58,0.170203,0.509040,14507.960938
59,0.126856,0.514292,14757.491211
60,0.100138,0.505575,15007.067383
61,0.077055,0.503969,15256.716797
62,0.066218,0.501736,15506.234375
63,0.074503,0.498322,15755.776367
64,0.110376,0.492808,16005.330078
65,0.173029,0.474818,16254.932617
66,0.248707,0.471905,16504.462891
67,0.287882,0.467176,16754.015625
68,0.305346,0.462733,17003.552734
69,0.313703,0.452554,17253.156250
70,0.318097,0.448953,17502.759766
71,0.340101,0.457578,17752.251953
72,0.378502,0.449608,18001.818359
73,0.413083,0.451224,18251.375000
74,0.500195,0.445140,18500.943359
75,0.551239,0.443085,18750.552734
76,0.620586,0.451407,19000.072266
77,0.675593,0.456909,19266.312500
78,0.692213,0.460356,19515.867188
79,0.722121,0.466731,19765.429688
80,0.768554,0.464999,20015.007812
81,0.806107,0.471417,20264.570312
82,0.854404,0.476335,20514.097656
83,0.879619,0.473882,20763.654297
84,0.897766,0.473595,21013.220703
85,0.925007,0.482056,21262.804688
86,0.941730,0.487174,21512.386719
87,0.958263,0.490719,21762.007812
88,0.979890,0.491761,22011.505859
89,0.998927,0.499543,22261.042969
90,0.011987,0.500298,22510.724609
91,0.018131,0.500441,22760.222656
92,0.019682,0.491420,23009.769531
93,0.015169,0.492110,23259.283203
94,0.003849,0.487126,23508.960938
95,0.985686,0.479125,23758.408203
96,0.974977,0.494355,24007.982422
97,0.970225,0.501542,24257.630859
98,0.982387,0.504932,24507.111328
99,0.009016,0.506042,24756.791016
0,0.745790,0.459449,0.007610
1,0.743695,0.460736,266.176666
2,0.744038,0.460376,515.745667
3,0.743897,0.460415,765.307617
4,0.726995,0.461172,1014.876892
5,0.642525,0.458635,1264.500977
6,0.590344,0.449107,1514.036499
7,0.553268,0.439223,1763.578857
8,0.531366,0.436981,2013.214966
9,0.494217,0.435065,2262.691406
10,0.464324,0.443504,2512.258789
11,0.451372,0.450828,2761.849854
12,0.455507,0.451212,3011.392334
13,0.468065,0.439589,3260.976318
14,0.497224,0.374207,3510.499023
15,0.508338,0.336160,3760.163086
16,0.539315,0.306259,4009.643311
17,0.579245,0.301334,4259.235840
18,0.630990,0.322693,4508.819824
19,0.680559,0.374337,4758.351562
20,0.713326,0.440169,5007.892578
21,0.718121,0.474452,5257.452148
22,0.717401,0.493260,5507.037598
23,0.730846,0.496521,5756.574219
24,0.756818,0.493381,6006.177734
25,0.797328,0.496338,6255.717285
26,0.840524,0.496848,6505.291992
27,0.850010,0.499613,6754.814453
28,0.825944,0.516015,7004.422363
29,0.822828,0.520595,7253.989746
30,0.823199,0.519753,7503.519531
31,0.830196,0.509419,7753.121582
32,0.886522,0.486657,8002.674316
33,0.928326,0.467845,8252.225586
34,0.955227,0.456607,8501.781250
35,0.978666,0.472515,8751.378906
36,0.996509,0.492300,9000.931641
37,0.021382,0.499364,9250.454102
38,0.050584,0.508154,9500.070312
39,0.078731,0.493650,9766.259766
40,0.114638,0.476595,10015.802734
41,0.121527,0.474240,10265.383789
42,0.071937,0.436673,10514.974609
43,0.007070,0.379088,10764.590820
44,0.894949,0.345508,11014.080078
45,0.795215,0.345721,11263.619141
46,0.720157,0.350192,11513.225586
47,0.660627,0.376894,11762.754883
48,0.616702,0.411569,12012.326172
49,0.577080,0.432084,12261.862305
50,0.524792,0.430599,12511.519531
51,0.468405,0.426780,12761.004883
52,0.422337,0.431710,13010.572266
53,0.389660,0.437879,13260.125977
54,0.359608,0.441456,13509.724609
55,0.327175,0.439197,13759.339844
56,0.294057,0.416816,14008.826172
57,0.284335,0.397287,14258.375000
58,0.288735,0.375295,14507.931641
59,0.283707,0.371648,14757.518555
60,0.259584,0.377358,15007.088867
61,0.235839,0.392898,15256.643555
62,0.214692,0.414538,15506.254883
63,0.194623,0.438386,15755.765625
64,0.191102,0.456436,16005.420898
65,0.191187,0.463459,16254.887695
66,0.193046,0.464285,16504.486328
67,0.194523,0.462893,16754.015625
68,0.195740,0.460613,17003.679688
69,0.196058,0.459546,17253.171875
70,0.196198,0.460032,17502.726562
71,0.196015,0.460647,17752.373047
72,0.195866,0.461629,18001.865234
73,0.195880,0.462790,18251.408203
74,0.196879,0.463155,18500.986328
75,0.197499,0.463315,18750.615234
76,0.198616,0.463397,19000.138672
77,0.189865,0.468422,19266.310547
78,0.203011,0.499770,19515.886719
79,0.241507,0.508339,19765.517578
80,0.278987,0.492902,20015.019531
81,0.295193,0.479404,20264.550781
82,0.296203,0.474440,20514.111328
83,0.301613,0.475302,20763.765625
84,0.338991,0.504850,21013.244141
85,0.357834,0.575202,21262.832031
86,0.339784,0.625672,21512.460938
87,0.294874,0.645794,21761.986328
88,0.258384,0.597207,22011.523438
89,0.172628,0.566262,22261.080078
90,0.134249,0.559811,22510.673828
91,0.119412,0.541170,22760.193359
92,0.131490,0.523807,23009.777344
93,0.146102,0.496761,23259.316406
94,0.158560,0.458682,23508.902344
95,0.160715,0.438404,23758.470703
96,0.152690,0.429682,24008.037109
97,0.144690,0.421122,24257.583984
98,0.144410,0.415634,24507.162109
99,0.149348,0.413695,24756.695312
0,0.749771,0.429019,0.008865
1,0.750378,0.456448,266.221008
2,0.753025,0.525149,515.811401
3,0.754877,0.604870,765.344299
4,0.725841,0.649735,1014.951721
5,0.681176,0.605859,1264.460938
6,0.647917,0.513271,1514.116089
7,0.633284,0.472851,1763.726440
8,0.652839,0.468480,2013.169922
9,0.683321,0.469406,2262.795410
10,0.702677,0.461018,2512.314941
11,0.784606,0.446319,2761.844482
12,0.880683,0.462240,3011.457764
13,0.913908,0.463626,3261.083740
14,0.953674,0.448872,3510.563477
15,0.002024,0.439492,3760.116943
16,0.035841,0.442645,4009.717773
17,0.064556,0.452828,4259.243652
18,0.094275,0.456404,4508.827148
19,0.108542,0.462816,4758.357910
20,0.108457,0.470936,5008.054199
21,0.092661,0.485194,5257.541992
22,0.077035,0.488310,5507.063965
23,0.054984,0.494585,5756.604980
24,0.031588,0.494770,6006.243164
25,0.018624,0.514880,6255.796875
26,0.010380,0.518982,6505.334961
27,0.007985,0.526564,6754.952637
28,0.011181,0.533440,7004.469727
29,0.007345,0.536267,7253.995117
30,0.998878,0.543029,7503.563965
31,0.003752,0.551818,7753.222168
32,0.002078,0.557070,8002.757324
33,0.993891,0.559258,8252.276367
34,0.991884,0.555578,8501.833984
35,0.993571,0.559019,8751.419922
36,0.997821,0.564430,9000.946289
37,0.000497,0.562021,9250.525391
38,0.999091,0.559152,9500.098633
39,0.996254,0.542976,9766.306641
40,0.997646,0.503836,10015.969727
41,0.005282,0.472179,10265.458984
42,0.000463,0.442442,10514.986328
43,0.004553,0.419802,10764.591797
44,0.013084,0.427381,11014.083008
45,0.049592,0.425559,11263.680664
46,0.117672,0.439798,11513.244141
47,0.163222,0.451793,11762.868164
48,0.196705,0.448749,12012.397461
49,0.234099,0.447738,12262.019531
50,0.261975,0.449783,12511.504883
51,0.278649,0.453550,12761.047852
52,0.285355,0.462153,13010.656250
53,0.307102,0.499787,13260.218750
54,0.303091,0.520174,13509.751953
55,0.244641,0.494351,13759.306641
56,0.198616,0.486303,14008.910156
57,0.185291,0.496099,14258.468750
58,0.172832,0.514218,14507.997070
59,0.132606,0.501040,14757.606445
60,0.056507,0.495218,15007.127930
61,0.963023,0.502440,15256.772461
62,0.898611,0.491032,15506.248047
63,0.851945,0.501553,15755.871094
64,0.795743,0.508157,16005.389648
65,0.738788,0.508686,16254.944336
66,0.674479,0.503572,16504.533203
67,0.633409,0.490879,16754.074219
68,0.601676,0.485328,17003.671875
69,0.560864,0.484199,17253.203125
70,0.531632,0.481173,17502.816406
71,0.518106,0.463690,17752.373047
72,0.547073,0.424498,18001.892578
73,0.618830,0.452140,18251.509766
74,0.661818,0.478263,18501.011719
75,0.687814,0.498943,18750.607422
76,0.717191,0.509614,19000.128906
77,0.760250,0.516321,19266.404297
78,0.811270,0.514444,19515.974609
79,0.842351,0.515308,19765.480469
80,0.852388,0.514840,20015.039062
81,0.888514,0.502397,20264.728516
82,0.918738,0.484147,20514.216797
83,0.932545,0.443187,20763.828125
84,0.925053,0.410578,21013.310547
85,0.912408,0.419644,21262.949219
86,0.901798,0.453147,21512.437500
87,0.872890,0.468251,21762.005859
88,0.816437,0.470177,22011.603516
89,0.782681,0.459205,22261.109375
90,0.766206,0.437329,22510.775391
91,0.762458,0.418166,22760.244141
92,0.784855,0.407603,23009.878906
93,0.832696,0.417816,23259.423828
94,0.949570,0.436176,23508.970703
95,0.048280,0.429184,23758.548828
96,0.102095,0.425773,24008.132812
97,0.156416,0.422429,24257.675781
98,0.204771,0.427814,24507.189453
99,0.226876,0.422945,24756.769531
