Idx, longitude, latitude, start timestamp
0,0.749934,0.516154,-0.002054
1,0.750863,0.517060,266.184967
2,0.783777,0.515704,515.703552
3,0.829011,0.513110,765.198547
4,0.852365,0.533622,1014.839844
5,0.872927,0.552812,1264.352661
6,0.922273,0.546809,1513.920776
7,0.943895,0.525719,1763.502319
8,0.950741,0.505615,2013.079834
9,0.951239,0.493667,2262.656982
10,0.951534,0.479412,2512.182617
11,0.941234,0.469638,2761.774902
12,0.842755,0.456818,3011.313477
13,0.729780,0.412525,3260.904541
14,0.698236,0.429364,3510.441895
15,0.678738,0.478209,3760.079102
16,0.641932,0.555457,4009.578613
17,0.631698,0.569824,4259.236816
18,0.666699,0.568646,4508.630371
19,0.712666,0.557051,4758.270996
20,0.724725,0.546892,5007.727539
21,0.727231,0.543108,5257.392578
22,0.727394,0.541067,5507.047852
23,0.732371,0.538916,5756.485352
24,0.742504,0.538308,6006.120605
25,0.743119,0.538197,6255.621582
26,0.778686,0.532322,6521.833984
27,0.832590,0.516165,6771.339355
28,0.849280,0.507686,7004.356445
29,0.874608,0.511244,7253.814453
30,0.968432,0.516329,7520.093262
31,0.035634,0.506368,7769.731445
32,0.072256,0.493791,8019.172852
33,0.091280,0.485423,8268.816406
34,0.102463,0.484132,8501.720703
35,0.105749,0.481343,8767.914062
36,0.108699,0.479031,9017.453125
37,0.109078,0.470790,9250.438477
38,0.114847,0.463534,9516.541016
39,0.117897,0.464909,9766.168945
40,0.154028,0.488166,10015.656250
41,0.170950,0.505199,10265.252930
42,0.185069,0.517718,10514.749023
43,0.208894,0.524154,10764.406250
44,0.241979,0.589810,11013.996094
45,0.264916,0.629306,11263.488281
46,0.268122,0.629089,11513.117188
47,0.262628,0.596087,11762.626953
48,0.256589,0.528192,12012.226562
49,0.247959,0.482337,12261.751953
50,0.246478,0.476007,12511.374023
51,0.243801,0.473219,12760.865234
52,0.242218,0.474834,13010.517578
53,0.235118,0.479147,13259.955078
54,0.206909,0.484750,13509.602539
55,0.191191,0.493567,13759.078125
56,0.188335,0.496677,14008.697266
57,0.186999,0.496508,14258.340820
58,0.186833,0.496619,14507.854492
59,0.186793,0.497743,14757.490234
60,0.187257,0.499770,15106.819336
61,0.184445,0.500394,15256.553711
62,0.157749,0.494925,15589.298828
63,0.115698,0.485577,15838.798828
64,0.075905,0.475074,16088.458984
65,0.013322,0.462146,16321.269531
66,0.918731,0.435600,16587.541016
67,0.775125,0.424185,16820.433594
68,0.658200,0.451858,17086.650391
69,0.577413,0.481085,17319.562500
70,0.525827,0.533896,17569.121094
71,0.499629,0.526378,17818.814453
72,0.491339,0.516029,18068.242188
73,0.488243,0.513050,18317.919922
74,0.491043,0.491716,18567.427734
75,0.510139,0.479149,18817.031250
76,0.515265,0.470817,19049.882812
77,0.526638,0.445205,19316.130859
78,0.534648,0.351159,19565.619141
79,0.535000,0.331024,19815.212891
80,0.533280,0.335988,20064.748047
81,0.532620,0.336672,20314.328125
82,0.532379,0.341682,20563.863281
83,0.520674,0.393410,20813.445312
84,0.497397,0.454236,21079.728516
85,0.496740,0.473965,21329.222656
86,0.499523,0.485494,21578.865234
87,0.507573,0.544421,21828.294922
88,0.514881,0.548426,22077.951172
89,0.551042,0.544026,22310.816406
90,0.566285,0.541104,22577.052734
91,0.597072,0.543048,22826.531250
92,0.630804,0.549470,23092.791016
93,0.635982,0.543124,23342.390625
94,0.636349,0.516216,23508.689453
95,0.640724,0.490118,23758.332031
96,0.647112,0.485912,24007.886719
97,0.694946,0.507725,24257.382812
98,0.724015,0.547066,24606.794922
99,0.733281,0.543614,24756.501953
0,0.753806,0.452611,0.002635
1,0.751123,0.448818,266.210907
2,0.708715,0.424356,515.749817
3,0.680170,0.402103,765.328430
4,0.665562,0.412668,1014.888733
5,0.635361,0.434605,1264.461182
6,0.601936,0.465093,1513.999146
7,0.574205,0.482011,1763.561768
8,0.556638,0.493703,2013.062256
9,0.555002,0.493335,2262.736328
10,0.568511,0.484168,2512.208740
11,0.534023,0.473560,2761.862305
12,0.483092,0.473441,3028.052734
13,0.467940,0.476990,3261.020020
14,0.460324,0.484726,3510.621826
15,0.449834,0.491802,3760.072021
16,0.427966,0.496912,4009.706055
17,0.411762,0.497439,4259.183594
18,0.387566,0.491546,4508.828613
19,0.352809,0.492071,4758.280273
20,0.327113,0.482741,5007.977051
21,0.316737,0.464900,5257.469238
22,0.314474,0.440647,5507.096680
23,0.299705,0.417413,5756.588379
24,0.290542,0.410481,6006.150391
25,0.287270,0.412854,6255.622559
26,0.274688,0.418461,6505.260742
27,0.236874,0.440081,6754.895020
28,0.211444,0.455235,7004.412598
29,0.196470,0.456166,7254.027344
30,0.188137,0.458499,7503.524902
31,0.168870,0.466752,7753.176270
32,0.148204,0.458726,8002.619141
33,0.134964,0.438421,8252.280273
34,0.125263,0.419974,8501.767578
35,0.097319,0.418882,8751.494141
36,0.082101,0.426229,9000.872070
37,0.104865,0.383189,9317.013672
38,0.103917,0.366276,9566.583008
39,0.099150,0.360595,9799.482422
40,0.096239,0.341937,10049.137695
41,0.095292,0.334779,10298.583008
42,0.095286,0.337871,10548.255859
43,0.095505,0.335217,10781.118164
44,0.099052,0.329692,11030.685547
45,0.104340,0.333404,11280.235352
46,0.104313,0.357102,11529.802734
47,0.115163,0.408461,11779.447266
48,0.129721,0.452239,12012.311523
49,0.135374,0.484208,12261.976562
50,0.157371,0.477511,12511.458984
51,0.177625,0.470090,12761.071289
52,0.166816,0.469733,13010.578125
53,0.151251,0.464456,13260.200195
54,0.181958,0.460300,13509.673828
55,0.194814,0.463748,13792.559570
56,0.209949,0.462100,14042.189453
57,0.243464,0.466908,14291.716797
58,0.266086,0.483674,14524.653320
59,0.296975,0.551308,14774.226562
60,0.310869,0.577620,15023.765625
61,0.321674,0.581314,15289.900391
62,0.344266,0.578686,15522.875000
63,0.371192,0.506358,15772.384766
64,0.375496,0.465979,16005.375000
65,0.365929,0.446181,16254.880859
66,0.319974,0.420221,16521.167969
67,0.294730,0.396390,16770.650391
68,0.293326,0.402083,17020.232422
69,0.285675,0.407234,17269.736328
70,0.289375,0.411160,17519.361328
71,0.306064,0.420467,17752.265625
72,0.339043,0.445258,18001.884766
73,0.349137,0.449825,18251.404297
74,0.353980,0.453196,18517.687500
75,0.367304,0.450563,18750.597656
76,0.367981,0.456313,19000.085938
77,0.369494,0.459855,19266.378906
78,0.366930,0.457534,19515.878906
79,0.362204,0.451461,19765.478516
80,0.373246,0.448547,20098.193359
81,0.397897,0.451766,20347.689453
82,0.423255,0.467254,20580.734375
83,0.445532,0.472797,20846.966797
84,0.457734,0.467891,21096.443359
85,0.462084,0.448872,21329.292969
86,0.467210,0.442722,21578.929688
87,0.467612,0.444892,21828.607422
88,0.465848,0.449072,22078.074219
89,0.468213,0.462467,22327.658203
90,0.492480,0.473659,22593.824219
91,0.530981,0.472231,22826.794922
92,0.560430,0.475176,23076.267578
93,0.565551,0.471853,23325.910156
94,0.558812,0.456665,23558.759766
95,0.561049,0.455845,23825.058594
96,0.566006,0.457218,24074.523438
97,0.568510,0.461423,24307.576172
98,0.573375,0.461493,24540.373047
99,0.587238,0.469483,24790.041016
0,0.747050,0.561380,-0.056542
1,0.746803,0.559768,266.190704
2,0.764276,0.549128,515.704834
3,0.808444,0.523616,765.202026
4,0.826133,0.513744,1014.822388
5,0.832874,0.513226,1264.299561
6,0.831018,0.512588,1513.983276
7,0.804327,0.481861,1763.604492
8,0.749345,0.370964,2013.101685
9,0.699505,0.288899,2262.721191
10,0.668321,0.276490,2512.250000
11,0.656060,0.323409,2761.787842
12,0.667594,0.376184,3011.263916
13,0.693217,0.433460,3260.940186
14,0.719621,0.458415,3510.377441
15,0.714797,0.473013,3760.054199
16,0.672018,0.505625,4009.515137
17,0.607476,0.536306,4259.233887
18,0.554057,0.537301,4508.796875
19,0.511621,0.543205,4758.229980
20,0.498600,0.546061,5007.905273
21,0.515190,0.544451,5257.378418
22,0.525803,0.540188,5507.010254
23,0.482371,0.546655,5756.462402
24,0.424599,0.557409,6006.144531
25,0.418036,0.552805,6255.596191
26,0.429140,0.539050,6505.204102
27,0.387024,0.558261,6754.770996
28,0.332982,0.604256,7004.382812
29,0.305605,0.619568,7270.482422
30,0.297941,0.548952,7503.496094
31,0.302749,0.481438,7753.077148
32,0.340211,0.466913,8019.227051
33,0.422321,0.485701,8252.219727
34,0.492343,0.522588,8501.658203
35,0.591126,0.560224,8751.287109
36,0.633289,0.588543,9000.785156
37,0.600281,0.635941,9250.466797
38,0.471270,0.742831,9599.779297
39,0.376915,0.809432,9849.306641
40,0.371324,0.840647,10082.275391
41,0.380407,0.856267,10331.754883
42,0.331162,0.812039,10564.794922
43,0.278476,0.706678,10797.637695
44,0.247084,0.615062,11047.294922
45,0.218750,0.547623,11296.735352
46,0.210680,0.527193,11529.746094
47,0.208447,0.520218,11779.269531
48,0.216254,0.515272,12028.847656
49,0.233504,0.487532,12278.372070
50,0.255992,0.449106,12511.388672
51,0.293081,0.412467,12760.833008
52,0.337515,0.426337,13043.720703
53,0.367202,0.463915,13276.706055
54,0.406779,0.516696,13526.254883
55,0.451022,0.556059,13759.215820
56,0.466685,0.564065,14008.707031
57,0.492488,0.561091,14258.383789
58,0.532245,0.560089,14524.441406
59,0.588490,0.580417,14757.462891
60,0.641342,0.625483,15006.929688
61,0.696174,0.664792,15256.541992
62,0.754069,0.673554,15506.048828
63,0.800602,0.692301,15755.710938
64,0.846932,0.730266,16021.905273
65,0.875656,0.766104,16288.039062
66,0.893989,0.789066,16521.052734
67,0.932599,0.727718,16770.554688
68,0.948222,0.610814,17020.191406
69,0.979542,0.541816,17269.632812
70,0.042425,0.525282,17519.330078
71,0.051238,0.523125,17752.179688
72,0.059909,0.485474,18018.380859
73,0.050568,0.399454,18251.269531
74,0.049757,0.360734,18500.861328
75,0.026498,0.291045,18750.373047
76,0.987122,0.216318,19016.638672
77,0.974828,0.199370,19266.238281
78,0.002459,0.277979,19515.781250
79,0.042245,0.392498,19765.326172
80,0.095141,0.508717,20014.835938
81,0.129037,0.545476,20264.490234
82,0.137553,0.549849,20513.976562
83,0.136371,0.544756,20763.597656
84,0.130965,0.542215,21013.085938
85,0.126770,0.545933,21262.748047
86,0.117169,0.542347,21512.183594
87,0.100002,0.536690,21761.851562
88,0.015691,0.522161,22094.544922
89,0.972277,0.520279,22327.591797
90,0.948624,0.523449,22560.437500
91,0.914432,0.533042,22809.966797
92,0.889316,0.529183,23042.941406
93,0.874352,0.536948,23275.808594
94,0.855361,0.537113,23525.404297
95,0.837146,0.528602,23774.923828
96,0.803641,0.523349,24024.564453
97,0.768509,0.526545,24257.435547
98,0.745190,0.515386,24507.042969
99,0.715791,0.485135,24789.892578
0,0.750113,0.561634,-0.050923
1,0.750286,0.561713,266.126282
2,0.749686,0.560070,515.747498
3,0.738084,0.535334,765.254517
4,0.716922,0.515907,1014.951172
5,0.683742,0.502796,1264.425659
6,0.657203,0.492132,1514.059326
7,0.643762,0.491463,1763.489136
8,0.631688,0.496248,2013.119751
9,0.617863,0.497106,2262.581787
10,0.603251,0.495589,2512.214111
11,0.589481,0.495243,2761.725586
12,0.570091,0.495262,3011.328125
13,0.552396,0.494320,3260.882812
14,0.535579,0.491419,3527.130127
15,0.530541,0.493587,3760.095459
16,0.513911,0.501684,4026.186523
17,0.494875,0.516030,4275.842285
18,0.487316,0.523742,4508.687988
19,0.486270,0.524936,4774.953613
20,0.487317,0.524593,5007.844238
21,0.488663,0.525829,5274.069336
22,0.491997,0.530096,5523.542969
23,0.501655,0.541733,5756.539551
24,0.511940,0.546225,6006.055664
25,0.520574,0.548744,6255.680664
26,0.523395,0.550677,6505.200195
27,0.534216,0.552489,6754.796875
28,0.555356,0.553748,7004.395996
29,0.587254,0.551261,7253.875000
30,0.621153,0.552150,7503.526367
31,0.674176,0.547551,7836.263672
32,0.738557,0.538276,8002.636719
33,0.804277,0.523287,8335.354492
34,0.839825,0.513507,8568.281250
35,0.871369,0.503219,8801.263672
36,0.890509,0.500905,9050.756836
37,0.897572,0.502699,9300.369141
38,0.916081,0.503304,9549.880859
39,0.945831,0.501145,9782.866211
40,0.968047,0.499071,10015.717773
41,0.990599,0.495796,10265.332031
42,0.015162,0.482194,10514.855469
43,0.045191,0.475437,10764.359375
44,0.072237,0.443826,11047.310547
45,0.084438,0.433476,11296.858398
46,0.086739,0.426159,11529.843750
47,0.088213,0.417644,11779.361328
48,0.088495,0.416404,12012.187500
49,0.088300,0.421430,12261.827148
50,0.089380,0.430911,12511.315430
51,0.090701,0.435938,12794.164062
52,0.098037,0.446782,13027.189453
53,0.117499,0.471335,13276.637695
54,0.128877,0.484110,13542.898438
55,0.131609,0.486456,13775.803711
56,0.135723,0.491702,14025.393555
57,0.157216,0.492068,14274.922852
58,0.182489,0.490543,14524.549805
59,0.196802,0.492442,14774.174805
60,0.206563,0.492687,15023.611328
61,0.235153,0.512112,15256.604492
62,0.265381,0.587072,15506.142578
63,0.273769,0.626289,15772.282227
64,0.278123,0.655526,16021.865234
65,0.283753,0.673066,16271.502930
66,0.301577,0.680121,16537.626953
67,0.318448,0.640526,16770.628906
68,0.330882,0.562703,17020.111328
69,0.338544,0.536854,17269.693359
70,0.362780,0.546491,17519.224609
71,0.379690,0.549753,17768.808594
72,0.386472,0.552993,18018.490234
73,0.385008,0.552872,18267.929688
74,0.380392,0.546241,18500.931641
75,0.379632,0.542499,18767.093750
76,0.378377,0.543307,19000.089844
77,0.376368,0.545005,19266.195312
78,0.365229,0.535247,19532.445312
79,0.353719,0.521304,19765.267578
80,0.345436,0.517058,20014.890625
81,0.335479,0.515261,20264.451172
82,0.324193,0.513053,20514.005859
83,0.317335,0.510322,20763.662109
84,0.316318,0.508366,21013.146484
85,0.315701,0.506607,21262.812500
86,0.315997,0.506952,21512.277344
87,0.315482,0.506063,21761.861328
88,0.296372,0.465296,22011.392578
89,0.281041,0.447580,22260.980469
90,0.273155,0.443227,22510.515625
91,0.265574,0.440813,22760.130859
92,0.255006,0.441760,23009.607422
93,0.239904,0.443041,23342.357422
94,0.224730,0.445454,23591.970703
95,0.210936,0.450104,23824.890625
96,0.195410,0.453342,24074.480469
97,0.178218,0.456856,24307.326172
98,0.160202,0.460939,24540.322266
99,0.143739,0.463938,24789.867188
0,0.750178,0.491286,-0.012275
1,0.751465,0.492733,266.263550
2,0.769917,0.494821,515.903992
3,0.815888,0.486209,765.335999
4,0.853581,0.470464,1014.999207
5,0.881219,0.466848,1264.448242
6,0.905299,0.471200,1514.084106
7,0.923107,0.476440,1763.559937
8,0.947328,0.479157,2013.303467
9,0.994058,0.470295,2262.731445
10,0.027140,0.468606,2512.348145
11,0.058490,0.467643,2761.804932
12,0.088234,0.470585,3011.451172
13,0.118987,0.468839,3261.047363
14,0.134635,0.466276,3593.833496
15,0.139057,0.459196,3826.670654
16,0.142263,0.460285,4092.902832
17,0.142943,0.466980,4325.773438
18,0.172278,0.522056,4558.755859
19,0.207212,0.562920,4808.317871
20,0.217220,0.591000,5041.291016
21,0.208351,0.620050,5290.750488
22,0.220178,0.624026,5523.609863
23,0.246580,0.609055,5756.617188
24,0.271995,0.605791,6006.157227
25,0.290854,0.584834,6288.983398
26,0.310842,0.564289,6522.017090
27,0.333486,0.540494,6771.535156
28,0.359861,0.514587,7004.479980
29,0.385197,0.496432,7253.979004
30,0.401574,0.481893,7520.202148
31,0.421314,0.477716,7769.704102
32,0.438835,0.491940,8019.377441
33,0.457639,0.494355,8268.838867
34,0.477824,0.490670,8501.815430
35,0.487262,0.484657,8751.360352
36,0.486666,0.481688,9000.929688
37,0.481951,0.474614,9250.468750
38,0.479176,0.472230,9500.101562
39,0.472578,0.470826,9766.351562
40,0.463378,0.469326,10015.788086
41,0.453180,0.469242,10265.449219
42,0.443980,0.468571,10514.916992
43,0.437156,0.468687,10764.540039
44,0.431102,0.468451,11097.309570
45,0.428012,0.462338,11263.666016
46,0.428427,0.425117,11596.422852
47,0.428380,0.392695,11846.018555
48,0.427858,0.385630,12078.881836
49,0.428092,0.387575,12328.379883
50,0.428241,0.397508,12578.011719
51,0.429461,0.405846,12827.661133
52,0.429550,0.414691,13060.505859
53,0.429607,0.420187,13310.130859
54,0.429961,0.427933,13542.978516
55,0.429812,0.435686,13792.631836
56,0.429943,0.441755,14042.107422
57,0.429674,0.445175,14274.962891
58,0.429205,0.450183,14524.648438
59,0.425868,0.453606,14774.203125
60,0.417668,0.457325,15007.089844
61,0.395415,0.468334,15256.637695
62,0.369239,0.474840,15506.190430
63,0.344076,0.475241,15755.842773
64,0.322805,0.457159,16005.325195
65,0.307593,0.447520,16288.175781
66,0.293446,0.430996,16521.052734
67,0.280965,0.417911,16754.085938
68,0.266326,0.419361,17036.931641
69,0.246144,0.422597,17253.158203
70,0.230161,0.433812,17536.082031
71,0.215120,0.443280,17785.542969
72,0.202442,0.447834,18035.181641
73,0.186662,0.450856,18251.421875
74,0.169875,0.455617,18517.691406
75,0.159245,0.456151,18767.150391
76,0.152210,0.454585,19016.806641
77,0.130012,0.450984,19266.240234
78,0.065016,0.448399,19549.144531
79,0.984728,0.451249,19798.759766
80,0.947589,0.461086,20031.658203
81,0.938875,0.474947,20281.228516
82,0.933079,0.481259,20547.365234
83,0.917328,0.480644,20780.345703
84,0.897639,0.479103,21029.869141
85,0.878731,0.472476,21279.525391
86,0.856977,0.466137,21528.994141
87,0.837505,0.465985,21778.650391
88,0.808974,0.466285,22011.445312
89,0.779177,0.466607,22261.109375
90,0.744796,0.454175,22510.593750
91,0.710754,0.433686,22760.230469
92,0.679060,0.413146,23009.701172
93,0.647303,0.409917,23259.302734
94,0.606330,0.417161,23508.958984
95,0.567394,0.427747,23758.414062
96,0.528657,0.439360,24008.066406
97,0.500821,0.447498,24257.574219
98,0.473994,0.447954,24507.191406
99,0.461678,0.448221,24756.691406
0,0.750127,0.528452,-0.001997
1,0.749707,0.527419,266.197937
2,0.749219,0.526771,515.707214
3,0.748151,0.530677,765.374390
4,0.741015,0.563558,1014.859985
5,0.728877,0.637415,1264.482178
6,0.727991,0.703621,1513.938232
7,0.730498,0.752319,1763.616211
8,0.733245,0.784834,2013.132568
9,0.736152,0.791153,2262.737305
10,0.734238,0.789923,2512.213867
11,0.736158,0.792607,2761.815918
12,0.739903,0.791174,3011.305176
13,0.748077,0.766559,3260.903320
14,0.783663,0.674769,3510.420410
15,0.837959,0.545623,3776.695801
16,0.867812,0.476924,4009.725830
17,0.866576,0.452625,4259.171875
18,0.840458,0.442792,4508.850098
19,0.752804,0.437490,4758.297363
20,0.715469,0.436969,5007.893066
21,0.701482,0.402864,5257.420410
22,0.662298,0.369809,5506.985840
23,0.642262,0.371067,5756.542969
24,0.622253,0.414344,6006.169434
25,0.585698,0.460381,6255.722168
26,0.551025,0.473942,6505.259277
27,0.516163,0.477838,6754.895508
28,0.480606,0.481179,7004.443848
29,0.452251,0.482003,7253.973145
30,0.433395,0.481368,7503.520508
31,0.417952,0.482219,7753.070801
32,0.410629,0.483219,8002.676270
33,0.406726,0.491830,8252.190430
34,0.376434,0.517306,8501.770508
35,0.343675,0.544109,8751.392578
36,0.336757,0.554014,9000.844727
37,0.339271,0.562184,9250.429688
38,0.344757,0.567829,9516.722656
39,0.354232,0.567678,9766.167969
40,0.367995,0.565661,10015.870117
41,0.392358,0.558900,10265.288086
42,0.430225,0.537534,10515.018555
43,0.472066,0.484454,10764.446289
44,0.519177,0.384179,11014.055664
45,0.606244,0.259609,11263.559570
46,0.790540,0.219701,11513.138672
47,0.928967,0.312074,11762.739258
48,0.967704,0.384827,12028.997070
49,0.984526,0.434566,12295.131836
50,0.987120,0.446894,12544.664062
51,0.989971,0.446166,12777.626953
52,0.982629,0.444549,13027.149414
53,0.975215,0.443400,13260.129883
54,0.970072,0.441409,13509.632812
55,0.965047,0.474252,13759.212891
56,0.960773,0.473337,14042.132812
57,0.958393,0.474438,14291.654297
58,0.932998,0.472158,14524.454102
59,0.903776,0.471039,14774.085938
60,0.885385,0.469592,15023.760742
61,0.875325,0.467507,15273.215820
62,0.861729,0.466400,15522.830078
63,0.838376,0.465230,15772.305664
64,0.813632,0.462935,16005.322266
65,0.783744,0.460690,16271.425781
66,0.754367,0.458956,16504.410156
67,0.725941,0.460027,16770.542969
68,0.697243,0.464559,17003.531250
69,0.676074,0.470655,17286.396484
70,0.664038,0.473771,17535.904297
71,0.661307,0.477073,17752.179688
72,0.663117,0.474893,18001.822266
73,0.663942,0.474779,18268.046875
74,0.665232,0.474904,18534.189453
75,0.665263,0.475533,18767.173828
76,0.665913,0.475684,19016.679688
77,0.666066,0.477184,19282.919922
78,0.666127,0.478369,19532.410156
79,0.665780,0.479169,19765.396484
80,0.665208,0.480177,20014.865234
81,0.664754,0.480947,20264.470703
82,0.664557,0.481240,20513.984375
83,0.664620,0.482036,20763.585938
84,0.664312,0.482675,21013.240234
85,0.663917,0.483557,21262.730469
86,0.663824,0.484708,21512.328125
87,0.663883,0.485497,21761.839844
88,0.664041,0.485786,22011.505859
89,0.664076,0.486279,22344.179688
90,0.664045,0.485650,22510.558594
91,0.664079,0.485531,22826.708984
92,0.664265,0.485975,23076.226562
93,0.664430,0.486879,23309.218750
94,0.664504,0.487032,23558.660156
95,0.664643,0.488177,23808.333984
96,0.664712,0.488998,24057.773438
97,0.664614,0.489555,24290.792969
98,0.664477,0.489651,24540.304688
99,0.664435,0.489966,24789.902344
0,0.750124,0.494092,0.012569
1,0.750336,0.494559,266.168793
2,0.752223,0.495019,515.699890
3,0.814535,0.494866,765.205566
4,0.851525,0.502774,1014.821472
5,0.853306,0.506080,1264.314575
6,0.852819,0.508108,1513.947876
7,0.850612,0.509731,1763.483032
8,0.849121,0.511290,2013.089966
9,0.848778,0.512600,2262.731689
10,0.848285,0.514067,2512.265625
11,0.847892,0.514676,2761.784668
12,0.848264,0.515317,3011.299561
13,0.847909,0.515394,3260.898193
14,0.847622,0.515632,3510.479248
15,0.847289,0.515889,3760.014404
16,0.844626,0.516251,4009.538818
17,0.772986,0.513832,4259.190430
18,0.725920,0.521293,4508.702148
19,0.721950,0.522949,4758.279785
20,0.724556,0.524512,5007.871582
21,0.727565,0.522947,5257.420410
22,0.729575,0.521702,5506.903809
23,0.729596,0.522465,5756.514160
24,0.729160,0.523276,6006.129883
25,0.728509,0.524215,6255.654785
26,0.721934,0.524127,6505.270996
27,0.708694,0.519542,6754.716797
28,0.691685,0.514880,7004.437988
29,0.665553,0.511564,7253.930664
30,0.637044,0.513456,7503.453613
31,0.619500,0.515002,7752.997559
32,0.621588,0.487360,8002.622559
33,0.636460,0.450774,8252.267578
34,0.639315,0.440759,8501.685547
35,0.622798,0.446173,8751.341797
36,0.602723,0.466595,9000.828125
37,0.600095,0.472948,9250.466797
38,0.599011,0.477856,9516.574219
39,0.596708,0.481791,9766.151367
40,0.592997,0.486122,10015.763672
41,0.586314,0.488832,10265.314453
42,0.577891,0.492946,10514.897461
43,0.568493,0.498627,10764.470703
44,0.558324,0.502877,11014.058594
45,0.546863,0.506496,11263.524414
46,0.535031,0.509192,11513.124023
47,0.520996,0.512063,11762.745117
48,0.504243,0.516663,12012.244141
49,0.490513,0.522957,12261.736328
50,0.490811,0.534435,12511.439453
51,0.492441,0.531915,12810.913086
52,0.483393,0.532486,13060.372070
53,0.467682,0.530693,13310.028320
54,0.447341,0.532892,13542.851562
55,0.435738,0.541211,13792.500977
56,0.423528,0.534887,14042.008789
57,0.415739,0.518356,14291.613281
58,0.419237,0.505927,14541.112305
59,0.415167,0.514172,14774.106445
60,0.417411,0.527293,15023.624023
61,0.400594,0.538904,15273.199219
62,0.399055,0.544768,15522.729492
63,0.365845,0.563211,15772.302734
64,0.290898,0.573503,16021.932617
65,0.262900,0.585487,16271.416016
66,0.265207,0.586153,16521.095703
67,0.266631,0.588601,16753.931641
68,0.260015,0.586943,17003.550781
69,0.246150,0.569904,17253.082031
70,0.222007,0.561902,17502.673828
71,0.211855,0.548723,17752.197266
72,0.223631,0.513257,18001.794922
73,0.250784,0.488931,18251.273438
74,0.262980,0.482584,18534.167969
75,0.271795,0.478392,18783.634766
76,0.275161,0.478004,19033.275391
77,0.294640,0.464638,19266.255859
78,0.314152,0.446721,19515.761719
79,0.361598,0.427268,19765.394531
80,0.397843,0.424548,20031.470703
81,0.415632,0.420202,20281.130859
82,0.421479,0.421614,20530.587891
83,0.421309,0.420499,20763.582031
84,0.416157,0.418701,21013.140625
85,0.413131,0.420255,21262.751953
86,0.416460,0.427207,21512.197266
87,0.416568,0.446195,21761.914062
88,0.416969,0.460973,22011.324219
89,0.418706,0.465917,22260.988281
90,0.420361,0.474261,22510.558594
91,0.420796,0.479917,22760.050781
92,0.421330,0.482958,23009.687500
93,0.421784,0.485307,23342.441406
94,0.422182,0.485938,23508.792969
95,0.422727,0.486482,23841.580078
96,0.423074,0.486651,24091.062500
97,0.423325,0.487234,24257.423828
98,0.423636,0.488188,24590.142578
99,0.423875,0.488586,24823.171875
0,0.749992,0.539937,0.042130
1,0.756306,0.538384,266.288055
2,0.773267,0.533890,515.724121
3,0.788408,0.524962,765.346252
4,0.801454,0.511200,1014.969727
5,0.813052,0.508253,1264.512817
6,0.821554,0.511526,1514.134521
7,0.825890,0.509993,1763.620117
8,0.827415,0.505760,2013.288696
9,0.820148,0.505256,2262.709229
10,0.810373,0.504099,2512.356201
11,0.793612,0.505427,2761.812744
12,0.781829,0.511780,3011.513916
13,0.767031,0.518811,3260.933594
14,0.745187,0.528050,3510.624023
15,0.725848,0.536435,3760.106445
16,0.714240,0.537453,4009.710205
17,0.707240,0.540336,4259.177246
18,0.697356,0.531937,4508.788086
19,0.685702,0.516680,4758.465332
20,0.676032,0.500390,5007.976562
21,0.668830,0.487462,5257.555176
22,0.664500,0.478187,5507.036621
23,0.661782,0.475266,5756.675293
24,0.659217,0.476054,6006.184570
25,0.654516,0.479514,6255.747559
26,0.650240,0.481778,6505.257812
27,0.646083,0.484470,6754.903320
28,0.640948,0.488990,7004.484863
29,0.632489,0.495284,7253.983398
30,0.624136,0.499775,7503.660156
31,0.616414,0.504390,7753.099121
32,0.610251,0.505903,8002.722168
33,0.603838,0.507613,8252.279297
34,0.596775,0.511150,8501.904297
35,0.590387,0.513511,8751.327148
36,0.584174,0.514527,9001.015625
37,0.577928,0.515109,9250.466797
38,0.572535,0.514705,9500.096680
39,0.567231,0.514061,9766.357422
40,0.563271,0.514436,10015.863281
41,0.558982,0.514928,10265.427734
42,0.553843,0.516208,10598.169922
43,0.548358,0.516324,10847.698242
44,0.543688,0.516087,11080.699219
45,0.539675,0.516855,11330.153320
46,0.535282,0.517373,11579.835938
47,0.528315,0.517294,11829.305664
48,0.521398,0.518180,12062.262695
49,0.514550,0.523123,12311.818359
50,0.510878,0.529848,12561.399414
51,0.508220,0.534591,12810.893555
52,0.505251,0.539037,13060.564453
53,0.498042,0.543341,13293.423828
54,0.490409,0.545761,13543.028320
55,0.485554,0.546806,13792.554688
56,0.482726,0.546764,14025.492188
57,0.479568,0.546367,14275.019531
58,0.475819,0.545789,14524.636719
59,0.472087,0.545712,14757.528320
60,0.469170,0.545574,15023.757812
61,0.465754,0.544772,15273.340820
62,0.461682,0.543406,15506.231445
63,0.456110,0.542583,15755.861328
64,0.449706,0.542625,16005.320312
65,0.447981,0.540708,16255.014648
66,0.453373,0.539171,16504.437500
67,0.457182,0.536518,16754.085938
68,0.450171,0.535570,17003.591797
69,0.440616,0.535352,17253.236328
70,0.426326,0.533656,17502.734375
71,0.422344,0.530861,17752.296875
72,0.413403,0.529355,18001.822266
73,0.402213,0.527859,18251.408203
74,0.391444,0.525575,18500.980469
75,0.377710,0.521861,18750.523438
76,0.365951,0.521287,19000.140625
77,0.353077,0.519468,19299.523438
78,0.345264,0.515918,19532.517578
79,0.337891,0.513775,19798.695312
80,0.332314,0.511139,20031.630859
81,0.324180,0.504897,20281.128906
82,0.307085,0.488263,20530.781250
83,0.301208,0.485904,20797.005859
84,0.301910,0.485458,21029.939453
85,0.307795,0.481684,21296.101562
86,0.314707,0.477602,21528.992188
87,0.326309,0.478347,21778.587891
88,0.329960,0.476213,22011.472656
89,0.315830,0.469897,22261.097656
90,0.296348,0.462029,22527.240234
91,0.272025,0.456372,22776.900391
92,0.249094,0.460185,23026.357422
93,0.234699,0.469308,23259.330078
94,0.238366,0.503299,23508.839844
95,0.252616,0.562855,23775.111328
96,0.264136,0.601235,24007.974609
97,0.265382,0.616837,24257.554688
98,0.260086,0.615907,24540.488281
99,0.250143,0.611193,24756.695312
0,0.750211,0.556886,0.056113
1,0.750519,0.556850,266.288513
2,0.749223,0.560375,515.866577
3,0.730341,0.573015,765.406250
4,0.675633,0.496064,1015.029785
5,0.657998,0.424738,1264.552734
6,0.662738,0.422701,1514.070068
7,0.691864,0.482444,1763.667847
8,0.776290,0.510978,2013.223267
9,0.829116,0.517915,2262.754150
10,0.860328,0.521195,2512.428711
11,0.903559,0.513006,2761.941895
12,0.932419,0.501006,3011.553223
13,0.960379,0.501768,3261.013672
14,0.989920,0.507283,3510.715820
15,0.020317,0.502712,3760.176758
16,0.051424,0.496907,4009.703613
17,0.076996,0.491565,4259.332031
18,0.098541,0.485959,4508.825684
19,0.103522,0.484897,4758.457031
20,0.102819,0.490173,5007.979004
21,0.137533,0.495922,5257.607422
22,0.172214,0.498964,5507.100586
23,0.192850,0.511071,5756.681641
24,0.215759,0.522454,6006.275391
25,0.203284,0.510142,6255.868164
26,0.185096,0.500256,6505.444336
27,0.144318,0.492749,6754.908691
28,0.125695,0.490967,7004.520508
29,0.113750,0.492119,7254.026855
30,0.102616,0.492016,7520.271484
31,0.099833,0.493882,7753.167969
32,0.098109,0.495490,8002.854980
33,0.097068,0.496024,8252.401367
34,0.095798,0.496513,8501.853516
35,0.093527,0.499746,8751.522461
36,0.091790,0.500729,9000.978516
37,0.108054,0.502409,9250.601562
38,0.135606,0.512065,9500.154297
39,0.154970,0.511476,9766.345703
40,0.173034,0.513031,10015.927734
41,0.195114,0.514094,10265.491211
42,0.215378,0.508463,10514.994141
43,0.241232,0.504920,10764.622070
44,0.269813,0.509949,11014.120117
45,0.297294,0.517080,11263.679688
46,0.322355,0.518726,11513.292969
47,0.347609,0.518860,11762.950195
48,0.376008,0.517614,12012.444336
49,0.385825,0.515943,12261.979492
50,0.380930,0.529447,12511.524414
51,0.382277,0.573428,12761.110352
52,0.389909,0.602435,13010.645508
53,0.393847,0.607019,13260.242188
54,0.391298,0.589686,13509.846680
55,0.387515,0.574424,13759.417969
56,0.384164,0.552912,14008.904297
57,0.384065,0.553293,14258.579102
58,0.384294,0.563289,14508.080078
59,0.380963,0.565470,14757.621094
60,0.371818,0.562882,15007.172852
61,0.354106,0.557793,15256.721680
62,0.331792,0.554539,15506.334961
63,0.309224,0.554619,15755.839844
64,0.288157,0.558110,16005.416016
65,0.269810,0.562505,16255.017578
66,0.257789,0.562688,16504.531250
67,0.251034,0.562024,16754.121094
68,0.245083,0.560245,17003.685547
69,0.236078,0.556204,17253.240234
70,0.196004,0.538788,17502.791016
71,0.139869,0.503144,17752.384766
72,0.065179,0.489735,18002.013672
73,0.991993,0.478448,18268.138672
74,0.961262,0.471859,18501.033203
75,0.941293,0.467596,18750.630859
76,0.903948,0.472550,19000.214844
77,0.869215,0.484553,19266.410156
78,0.844177,0.491696,19515.933594
79,0.834135,0.500625,19765.558594
80,0.850307,0.508893,20015.113281
81,0.869206,0.520453,20264.632812
82,0.878881,0.526336,20514.203125
83,0.853064,0.520122,20763.808594
84,0.793380,0.520290,21013.376953
85,0.736859,0.517680,21262.894531
86,0.700678,0.493257,21512.531250
87,0.679443,0.453453,21762.125000
88,0.660590,0.425709,22011.611328
89,0.641187,0.415237,22261.195312
90,0.617128,0.429809,22510.744141
91,0.578827,0.472369,22760.304688
92,0.541203,0.525476,23009.867188
93,0.522178,0.559765,23259.417969
94,0.514404,0.573414,23509.003906
95,0.513613,0.575299,23758.621094
96,0.525306,0.571914,24008.085938
97,0.560240,0.562940,24257.689453
98,0.590261,0.552501,24507.224609
99,0.607349,0.547188,24756.791016
0,0.750397,0.615363,-0.009695
1,0.749186,0.615898,266.153778
2,0.746880,0.606985,515.752380
3,0.752498,0.567456,765.266846
4,0.785135,0.533995,1014.864258
5,0.826131,0.528217,1264.424438
6,0.838061,0.546970,1513.979614
7,0.831258,0.545200,1763.557129
8,0.830339,0.539988,2013.108765
9,0.839958,0.514917,2262.721680
10,0.850399,0.469632,2512.195801
11,0.869044,0.453729,2761.803955
12,0.905488,0.459717,3011.336426
13,0.917517,0.472229,3260.983154
14,0.908688,0.493171,3510.544189
15,0.857587,0.513416,3760.031982
16,0.761886,0.514953,4009.660889
17,0.693522,0.504459,4259.153320
18,0.649210,0.500192,4508.782227
19,0.614371,0.508129,4758.299805
20,0.584505,0.519485,5007.935059
21,0.551862,0.529263,5257.419922
22,0.527562,0.533210,5506.991211
23,0.508875,0.538325,5756.529785
24,0.486113,0.542048,6006.111816
25,0.470535,0.544152,6255.684570
26,0.460173,0.545597,6505.314941
27,0.446471,0.553778,6754.846680
28,0.422076,0.589457,7004.449219
29,0.395404,0.616246,7253.945312
30,0.380603,0.612196,7503.540527
31,0.376137,0.611509,7753.045410
32,0.369977,0.599916,8002.620117
33,0.350351,0.591433,8252.209961
34,0.322769,0.586991,8501.766602
35,0.295002,0.584706,8751.345703
36,0.270789,0.583512,9000.873047
37,0.258100,0.578961,9250.545898
38,0.246451,0.577103,9500.052734
39,0.244226,0.570282,9766.217773
40,0.247090,0.567159,10015.780273
41,0.257433,0.570167,10265.356445
42,0.272862,0.574601,10514.930664
43,0.289106,0.570039,10764.547852
44,0.294353,0.560438,11014.015625
45,0.295641,0.536312,11263.615234
46,0.301625,0.516125,11513.168945
47,0.307774,0.507670,11762.745117
48,0.329440,0.503561,12012.309570
49,0.359748,0.497369,12261.883789
50,0.393514,0.499184,12511.432617
51,0.416685,0.506035,12760.961914
52,0.433669,0.505224,13010.616211
53,0.440025,0.508322,13260.082031
54,0.443758,0.509584,13509.733398
55,0.445523,0.515808,13759.250977
56,0.442349,0.526295,14008.885742
57,0.440323,0.533893,14258.390625
58,0.439531,0.540024,14507.912109
59,0.446794,0.543532,14757.512695
60,0.472456,0.542964,15007.063477
61,0.506342,0.539601,15256.641602
62,0.545946,0.528622,15506.185547
63,0.582585,0.487334,15755.834961
64,0.610393,0.459615,16005.334961
65,0.631021,0.459911,16254.867188
66,0.646236,0.475968,16504.457031
67,0.646705,0.488120,16753.984375
68,0.622541,0.500993,17003.587891
69,0.571793,0.513442,17253.144531
70,0.514436,0.509889,17502.707031
71,0.463646,0.513850,17752.255859
72,0.428574,0.523739,18001.812500
73,0.404619,0.539165,18251.416016
74,0.384923,0.543305,18501.011719
75,0.372208,0.536831,18750.582031
76,0.361374,0.531451,19000.060547
77,0.352688,0.532363,19266.341797
78,0.346701,0.538008,19515.861328
79,0.340270,0.544916,19765.421875
80,0.331332,0.547738,20014.951172
81,0.318204,0.548577,20264.609375
82,0.299640,0.549796,20514.119141
83,0.280317,0.552886,20763.722656
84,0.262891,0.556638,21013.203125
85,0.240165,0.561546,21262.861328
86,0.221186,0.564580,21512.324219
87,0.208586,0.566482,21761.898438
88,0.192724,0.566117,22011.509766
89,0.180160,0.564911,22261.074219
90,0.166593,0.555589,22510.673828
91,0.148485,0.542099,22760.154297
92,0.128409,0.538953,23009.759766
93,0.114405,0.526188,23259.275391
94,0.107983,0.513460,23508.853516
95,0.109755,0.513966,23758.417969
96,0.108318,0.514328,24007.988281
97,0.108970,0.518849,24257.595703
98,0.112347,0.523745,24507.103516
99,0.116847,0.526805,24756.695312
0,0.749394,0.484850,0.043417
1,0.748595,0.485326,266.300720
2,0.751191,0.487314,515.803711
3,0.764668,0.480889,765.407593
4,0.793966,0.466280,1014.932007
5,0.821282,0.455930,1264.592529
6,0.841654,0.457320,1514.098145
7,0.858166,0.462260,1763.655151
8,0.868996,0.465071,2013.197998
9,0.868922,0.466526,2262.788330
10,0.873180,0.466332,2512.406250
11,0.878357,0.466188,2761.884033
12,0.880434,0.465165,3011.447754
13,0.884941,0.466636,3261.070557
14,0.888260,0.465192,3510.610840
15,0.892420,0.462441,3760.125732
16,0.892678,0.459475,4009.703369
17,0.895155,0.453799,4259.299316
18,0.896053,0.454638,4508.869141
19,0.905348,0.458099,4758.458008
20,0.913940,0.457393,5007.994629
21,0.917738,0.456040,5257.560547
22,0.920652,0.444625,5507.123535
23,0.932726,0.444561,5756.654297
24,0.947109,0.444654,6006.266113
25,0.956541,0.443870,6255.809570
26,0.963087,0.451981,6505.348633
27,0.959166,0.447491,6754.917969
28,0.961267,0.443454,7004.471191
29,0.960090,0.444850,7254.060059
30,0.927679,0.450865,7503.599121
31,0.860971,0.439765,7753.266113
32,0.792886,0.417252,8002.807129
33,0.763174,0.410938,8252.287109
34,0.747240,0.414585,8501.854492
35,0.711666,0.409436,8751.418945
36,0.689910,0.410115,9001.030273
37,0.676174,0.410540,9250.538086
38,0.666800,0.415721,9500.138672
39,0.669937,0.436231,9766.407227
40,0.684573,0.453117,10015.960938
41,0.682842,0.457663,10265.478516
42,0.659495,0.468044,10515.033203
43,0.640070,0.475131,10764.598633
44,0.624722,0.478379,11014.158203
45,0.600229,0.475396,11263.682617
46,0.580430,0.474925,11513.291016
47,0.561257,0.475285,11762.867188
48,0.543537,0.473916,12012.493164
49,0.527061,0.471362,12261.958984
50,0.513482,0.471627,12511.508789
51,0.496475,0.471568,12761.116211
52,0.480217,0.471246,13010.637695
53,0.466754,0.471060,13260.238281
54,0.457659,0.476619,13509.766602
55,0.451225,0.489557,13759.344727
56,0.448899,0.496435,14008.913086
57,0.448727,0.498753,14258.492188
58,0.448169,0.497982,14508.051758
59,0.444081,0.486960,14757.588867
60,0.443427,0.443489,15007.199219
61,0.447901,0.383528,15256.717773
62,0.441170,0.366889,15506.303711
63,0.418263,0.396355,15755.852539
64,0.394257,0.440962,16005.436523
65,0.383529,0.459719,16255.002930
66,0.375553,0.463334,16504.552734
67,0.370313,0.466262,16754.101562
68,0.360280,0.472385,17003.689453
69,0.347994,0.476310,17253.255859
70,0.329591,0.478162,17502.791016
71,0.303414,0.484010,17752.392578
72,0.295374,0.516813,18001.925781
73,0.302713,0.573774,18251.496094
74,0.310971,0.595716,18501.052734
75,0.308664,0.587745,18750.666016
76,0.291652,0.544215,19000.187500
77,0.283348,0.492410,19266.398438
78,0.268164,0.467880,19515.955078
79,0.253674,0.472370,19765.521484
80,0.241686,0.482891,20015.074219
81,0.226285,0.493415,20264.695312
82,0.207213,0.499741,20514.191406
83,0.187977,0.507686,20763.791016
84,0.169404,0.514991,21013.382812
85,0.155215,0.507631,21262.902344
86,0.150289,0.498964,21512.488281
87,0.148004,0.497309,21762.023438
88,0.148470,0.492939,22011.593750
89,0.150644,0.488655,22261.136719
90,0.152734,0.489051,22510.714844
91,0.159538,0.491222,22760.316406
92,0.176955,0.497817,23009.830078
93,0.192266,0.504777,23259.394531
94,0.212289,0.510221,23508.988281
95,0.228913,0.520885,23758.556641
96,0.242562,0.531359,24008.097656
97,0.259258,0.535358,24257.648438
98,0.277609,0.536576,24507.207031
99,0.293849,0.535214,24756.777344
0,0.748654,0.437649,-0.005836
1,0.740967,0.452082,266.203674
2,0.720405,0.489323,515.720459
3,0.707455,0.524701,765.377136
4,0.679972,0.555543,1014.869873
5,0.627074,0.583664,1264.536255
6,0.584789,0.596663,1513.984619
7,0.544141,0.597424,1763.589111
8,0.510249,0.599631,2013.146118
9,0.484325,0.602651,2262.693359
10,0.460655,0.605619,2512.333008
11,0.443749,0.602632,2761.862793
12,0.433313,0.599953,3011.481689
13,0.431272,0.594736,3260.945557
14,0.446181,0.592912,3510.539795
15,0.449688,0.592843,3760.085205
16,0.443994,0.602083,4009.673340
17,0.418545,0.640500,4259.190918
18,0.385988,0.665272,4508.746582
19,0.373558,0.664966,4758.318848
20,0.353963,0.651157,5007.904785
21,0.332420,0.637321,5257.457031
22,0.317291,0.618419,5507.019043
23,0.304259,0.606208,5756.590332
24,0.311427,0.605841,6006.148926
25,0.318684,0.603203,6255.729980
26,0.323413,0.597921,6505.298340
27,0.333182,0.592254,6754.833008
28,0.351503,0.579011,7004.402832
29,0.389706,0.558529,7253.977051
30,0.433146,0.548603,7503.534180
31,0.459599,0.552838,7753.095215
32,0.480766,0.555631,8002.669922
33,0.509429,0.562194,8252.214844
34,0.530376,0.566028,8501.780273
35,0.559802,0.561131,8751.371094
36,0.594181,0.552131,9000.896484
37,0.616126,0.546477,9250.513672
38,0.630834,0.540652,9500.055664
39,0.644803,0.533076,9766.250000
40,0.657812,0.526669,10015.816406
41,0.670500,0.522432,10265.376953
42,0.685012,0.518127,10514.938477
43,0.697145,0.518813,10764.495117
44,0.705936,0.519916,11014.079102
45,0.709906,0.515468,11263.631836
46,0.708725,0.507283,11513.184570
47,0.703326,0.503338,11762.750977
48,0.695232,0.512354,12012.307617
49,0.704458,0.529692,12261.871094
50,0.757427,0.535025,12511.448242
51,0.833240,0.543142,12761.009766
52,0.857392,0.553288,13010.575195
53,0.868582,0.564785,13260.152344
54,0.878146,0.566815,13509.712891
55,0.899498,0.564842,13759.251953
56,0.947312,0.557917,14008.823242
57,0.003408,0.556221,14258.371094
58,0.043310,0.560826,14507.973633
59,0.063813,0.565695,14757.507812
60,0.096484,0.566650,15007.083008
61,0.137627,0.568965,15256.666016
62,0.166893,0.573319,15506.217773
63,0.180868,0.571106,15755.791992
64,0.186937,0.570803,16005.359375
65,0.190593,0.568761,16254.881836
66,0.191269,0.566465,16504.462891
67,0.189047,0.565728,16754.037109
68,0.189088,0.565058,17003.595703
69,0.194683,0.557191,17253.152344
70,0.198225,0.551434,17502.726562
71,0.196078,0.558830,17752.287109
72,0.189386,0.560616,18001.837891
73,0.179685,0.561698,18251.423828
74,0.161618,0.558223,18501.064453
75,0.137150,0.578406,18750.558594
76,0.095806,0.643676,19000.119141
77,0.048615,0.672727,19266.308594
78,0.012898,0.664511,19515.861328
79,0.977866,0.622345,19765.431641
80,0.950400,0.583212,20014.996094
81,0.937884,0.574238,20264.552734
82,0.932179,0.571085,20514.136719
83,0.929238,0.570559,20763.685547
84,0.928504,0.571430,21013.265625
85,0.920727,0.569914,21262.812500
86,0.898897,0.568573,21512.398438
87,0.874869,0.566573,21761.957031
88,0.855177,0.566124,22011.513672
89,0.842203,0.565532,22261.062500
90,0.834106,0.565221,22510.630859
91,0.827321,0.565673,22760.208984
92,0.818692,0.564132,23009.769531
93,0.804333,0.562283,23259.322266
94,0.787574,0.534642,23508.888672
95,0.767646,0.493768,23758.468750
96,0.749971,0.468237,24008.023438
97,0.723097,0.450157,24257.607422
98,0.693146,0.392472,24507.144531
99,0.681324,0.337295,24756.724609
0,0.752619,0.612285,0.044785
1,0.761490,0.602671,266.193024
2,0.802971,0.588177,515.856689
3,0.832654,0.579417,765.309265
4,0.847962,0.578743,1014.918152
5,0.863344,0.583970,1264.445190
6,0.879226,0.583774,1514.105957
7,0.886450,0.580904,1763.609619
8,0.837786,0.578043,2013.142822
9,0.762334,0.593439,2262.745850
10,0.703450,0.597795,2512.284912
11,0.649765,0.611214,2761.857422
12,0.606943,0.616907,3011.381836
13,0.579705,0.640007,3261.031738
14,0.548431,0.649035,3510.517090
15,0.521010,0.644407,3760.083740
16,0.507580,0.639849,4009.735352
17,0.501051,0.616416,4259.223633
18,0.490157,0.602005,4508.806152
19,0.476192,0.579376,4758.354004
20,0.455106,0.563161,5007.968750
21,0.440592,0.564672,5257.457031
22,0.426456,0.548679,5507.056152
23,0.408070,0.566328,5756.582031
24,0.389087,0.579149,6006.166504
25,0.368585,0.575146,6255.723145
26,0.347953,0.578654,6505.322754
27,0.332223,0.582186,6754.880859
28,0.317034,0.577719,7004.450195
29,0.310835,0.570094,7253.992676
30,0.306108,0.561041,7503.596680
31,0.290184,0.554189,7753.153809
32,0.274111,0.561080,8002.670898
33,0.251838,0.570658,8252.223633
34,0.233550,0.574571,8501.860352
35,0.253185,0.572392,8751.388672
36,0.316076,0.565461,9000.914062
37,0.384676,0.497018,9250.531250
38,0.454510,0.455434,9500.145508
39,0.509538,0.495024,9766.298828
40,0.557927,0.493345,10015.794922
41,0.599617,0.513387,10265.411133
42,0.636320,0.496349,10515.014648
43,0.676525,0.502335,10764.544922
44,0.713853,0.517304,11014.083984
45,0.748856,0.524914,11263.696289
46,0.784950,0.530316,11513.340820
47,0.809530,0.525278,11762.796875
48,0.833520,0.520289,12012.357422
49,0.861190,0.532842,12261.945312
50,0.886128,0.538025,12511.502930
51,0.908479,0.542785,12761.036133
52,0.929445,0.541865,13010.637695
53,0.949060,0.538964,13260.166992
54,0.969145,0.546168,13509.785156
55,0.986883,0.561447,13759.295898
56,0.000248,0.572225,14008.916016
57,0.014372,0.579602,14258.444336
58,0.030981,0.579019,14507.956055
59,0.056210,0.555212,14757.589844
60,0.073358,0.529336,15007.124023
61,0.078197,0.495257,15256.702148
62,0.084713,0.462881,15506.228516
63,0.099076,0.462038,15755.807617
64,0.117761,0.477735,16005.358398
65,0.135683,0.498078,16254.923828
66,0.153921,0.514745,16504.494141
67,0.176490,0.525638,16754.154297
68,0.198283,0.531800,17003.646484
69,0.209953,0.538933,17253.167969
70,0.213897,0.542375,17502.751953
71,0.209345,0.547212,17752.326172
72,0.196265,0.557640,18001.845703
73,0.176742,0.567448,18251.472656
74,0.152119,0.572786,18501.005859
75,0.109755,0.574752,18750.601562
76,0.025174,0.577590,19000.101562
77,0.957147,0.567312,19266.306641
78,0.889232,0.548645,19515.945312
79,0.828473,0.546979,19765.478516
80,0.799855,0.543188,20015.011719
81,0.765357,0.566498,20264.615234
82,0.741827,0.586478,20514.136719
83,0.730473,0.582576,20763.738281
84,0.714515,0.570609,21013.255859
85,0.700442,0.544348,21262.945312
86,0.695396,0.521737,21512.400391
87,0.690832,0.519048,21761.962891
88,0.690906,0.539569,22011.562500
89,0.710590,0.545352,22261.132812
90,0.735590,0.545080,22510.699219
91,0.753819,0.548729,22760.201172
92,0.757569,0.555917,23009.861328
93,0.750641,0.566971,23259.333984
94,0.734742,0.576891,23508.892578
95,0.716227,0.581496,23758.492188
96,0.693660,0.588586,24008.134766
97,0.673993,0.608612,24257.660156
98,0.651197,0.632695,24507.160156
99,0.630741,0.648692,24756.779297
0,0.750238,0.468864,-0.000593
1,0.752357,0.469549,266.157898
2,0.806801,0.477800,515.775574
3,0.855524,0.494560,765.281494
4,0.859640,0.506240,1014.904419
5,0.861365,0.508583,1264.513550
6,0.864328,0.507194,1514.016602
7,0.871557,0.508106,1763.643311
8,0.893887,0.506777,2013.142212
9,0.929095,0.512304,2262.685791
10,0.977138,0.520985,2512.223633
11,0.032224,0.521733,2761.884766
12,0.079640,0.517605,3011.350342
13,0.116223,0.511743,3261.038330
14,0.143040,0.511640,3510.507080
15,0.168557,0.510922,3760.140625
16,0.193848,0.516403,4009.621338
17,0.207772,0.525132,4259.167480
18,0.194600,0.527184,4508.788574
19,0.117723,0.521447,4758.374023
20,0.018933,0.518462,5007.959473
21,0.908679,0.521248,5257.421387
22,0.803065,0.485594,5507.092285
23,0.708631,0.345133,5756.545410
24,0.618262,0.217395,6006.139160
25,0.524152,0.192387,6255.791016
26,0.439824,0.209869,6505.290527
27,0.399148,0.282491,6754.846680
28,0.401583,0.412633,7004.392578
29,0.398420,0.513003,7254.053223
30,0.349501,0.544727,7503.495605
31,0.325012,0.546418,7753.064453
32,0.318651,0.525629,8002.722168
33,0.395576,0.515932,8252.309570
34,0.480689,0.535815,8501.811523
35,0.487905,0.546803,8751.330078
36,0.441420,0.549266,9000.963867
37,0.348722,0.553307,9250.480469
38,0.324653,0.565561,9500.042969
39,0.316030,0.549410,9766.245117
40,0.305332,0.497524,10015.775391
41,0.286487,0.478106,10265.399414
42,0.263581,0.486382,10514.941406
43,0.258042,0.492931,10764.477539
44,0.297586,0.487889,11014.101562
45,0.357377,0.488726,11263.615234
46,0.415628,0.505232,11513.207031
47,0.486790,0.533405,11762.736328
48,0.587316,0.580195,12012.351562
49,0.660532,0.598146,12261.860352
50,0.701795,0.585388,12511.458008
51,0.740669,0.561810,12761.092773
52,0.800685,0.540984,13010.532227
53,0.845324,0.522380,13260.153320
54,0.879732,0.516657,13509.729492
55,0.920910,0.504765,13759.361328
56,0.949148,0.506441,14008.808594
57,0.974593,0.509126,14258.371094
58,0.975809,0.514056,14507.996094
59,0.962943,0.513895,14757.519531
60,0.956881,0.516557,15007.109375
61,0.953496,0.518841,15256.634766
62,0.938278,0.526077,15506.259766
63,0.917151,0.529254,15755.816406
64,0.902835,0.528869,16005.335938
65,0.891196,0.523786,16254.917969
66,0.885481,0.519915,16504.486328
67,0.884003,0.517778,16754.007812
68,0.883826,0.519241,17003.625000
69,0.879444,0.519862,17253.128906
70,0.837977,0.515787,17502.734375
71,0.802222,0.496409,17752.291016
72,0.798989,0.423104,18001.951172
73,0.802090,0.375454,18251.439453
74,0.805680,0.348998,18500.980469
75,0.821299,0.348926,18750.539062
76,0.922028,0.369305,19000.109375
77,0.022107,0.436456,19266.355469
78,0.047132,0.471737,19515.871094
79,0.055323,0.490399,19765.445312
80,0.054347,0.490580,20015.031250
81,0.055194,0.489320,20264.548828
82,0.054780,0.488710,20514.111328
83,0.053085,0.487875,20763.705078
84,0.051674,0.488282,21013.306641
85,0.050718,0.488835,21262.845703
86,0.050566,0.490484,21512.384766
87,0.049807,0.492620,21762.021484
88,0.038484,0.498446,22011.533203
89,0.001505,0.518948,22261.115234
90,0.971123,0.543133,22510.662109
91,0.933639,0.550221,22760.185547
92,0.897874,0.550125,23009.791016
93,0.871080,0.543737,23259.291016
94,0.846858,0.541699,23508.896484
95,0.805291,0.566464,23758.462891
96,0.760383,0.620141,24008.058594
97,0.708131,0.690378,24257.566406
98,0.681036,0.759894,24507.166016
99,0.677762,0.801800,24756.734375
0,0.750401,0.574784,-0.035945
1,0.750579,0.574715,266.156281
2,0.767894,0.573916,515.723206
3,0.818996,0.566422,765.338257
4,0.860845,0.557761,1014.883728
5,0.876975,0.555650,1264.468018
6,0.887482,0.555122,1513.948975
7,0.900732,0.556191,1763.538818
8,0.920780,0.570136,2013.104614
9,0.954923,0.572176,2262.639893
10,0.999424,0.559927,2512.285889
11,0.042628,0.545145,2761.761719
12,0.074549,0.527558,3011.347412
13,0.083617,0.516134,3260.916016
14,0.092227,0.510696,3510.568115
15,0.100743,0.509067,3760.048340
16,0.111225,0.517929,4009.574951
17,0.126745,0.545092,4259.243164
18,0.149987,0.549159,4508.694824
19,0.184740,0.544700,4758.309082
20,0.213492,0.548030,5007.837402
21,0.241175,0.543163,5257.460449
22,0.276399,0.540903,5506.998047
23,0.335687,0.554576,5756.526367
24,0.380459,0.560505,6006.195801
25,0.404510,0.562967,6255.683594
26,0.424013,0.556418,6505.305176
27,0.439421,0.539727,6754.792480
28,0.447372,0.513899,7004.368652
29,0.447853,0.497097,7253.918457
30,0.446977,0.499363,7503.510254
31,0.456834,0.527528,7753.049316
32,0.455007,0.535276,8002.644531
33,0.435641,0.508582,8252.266602
34,0.410285,0.464447,8501.778320
35,0.373968,0.484226,8751.337891
36,0.323184,0.516405,9000.916016
37,0.269191,0.553066,9250.475586
38,0.222862,0.576410,9500.073242
39,0.172499,0.573183,9766.231445
40,0.147262,0.564525,10015.875977
41,0.129937,0.551144,10265.412109
42,0.121438,0.533490,10514.881836
43,0.152450,0.547188,10764.509766
44,0.266955,0.570510,11014.008789
45,0.372821,0.567444,11280.267578
46,0.428492,0.567147,11513.130859
47,0.469500,0.561537,11762.716797
48,0.507477,0.553412,12012.266602
49,0.536795,0.557347,12261.833984
50,0.550080,0.563455,12511.400391
51,0.546565,0.563779,12760.970703
52,0.530589,0.578524,13010.537109
53,0.498646,0.582881,13260.084961
54,0.491318,0.589967,13509.644531
55,0.492597,0.592635,13759.205078
56,0.505055,0.584234,14008.790039
57,0.533797,0.578020,14258.336914
58,0.565781,0.571907,14507.919922
59,0.594764,0.562406,14757.471680
60,0.619166,0.552508,15007.051758
61,0.638521,0.548633,15256.621094
62,0.649853,0.545737,15506.158203
63,0.652369,0.540975,15755.727539
64,0.648326,0.536548,16005.275391
65,0.645401,0.533187,16254.857422
66,0.642727,0.527748,16504.437500
67,0.644957,0.530404,16753.992188
68,0.645473,0.535644,17003.570312
69,0.645252,0.539606,17253.101562
70,0.644721,0.540871,17502.685547
71,0.644427,0.542921,17752.253906
72,0.644414,0.544749,18001.808594
73,0.644436,0.545502,18251.371094
74,0.644284,0.546784,18500.957031
75,0.644446,0.547655,18750.527344
76,0.645345,0.546726,19000.050781
77,0.650002,0.547467,19266.275391
78,0.667595,0.552377,19515.816406
79,0.704736,0.555552,19765.398438
80,0.732126,0.555318,20014.964844
81,0.736270,0.554135,20264.527344
82,0.733393,0.558895,20514.095703
83,0.724585,0.564072,20763.673828
84,0.690092,0.568041,21013.218750
85,0.635002,0.568885,21262.779297
86,0.579186,0.568199,21512.355469
87,0.527753,0.564660,21761.921875
88,0.485565,0.558386,22011.447266
89,0.446445,0.552842,22261.035156
90,0.415048,0.545475,22510.595703
91,0.388898,0.541062,22760.154297
92,0.364614,0.538225,23009.718750
93,0.337895,0.538208,23259.298828
94,0.300803,0.536852,23508.851562
95,0.250119,0.543976,23758.429688
96,0.201227,0.545186,24007.957031
97,0.139694,0.541510,24257.546875
98,0.107276,0.538550,24507.105469
99,0.104400,0.536689,24756.667969
0,0.746065,0.496107,-0.047973
1,0.737688,0.497835,266.170929
2,0.727217,0.499091,515.718811
3,0.720056,0.497754,765.294556
4,0.706204,0.495346,1014.843872
5,0.694200,0.491577,1264.500000
6,0.689206,0.489619,1513.973877
7,0.679376,0.490562,1763.523804
8,0.669859,0.493803,2013.134155
9,0.663642,0.495104,2262.692383
10,0.666606,0.496408,2512.247314
11,0.683182,0.518128,2761.827881
12,0.704070,0.568222,3011.436035
13,0.723911,0.587949,3260.969238
14,0.747811,0.588656,3510.508545
15,0.772180,0.582667,3760.113525
16,0.791696,0.577803,4009.644531
17,0.807480,0.576382,4259.186523
18,0.825862,0.572602,4508.767578
19,0.844910,0.561413,4758.339844
20,0.857345,0.553568,5007.922852
21,0.863758,0.546847,5257.434570
22,0.869719,0.542884,5507.030762
23,0.873641,0.544123,5756.580566
24,0.873648,0.544756,6006.110840
25,0.876708,0.543356,6255.810059
26,0.903408,0.527891,6505.290039
27,0.927268,0.518095,6754.881348
28,0.935535,0.510090,7004.370117
29,0.944789,0.504890,7254.004395
30,0.983319,0.492358,7503.509277
31,0.011778,0.484266,7753.070312
32,0.027037,0.470600,8002.660156
33,0.034477,0.469004,8252.219727
34,0.034755,0.468528,8501.791992
35,0.030243,0.467540,8751.326172
36,0.007530,0.465664,9001.000977
37,0.958393,0.468990,9250.508789
38,0.881092,0.484734,9500.033203
39,0.809074,0.494625,9766.213867
40,0.756327,0.491173,10015.820312
41,0.703916,0.488969,10265.349609
42,0.625992,0.481972,10514.975586
43,0.563627,0.479810,10764.491211
44,0.534665,0.493291,11014.143555
45,0.521790,0.501799,11263.658203
46,0.516628,0.507987,11513.200195
47,0.515467,0.510144,11762.760742
48,0.536806,0.493760,12012.280273
49,0.585576,0.476111,12261.885742
50,0.642133,0.464703,12511.414062
51,0.696439,0.456414,12761.084961
52,0.761042,0.456699,13010.559570
53,0.846245,0.456818,13260.164062
54,0.929422,0.457508,13509.709961
55,0.977822,0.461349,13759.352539
56,0.030451,0.469903,14008.825195
57,0.073869,0.466726,14258.378906
58,0.105985,0.466960,14507.964844
59,0.139266,0.472171,14757.538086
60,0.168840,0.473105,15007.079102
61,0.198036,0.475974,15256.616211
62,0.224064,0.484553,15506.306641
63,0.241542,0.481907,15755.780273
64,0.254739,0.480486,16005.342773
65,0.271353,0.484834,16254.939453
66,0.294936,0.487004,16504.435547
67,0.312836,0.490897,16754.027344
68,0.329124,0.491659,17003.576172
69,0.339116,0.492296,17253.232422
70,0.343112,0.490288,17502.685547
71,0.345170,0.489533,17752.253906
72,0.350674,0.493475,18001.859375
73,0.364409,0.502107,18251.404297
74,0.380703,0.508983,18501.064453
75,0.393738,0.510070,18750.560547
76,0.405307,0.510582,19000.144531
77,0.413079,0.509121,19266.355469
78,0.409373,0.506486,19515.828125
79,0.384426,0.499128,19765.396484
80,0.348383,0.494506,20015.072266
81,0.315030,0.490724,20264.582031
82,0.300499,0.487284,20514.214844
83,0.290504,0.486550,20763.675781
84,0.282539,0.482729,21013.285156
85,0.276252,0.480485,21262.779297
86,0.266307,0.480151,21512.371094
87,0.258498,0.483169,21762.042969
88,0.255474,0.487425,22011.595703
89,0.251875,0.488986,22261.091797
90,0.249689,0.486235,22510.615234
91,0.242265,0.485999,22760.171875
92,0.232767,0.484848,23009.744141
93,0.212985,0.482127,23259.294922
94,0.181463,0.475629,23508.871094
95,0.137697,0.474125,23758.447266
96,0.102990,0.479704,24007.982422
97,0.075318,0.474856,24257.566406
98,0.042522,0.475131,24507.162109
99,0.014610,0.473459,24756.695312
0,0.748690,0.525248,-0.001685
1,0.744851,0.515772,266.204895
2,0.741121,0.506408,515.763611
3,0.740442,0.502416,765.345520
4,0.733290,0.500759,1014.866394
5,0.726953,0.499806,1264.514893
6,0.719432,0.493353,1514.020264
7,0.713514,0.495206,1763.564819
8,0.713780,0.492173,2013.216553
9,0.708536,0.486272,2262.709961
10,0.696637,0.475015,2512.256836
11,0.688019,0.458498,2761.842773
12,0.684045,0.445089,3011.452881
13,0.681612,0.440156,3260.998047
14,0.681047,0.439479,3510.497070
15,0.680775,0.439588,3760.054199
16,0.679863,0.440618,4009.661621
17,0.678842,0.443179,4259.174316
18,0.678674,0.444542,4508.852051
19,0.678955,0.445171,4758.402832
20,0.679238,0.445949,5008.000488
21,0.678996,0.446841,5257.444336
22,0.678065,0.448857,5507.075195
23,0.676876,0.452512,5756.598633
24,0.670217,0.461030,6006.119629
25,0.661573,0.473823,6255.803711
26,0.659936,0.485449,6505.301758
27,0.660487,0.491546,6754.870117
28,0.661239,0.493110,7004.413086
29,0.660807,0.493592,7254.027344
30,0.659413,0.494799,7503.562012
31,0.652698,0.496720,7753.119141
32,0.643791,0.497966,8002.675293
33,0.635220,0.498157,8252.212891
34,0.625677,0.498839,8501.820312
35,0.615440,0.499743,8751.317383
36,0.605455,0.501123,9000.966797
37,0.596204,0.503376,9250.498047
38,0.587336,0.503800,9500.074219
39,0.581392,0.505744,9766.238281
40,0.578261,0.506479,10015.916016
41,0.576465,0.507683,10265.428711
42,0.576096,0.508351,10514.983398
43,0.576294,0.507345,10764.481445
44,0.577567,0.506876,11014.108398
45,0.579321,0.505673,11263.704102
46,0.580509,0.502438,11513.308594
47,0.582305,0.500503,11762.815430
48,0.586462,0.500538,12012.384766
49,0.594138,0.499974,12261.922852
50,0.611696,0.499897,12511.432617
51,0.643860,0.500008,12761.050781
52,0.679547,0.502392,13010.590820
53,0.715074,0.504775,13260.126953
54,0.754994,0.502585,13509.741211
55,0.789406,0.497214,13759.362305
56,0.812831,0.493423,14008.856445
57,0.832139,0.494062,14258.439453
58,0.851612,0.498056,14508.057617
59,0.862993,0.502359,14757.522461
60,0.864506,0.504946,15007.083008
61,0.860817,0.504983,15256.647461
62,0.858268,0.505472,15506.316406
63,0.857300,0.505791,15755.785156
64,0.857557,0.507257,16005.333008
65,0.857536,0.508548,16254.916992
66,0.857553,0.509676,16504.503906
67,0.857378,0.510545,16754.058594
68,0.856946,0.510870,17003.582031
69,0.856856,0.511226,17253.193359
70,0.856545,0.510978,17502.707031
71,0.856625,0.511531,17752.294922
72,0.857190,0.512432,18001.931641
73,0.857081,0.512313,18251.414062
74,0.857652,0.512153,18501.003906
75,0.859502,0.512732,18750.535156
76,0.863390,0.511255,19000.148438
77,0.869090,0.506856,19266.324219
78,0.883154,0.504081,19515.867188
79,0.902943,0.499702,19765.455078
80,0.915247,0.497136,20014.984375
81,0.924708,0.497378,20264.562500
82,0.938863,0.498865,20514.162109
83,0.950215,0.497092,20763.707031
84,0.955454,0.493982,21013.308594
85,0.955837,0.488654,21262.808594
86,0.955452,0.488691,21512.363281
87,0.953164,0.492363,21761.970703
88,0.953157,0.497139,22011.552734
89,0.953596,0.500364,22261.068359
90,0.954180,0.501548,22510.673828
91,0.953991,0.501558,22760.255859
92,0.953965,0.500887,23009.783203
93,0.954300,0.499501,23259.320312
94,0.954451,0.498320,23508.957031
95,0.954402,0.497492,23758.560547
96,0.955768,0.497167,24008.064453
97,0.959238,0.496193,24257.603516
98,0.968897,0.488547,24507.156250
99,0.986545,0.474516,24756.744141
0,0.750875,0.482713,-0.059923
1,0.751075,0.484982,266.225250
2,0.751613,0.487798,515.717102
3,0.773528,0.492576,765.316284
4,0.820811,0.504163,1014.835999
5,0.844915,0.511214,1264.450806
6,0.877277,0.514264,1513.942627
7,0.935414,0.512345,1763.590210
8,0.958655,0.511056,2013.116089
9,0.953945,0.507023,2262.688232
10,0.915054,0.509920,2512.303955
11,0.879589,0.503713,2761.822754
12,0.861008,0.495064,3011.434814
13,0.837510,0.496752,3260.934326
14,0.793116,0.497171,3510.478027
15,0.724646,0.477452,3760.041260
16,0.675714,0.467351,4009.623047
17,0.648340,0.463717,4259.160156
18,0.636681,0.465677,4508.746582
19,0.617730,0.491672,4758.308594
20,0.581877,0.516247,5007.845703
21,0.557690,0.525420,5257.413574
22,0.546670,0.534812,5506.963867
23,0.547093,0.535007,5756.566406
24,0.541352,0.535027,6006.109375
25,0.529353,0.537116,6255.674805
26,0.519337,0.535882,6505.242188
27,0.517751,0.535248,6754.797852
28,0.509086,0.537630,7004.363281
29,0.496441,0.541735,7253.927734
30,0.487506,0.540474,7503.499023
31,0.477831,0.544941,7753.071777
32,0.475104,0.545450,8002.620117
33,0.462915,0.556542,8252.188477
34,0.451840,0.566877,8501.743164
35,0.449754,0.571219,8751.311523
36,0.450554,0.574884,9000.885742
37,0.441516,0.577153,9250.435547
38,0.422270,0.588666,9500.002930
39,0.385917,0.612855,9766.231445
40,0.360748,0.611408,10015.831055
41,0.342756,0.603464,10265.332031
42,0.324290,0.598431,10514.885742
43,0.304641,0.596787,10764.451172
44,0.285716,0.590969,11014.033203
45,0.271841,0.584559,11263.592773
46,0.259352,0.580906,11513.173828
47,0.251055,0.573862,11762.715820
48,0.252310,0.555682,12012.281250
49,0.261369,0.539908,12261.841797
50,0.277076,0.530487,12511.407227
51,0.294112,0.538408,12760.961914
52,0.295089,0.582304,13010.542969
53,0.297740,0.605162,13260.099609
54,0.312080,0.589392,13509.686523
55,0.338621,0.556277,13759.225586
56,0.362503,0.524977,14008.812500
57,0.385953,0.501202,14258.351562
58,0.404779,0.486161,14507.914062
59,0.408166,0.503202,14757.469727
60,0.405352,0.538759,15007.066406
61,0.406077,0.541404,15256.600586
62,0.411802,0.544748,15506.175781
63,0.426778,0.542255,15755.747070
64,0.460119,0.537411,16005.331055
65,0.477472,0.513259,16254.867188
66,0.472606,0.447558,16504.431641
67,0.485346,0.341091,16754.005859
68,0.522473,0.278724,17003.558594
69,0.566904,0.270082,17253.132812
70,0.653819,0.263013,17502.687500
71,0.719704,0.273133,17752.265625
72,0.801448,0.311677,18001.818359
73,0.860907,0.369141,18251.398438
74,0.887718,0.409053,18500.933594
75,0.881752,0.441709,18750.517578
76,0.847600,0.473212,19000.107422
77,0.878811,0.478149,19266.267578
78,0.963743,0.472210,19515.833984
79,0.981970,0.470396,19765.417969
80,0.977441,0.474533,20014.974609
81,0.971777,0.473978,20264.574219
82,0.966656,0.474690,20514.109375
83,0.942502,0.451600,20763.664062
84,0.861601,0.422706,21013.232422
85,0.753735,0.448869,21262.796875
86,0.710275,0.487468,21512.367188
87,0.704339,0.509820,21761.904297
88,0.707893,0.515351,22011.462891
89,0.708784,0.513640,22261.027344
90,0.710932,0.512840,22510.619141
91,0.711561,0.513490,22760.152344
92,0.710720,0.515361,23009.734375
93,0.710317,0.516175,23259.312500
94,0.709852,0.517254,23508.859375
95,0.709606,0.518376,23758.441406
96,0.709458,0.519315,24007.976562
97,0.706626,0.519265,24257.566406
98,0.696063,0.518289,24507.103516
99,0.686432,0.518675,24756.693359
0,0.749916,0.547954,-0.006919
1,0.749900,0.547944,266.303192
2,0.749249,0.548325,515.822021
3,0.744081,0.546981,765.314758
4,0.727913,0.541024,1014.928589
5,0.712032,0.535976,1264.474731
6,0.697628,0.532405,1514.022583
7,0.680058,0.527661,1763.577271
8,0.662993,0.524985,2013.194580
9,0.646863,0.524530,2262.749756
10,0.625717,0.523004,2512.275879
11,0.608113,0.523807,2761.830811
12,0.591208,0.524023,3011.427490
13,0.571883,0.521122,3260.954834
14,0.556546,0.519569,3510.610840
15,0.542411,0.520029,3760.129395
16,0.528916,0.520271,4009.687012
17,0.520160,0.520439,4259.236816
18,0.515282,0.520023,4508.811035
19,0.518620,0.508975,4758.427246
20,0.522321,0.479714,5007.911621
21,0.526061,0.461886,5257.498535
22,0.529610,0.452345,5507.132324
23,0.539485,0.436845,5756.768555
24,0.561302,0.416967,6006.217285
25,0.596129,0.402166,6255.782227
26,0.619970,0.393578,6505.372070
27,0.633515,0.391458,6754.862305
28,0.643814,0.396127,7004.437500
29,0.649040,0.396576,7254.014648
30,0.655430,0.399301,7503.609375
31,0.663933,0.410421,7753.101074
32,0.670967,0.419630,8002.783203
33,0.680909,0.429864,8252.296875
34,0.693558,0.435191,8501.868164
35,0.705380,0.443622,8751.405273
36,0.717426,0.449710,9000.929688
37,0.733896,0.450061,9250.516602
38,0.758792,0.445628,9500.047852
39,0.781593,0.445130,9766.259766
40,0.797440,0.446755,10015.894531
41,0.812314,0.455794,10265.436523
42,0.820200,0.466016,10515.010742
43,0.825279,0.472540,10764.535156
44,0.827602,0.476304,11014.141602
45,0.831612,0.480416,11263.669922
46,0.838812,0.482099,11513.213867
47,0.847071,0.485197,11762.808594
48,0.853581,0.486565,12012.405273
49,0.859783,0.488029,12261.938477
50,0.869735,0.490431,12511.487305
51,0.887357,0.490687,12761.078125
52,0.906574,0.489553,13010.628906
53,0.918522,0.490074,13260.166016
54,0.923524,0.491836,13509.717773
55,0.927332,0.501156,13759.272461
56,0.936933,0.503453,14008.892578
57,0.950049,0.506690,14258.412109
58,0.959210,0.507717,14508.023438
59,0.969988,0.510008,14757.576172
60,0.975714,0.502857,15007.090820
61,0.986467,0.507549,15256.697266
62,0.007794,0.504771,15506.245117
63,0.030655,0.502808,15755.811523
64,0.047443,0.494989,16005.370117
65,0.072776,0.486821,16254.955078
66,0.102000,0.488417,16504.490234
67,0.123863,0.493443,16754.091797
68,0.138476,0.497259,17003.683594
69,0.144241,0.502087,17253.255859
70,0.153938,0.511667,17502.777344
71,0.165348,0.523469,17752.316406
72,0.165318,0.530086,18001.953125
73,0.162180,0.537034,18251.429688
74,0.158404,0.540509,18501.023438
75,0.151191,0.540968,18750.593750
76,0.142312,0.540932,19000.208984
77,0.132649,0.543241,19266.382812
78,0.118375,0.542051,19515.919922
79,0.098858,0.531368,19765.453125
80,0.075205,0.509298,20015.074219
81,0.055250,0.493574,20264.582031
82,0.042898,0.487409,20514.181641
83,0.030141,0.481432,20763.714844
84,0.001968,0.447208,21013.371094
85,0.970439,0.385662,21262.906250
86,0.950551,0.324544,21512.400391
87,0.934671,0.286261,21762.029297
88,0.921990,0.269946,22011.529297
89,0.914387,0.268595,22261.136719
90,0.906453,0.267966,22510.718750
91,0.897863,0.267450,22760.304688
92,0.886407,0.269498,23009.798828
93,0.873081,0.270693,23259.367188
94,0.860570,0.277270,23508.988281
95,0.840497,0.301746,23758.607422
96,0.813117,0.333352,24008.044922
97,0.783086,0.356003,24257.636719
98,0.739052,0.398067,24507.248047
99,0.714239,0.419401,24756.765625
0,0.749624,0.528835,0.008563
1,0.735898,0.530221,266.190521
2,0.684407,0.521714,515.851257
3,0.639114,0.488320,765.328491
4,0.577016,0.496233,1014.929993
5,0.494492,0.516311,1264.477905
6,0.456035,0.533746,1514.016357
7,0.447077,0.541752,1763.604980
8,0.417598,0.569420,2013.156128
9,0.395970,0.612013,2262.750488
10,0.393541,0.605803,2512.302979
11,0.402468,0.594473,2761.869629
12,0.411670,0.580238,3011.410156
13,0.415602,0.574558,3261.030762
14,0.413613,0.562868,3510.567139
15,0.392879,0.544132,3760.077393
16,0.390802,0.547860,4009.695312
17,0.391845,0.548749,4259.274414
18,0.399280,0.546399,4508.831055
19,0.416719,0.540495,4758.404297
20,0.448767,0.546949,5007.942383
21,0.510126,0.541308,5257.552734
22,0.594474,0.537268,5507.026855
23,0.723643,0.523157,5756.697266
24,0.831447,0.511950,6006.234375
25,0.890361,0.513914,6255.765625
26,0.894250,0.542623,6505.326660
27,0.847457,0.584258,6754.962891
28,0.822535,0.584713,7004.439453
29,0.835759,0.563697,7253.979004
30,0.927389,0.534334,7503.591797
31,0.042417,0.521873,7753.213867
32,0.092857,0.517485,8002.681152
33,0.114416,0.506192,8252.269531
34,0.121714,0.490488,8501.868164
35,0.130637,0.480947,8751.395508
36,0.154750,0.482109,9000.927734
37,0.202173,0.483364,9250.553711
38,0.242650,0.498004,9500.111328
39,0.276738,0.562709,9766.296875
40,0.303229,0.603996,10015.822266
41,0.309539,0.606163,10265.480469
42,0.324084,0.581222,10515.008789
43,0.332390,0.565122,10764.562500
44,0.353380,0.555424,11014.087891
45,0.363984,0.549787,11263.651367
46,0.355094,0.538486,11513.311523
47,0.320098,0.507358,11762.786133
48,0.261307,0.468277,12012.370117
49,0.204787,0.446932,12261.928711
50,0.230670,0.362756,12511.525391
51,0.251827,0.295565,12761.046875
52,0.217517,0.253378,13010.743164
53,0.154094,0.251277,13260.211914
54,0.102065,0.255320,13509.762695
55,0.100397,0.256781,13759.317383
56,0.128283,0.257351,14008.910156
57,0.265853,0.288428,14258.455078
58,0.372633,0.366724,14507.973633
59,0.411702,0.398463,14757.556641
60,0.422046,0.402091,15007.127930
61,0.429195,0.409646,15256.746094
62,0.441886,0.455496,15506.281250
63,0.440521,0.463253,15755.822266
64,0.432678,0.462812,16005.394531
65,0.421984,0.463816,16254.911133
66,0.407724,0.466773,16504.537109
67,0.379570,0.464617,16754.044922
68,0.292452,0.472835,17003.638672
69,0.214953,0.485393,17253.201172
70,0.199589,0.503024,17502.765625
71,0.232577,0.531879,17752.343750
72,0.256278,0.554899,18001.904297
73,0.252330,0.539285,18251.523438
74,0.246967,0.530248,18500.998047
75,0.216810,0.540836,18750.593750
76,0.115280,0.559124,19000.115234
77,0.056733,0.561986,19266.343750
78,0.074955,0.531966,19515.919922
79,0.074758,0.511287,19765.486328
80,0.030550,0.492321,20015.037109
81,0.979150,0.499500,20264.630859
82,0.954270,0.508613,20514.185547
83,0.923422,0.517876,20763.744141
84,0.894943,0.515645,21013.281250
85,0.875520,0.511712,21262.917969
86,0.857601,0.514850,21512.468750
87,0.840055,0.517230,21762.011719
88,0.820470,0.517916,22011.609375
89,0.788971,0.519192,22261.181641
90,0.757789,0.520092,22510.701172
91,0.735347,0.517568,22760.226562
92,0.713291,0.504306,23009.847656
93,0.692545,0.485810,23259.384766
94,0.679963,0.477416,23508.933594
95,0.664430,0.485586,23758.564453
96,0.652621,0.496287,24008.070312
97,0.646399,0.505144,24257.644531
98,0.649884,0.509469,24507.183594
99,0.659416,0.505446,24756.777344
0,0.750118,0.537280,0.004245
1,0.749909,0.536682,266.222839
2,0.749672,0.535876,515.755188
3,0.747761,0.532042,765.385742
4,0.746891,0.531955,1014.846802
5,0.746827,0.533105,1264.468628
6,0.749526,0.532996,1514.036987
7,0.781128,0.507606,1763.547852
8,0.822215,0.471644,2013.217163
9,0.835435,0.462541,2262.701172
10,0.837918,0.458526,2512.242432
11,0.853497,0.458507,2761.792969
12,0.899362,0.475091,3011.357178
13,0.917655,0.493717,3261.011475
14,0.918154,0.505991,3510.581299
15,0.901613,0.503420,3760.082275
16,0.885885,0.482194,4009.627686
17,0.851964,0.446676,4259.321289
18,0.771957,0.406943,4508.741211
19,0.715681,0.401194,4758.322266
20,0.677814,0.403582,5007.933105
21,0.648971,0.418411,5257.526367
22,0.615199,0.438522,5507.051758
23,0.587911,0.459242,5756.571777
24,0.563258,0.463673,6006.174805
25,0.537626,0.462919,6255.709473
26,0.511056,0.466709,6505.293945
27,0.492520,0.471118,6754.815430
28,0.481216,0.472569,7004.432617
29,0.466283,0.478261,7253.971680
30,0.455251,0.517471,7503.530762
31,0.470546,0.609754,7753.113281
32,0.485005,0.673954,8002.700195
33,0.448787,0.725018,8252.257812
34,0.395907,0.756625,8501.844727
35,0.382436,0.823106,8751.386719
36,0.355341,0.857763,9000.888672
37,0.339997,0.857903,9250.500977
38,0.328234,0.852653,9500.138672
39,0.348977,0.804741,9766.276367
40,0.365939,0.673001,10015.864258
41,0.348836,0.565592,10265.343750
42,0.299348,0.515680,10514.955078
43,0.290671,0.482215,10764.552734
44,0.278720,0.493375,11014.066406
45,0.277712,0.484569,11263.622070
46,0.252574,0.474583,11513.175781
47,0.221193,0.489633,11762.795898
48,0.197239,0.499929,12012.339844
49,0.171490,0.490846,12261.907227
50,0.142670,0.485104,12511.517578
51,0.119153,0.479215,12761.017578
52,0.103819,0.474880,13010.581055
53,0.097543,0.473220,13260.128906
54,0.101283,0.479230,13509.764648
55,0.119300,0.499817,13759.246094
56,0.146787,0.505751,14008.843750
57,0.193740,0.499672,14258.455078
58,0.249901,0.499912,14507.952148
59,0.288305,0.504174,14757.524414
60,0.306913,0.525353,15007.123047
61,0.309960,0.541955,15256.737305
62,0.316338,0.555829,15506.193359
63,0.302654,0.567857,15755.774414
64,0.291773,0.561753,16005.361328
65,0.288066,0.559713,16254.889648
66,0.283639,0.557989,16504.445312
67,0.261241,0.534253,16754.105469
68,0.229905,0.523341,17003.658203
69,0.218289,0.524757,17253.195312
70,0.211670,0.524376,17502.751953
71,0.208973,0.522135,17752.318359
72,0.213038,0.521245,18001.853516
73,0.223040,0.521045,18251.396484
74,0.233537,0.521832,18500.976562
75,0.250442,0.520722,18750.513672
76,0.274525,0.514693,19000.183594
77,0.298686,0.509951,19266.376953
78,0.325630,0.503342,19515.863281
79,0.350208,0.501158,19765.482422
80,0.366551,0.507542,20015.083984
81,0.367794,0.511118,20264.535156
82,0.378312,0.519655,20514.115234
83,0.398962,0.518000,20763.789062
84,0.417966,0.518761,21013.343750
85,0.432187,0.513714,21262.835938
86,0.438574,0.491349,21512.451172
87,0.448908,0.489987,21761.976562
88,0.460979,0.488062,22011.486328
89,0.488856,0.486123,22261.150391
90,0.495970,0.474039,22510.664062
91,0.511432,0.476755,22760.240234
92,0.535134,0.495493,23009.750000
93,0.531178,0.493859,23259.378906
94,0.524801,0.492711,23508.943359
95,0.520182,0.492869,23758.435547
96,0.517838,0.494755,24008.064453
97,0.514058,0.492571,24257.587891
98,0.503228,0.489398,24507.183594
99,0.487807,0.491599,24756.701172
0,0.750092,0.511067,0.006392
1,0.750951,0.510260,266.223236
2,0.762541,0.516009,515.742065
3,0.801190,0.521338,765.367676
4,0.822430,0.526334,1014.889709
5,0.835338,0.531081,1264.450806
6,0.850850,0.539317,1514.061401
7,0.876929,0.538573,1763.604858
8,0.915518,0.534475,2013.163086
9,0.916817,0.534234,2262.692383
10,0.916853,0.540483,2512.311035
11,0.919567,0.553156,2761.878662
12,0.921107,0.564035,3011.451660
13,0.921183,0.565655,3261.021484
14,0.920905,0.562460,3510.540527
15,0.920113,0.560195,3760.145264
16,0.919678,0.559287,4009.660400
17,0.919238,0.557158,4259.319824
18,0.918533,0.555743,4508.777344
19,0.913091,0.554058,4758.338379
20,0.896258,0.552468,5007.923828
21,0.872893,0.549692,5257.547363
22,0.850157,0.547727,5507.078613
23,0.833956,0.546981,5756.662109
24,0.824594,0.547169,6006.184570
25,0.821209,0.547253,6255.723633
26,0.821371,0.547722,6505.278320
27,0.822809,0.546835,6754.955566
28,0.823087,0.546474,7004.478027
29,0.823002,0.547307,7254.060059
30,0.820389,0.547587,7503.557617
31,0.804996,0.548436,7753.164551
32,0.774625,0.545632,8002.682129
33,0.739097,0.537905,8252.280273
34,0.710315,0.530865,8501.837891
35,0.696595,0.530769,8751.363281
36,0.689924,0.530517,9000.960938
37,0.687413,0.530315,9250.506836
38,0.685157,0.530177,9500.135742
39,0.682140,0.523826,9766.364258
40,0.675544,0.515667,10015.845703
41,0.670239,0.508494,10265.446289
42,0.664161,0.507308,10514.956055
43,0.656208,0.511043,10764.621094
44,0.651760,0.512671,11014.088867
45,0.647750,0.514001,11263.646484
46,0.642780,0.495757,11513.282227
47,0.637227,0.402086,11762.786133
48,0.626482,0.282301,12012.340820
49,0.614852,0.218654,12261.964844
50,0.609073,0.192310,12511.538086
51,0.606617,0.188593,12761.083008
52,0.581252,0.200129,13010.598633
53,0.508005,0.249570,13260.214844
54,0.458823,0.345091,13509.769531
55,0.439478,0.425904,13759.352539
56,0.425705,0.475825,14008.883789
57,0.421682,0.509169,14258.417969
58,0.438672,0.547494,14508.067383
59,0.449071,0.560683,14757.559570
60,0.457766,0.556629,15007.114258
61,0.462533,0.559034,15256.675781
62,0.465429,0.564730,15506.249023
63,0.471283,0.569993,15755.831055
64,0.480796,0.566976,16005.354492
65,0.489243,0.563092,16254.943359
66,0.493684,0.562715,16504.501953
67,0.495734,0.565028,16754.119141
68,0.493668,0.567410,17003.648438
69,0.486620,0.568853,17253.191406
70,0.471099,0.571224,17502.792969
71,0.436045,0.570123,17752.371094
72,0.398282,0.569609,18001.906250
73,0.379985,0.571288,18251.484375
74,0.360236,0.566984,18501.109375
75,0.335761,0.560272,18750.619141
76,0.317726,0.557216,19000.185547
77,0.310697,0.554829,19266.361328
78,0.312550,0.578282,19515.933594
79,0.311485,0.634165,19765.509766
80,0.302681,0.675816,20015.066406
81,0.293654,0.701866,20264.642578
82,0.283617,0.778988,20514.164062
83,0.272681,0.856265,20763.810547
84,0.265442,0.902854,21013.351562
85,0.255170,0.906345,21262.875000
86,0.247173,0.902557,21512.402344
87,0.245777,0.897281,21762.011719
88,0.251949,0.888533,22011.541016
89,0.249992,0.885867,22261.136719
90,0.243687,0.885082,22510.726562
91,0.231711,0.883777,22760.341797
92,0.227077,0.879848,23009.800781
93,0.236191,0.874147,23259.365234
94,0.240293,0.871293,23508.953125
95,0.236630,0.884141,23758.494141
96,0.257184,0.912051,24008.070312
97,0.294746,0.911076,24257.623047
98,0.298750,0.904756,24507.210938
99,0.290998,0.906477,24756.744141
0,0.750100,0.498304,0.020950
1,0.749896,0.498699,266.235748
2,0.752470,0.500099,515.866577
3,0.765738,0.504380,765.384888
4,0.776287,0.505514,1014.942139
5,0.786587,0.505637,1264.476807
6,0.799302,0.505991,1514.092651
7,0.810586,0.506769,1763.653198
8,0.812066,0.518085,2013.189941
9,0.791268,0.551339,2262.829346
10,0.771523,0.570320,2512.306396
11,0.749797,0.580431,2761.911865
12,0.723056,0.576679,3011.461914
13,0.688732,0.523839,3261.027588
14,0.667448,0.468017,3510.611084
15,0.652035,0.444754,3760.134766
16,0.637973,0.403469,4009.789795
17,0.624134,0.332746,4259.281250
18,0.609768,0.269271,4508.904297
19,0.593114,0.238156,4758.386719
20,0.563477,0.234653,5007.966797
21,0.518140,0.278370,5257.515137
22,0.475118,0.378759,5507.117676
23,0.460789,0.454271,5756.666504
24,0.461657,0.485535,6006.285156
25,0.462031,0.494966,6255.857910
26,0.471579,0.500642,6505.332031
27,0.480601,0.504747,6754.985840
28,0.465175,0.515681,7004.483887
29,0.402593,0.559657,7254.058105
30,0.346337,0.593107,7503.592773
31,0.320505,0.590220,7753.202637
32,0.306822,0.580760,8002.768555
33,0.284037,0.550242,8252.301758
34,0.258381,0.530483,8501.912109
35,0.227097,0.524147,8751.421875
36,0.223932,0.528323,9000.968750
37,0.234933,0.533740,9250.526367
38,0.250726,0.537520,9500.184570
39,0.276918,0.539349,9766.339844
40,0.309868,0.540572,10015.912109
41,0.345867,0.544279,10265.447266
42,0.382058,0.546085,10515.075195
43,0.410124,0.547058,10764.544922
44,0.435142,0.548257,11014.111328
45,0.463891,0.547904,11263.740234
46,0.494551,0.545338,11513.293945
47,0.527862,0.543620,11762.840820
48,0.578877,0.538919,12012.390625
49,0.632698,0.528852,12262.042969
50,0.675680,0.522073,12511.509766
51,0.718500,0.515232,12761.095703
52,0.782806,0.502383,13010.640625
53,0.863626,0.492866,13260.241211
54,0.913565,0.494124,13509.776367
55,0.955910,0.491568,13759.325195
56,0.988839,0.487997,14008.970703
57,0.010648,0.491036,14258.441406
58,0.038404,0.488021,14508.107422
59,0.053152,0.485006,14757.652344
60,0.059367,0.486152,15007.183594
61,0.063581,0.491541,15256.719727
62,0.065259,0.494670,15506.297852
63,0.066121,0.495866,15755.891602
64,0.074522,0.496748,16005.460938
65,0.101177,0.498684,16255.004883
66,0.108864,0.502878,16504.521484
67,0.110571,0.502731,16754.142578
68,0.119669,0.494157,17003.685547
69,0.134233,0.483518,17253.251953
70,0.129319,0.446141,17502.787109
71,0.096748,0.357723,17752.367188
72,0.079589,0.310459,18001.916016
73,0.054325,0.370460,18251.474609
74,0.037819,0.396435,18501.117188
75,0.031735,0.400655,18750.634766
76,0.029953,0.409408,19000.158203
77,0.018323,0.418430,19266.365234
78,0.977720,0.432115,19515.964844
79,0.944906,0.439715,19765.533203
80,0.893687,0.455762,20015.050781
81,0.841989,0.475887,20264.650391
82,0.795465,0.485525,20514.281250
83,0.750243,0.512478,20763.792969
84,0.708211,0.540868,21013.326172
85,0.672969,0.534205,21262.916016
86,0.657397,0.509268,21512.476562
87,0.650198,0.512892,21762.048828
88,0.654007,0.520290,22011.601562
89,0.661840,0.524035,22261.126953
90,0.660381,0.522374,22510.718750
91,0.648550,0.515843,22760.310547
92,0.610465,0.499504,23009.921875
93,0.571136,0.495595,23259.392578
94,0.536281,0.499629,23509.060547
95,0.516035,0.504331,23758.525391
96,0.499001,0.507594,24008.144531
97,0.482851,0.509951,24257.669922
98,0.460964,0.510584,24507.214844
99,0.436480,0.508196,24756.843750
0,0.750318,0.497343,0.003922
1,0.750597,0.498192,266.235138
2,0.750607,0.499917,515.714661
3,0.740291,0.495901,765.370178
4,0.724205,0.510068,1014.831848
5,0.718416,0.528919,1264.421875
6,0.700785,0.538182,1513.978271
7,0.667744,0.538956,1763.618286
8,0.645996,0.531582,2013.138916
9,0.637283,0.535957,2262.680176
10,0.636607,0.531018,2512.295410
11,0.645548,0.521145,2761.780029
12,0.651177,0.515518,3011.370850
13,0.639799,0.520795,3260.907227
14,0.634795,0.528310,3510.482422
15,0.634111,0.529457,3760.071533
16,0.633840,0.528547,4009.597168
17,0.632603,0.529188,4259.206543
18,0.625348,0.528586,4508.776367
19,0.609655,0.535914,4758.313965
20,0.617235,0.523770,5007.864258
21,0.630595,0.510871,5257.510254
22,0.641675,0.505755,5507.094727
23,0.648946,0.506229,5756.542969
24,0.657548,0.504479,6006.171875
25,0.668447,0.496145,6255.741699
26,0.683159,0.488036,6505.291504
27,0.697489,0.485063,6754.895508
28,0.724220,0.487359,7004.460938
29,0.753905,0.501091,7254.022461
30,0.790625,0.512622,7503.518555
31,0.835919,0.515923,7753.093750
32,0.867488,0.517088,8002.650391
33,0.882734,0.517987,8252.218750
34,0.897901,0.515937,8501.758789
35,0.928227,0.516798,8751.380859
36,0.964082,0.516280,9000.961914
37,0.985462,0.517750,9250.488281
38,0.003060,0.520940,9500.081055
39,0.024774,0.521249,9766.284180
40,0.067519,0.516677,10015.783203
41,0.113134,0.516025,10265.377930
42,0.156416,0.510939,10514.981445
43,0.182413,0.507339,10764.519531
44,0.210620,0.507176,11014.083008
45,0.237067,0.505572,11263.638672
46,0.253516,0.498907,11513.196289
47,0.264992,0.498616,11762.731445
48,0.275302,0.503658,12012.281250
49,0.272026,0.511296,12261.865234
50,0.241632,0.511277,12511.464844
51,0.215841,0.506364,12761.067383
52,0.229342,0.530799,13010.541992
53,0.266846,0.565110,13260.180664
54,0.287006,0.582864,13509.727539
55,0.288150,0.629533,13759.246094
56,0.275464,0.711120,14008.825195
57,0.264755,0.763103,14258.426758
58,0.254574,0.797338,14507.967773
59,0.236216,0.813091,14757.487305
60,0.212393,0.835168,15007.114258
61,0.186389,0.853263,15256.665039
62,0.129768,0.860779,15506.174805
63,0.104172,0.865695,15755.772461
64,0.102863,0.861897,16005.322266
65,0.101654,0.852664,16254.902344
66,0.089182,0.850070,16504.457031
67,0.077463,0.849420,16754.000000
68,0.064881,0.849423,17003.564453
69,0.062412,0.826381,17253.152344
70,0.070162,0.728361,17502.705078
71,0.066214,0.614531,17752.283203
72,0.062755,0.541698,18001.839844
73,0.081634,0.496453,18251.398438
74,0.117446,0.466170,18500.962891
75,0.138256,0.405775,18750.513672
76,0.147316,0.319753,19000.097656
77,0.163432,0.261204,19266.275391
78,0.226141,0.257404,19515.847656
79,0.307007,0.306040,19765.457031
80,0.362985,0.387429,20015.001953
81,0.403418,0.465802,20264.546875
82,0.424995,0.501006,20514.099609
83,0.437858,0.517557,20763.656250
84,0.449943,0.522211,21013.250000
85,0.464214,0.527846,21262.814453
86,0.477488,0.530508,21512.386719
87,0.490423,0.528299,21761.962891
88,0.497932,0.528203,22011.503906
89,0.506727,0.531120,22261.050781
90,0.511783,0.529646,22510.617188
91,0.514079,0.529041,22760.181641
92,0.511575,0.528181,23009.746094
93,0.507133,0.528658,23259.361328
94,0.502726,0.528516,23508.847656
95,0.502797,0.531970,23758.416016
96,0.505890,0.532324,24008.076172
97,0.503465,0.525515,24257.611328
98,0.494971,0.518498,24507.148438
99,0.488703,0.516082,24756.679688
0,0.749752,0.483518,-0.004140
1,0.749828,0.483480,266.171661
2,0.749670,0.483771,515.726868
3,0.750133,0.484435,765.303467
4,0.750696,0.485673,1014.881226
5,0.753141,0.486563,1264.476685
6,0.754902,0.486831,1514.012451
7,0.755122,0.486546,1763.567993
8,0.755212,0.486228,2013.111450
9,0.755335,0.487006,2262.675781
10,0.757377,0.487633,2512.229004
11,0.762159,0.487338,2761.799805
12,0.767014,0.486720,3011.425293
13,0.772194,0.486503,3260.962158
14,0.781112,0.485511,3510.527588
15,0.790865,0.486810,3760.060303
16,0.799810,0.488491,4009.626465
17,0.806739,0.488709,4259.195801
18,0.813832,0.488394,4508.748047
19,0.823102,0.487359,4758.354492
20,0.831524,0.486382,5007.873047
21,0.837072,0.486220,5274.116699
22,0.841572,0.486153,5507.011719
23,0.848175,0.487664,5756.593262
24,0.854054,0.490538,6006.140625
25,0.862050,0.491403,6255.716797
26,0.870463,0.493697,6505.304199
27,0.876169,0.497356,6754.827148
28,0.879659,0.500029,7004.417969
29,0.879947,0.499752,7253.966797
30,0.876844,0.500163,7503.567871
31,0.873517,0.500547,7753.113281
32,0.869400,0.501499,8002.690430
33,0.865114,0.502177,8252.255859
34,0.860986,0.501973,8501.813477
35,0.855134,0.500915,8751.373047
36,0.844672,0.499540,9000.899414
37,0.829143,0.499515,9250.493164
38,0.807982,0.499053,9500.034180
39,0.792454,0.499428,9766.263672
40,0.782713,0.499717,10015.814453
41,0.774785,0.499112,10265.381836
42,0.770515,0.499392,10514.958008
43,0.768815,0.502048,10764.490234
44,0.760020,0.503771,11014.060547
45,0.743798,0.501804,11263.666016
46,0.729945,0.498470,11513.181641
47,0.721944,0.493679,11762.764648
48,0.716398,0.484101,12012.317383
49,0.709714,0.472399,12261.887695
50,0.704307,0.463276,12511.449219
51,0.699068,0.453719,12760.992188
52,0.694103,0.442373,13010.586914
53,0.688659,0.426087,13260.134766
54,0.687413,0.404753,13509.715820
55,0.687143,0.385231,13759.247070
56,0.684899,0.377047,14008.839844
57,0.679975,0.375509,14258.420898
58,0.673861,0.377385,14507.940430
59,0.667401,0.383010,14757.536133
60,0.658457,0.392238,15007.118164
61,0.648774,0.402103,15256.687500
62,0.640646,0.412718,15506.208008
63,0.628159,0.427559,15755.772461
64,0.616716,0.442306,16005.337891
65,0.607804,0.451445,16255.043945
66,0.595487,0.461518,16504.462891
67,0.581301,0.474121,16754.015625
68,0.568577,0.484290,17003.587891
69,0.554135,0.492679,17253.160156
70,0.539418,0.500850,17502.730469
71,0.527219,0.504218,17752.291016
72,0.518287,0.504634,18001.847656
73,0.510609,0.505242,18251.423828
74,0.500861,0.506305,18500.964844
75,0.491664,0.508545,18750.539062
76,0.482298,0.511408,19000.097656
77,0.468016,0.514959,19266.308594
78,0.459808,0.516662,19515.863281
79,0.459768,0.518691,19765.437500
80,0.460326,0.525628,20014.992188
81,0.457543,0.541289,20264.550781
82,0.454109,0.562510,20514.125000
83,0.451641,0.580721,20763.695312
84,0.450323,0.597954,21013.269531
85,0.447897,0.612476,21262.818359
86,0.439527,0.618276,21512.380859
87,0.433049,0.616005,21761.937500
88,0.433426,0.610097,22011.513672
89,0.435843,0.602927,22261.054688
90,0.429552,0.603046,22510.628906
91,0.413773,0.599242,22760.214844
92,0.397209,0.580670,23009.765625
93,0.386199,0.561957,23259.337891
94,0.378276,0.548217,23508.886719
95,0.375208,0.527797,23758.447266
96,0.373262,0.512708,24008.011719
97,0.374446,0.516745,24257.568359
98,0.378798,0.525509,24507.142578
99,0.390890,0.529706,24756.707031
0,0.749973,0.589430,0.015338
1,0.749597,0.589482,266.229828
2,0.768511,0.583100,515.747192
3,0.824723,0.570938,765.342590
4,0.878423,0.555496,1014.886658
5,0.906352,0.539503,1264.459106
6,0.894383,0.530483,1514.021362
7,0.881402,0.534656,1763.574585
8,0.879456,0.540106,2013.145874
9,0.890381,0.536967,2262.725342
10,0.924347,0.533005,2512.300049
11,0.964467,0.531927,2761.822510
12,0.004622,0.522057,3011.384277
13,0.039270,0.506188,3260.945557
14,0.073875,0.487193,3510.506592
15,0.102424,0.474353,3760.096191
16,0.111164,0.461876,4009.652832
17,0.112746,0.447202,4259.226562
18,0.114350,0.437198,4508.817383
19,0.116444,0.426729,4758.341797
20,0.143970,0.427002,5007.891602
21,0.199796,0.438672,5257.486328
22,0.212544,0.464861,5507.018555
23,0.208949,0.524911,5756.578125
24,0.200950,0.583903,6006.162598
25,0.203387,0.603090,6255.755859
26,0.204171,0.591232,6505.292480
27,0.196767,0.580165,6754.892090
28,0.189456,0.574121,7004.418945
29,0.184804,0.528180,7253.986816
30,0.176921,0.448031,7503.541504
31,0.157940,0.436480,7753.121094
32,0.080428,0.440132,8002.691895
33,0.872550,0.424062,8252.240234
34,0.654882,0.506256,8501.833008
35,0.545564,0.535417,8751.357422
36,0.483440,0.540383,9000.945312
37,0.408684,0.544006,9250.520508
38,0.342516,0.560708,9500.066406
39,0.337722,0.561315,9766.257812
40,0.349044,0.561308,10015.831055
41,0.370747,0.564775,10265.402344
42,0.397135,0.566801,10514.948242
43,0.421802,0.559228,10764.516602
44,0.431385,0.543752,11014.135742
45,0.435921,0.545035,11263.665039
46,0.435836,0.558498,11513.193359
47,0.440760,0.561079,11762.762695
48,0.463783,0.574060,12012.332031
49,0.491239,0.568712,12261.932617
50,0.507242,0.569513,12511.446289
51,0.516170,0.566687,12761.034180
52,0.527116,0.566243,13010.625000
53,0.534513,0.563237,13260.167969
54,0.533886,0.557540,13509.734375
55,0.534881,0.561898,13759.293945
56,0.539486,0.562339,14008.875977
57,0.541091,0.564960,14258.398438
58,0.521374,0.596530,14508.001953
59,0.503528,0.663804,14757.523438
60,0.484121,0.714482,15007.125977
61,0.476566,0.747945,15256.724609
62,0.420084,0.731955,15506.228516
63,0.363611,0.597212,15755.804688
64,0.354814,0.504683,16005.381836
65,0.373129,0.452595,16254.948242
66,0.393169,0.437019,16504.478516
67,0.409928,0.434917,16754.082031
68,0.428427,0.424288,17003.609375
69,0.439699,0.420435,17253.205078
70,0.442951,0.433769,17502.720703
71,0.444447,0.459055,17752.324219
72,0.439136,0.461676,18001.898438
73,0.438083,0.466481,18251.441406
74,0.438136,0.468446,18501.013672
75,0.439224,0.469357,18750.548828
76,0.453293,0.488644,19000.103516
77,0.488663,0.512863,19266.320312
78,0.517684,0.514506,19515.925781
79,0.577328,0.496065,19765.466797
80,0.612492,0.479558,20015.023438
81,0.633538,0.477192,20264.597656
82,0.663827,0.478880,20514.136719
83,0.702696,0.484507,20763.685547
84,0.754349,0.489113,21013.269531
85,0.781674,0.501278,21262.832031
86,0.797755,0.505754,21512.402344
87,0.770989,0.519416,21761.957031
88,0.726080,0.534630,22011.517578
89,0.713026,0.541509,22261.083984
90,0.699049,0.535992,22510.648438
91,0.692679,0.533015,22760.236328
92,0.688163,0.528613,23009.791016
93,0.682757,0.511638,23259.320312
94,0.678140,0.497917,23508.916016
95,0.672859,0.494319,23758.468750
96,0.669418,0.493780,24008.035156
97,0.669610,0.498374,24257.591797
98,0.666314,0.497037,24507.171875
99,0.665023,0.500080,24756.720703
0,0.749846,0.647507,-0.040459
1,0.747012,0.643326,266.178436
2,0.720298,0.583424,515.703430
3,0.662957,0.494667,765.283569
4,0.641455,0.455916,1014.903259
5,0.609568,0.468800,1264.401611
6,0.564178,0.493902,1514.064697
7,0.529727,0.515518,1763.576538
8,0.500142,0.530004,2029.771118
9,0.471872,0.536462,2262.674805
10,0.452570,0.534927,2512.224609
11,0.444733,0.525515,2761.829590
12,0.449230,0.511090,3011.330566
13,0.461457,0.462025,3260.971191
14,0.473425,0.376758,3510.500000
15,0.502220,0.287392,3760.038574
16,0.550584,0.207971,4009.680664
17,0.589186,0.182706,4259.190430
18,0.650672,0.194594,4508.846191
19,0.717872,0.245647,4758.283691
20,0.786783,0.334562,5007.854980
21,0.822175,0.409427,5257.411133
22,0.835876,0.459937,5507.027344
23,0.837014,0.502582,5756.567871
24,0.833696,0.533351,6006.192871
25,0.820331,0.560588,6255.760254
26,0.785455,0.564753,6505.246094
27,0.750136,0.552152,6754.910156
28,0.731629,0.546190,7004.359863
29,0.724084,0.549096,7253.965820
30,0.729823,0.555748,7503.546387
31,0.739861,0.558177,7753.142090
32,0.731842,0.550885,8002.690918
33,0.714017,0.539608,8252.222656
34,0.720512,0.544839,8501.797852
35,0.717162,0.574698,8751.308594
36,0.705590,0.582545,9000.928711
37,0.708771,0.563775,9250.436523
38,0.718635,0.545533,9500.133789
39,0.719276,0.542283,9766.287109
40,0.732293,0.541436,10015.825195
41,0.785352,0.534434,10265.333984
42,0.885524,0.520294,10514.999023
43,0.935366,0.514549,10764.507812
44,0.952815,0.516182,11014.059570
45,0.951089,0.524893,11263.627930
46,0.923405,0.540193,11513.233398
47,0.912960,0.533433,11762.730469
48,0.905316,0.536752,12012.301758
49,0.904905,0.559354,12261.955078
50,0.915993,0.615664,12511.467773
51,0.934260,0.713008,12760.976562
52,0.952320,0.741287,13010.604492
53,0.967840,0.777334,13260.164062
54,0.988576,0.816163,13509.666016
55,0.007355,0.868166,13759.229492
56,0.021521,0.875811,14008.889648
57,0.043068,0.842121,14258.453125
58,0.067382,0.734307,14507.961914
59,0.080302,0.626088,14757.500977
60,0.083679,0.514218,15007.073242
61,0.092651,0.458216,15256.645508
62,0.089484,0.451791,15506.179688
63,0.088436,0.459157,15755.789062
64,0.087416,0.465245,16005.348633
65,0.093539,0.465763,16254.940430
66,0.139352,0.476385,16504.453125
67,0.172338,0.493987,16753.980469
68,0.207747,0.507986,17003.597656
69,0.240018,0.533170,17253.109375
70,0.258014,0.589675,17502.794922
71,0.264083,0.621979,17752.283203
72,0.260296,0.628247,18001.875000
73,0.258294,0.631397,18251.390625
74,0.257335,0.588375,18500.935547
75,0.250793,0.533143,18750.544922
76,0.247174,0.518004,19000.058594
77,0.224504,0.522740,19266.314453
78,0.195589,0.517167,19515.923828
79,0.195903,0.519874,19765.472656
80,0.196799,0.528436,20014.962891
81,0.193771,0.535629,20264.552734
82,0.188375,0.537781,20514.074219
83,0.189497,0.581983,20763.683594
84,0.220630,0.738959,21013.250000
85,0.236345,0.808444,21262.847656
86,0.239297,0.814197,21512.410156
87,0.232969,0.810042,21761.947266
88,0.210134,0.801159,22011.537109
89,0.174272,0.790294,22261.052734
90,0.113655,0.765781,22510.644531
91,0.053429,0.729936,22760.179688
92,0.003886,0.677463,23009.755859
93,0.966064,0.617125,23259.390625
94,0.939240,0.556402,23508.982422
95,0.919962,0.519407,23758.466797
96,0.852353,0.506720,24007.992188
97,0.718135,0.512188,24257.550781
98,0.619447,0.525790,24507.134766
99,0.571342,0.528433,24756.697266
