Idx, longitude, latitude, start timestamp
0,0.750252,0.434614,-0.046115
1,0.753007,0.438057,265.980103
2,0.771334,0.422274,515.586365
3,0.794790,0.354516,765.131531
4,0.800761,0.313033,1014.769958
5,0.800647,0.303361,1264.180786
6,0.798122,0.308007,1513.857544
7,0.804586,0.360761,1763.354980
8,0.818999,0.405479,2012.976440
9,0.834078,0.440101,2262.544922
10,0.848845,0.488390,2512.168945
11,0.849975,0.575829,2761.674316
12,0.860423,0.605851,3011.194092
13,0.895344,0.560110,3260.820068
14,0.924168,0.502367,3510.312500
15,0.935951,0.478004,3759.991211
16,0.933798,0.433814,4026.066406
17,0.916381,0.384398,4275.662109
18,0.896567,0.358015,4525.301270
19,0.871088,0.352697,4758.194824
20,0.822789,0.351659,5007.689941
21,0.783341,0.344325,5290.555664
22,0.758779,0.331963,5523.525391
23,0.707376,0.347016,5773.027344
24,0.658862,0.365568,6006.011719
25,0.619311,0.380786,6288.783203
26,0.594158,0.383818,6521.783691
27,0.577749,0.376300,6771.260742
28,0.561169,0.397148,7020.855957
29,0.548478,0.422490,7253.782715
30,0.538530,0.449251,7503.389648
31,0.536070,0.464108,7769.636230
32,0.558653,0.427554,8002.483398
33,0.587797,0.379607,8252.143555
34,0.614121,0.339863,8501.625977
35,0.643723,0.307178,8751.244141
36,0.693975,0.295651,9000.725586
37,0.729198,0.300892,9250.375000
38,0.763120,0.309811,9599.749023
39,0.790173,0.304475,9832.619141
40,0.809540,0.300450,10082.242188
41,0.833860,0.296898,10315.060547
42,0.857538,0.297015,10564.714844
43,0.866624,0.302760,10814.189453
44,0.868013,0.316157,11063.822266
45,0.866594,0.344185,11313.341797
46,0.862629,0.378013,11562.952148
47,0.846581,0.392051,11795.850586
48,0.859989,0.421934,12028.798828
49,0.922818,0.456874,12278.313477
50,0.968800,0.470090,12527.958008
51,0.997876,0.477538,12777.417969
52,0.034640,0.491844,13027.088867
53,0.074889,0.508131,13259.928711
54,0.114083,0.511488,13509.575195
55,0.141279,0.512735,13759.158203
56,0.171219,0.506754,14008.710938
57,0.205746,0.494694,14258.255859
58,0.231636,0.473155,14507.820312
59,0.223585,0.430865,14757.402344
60,0.232791,0.395663,15006.868164
61,0.236328,0.350277,15256.535156
62,0.214822,0.313017,15506.049805
63,0.192384,0.274541,15788.916992
64,0.170327,0.277446,16021.782227
65,0.187592,0.279239,16271.374023
66,0.203391,0.273188,16521.001953
67,0.218767,0.264659,16770.500000
68,0.223796,0.264815,17020.119141
69,0.227868,0.258437,17269.648438
70,0.232970,0.252892,17519.279297
71,0.246146,0.245208,17768.703125
72,0.265190,0.229551,18018.339844
73,0.275712,0.201810,18267.841797
74,0.270325,0.173857,18500.830078
75,0.248386,0.134748,18750.328125
76,0.213843,0.133906,19033.257812
77,0.151782,0.183763,19266.251953
78,0.136727,0.205517,19515.755859
79,0.130746,0.215870,19765.365234
80,0.137866,0.244573,20014.851562
81,0.172293,0.304866,20264.423828
82,0.207789,0.357345,20513.972656
83,0.244809,0.350529,20763.550781
84,0.263859,0.319844,21013.105469
85,0.262785,0.306853,21262.693359
86,0.242718,0.321726,21512.208984
87,0.225418,0.353168,21761.771484
88,0.204469,0.392123,22011.320312
89,0.187090,0.433366,22260.896484
90,0.182799,0.463021,22510.523438
91,0.178341,0.481536,22760.078125
92,0.173169,0.501803,23092.783203
93,0.206000,0.470854,23342.425781
94,0.241097,0.441199,23591.919922
95,0.254786,0.397723,23841.539062
96,0.256103,0.362747,24074.392578
97,0.269015,0.374117,24324.031250
98,0.297743,0.394713,24573.503906
99,0.308779,0.400785,24823.166016
0,0.749826,0.483896,-0.003264
1,0.750050,0.484473,266.191620
2,0.750069,0.483806,515.769775
3,0.752228,0.466414,765.254700
4,0.757185,0.416622,1014.879761
5,0.761652,0.363732,1264.394043
6,0.763564,0.328652,1513.970459
7,0.765033,0.299908,1763.719116
8,0.765188,0.283855,2013.166504
9,0.764845,0.280669,2262.776367
10,0.769601,0.285479,2512.289795
11,0.777805,0.294215,2761.906494
12,0.796256,0.326733,3011.318604
13,0.816456,0.371633,3261.002930
14,0.834037,0.393731,3510.500488
15,0.855201,0.400439,3760.059814
16,0.869902,0.406154,4009.586670
17,0.879512,0.403888,4259.223633
18,0.885370,0.412499,4508.714844
19,0.899749,0.435032,4758.369629
20,0.909968,0.448165,5007.923828
21,0.920054,0.460752,5257.464355
22,0.937789,0.477317,5507.208984
23,0.955773,0.489740,5756.592285
24,0.964915,0.495340,6006.154785
25,0.972286,0.499988,6255.703613
26,0.975719,0.505287,6505.291016
27,0.992643,0.531567,6754.765625
28,0.007228,0.570127,7004.478516
29,0.011595,0.580937,7254.019043
30,0.017241,0.567939,7503.552246
31,0.020317,0.560990,7753.136719
32,0.021828,0.558136,8002.696289
33,0.020906,0.559051,8252.247070
34,0.007458,0.551010,8551.680664
35,0.987350,0.547284,8784.691406
36,0.969169,0.534098,9034.118164
37,0.951234,0.515723,9283.766602
38,0.940307,0.500973,9533.243164
39,0.930497,0.499429,9782.884766
40,0.921426,0.496332,10032.465820
41,0.906308,0.486930,10282.009766
42,0.888328,0.462725,10515.023438
43,0.878510,0.457352,10764.463867
44,0.862313,0.458989,11014.146484
45,0.825203,0.475080,11263.628906
46,0.795178,0.485768,11513.245117
47,0.763809,0.477139,11762.762695
48,0.720534,0.468971,12012.344727
49,0.673967,0.450511,12261.817383
50,0.642906,0.420459,12511.435547
51,0.635324,0.362460,12760.973633
52,0.639378,0.324201,13043.818359
53,0.643119,0.279202,13276.836914
54,0.635932,0.266187,13526.315430
55,0.629802,0.273070,13792.556641
56,0.622319,0.279816,14042.065430
57,0.603945,0.306414,14275.070312
58,0.580075,0.370093,14524.546875
59,0.572394,0.436741,14757.538086
60,0.584155,0.473540,15023.701172
61,0.631486,0.489184,15289.915039
62,0.650550,0.492722,15522.799805
63,0.650214,0.491670,15772.468750
64,0.647935,0.488775,16022.038086
65,0.610550,0.474193,16271.558594
66,0.546271,0.461087,16521.152344
67,0.525264,0.457325,16770.626953
68,0.528704,0.427030,17003.634766
69,0.526227,0.413364,17253.160156
70,0.521649,0.411251,17502.781250
71,0.495037,0.440269,17752.242188
72,0.471676,0.452978,18035.156250
73,0.440728,0.451973,18267.996094
74,0.394438,0.450219,18517.632812
75,0.354948,0.455778,18767.179688
76,0.326261,0.461046,19000.146484
77,0.312772,0.462396,19266.406250
78,0.306756,0.462359,19532.464844
79,0.301667,0.463097,19765.529297
80,0.298506,0.465242,20031.603516
81,0.314651,0.464608,20281.263672
82,0.356019,0.464135,20514.115234
83,0.401876,0.464785,20763.705078
84,0.437257,0.459449,21013.238281
85,0.463705,0.446971,21262.824219
86,0.481230,0.435254,21512.373047
87,0.498603,0.417450,21761.941406
88,0.511015,0.406006,22011.621094
89,0.525991,0.395522,22261.109375
90,0.539287,0.395303,22593.822266
91,0.542857,0.398468,22760.191406
92,0.544415,0.406311,23092.916016
93,0.542641,0.411941,23325.888672
94,0.534424,0.426529,23575.476562
95,0.528617,0.440691,23825.027344
96,0.549667,0.447656,24074.539062
97,0.605635,0.457758,24307.529297
98,0.658773,0.467276,24557.025391
99,0.681472,0.471255,24790.017578
0,0.748862,0.546077,-0.008312
1,0.752486,0.550483,266.096436
2,0.758222,0.540672,515.831665
3,0.776924,0.488138,765.279114
4,0.805636,0.409901,1014.888062
5,0.841819,0.358525,1264.575195
6,0.883185,0.370046,1513.981079
7,0.947361,0.453499,1763.614136
8,0.992503,0.509536,2013.060669
9,0.028954,0.544387,2262.742432
10,0.069902,0.579253,2512.181885
11,0.103415,0.600506,2761.862549
12,0.139224,0.606629,3011.312744
13,0.176816,0.609169,3260.956787
14,0.208353,0.606073,3510.425781
15,0.226004,0.603589,3760.073486
16,0.220754,0.599439,4009.588867
17,0.184775,0.579251,4259.154785
18,0.134326,0.555676,4508.868652
19,0.096576,0.538265,4758.265625
20,0.050000,0.529165,5007.895020
21,0.987142,0.516930,5257.441406
22,0.913750,0.518544,5507.080566
23,0.865374,0.523069,5756.643555
24,0.804136,0.528241,6006.134766
25,0.708364,0.533878,6255.695312
26,0.615821,0.527099,6505.189941
27,0.570534,0.501222,6754.746094
28,0.549969,0.482711,7004.367676
29,0.538772,0.479022,7253.928711
30,0.540169,0.474413,7503.525879
31,0.548279,0.467498,7753.135254
32,0.560789,0.462108,8002.712402
33,0.569593,0.468236,8252.155273
34,0.573147,0.484496,8501.750977
35,0.581676,0.496677,8751.339844
36,0.598405,0.510797,9000.891602
37,0.614363,0.515120,9250.461914
38,0.662776,0.523548,9533.340820
39,0.695895,0.535438,9782.859375
40,0.726497,0.552944,10032.448242
41,0.737929,0.562293,10265.333008
42,0.712381,0.567528,10514.940430
43,0.663483,0.572435,10797.726562
44,0.624631,0.613616,11047.316406
45,0.599655,0.685408,11280.214844
46,0.586016,0.734830,11513.141602
47,0.573401,0.771322,11762.739258
48,0.569509,0.814258,12028.934570
49,0.559136,0.852245,12278.437500
50,0.556299,0.877411,12511.407227
51,0.567137,0.889111,12760.931641
52,0.569703,0.892023,13010.530273
53,0.569190,0.889814,13260.154297
54,0.569233,0.886793,13509.649414
55,0.570039,0.882983,13759.285156
56,0.573333,0.879546,14008.825195
57,0.563320,0.871492,14258.460938
58,0.540083,0.862966,14507.898438
59,0.525965,0.854169,14757.506836
60,0.524386,0.848125,15007.038086
61,0.524314,0.844273,15256.626953
62,0.524877,0.843494,15506.123047
63,0.522337,0.837829,15755.762695
64,0.521709,0.828920,16071.937500
65,0.519875,0.823263,16321.432617
66,0.516608,0.817658,16571.025391
67,0.512633,0.815113,16803.894531
68,0.507717,0.815119,17053.515625
69,0.508245,0.819125,17303.031250
70,0.507393,0.831409,17536.035156
71,0.496885,0.873381,17785.521484
72,0.475947,0.895916,18018.496094
73,0.470311,0.743778,18268.015625
74,0.451178,0.587575,18517.599609
75,0.421617,0.511252,18750.517578
76,0.368720,0.497140,19000.097656
77,0.353632,0.512446,19282.986328
78,0.364201,0.518322,19532.500000
79,0.379626,0.531183,19765.447266
80,0.415546,0.534494,20014.941406
81,0.443991,0.517531,20264.574219
82,0.476395,0.505258,20547.441406
83,0.509176,0.497161,20780.335938
84,0.534244,0.492956,21013.212891
85,0.552638,0.454582,21279.468750
86,0.568539,0.416242,21512.355469
87,0.586613,0.372759,21761.917969
88,0.600335,0.348114,22028.222656
89,0.610478,0.344515,22261.025391
90,0.623028,0.359992,22510.716797
91,0.661730,0.397657,22760.156250
92,0.716735,0.461115,23009.816406
93,0.762297,0.506305,23259.277344
94,0.802645,0.528462,23592.029297
95,0.841221,0.543166,23825.005859
96,0.875854,0.543431,24074.544922
97,0.888254,0.540572,24307.544922
98,0.887987,0.524438,24557.000000
99,0.882342,0.490789,24806.695312
0,0.773687,0.565271,0.000480
1,0.787900,0.565824,266.264679
2,0.787211,0.559441,515.789124
3,0.796106,0.490301,765.342041
4,0.821925,0.370002,1014.841492
5,0.834464,0.322008,1264.517578
6,0.848348,0.315055,1514.022339
7,0.847364,0.303873,1763.622681
8,0.832947,0.262438,2013.078369
9,0.819884,0.227177,2262.748779
10,0.819632,0.187131,2512.389160
11,0.829434,0.122362,2761.810547
12,0.840714,0.090115,3011.455811
13,0.861154,0.070903,3260.952148
14,0.874765,0.062236,3510.569824
15,0.877837,0.060086,3760.042480
16,0.852550,0.065285,4009.675293
17,0.767565,0.105719,4259.204590
18,0.708245,0.176656,4508.805176
19,0.672811,0.237745,4758.387695
20,0.651776,0.272660,5007.898926
21,0.632182,0.336540,5257.437012
22,0.609687,0.400576,5507.015625
23,0.594985,0.444397,5756.625000
24,0.581797,0.473108,6006.174316
25,0.603460,0.533992,6255.758301
26,0.664593,0.626144,6505.298828
27,0.746837,0.657870,6754.933594
28,0.833040,0.672599,7004.458496
29,0.889301,0.646914,7253.965820
30,0.920499,0.614040,7503.572754
31,0.933197,0.591016,7753.149414
32,0.942906,0.569384,8002.589844
33,0.963546,0.556500,8252.259766
34,0.986786,0.536049,8501.875977
35,0.016990,0.512829,8751.366211
36,0.060851,0.515155,9001.006836
37,0.097372,0.519520,9250.562500
38,0.119246,0.511336,9500.091797
39,0.133793,0.508209,9766.209961
40,0.140031,0.511147,10015.797852
41,0.140375,0.513058,10265.294922
42,0.143057,0.514458,10514.978516
43,0.141622,0.514835,10797.786133
44,0.137250,0.515794,11030.661133
45,0.116235,0.519343,11280.297852
46,0.098045,0.522432,11529.763672
47,0.093307,0.513338,11762.758789
48,0.098814,0.495191,12012.303711
49,0.111311,0.478209,12278.570312
50,0.131649,0.468649,12511.413086
51,0.159044,0.464064,12761.057617
52,0.205723,0.473165,13027.163086
53,0.239023,0.483609,13276.789062
54,0.252164,0.483230,13509.644531
55,0.242302,0.479121,13759.250977
56,0.208221,0.465853,14008.852539
57,0.149257,0.456447,14258.357422
58,0.060226,0.455576,14507.965820
59,0.977929,0.452423,14757.486328
60,0.883573,0.447798,15007.088867
61,0.741233,0.442049,15256.630859
62,0.597126,0.459168,15506.247070
63,0.535413,0.469823,15755.758789
64,0.482629,0.463257,16005.370117
65,0.426141,0.463840,16254.821289
66,0.372353,0.463431,16504.464844
67,0.322075,0.473272,16753.929688
68,0.270450,0.479491,17003.568359
69,0.233187,0.480345,17253.177734
70,0.202170,0.481018,17585.955078
71,0.175181,0.488050,17752.281250
72,0.160505,0.497139,18085.025391
73,0.166671,0.491232,18334.570312
74,0.173583,0.488449,18567.458984
75,0.180387,0.505506,18817.017578
76,0.179635,0.519530,19066.666016
77,0.181186,0.521657,19316.126953
78,0.183410,0.517782,19549.125000
79,0.183412,0.515502,19798.681641
80,0.183118,0.516315,20048.238281
81,0.183626,0.516585,20297.767578
82,0.185532,0.516037,20547.423828
83,0.195303,0.516271,20780.226562
84,0.212419,0.516126,21029.865234
85,0.234453,0.512469,21262.757812
86,0.271529,0.498179,21512.357422
87,0.311130,0.481749,21761.894531
88,0.344542,0.473947,22011.472656
89,0.370711,0.468438,22260.994141
90,0.394267,0.466253,22543.875000
91,0.419999,0.464115,22776.863281
92,0.450355,0.461524,23026.310547
93,0.477748,0.451742,23259.318359
94,0.503933,0.441678,23508.824219
95,0.523993,0.433766,23775.101562
96,0.545893,0.414902,24007.957031
97,0.566280,0.401402,24290.806641
98,0.583374,0.386869,24523.701172
99,0.594605,0.370015,24789.957031
0,0.744677,0.407464,-0.036801
1,0.744130,0.407000,266.260437
2,0.742645,0.394021,515.739746
3,0.746786,0.353962,765.298096
4,0.754046,0.320647,1014.787720
5,0.716803,0.290237,1264.410767
6,0.635120,0.314575,1513.952515
7,0.603485,0.366422,1763.518433
8,0.597608,0.393592,2013.139282
9,0.585615,0.397025,2262.631104
10,0.551299,0.406563,2512.275879
11,0.540031,0.414616,2761.782959
12,0.535316,0.425706,3011.483154
13,0.539280,0.439368,3260.938477
14,0.538634,0.457721,3510.479736
15,0.533173,0.499475,3760.028320
16,0.532625,0.580712,4009.596436
17,0.531214,0.646067,4259.102051
18,0.508708,0.702218,4575.276855
19,0.502384,0.739157,4808.272949
20,0.500703,0.792074,5057.706055
21,0.518421,0.832326,5307.388184
22,0.550726,0.851964,5556.822266
23,0.554769,0.856576,5789.829102
24,0.554254,0.855470,6022.688477
25,0.549345,0.849266,6272.250977
26,0.545628,0.842879,6521.804199
27,0.545851,0.840744,6771.418945
28,0.545400,0.839318,7004.335449
29,0.535779,0.790269,7270.536621
30,0.509965,0.706128,7503.463867
31,0.466329,0.621100,7753.027344
32,0.445547,0.547224,8002.561035
33,0.422891,0.498550,8252.210938
34,0.411645,0.498058,8501.767578
35,0.414034,0.489584,8751.277344
36,0.422540,0.485328,9000.883789
37,0.429332,0.489927,9250.416016
38,0.470847,0.487954,9500.024414
39,0.496010,0.483004,9782.760742
40,0.510825,0.479394,10032.413086
41,0.534183,0.469237,10281.987305
42,0.545076,0.473734,10531.527344
43,0.570808,0.476791,10781.138672
44,0.635243,0.474761,11013.979492
45,0.708763,0.482657,11263.631836
46,0.791826,0.498041,11546.331055
47,0.861095,0.522892,11779.369141
48,0.898382,0.535513,12028.835938
49,0.926351,0.533327,12261.834961
50,0.951237,0.529258,12511.396484
51,0.974649,0.522854,12760.959961
52,0.989946,0.515304,13027.065430
53,0.990124,0.506216,13260.056641
54,0.969914,0.493102,13509.556641
55,0.951527,0.480484,13759.202148
56,0.947869,0.469147,14008.848633
57,0.979130,0.484176,14258.282227
58,0.017489,0.491416,14507.914062
59,0.055342,0.496741,14757.409180
60,0.084038,0.507659,15007.049805
61,0.124875,0.501078,15256.557617
62,0.145067,0.507040,15506.146484
63,0.165225,0.533948,15838.935547
64,0.177249,0.556904,16088.442383
65,0.172103,0.545273,16338.007812
66,0.178780,0.555751,16570.962891
67,0.180258,0.552262,16803.910156
68,0.186756,0.544228,17053.400391
69,0.183746,0.523717,17303.019531
70,0.178599,0.513684,17535.912109
71,0.182606,0.527926,17785.521484
72,0.196230,0.519778,18018.376953
73,0.209664,0.537745,18268.017578
74,0.223318,0.554729,18500.908203
75,0.230649,0.559141,18767.082031
76,0.235379,0.556572,19000.013672
77,0.240901,0.546975,19266.195312
78,0.237315,0.538406,19515.841797
79,0.228001,0.537018,19798.609375
80,0.196511,0.545013,20031.611328
81,0.126323,0.541366,20281.093750
82,0.062791,0.537544,20530.716797
83,0.004326,0.541072,20763.587891
84,0.945821,0.550028,21013.167969
85,0.930302,0.557626,21295.958984
86,0.949227,0.563662,21512.279297
87,0.953814,0.550989,21795.181641
88,0.944453,0.547820,22028.068359
89,0.922637,0.535950,22260.970703
90,0.904972,0.520946,22510.591797
91,0.891717,0.511541,22760.189453
92,0.871584,0.480079,23026.253906
93,0.851013,0.446833,23259.265625
94,0.830972,0.429281,23508.804688
95,0.812372,0.421780,23758.369141
96,0.796953,0.412514,24007.906250
97,0.792090,0.367405,24257.482422
98,0.782210,0.353282,24507.042969
99,0.772576,0.358182,24756.632812
0,0.749895,0.378887,0.002627
1,0.749291,0.378785,266.192322
2,0.747284,0.438482,515.743469
3,0.740730,0.528148,765.343750
4,0.732341,0.619365,1014.853455
5,0.728554,0.658776,1264.468018
6,0.721592,0.711366,1513.991577
7,0.725341,0.734314,1763.605225
8,0.739982,0.680470,2013.163940
9,0.750641,0.573954,2262.679443
10,0.759535,0.483800,2512.277100
11,0.764559,0.413152,2761.854492
12,0.770389,0.359296,3011.365967
13,0.784418,0.317553,3260.946289
14,0.795077,0.318384,3510.574219
15,0.824269,0.408370,3760.093262
16,0.863785,0.478932,4009.624756
17,0.895205,0.493190,4259.145996
18,0.921314,0.495434,4508.830566
19,0.940700,0.490295,4758.239258
20,0.934638,0.445033,5007.892090
21,0.897822,0.366973,5257.539062
22,0.883605,0.355056,5507.011230
23,0.897106,0.369321,5756.645996
24,0.933040,0.412060,6006.093750
25,0.969617,0.450452,6255.759277
26,0.968334,0.487538,6505.245605
27,0.951111,0.512471,6754.824707
28,0.938818,0.523059,7004.328613
29,0.945821,0.532238,7254.007812
30,0.985614,0.538823,7503.437500
31,0.036495,0.557664,7753.114258
32,0.078952,0.554737,8002.758789
33,0.107775,0.544923,8252.222656
34,0.125614,0.533052,8501.792969
35,0.142700,0.529488,8751.337891
36,0.158402,0.528660,9000.972656
37,0.170477,0.526395,9250.433594
38,0.189886,0.520426,9500.023438
39,0.201415,0.511751,9766.144531
40,0.188449,0.501770,10015.878906
41,0.175889,0.491237,10265.295898
42,0.164723,0.484122,10514.896484
43,0.163833,0.457132,10764.580078
44,0.177844,0.400429,11014.057617
45,0.186966,0.341237,11263.617188
46,0.204654,0.319185,11513.166016
47,0.232086,0.351095,11762.787109
48,0.254872,0.397393,12012.264648
49,0.276487,0.422021,12261.888672
50,0.302882,0.439703,12511.401367
51,0.327207,0.470779,12761.036133
52,0.353405,0.520919,13010.525391
53,0.377688,0.591460,13260.083984
54,0.404440,0.642950,13509.578125
55,0.423990,0.662558,13759.232422
56,0.419066,0.715033,14008.821289
57,0.403194,0.745688,14258.331055
58,0.398367,0.670864,14507.969727
59,0.389311,0.556442,14757.460938
60,0.385519,0.491753,15007.061523
61,0.385725,0.455938,15256.546875
62,0.395135,0.441092,15506.202148
63,0.402597,0.442655,15755.660156
64,0.435842,0.456443,16005.333984
65,0.460940,0.465396,16254.782227
66,0.466714,0.463085,16504.464844
67,0.474687,0.460538,16754.060547
68,0.484947,0.419549,17003.554688
69,0.503835,0.424769,17253.220703
70,0.528822,0.477757,17502.679688
71,0.543847,0.505403,17752.289062
72,0.553634,0.523782,18001.759766
73,0.554862,0.586920,18251.408203
74,0.549524,0.621233,18500.859375
75,0.537565,0.640786,18750.542969
76,0.510928,0.674240,19016.660156
77,0.465464,0.631218,19266.312500
78,0.418724,0.572411,19515.841797
79,0.388559,0.535881,19765.427734
80,0.373056,0.503256,20014.992188
81,0.366071,0.469802,20264.513672
82,0.371692,0.455583,20514.070312
83,0.411584,0.458161,20763.625000
84,0.445463,0.428775,21013.244141
85,0.440414,0.379587,21262.687500
86,0.384796,0.420958,21512.367188
87,0.292385,0.477463,21761.826172
88,0.232816,0.501263,22011.457031
89,0.201484,0.512784,22261.039062
90,0.177791,0.527638,22510.632812
91,0.166587,0.542942,22760.238281
92,0.156086,0.546026,23009.720703
93,0.149045,0.541241,23259.339844
94,0.147055,0.536625,23508.908203
95,0.141929,0.532365,23758.425781
96,0.133212,0.528727,24007.896484
97,0.117177,0.525303,24257.552734
98,0.112630,0.526616,24507.042969
99,0.126809,0.527572,24756.740234
0,0.739411,0.596686,-0.014294
1,0.730697,0.597632,266.194336
2,0.729637,0.602338,515.828430
3,0.738816,0.613784,765.322937
4,0.750451,0.620371,1014.872253
5,0.765915,0.629495,1264.384399
6,0.771337,0.622832,1513.951294
7,0.767958,0.608921,1763.627563
8,0.764447,0.593578,2013.111816
9,0.762204,0.581055,2262.724854
10,0.760739,0.574820,2512.227295
11,0.750694,0.568759,2761.804688
12,0.740598,0.562710,3011.447998
13,0.725466,0.556080,3260.912109
14,0.704671,0.557273,3510.483887
15,0.678991,0.555825,3760.077637
16,0.650516,0.549548,4009.597412
17,0.620566,0.532119,4259.191895
18,0.587422,0.500151,4508.745117
19,0.562038,0.479832,4758.324707
20,0.546063,0.469429,5007.857910
21,0.533023,0.468831,5257.453613
22,0.529307,0.473686,5507.072266
23,0.529722,0.474324,5756.613770
24,0.525570,0.463864,6006.153320
25,0.513939,0.454153,6255.700195
26,0.504119,0.451347,6505.272461
27,0.495480,0.451588,6754.793457
28,0.489971,0.452029,7004.404297
29,0.490254,0.452767,7254.021973
30,0.491235,0.454851,7503.510254
31,0.491684,0.456956,7753.084961
32,0.492347,0.459296,8002.706055
33,0.493035,0.461068,8252.211914
34,0.494246,0.463291,8501.743164
35,0.496450,0.464327,8751.416992
36,0.500445,0.465722,9000.916016
37,0.514525,0.470979,9250.493164
38,0.536609,0.493333,9516.691406
39,0.558567,0.516870,9766.238281
40,0.586434,0.525206,10015.782227
41,0.616776,0.520389,10265.319336
42,0.657722,0.511874,10514.888672
43,0.699396,0.503068,10764.542969
44,0.735051,0.494585,11014.006836
45,0.761528,0.486333,11263.626953
46,0.781798,0.483824,11513.169922
47,0.807567,0.483212,11762.766602
48,0.839609,0.481409,12012.267578
49,0.873170,0.483022,12261.838867
50,0.894266,0.476231,12511.458008
51,0.918061,0.473233,12760.958008
52,0.942097,0.477909,13010.590820
53,0.964440,0.490773,13260.140625
54,0.986503,0.523340,13509.721680
55,0.004502,0.551693,13759.277344
56,0.020992,0.565651,14008.828125
57,0.058892,0.584629,14258.417969
58,0.091461,0.581378,14507.971680
59,0.121178,0.575907,14757.522461
60,0.141428,0.562291,15007.030273
61,0.166562,0.560030,15256.640625
62,0.198757,0.563948,15506.167969
63,0.217373,0.572506,15755.780273
64,0.196025,0.590405,16005.291016
65,0.179382,0.602904,16254.911133
66,0.176378,0.598859,16504.460938
67,0.175090,0.598060,16754.029297
68,0.175646,0.596694,17003.625000
69,0.175707,0.597914,17253.171875
70,0.176344,0.596941,17502.718750
71,0.180599,0.593809,17752.250000
72,0.187569,0.586831,18001.843750
73,0.152528,0.561553,18251.369141
74,0.065582,0.522948,18500.929688
75,0.992660,0.477158,18750.558594
76,0.938644,0.418577,19000.130859
77,0.900811,0.370362,19266.269531
78,0.874746,0.343063,19515.863281
79,0.856908,0.337415,19765.388672
80,0.856200,0.339947,20015.033203
81,0.863834,0.345287,20264.560547
82,0.876036,0.349842,20514.101562
83,0.926448,0.349812,20763.712891
84,0.004177,0.353718,21013.234375
85,0.072219,0.350370,21262.810547
86,0.115269,0.337686,21512.335938
87,0.147622,0.327685,21762.000000
88,0.169334,0.344337,22011.462891
89,0.183725,0.419008,22261.064453
90,0.199858,0.505079,22510.716797
91,0.216673,0.551288,22760.169922
92,0.222638,0.569917,23009.769531
93,0.225319,0.576926,23259.320312
94,0.229707,0.576916,23508.947266
95,0.237039,0.571777,23758.421875
96,0.238723,0.570599,24007.980469
97,0.242350,0.568405,24257.611328
98,0.241299,0.563436,24507.197266
99,0.237228,0.562415,24756.666016
0,0.749962,0.558025,-0.039233
1,0.750048,0.557911,266.221313
2,0.749945,0.557312,515.750427
3,0.751231,0.546867,765.276855
4,0.762377,0.490534,1014.843506
5,0.769528,0.436199,1264.397583
6,0.770162,0.395416,1514.068237
7,0.773403,0.384868,1763.587402
8,0.773276,0.388296,2013.130859
9,0.773081,0.395270,2262.701904
10,0.774042,0.399592,2512.207275
11,0.794237,0.418409,2761.842773
12,0.825657,0.437237,3028.000977
13,0.844263,0.443195,3260.943359
14,0.836182,0.449386,3510.461914
15,0.746285,0.466936,3760.142578
16,0.657042,0.463861,4009.640869
17,0.616410,0.453650,4259.220215
18,0.595423,0.411239,4508.833984
19,0.576945,0.385337,4758.312988
20,0.540700,0.424218,5007.907227
21,0.483283,0.498362,5257.441406
22,0.417367,0.544389,5507.100586
23,0.377348,0.566691,5756.571777
24,0.395603,0.587896,6006.122559
25,0.464160,0.659782,6255.726074
26,0.525671,0.728972,6505.237305
27,0.590401,0.799145,6754.874512
28,0.681510,0.864933,7004.418945
29,0.781819,0.879614,7254.071289
30,0.869866,0.882418,7503.562012
31,0.937195,0.871470,7753.047852
32,0.007161,0.809339,8002.691895
33,0.033877,0.738358,8252.272461
34,0.043725,0.692507,8501.746094
35,0.067717,0.655894,8751.340820
36,0.106902,0.625889,9000.982422
37,0.140546,0.593974,9250.513672
38,0.181935,0.580359,9500.011719
39,0.216575,0.574763,9766.198242
40,0.225103,0.580184,10015.755859
41,0.199244,0.586572,10265.357422
42,0.186780,0.593809,10514.945312
43,0.186614,0.594764,10764.519531
44,0.214214,0.587774,11014.120117
45,0.250438,0.569023,11263.679688
46,0.267381,0.563578,11513.153320
47,0.259512,0.568177,11762.750977
48,0.225837,0.570819,12012.381836
49,0.163898,0.570644,12261.862305
50,0.108458,0.571669,12511.462891
51,0.038277,0.559117,12761.016602
52,0.004542,0.560650,13010.574219
53,0.987247,0.570320,13260.111328
54,0.000371,0.587676,13509.783203
55,0.080429,0.607140,13759.332031
56,0.141905,0.610067,14008.843750
57,0.187338,0.593423,14258.405273
58,0.208121,0.584718,14507.913086
59,0.217227,0.586365,14757.523438
60,0.222134,0.591653,15007.054688
61,0.218250,0.596379,15256.685547
62,0.201717,0.604920,15506.166016
63,0.183979,0.611345,15755.867188
64,0.181874,0.612826,16005.339844
65,0.183061,0.613044,16254.971680
66,0.183250,0.613576,16504.501953
67,0.183148,0.614107,16753.996094
68,0.183076,0.614477,17003.625000
69,0.182899,0.614931,17253.150391
70,0.182947,0.615471,17502.701172
71,0.182876,0.615886,17752.267578
72,0.182810,0.616289,18001.927734
73,0.182839,0.616633,18251.417969
74,0.182824,0.616451,18500.951172
75,0.182888,0.616041,18750.525391
76,0.183081,0.615837,19000.068359
77,0.182975,0.615234,19266.261719
78,0.182769,0.614475,19515.933594
79,0.182585,0.614119,19765.435547
80,0.182533,0.613800,20015.041016
81,0.182474,0.613594,20264.583984
82,0.182328,0.613897,20514.087891
83,0.182435,0.613906,20763.751953
84,0.182332,0.613806,21013.240234
85,0.182012,0.613932,21262.896484
86,0.181790,0.614040,21512.351562
87,0.181675,0.614083,21761.970703
88,0.181781,0.614067,22011.519531
89,0.181507,0.614077,22261.044922
90,0.181627,0.614068,22510.701172
91,0.181600,0.613974,22760.261719
92,0.181596,0.613908,23009.789062
93,0.181669,0.613910,23259.292969
94,0.181596,0.613606,23508.972656
95,0.181696,0.613384,23758.410156
96,0.181598,0.613017,24008.001953
97,0.181706,0.612885,24257.679688
98,0.181696,0.612550,24507.173828
99,0.181736,0.612328,24756.755859
0,0.751551,0.401397,0.000175
1,0.753525,0.399741,266.232574
2,0.764283,0.399785,515.735596
3,0.805883,0.394078,765.382263
4,0.869002,0.404225,1014.920776
5,0.929453,0.434822,1264.483887
6,0.939816,0.460094,1514.024414
7,0.918193,0.466606,1763.623047
8,0.866529,0.464357,2013.168823
9,0.823490,0.456413,2262.680420
10,0.781816,0.448980,2512.333984
11,0.740415,0.437028,2761.822754
12,0.697463,0.412887,3011.421875
13,0.667006,0.393192,3260.964600
14,0.648495,0.389473,3510.619629
15,0.629207,0.400174,3760.117920
16,0.603157,0.416468,4009.629883
17,0.577408,0.428654,4259.235840
18,0.552478,0.437727,4508.757812
19,0.519075,0.443379,4758.367188
20,0.481167,0.445597,5007.971680
21,0.450489,0.438777,5257.551758
22,0.419284,0.440309,5507.017090
23,0.381219,0.454848,5756.618652
24,0.345164,0.460494,6006.237793
25,0.310782,0.465852,6255.771973
26,0.280707,0.469262,6505.297852
27,0.248326,0.475139,6754.847656
28,0.216230,0.470677,7004.499512
29,0.195896,0.468830,7253.967773
30,0.187299,0.464618,7503.544434
31,0.176879,0.471570,7753.123047
32,0.169311,0.473641,8002.733398
33,0.164957,0.475980,8252.265625
34,0.165434,0.474975,8501.803711
35,0.180511,0.469283,8751.401367
36,0.201961,0.465432,9000.946289
37,0.231420,0.462316,9250.514648
38,0.268175,0.454344,9500.075195
39,0.294326,0.450113,9766.279297
40,0.309180,0.447537,10015.866211
41,0.315298,0.447353,10265.408203
42,0.307950,0.450324,10514.930664
43,0.295424,0.457685,10764.552734
44,0.275920,0.467007,11014.064453
45,0.256544,0.474209,11263.632812
46,0.248878,0.478566,11513.289062
47,0.248120,0.479400,11762.745117
48,0.248069,0.477460,12012.382812
49,0.245761,0.475452,12261.959961
50,0.248740,0.468615,12511.497070
51,0.268007,0.462580,12761.040039
52,0.301878,0.455613,13010.597656
53,0.358762,0.441905,13260.168945
54,0.442534,0.436405,13509.780273
55,0.513324,0.450210,13759.267578
56,0.571173,0.442415,14008.860352
57,0.623531,0.447100,14258.454102
58,0.659493,0.456863,14508.017578
59,0.707384,0.442181,14757.529297
60,0.764292,0.453054,15007.139648
61,0.815614,0.467559,15256.726562
62,0.862268,0.466807,15506.234375
63,0.897395,0.461947,15755.814453
64,0.915476,0.463370,16005.334961
65,0.922937,0.447331,16254.938477
66,0.920798,0.428848,16504.466797
67,0.917638,0.430512,16754.056641
68,0.916335,0.439119,17003.613281
69,0.915770,0.446283,17253.205078
70,0.913263,0.447907,17502.732422
71,0.912358,0.449944,17752.349609
72,0.911220,0.452192,18001.849609
73,0.894346,0.454321,18251.423828
74,0.856608,0.467720,18500.996094
75,0.818308,0.492585,18750.552734
76,0.754983,0.534391,19000.154297
77,0.687068,0.563459,19266.298828
78,0.627909,0.560806,19515.882812
79,0.578154,0.567438,19765.443359
80,0.539955,0.569733,20015.035156
81,0.505314,0.568793,20264.560547
82,0.471069,0.569851,20514.144531
83,0.437663,0.561329,20763.691406
84,0.414132,0.535978,21013.310547
85,0.380702,0.534962,21262.818359
86,0.346948,0.545062,21512.419922
87,0.327355,0.544887,21762.000000
88,0.301113,0.543604,22011.509766
89,0.270387,0.541128,22261.087891
90,0.246250,0.536394,22510.644531
91,0.224201,0.522316,22760.228516
92,0.213706,0.504119,23009.761719
93,0.217809,0.497468,23259.328125
94,0.224947,0.502766,23508.898438
95,0.240293,0.508476,23758.455078
96,0.266247,0.523071,24008.017578
97,0.294846,0.537853,24257.623047
98,0.323941,0.540399,24507.177734
99,0.345967,0.538221,24756.728516
0,0.749638,0.529511,-0.000274
1,0.748794,0.524928,266.186371
2,0.749650,0.489604,515.804016
3,0.759534,0.447148,765.376831
4,0.773829,0.391570,1014.876038
5,0.789485,0.340117,1264.498413
6,0.805555,0.303611,1514.006348
7,0.810608,0.296243,1763.578247
8,0.807595,0.308100,2013.138184
9,0.792130,0.341000,2262.675781
10,0.774274,0.382488,2512.261719
11,0.737094,0.396438,2761.799072
12,0.665262,0.405347,3011.446777
13,0.620704,0.413393,3260.982910
14,0.592739,0.402049,3510.524902
15,0.568138,0.403109,3760.163330
16,0.536970,0.414102,4009.619873
17,0.504373,0.417682,4259.227539
18,0.487418,0.422196,4508.742188
19,0.475401,0.417341,4758.371582
20,0.461297,0.412037,5007.863770
21,0.440772,0.394224,5257.441895
22,0.421602,0.377534,5507.038574
23,0.400592,0.376963,5756.646484
24,0.360082,0.394513,6006.142090
25,0.319873,0.407342,6255.694336
26,0.298259,0.422092,6505.356445
27,0.277750,0.456510,6754.822266
28,0.261093,0.486644,7004.375488
29,0.261428,0.486590,7253.953613
30,0.273294,0.464514,7503.579590
31,0.290045,0.444541,7753.085449
32,0.303746,0.435560,8002.697754
33,0.339614,0.439142,8252.272461
34,0.403320,0.453915,8501.766602
35,0.475464,0.455273,8751.466797
36,0.563184,0.465373,9000.882812
37,0.646804,0.465945,9250.563477
38,0.718904,0.479772,9500.094727
39,0.775808,0.482802,9766.261719
40,0.819178,0.490893,10015.799805
41,0.857326,0.491479,10265.400391
42,0.903754,0.488270,10514.905273
43,0.945384,0.479074,10764.517578
44,0.977095,0.467972,11014.044922
45,0.010148,0.466465,11263.692383
46,0.035377,0.511496,11513.211914
47,0.015539,0.642808,11762.737305
48,0.953423,0.731198,12012.434570
49,0.905170,0.784260,12261.963867
50,0.881145,0.807527,12511.490234
51,0.871053,0.814252,12760.989258
52,0.865172,0.810886,13010.646484
53,0.857631,0.778272,13260.164062
54,0.840453,0.733644,13509.677734
55,0.813886,0.676914,13759.243164
56,0.788586,0.609420,14008.914062
57,0.758163,0.560784,14258.415039
58,0.721796,0.523520,14507.971680
59,0.694237,0.497640,14757.568359
60,0.662295,0.473823,15007.092773
61,0.623632,0.454907,15256.637695
62,0.581025,0.444253,15506.244141
63,0.552931,0.430678,15755.811523
64,0.536285,0.419909,16005.323242
65,0.539265,0.385968,16254.887695
66,0.580169,0.333549,16504.548828
67,0.614627,0.308200,16754.044922
68,0.645756,0.322389,17003.595703
69,0.707564,0.365589,17253.218750
70,0.773778,0.440827,17502.753906
71,0.830095,0.505383,17752.285156
72,0.871293,0.512672,18001.851562
73,0.908488,0.515464,18251.433594
74,0.942450,0.512103,18500.998047
75,0.975167,0.504283,18750.562500
76,0.009164,0.480116,19000.156250
77,0.049241,0.453458,19266.347656
78,0.087987,0.437408,19515.894531
79,0.117936,0.456823,19765.464844
80,0.151795,0.509505,20015.039062
81,0.168528,0.529426,20264.625000
82,0.171187,0.518107,20514.142578
83,0.166340,0.492742,20763.728516
84,0.179145,0.520887,21013.341797
85,0.209291,0.562776,21262.849609
86,0.233954,0.577878,21512.392578
87,0.222236,0.561317,21761.919922
88,0.177755,0.536290,22011.482422
89,0.131156,0.521498,22261.093750
90,0.100260,0.509114,22510.638672
91,0.070577,0.504387,22760.218750
92,0.040116,0.492147,23009.867188
93,0.005452,0.488126,23259.445312
94,0.962310,0.517518,23508.884766
95,0.913474,0.554689,23758.500000
96,0.870675,0.548548,24007.994141
97,0.828113,0.517726,24257.556641
98,0.798475,0.501478,24507.158203
99,0.781473,0.479289,24756.693359
0,0.750010,0.495994,-0.000367
1,0.749958,0.496151,266.251801
2,0.749834,0.493242,515.770386
3,0.751787,0.445789,765.385376
4,0.757101,0.382164,1014.845093
5,0.768760,0.317073,1264.504272
6,0.780189,0.270886,1513.991211
7,0.779402,0.262343,1763.612061
8,0.759121,0.264017,2013.054810
9,0.717272,0.260376,2262.789307
10,0.665219,0.254426,2512.339600
11,0.611159,0.263764,2761.826904
12,0.563163,0.291516,3011.479492
13,0.529095,0.345939,3260.902100
14,0.491262,0.395016,3510.593994
15,0.449378,0.429494,3760.090088
16,0.427281,0.465217,4009.710205
17,0.446084,0.493882,4259.153809
18,0.508719,0.547707,4508.799316
19,0.531304,0.662557,4758.267578
20,0.508149,0.761456,5041.167969
21,0.523055,0.814287,5274.167969
22,0.542385,0.872563,5523.631836
23,0.536694,0.905925,5789.880371
24,0.520111,0.915256,6022.764160
25,0.520077,0.917885,6289.028320
26,0.533307,0.919059,6521.839844
27,0.604562,0.918642,6771.497559
28,0.779119,0.887154,7037.649414
29,0.896945,0.799469,7270.621094
30,0.946123,0.731994,7503.450195
31,0.968654,0.638275,7769.759277
32,0.981910,0.518195,8002.610840
33,0.986788,0.444608,8252.257812
34,0.975935,0.384812,8501.675781
35,0.956762,0.292943,8751.333008
36,0.979837,0.228692,9034.221680
37,0.046871,0.213691,9267.070312
38,0.067516,0.148572,9516.715820
39,0.103064,0.104460,9782.839844
40,0.104629,0.077148,10015.815430
41,0.094575,0.066939,10265.333984
42,0.082687,0.069595,10548.145508
43,0.056365,0.072290,10797.820312
44,0.030405,0.082097,11030.633789
45,0.994619,0.104246,11280.303711
46,0.953427,0.148113,11513.185547
47,0.917906,0.205892,11762.781250
48,0.890797,0.263708,12012.279297
49,0.865034,0.307015,12278.494141
50,0.858260,0.359584,12511.399414
51,0.873030,0.430774,12761.002930
52,0.866686,0.473581,13010.485352
53,0.881011,0.495487,13260.113281
54,0.915602,0.521011,13509.609375
55,0.957038,0.567038,13842.375000
56,0.979095,0.613855,14091.999023
57,0.958082,0.667981,14324.879883
58,0.915880,0.755537,14574.489258
59,0.873724,0.809425,14807.364258
60,0.874169,0.813684,15057.006836
61,0.890185,0.800079,15289.831055
62,0.994810,0.696862,15539.499023
63,0.062981,0.560143,15788.971680
64,0.097235,0.487006,16038.589844
65,0.105902,0.455097,16271.489258
66,0.101310,0.444932,16521.060547
67,0.114966,0.433527,16770.654297
68,0.143276,0.438405,17020.189453
69,0.183461,0.446039,17253.203125
70,0.220666,0.431056,17502.650391
71,0.229711,0.452767,17752.322266
72,0.221267,0.472630,18035.056641
73,0.213637,0.469820,18284.640625
74,0.189400,0.473858,18517.519531
75,0.172937,0.473477,18750.408203
76,0.170157,0.470844,19000.054688
77,0.176918,0.459479,19299.503906
78,0.184504,0.440706,19532.525391
79,0.188523,0.393992,19765.406250
80,0.196342,0.324991,20014.996094
81,0.199688,0.264581,20264.486328
82,0.196865,0.206059,20514.132812
83,0.190872,0.164414,20763.640625
84,0.181973,0.145317,21013.269531
85,0.181111,0.139551,21279.400391
86,0.184435,0.138851,21528.941406
87,0.187404,0.139435,21778.458984
88,0.190896,0.141438,22028.097656
89,0.199194,0.151963,22260.939453
90,0.188408,0.171517,22510.558594
91,0.150767,0.198823,22760.218750
92,0.133043,0.215123,23009.708984
93,0.133665,0.230110,23259.291016
94,0.148167,0.258018,23508.855469
95,0.189200,0.282764,23758.328125
96,0.270048,0.339780,24007.921875
97,0.301755,0.383156,24257.599609
98,0.313794,0.423718,24507.019531
99,0.315196,0.444465,24756.648438
0,0.749835,0.500068,0.059230
1,0.749503,0.499657,266.319183
2,0.749166,0.499350,515.830383
3,0.749097,0.499706,765.426636
4,0.749632,0.498890,1014.960754
5,0.756289,0.491838,1264.558716
6,0.785044,0.466784,1514.133667
7,0.809828,0.449246,1763.673828
8,0.819904,0.446190,2013.212891
9,0.821250,0.447653,2262.792236
10,0.821042,0.448214,2512.360840
11,0.820817,0.451016,2761.939209
12,0.821036,0.452504,3011.495117
13,0.821738,0.451923,3261.037354
14,0.822575,0.451666,3510.631348
15,0.824877,0.454011,3760.159668
16,0.829220,0.455392,4009.756348
17,0.834135,0.455404,4259.307129
18,0.842156,0.456019,4508.870605
19,0.850120,0.455938,4758.436523
20,0.858440,0.455051,5007.990234
21,0.864837,0.455178,5257.561523
22,0.869969,0.460528,5507.131348
23,0.876026,0.464971,5756.700684
24,0.886228,0.469951,6006.241699
25,0.895950,0.468204,6255.802246
26,0.901106,0.473846,6505.377930
27,0.906692,0.476244,6754.965332
28,0.914747,0.476813,7004.495117
29,0.922799,0.475222,7254.060547
30,0.931699,0.475752,7503.663086
31,0.942734,0.474875,7753.182617
32,0.954284,0.475450,8002.750488
33,0.964798,0.476051,8252.359375
34,0.975408,0.476296,8501.916016
35,0.985745,0.477367,8751.473633
36,0.997578,0.479492,9001.027344
37,0.008804,0.483249,9250.619141
38,0.018836,0.485670,9500.159180
39,0.029984,0.487777,9766.365234
40,0.046231,0.490839,10015.930664
41,0.065578,0.497849,10265.457031
42,0.086612,0.503102,10515.032227
43,0.103152,0.506014,10764.597656
44,0.117382,0.508358,11014.170898
45,0.132486,0.514494,11263.733398
46,0.145549,0.519808,11513.298828
47,0.155886,0.520044,11762.890625
48,0.159304,0.518523,12012.417969
49,0.161093,0.522793,12262.001953
50,0.167990,0.516969,12511.547852
51,0.169952,0.507743,12761.104492
52,0.169243,0.494141,13010.682617
53,0.176148,0.488548,13260.254883
54,0.177513,0.486707,13509.800781
55,0.176290,0.480362,13759.374023
56,0.180540,0.489359,14008.941406
57,0.181559,0.492978,14258.523438
58,0.181598,0.487858,14508.079102
59,0.183331,0.481879,14757.618164
60,0.188510,0.477114,15007.201172
61,0.201340,0.471935,15256.760742
62,0.212738,0.472991,15506.344727
63,0.217266,0.468179,15755.891602
64,0.219615,0.466905,16005.444336
65,0.221834,0.471376,16255.030273
66,0.224053,0.476521,16504.560547
67,0.226510,0.482249,16754.128906
68,0.226231,0.486001,17003.681641
69,0.228590,0.494317,17253.263672
70,0.231955,0.496249,17502.812500
71,0.236075,0.496855,17752.421875
72,0.243738,0.500577,18001.957031
73,0.251321,0.501561,18251.513672
74,0.259848,0.502109,18501.085938
75,0.268490,0.500456,18750.632812
76,0.275305,0.500321,19000.248047
77,0.283431,0.501146,19266.429688
78,0.291913,0.501742,19515.970703
79,0.301745,0.501254,19765.552734
80,0.311964,0.500698,20015.091797
81,0.322143,0.498903,20264.654297
82,0.336293,0.499391,20514.257812
83,0.350118,0.500863,20763.785156
84,0.359874,0.499859,21013.339844
85,0.368800,0.500200,21262.929688
86,0.376157,0.502037,21512.509766
87,0.394584,0.502324,21762.074219
88,0.418919,0.504239,22011.603516
89,0.435486,0.511326,22261.203125
90,0.445097,0.515421,22510.736328
91,0.446364,0.513143,22760.322266
92,0.444625,0.509883,23009.863281
93,0.442257,0.508652,23259.437500
94,0.439679,0.505894,23509.023438
95,0.435319,0.501122,23758.562500
96,0.432009,0.500978,24008.140625
97,0.430276,0.501762,24257.728516
98,0.428762,0.501432,24507.255859
99,0.428148,0.500951,24756.849609
0,0.750602,0.517498,-0.006644
1,0.750222,0.516866,266.232788
2,0.749119,0.513756,515.770386
3,0.759933,0.486085,765.452881
4,0.765217,0.438948,1014.916016
5,0.772041,0.396888,1264.541016
6,0.815096,0.352721,1514.008789
7,0.842268,0.334949,1763.658081
8,0.848193,0.339472,2013.201660
9,0.852424,0.360857,2262.748535
10,0.865870,0.404284,2512.303467
11,0.886315,0.430067,2761.952148
12,0.904674,0.437401,3011.488037
13,0.914109,0.445320,3260.964355
14,0.917805,0.458286,3510.644043
15,0.918047,0.468699,3760.081787
16,0.918547,0.475595,4009.651611
17,0.920948,0.480299,4259.365723
18,0.926100,0.482045,4508.852051
19,0.938907,0.479685,4758.366211
20,0.983374,0.478478,5007.916016
21,0.996201,0.487408,5257.526367
22,0.969014,0.491446,5507.080566
23,0.923629,0.490591,5756.594238
24,0.899050,0.527396,6006.216309
25,0.886351,0.576323,6255.758789
26,0.880972,0.613576,6505.365234
27,0.876072,0.602780,6754.900391
28,0.839082,0.520280,7004.508789
29,0.813956,0.483365,7253.994141
30,0.792338,0.472128,7503.575684
31,0.806930,0.452166,7753.173828
32,0.837174,0.424451,8002.794922
33,0.829735,0.396965,8268.952148
34,0.815624,0.373043,8501.798828
35,0.807203,0.352135,8751.417969
36,0.791588,0.325780,9000.967773
37,0.760390,0.309280,9250.524414
38,0.665446,0.315595,9500.091797
39,0.591527,0.336475,9766.322266
40,0.563025,0.356610,10015.895508
41,0.538602,0.375211,10265.382812
42,0.513618,0.398121,10514.941406
43,0.488507,0.430658,10764.513672
44,0.470822,0.452478,11014.111328
45,0.457347,0.464582,11263.727539
46,0.444781,0.469695,11513.333008
47,0.444141,0.464613,11762.882812
48,0.460318,0.462425,12012.406250
49,0.485058,0.460716,12261.925781
50,0.517441,0.443561,12511.459961
51,0.541297,0.416180,12761.081055
52,0.556476,0.395472,13010.601562
53,0.550723,0.407416,13260.182617
54,0.541017,0.414206,13509.790039
55,0.534168,0.424489,13759.418945
56,0.521167,0.431914,14008.886719
57,0.489271,0.440075,14258.511719
58,0.460281,0.460155,14508.035156
59,0.463504,0.469943,14757.594727
60,0.506797,0.471408,15007.145508
61,0.582487,0.473859,15256.786133
62,0.654262,0.480020,15506.258789
63,0.694005,0.481855,15755.787109
64,0.718113,0.481236,16005.430664
65,0.723580,0.481104,16254.977539
66,0.735055,0.478566,16504.539062
67,0.750476,0.469475,16754.125000
68,0.755990,0.439443,17003.648438
69,0.751595,0.379679,17253.222656
70,0.755511,0.325848,17502.738281
71,0.761588,0.274937,17752.302734
72,0.764537,0.286440,18001.871094
73,0.773809,0.321579,18251.494141
74,0.777484,0.327836,18501.044922
75,0.774968,0.335779,18750.687500
76,0.770103,0.352607,19000.158203
77,0.763157,0.391772,19266.382812
78,0.746619,0.449424,19515.892578
79,0.743347,0.473562,19765.537109
80,0.773237,0.483979,20015.074219
81,0.829562,0.494297,20264.699219
82,0.869959,0.506846,20514.218750
83,0.885995,0.522049,20763.742188
84,0.892451,0.527237,21013.304688
85,0.908774,0.528325,21262.841797
86,0.919095,0.525853,21512.441406
87,0.928406,0.517420,21761.998047
88,0.939232,0.509238,22011.582031
89,0.951629,0.503650,22261.109375
90,0.949493,0.506271,22510.714844
91,0.933029,0.508434,22760.220703
92,0.912497,0.502362,23009.800781
93,0.903071,0.485405,23259.476562
94,0.894547,0.469979,23508.960938
95,0.892279,0.448844,23758.593750
96,0.886935,0.448601,24008.050781
97,0.875977,0.460596,24257.660156
98,0.823099,0.529906,24523.869141
99,0.734844,0.628591,24756.732422
0,0.744944,0.572704,0.009978
1,0.736705,0.574957,266.255554
2,0.737080,0.574049,515.717224
3,0.727470,0.566005,765.328125
4,0.703139,0.543714,1014.900940
5,0.650158,0.510221,1264.464966
6,0.562325,0.484878,1514.046509
7,0.514899,0.497154,1763.587036
8,0.499534,0.537217,2013.178955
9,0.492195,0.602293,2262.678955
10,0.502410,0.665184,2512.269287
11,0.503605,0.698609,2761.843262
12,0.508671,0.687671,3011.368652
13,0.515361,0.729715,3260.953857
14,0.547399,0.793590,3510.543945
15,0.556595,0.804287,3760.117920
16,0.552803,0.804282,4009.641846
17,0.551935,0.799850,4259.240723
18,0.547805,0.794459,4508.783203
19,0.546895,0.790193,4758.339355
20,0.549728,0.788478,5007.913086
21,0.593818,0.798869,5257.492188
22,0.702710,0.807949,5507.104492
23,0.778461,0.801617,5756.576172
24,0.805552,0.820957,6006.228027
25,0.798374,0.840402,6255.749512
26,0.784244,0.795235,6505.325195
27,0.774716,0.666965,6754.835449
28,0.782392,0.555173,7004.488770
29,0.788496,0.457758,7253.981934
30,0.780673,0.368832,7503.527832
31,0.780179,0.305458,7753.135742
32,0.784355,0.292847,8002.681152
33,0.788599,0.303386,8268.861328
34,0.793424,0.299977,8501.810547
35,0.805913,0.298840,8751.445312
36,0.812116,0.301249,9000.912109
37,0.829309,0.317432,9250.457031
38,0.862280,0.363394,9500.134766
39,0.893068,0.422485,9766.286133
40,0.932218,0.485407,10015.791016
41,0.968473,0.527254,10265.417969
42,0.986862,0.538999,10515.014648
43,0.980684,0.530143,10764.556641
44,0.974930,0.506467,11014.107422
45,0.972092,0.476320,11263.634766
46,0.951718,0.429414,11513.261719
47,0.906621,0.354658,11762.805664
48,0.847378,0.308352,12012.339844
49,0.771780,0.282674,12261.870117
50,0.688769,0.262796,12511.425781
51,0.614620,0.286191,12761.000000
52,0.560871,0.336376,13010.569336
53,0.515003,0.408410,13260.185547
54,0.482350,0.468932,13509.759766
55,0.454619,0.506774,13759.340820
56,0.441672,0.524787,14008.902344
57,0.449595,0.527678,14258.423828
58,0.467116,0.527548,14507.942383
59,0.493608,0.523623,14757.533203
60,0.544779,0.519528,15007.083008
61,0.603644,0.504690,15256.666016
62,0.660630,0.497546,15506.262695
63,0.700430,0.496469,15755.833008
64,0.731058,0.494850,16005.429688
65,0.755117,0.494741,16254.903320
66,0.766271,0.494734,16504.470703
67,0.775774,0.471459,16754.015625
68,0.792745,0.449623,17003.638672
69,0.804399,0.432369,17253.255859
70,0.809572,0.416817,17502.726562
71,0.811996,0.441519,17752.310547
72,0.838319,0.486498,18001.880859
73,0.889520,0.516174,18251.408203
74,0.936702,0.530426,18501.021484
75,0.968757,0.540184,18750.560547
76,0.997438,0.547432,19000.152344
77,0.019389,0.548133,19266.308594
78,0.047011,0.546021,19515.898438
79,0.086896,0.555058,19765.482422
80,0.124572,0.557151,20015.013672
81,0.160485,0.560172,20264.572266
82,0.184234,0.554945,20514.150391
83,0.198075,0.551576,20763.767578
84,0.198595,0.545898,21013.255859
85,0.202688,0.546473,21262.820312
86,0.194937,0.546835,21512.375000
87,0.181715,0.528964,21761.968750
88,0.173591,0.514505,22011.542969
89,0.171101,0.514198,22261.144531
90,0.170950,0.516166,22510.710938
91,0.170027,0.517606,22760.271484
92,0.166629,0.516521,23009.814453
93,0.152124,0.514369,23259.345703
94,0.133325,0.504156,23508.990234
95,0.121833,0.489653,23758.447266
96,0.116703,0.491285,24008.095703
97,0.072491,0.483440,24257.632812
98,0.012232,0.478868,24507.203125
99,0.958165,0.486357,24756.701172
0,0.750142,0.528460,0.004024
1,0.750314,0.528766,266.303558
2,0.762753,0.529558,515.799255
3,0.801183,0.530834,765.361511
4,0.816945,0.512828,1014.887634
5,0.830017,0.483995,1264.559570
6,0.841165,0.447144,1514.065796
7,0.851154,0.391043,1763.618408
8,0.850618,0.342779,2013.186523
9,0.837686,0.325274,2262.807617
10,0.834932,0.300529,2512.312012
11,0.835664,0.294602,2761.834229
12,0.862107,0.331895,3011.481934
13,0.900987,0.447482,3261.007812
14,0.939376,0.492333,3510.543701
15,0.951521,0.502649,3760.071777
16,0.955315,0.508121,4009.710449
17,0.960834,0.502637,4259.261719
18,0.987989,0.502824,4508.780762
19,0.023233,0.514317,4758.450684
20,0.059772,0.528794,5007.916992
21,0.108845,0.553480,5257.589355
22,0.139650,0.571437,5507.034668
23,0.159841,0.579823,5756.628418
24,0.175318,0.577728,6006.185059
25,0.195590,0.574405,6255.784668
26,0.210242,0.572352,6505.369141
27,0.194803,0.575905,6754.875488
28,0.203212,0.565445,7004.460449
29,0.243511,0.555180,7253.985840
30,0.267168,0.551134,7503.576660
31,0.286053,0.548466,7753.115723
32,0.307280,0.549656,8002.687500
33,0.325906,0.544256,8252.234375
34,0.343351,0.544482,8501.812500
35,0.357623,0.543935,8751.393555
36,0.366013,0.541864,9000.944336
37,0.371378,0.540088,9250.503906
38,0.392983,0.565101,9500.057617
39,0.431005,0.643845,9766.247070
40,0.441713,0.690876,10015.829102
41,0.418975,0.736829,10265.403320
42,0.400703,0.764166,10514.983398
43,0.396706,0.770962,10764.546875
44,0.371268,0.769392,11014.090820
45,0.333799,0.781506,11263.658203
46,0.304014,0.786008,11513.198242
47,0.293185,0.830083,11762.781250
48,0.292058,0.872056,12012.340820
49,0.300104,0.887123,12261.930664
50,0.338687,0.838784,12511.464844
51,0.386574,0.706432,12761.029297
52,0.395088,0.599440,13010.583008
53,0.387785,0.536547,13260.163086
54,0.374448,0.470525,13509.740234
55,0.345526,0.451314,13759.300781
56,0.319829,0.448045,14008.884766
57,0.313034,0.453031,14258.418945
58,0.352690,0.478494,14507.979492
59,0.430833,0.511804,14757.537109
60,0.469788,0.532257,15007.110352
61,0.490718,0.508455,15256.673828
62,0.491251,0.458015,15506.216797
63,0.489487,0.407046,15755.809570
64,0.493310,0.476278,16005.402344
65,0.486778,0.566406,16254.929688
66,0.465038,0.598766,16504.488281
67,0.415016,0.605353,16754.068359
68,0.345645,0.597822,17003.617188
69,0.261674,0.596220,17253.185547
70,0.174128,0.597850,17502.750000
71,0.105839,0.587866,17752.326172
72,0.053527,0.586384,18001.898438
73,0.007716,0.571573,18251.425781
74,0.968362,0.553691,18501.013672
75,0.931340,0.549226,18750.562500
76,0.919638,0.558247,19000.146484
77,0.940677,0.557370,19266.375000
78,0.957724,0.560265,19515.925781
79,0.962440,0.559755,19765.447266
80,0.943065,0.561606,20015.037109
81,0.907223,0.592556,20264.582031
82,0.862319,0.607160,20514.130859
83,0.827624,0.602894,20763.705078
84,0.794723,0.558766,21013.298828
85,0.776889,0.524101,21262.861328
86,0.772342,0.483445,21512.406250
87,0.770120,0.432522,21761.966797
88,0.785144,0.388049,22011.541016
89,0.813191,0.369577,22261.095703
90,0.846402,0.383774,22510.673828
91,0.873813,0.435011,22760.230469
92,0.891767,0.469747,23009.773438
93,0.909390,0.485989,23259.335938
94,0.939314,0.494072,23508.917969
95,0.982529,0.495551,23758.480469
96,0.029462,0.497979,24008.050781
97,0.051506,0.501456,24257.621094
98,0.057716,0.506855,24507.183594
99,0.057552,0.510513,24756.769531
0,0.751361,0.749867,0.007811
1,0.753414,0.714505,266.288300
2,0.749433,0.693467,515.791016
3,0.738014,0.739876,765.401917
4,0.734040,0.798920,1014.914917
5,0.727172,0.855178,1264.532593
6,0.688914,0.891387,1514.180176
7,0.655643,0.898133,1763.662354
8,0.617854,0.876522,2013.237793
9,0.597694,0.843125,2262.737549
10,0.565184,0.783187,2512.332275
11,0.527295,0.721813,2761.908691
12,0.506063,0.669046,3011.437988
13,0.508728,0.586892,3261.058105
14,0.517593,0.524997,3510.566895
15,0.518308,0.500180,3760.149414
16,0.510610,0.492844,4009.711914
17,0.501310,0.484775,4259.355469
18,0.468226,0.471254,4508.844727
19,0.424691,0.480826,4758.373047
20,0.404212,0.472902,5007.962891
21,0.393620,0.464021,5257.553223
22,0.402936,0.452499,5507.069336
23,0.423734,0.445766,5756.624023
24,0.477928,0.422778,6006.239258
25,0.554076,0.374547,6255.811035
26,0.608176,0.351340,6505.323242
27,0.642899,0.340554,6754.942383
28,0.681662,0.329562,7004.500488
29,0.714561,0.340061,7254.170898
30,0.745972,0.363253,7503.623535
31,0.782145,0.386046,7753.154785
32,0.815881,0.417746,8002.740234
33,0.853496,0.446238,8252.272461
34,0.887687,0.463462,8501.928711
35,0.921032,0.476065,8751.455078
36,0.951066,0.484227,9001.059570
37,0.974726,0.493707,9250.536133
38,0.999483,0.504139,9500.211914
39,0.024184,0.509927,9766.328125
40,0.049454,0.510083,10015.891602
41,0.078394,0.512411,10265.410156
42,0.104956,0.510491,10515.080078
43,0.129865,0.516409,10764.656250
44,0.156446,0.529277,11014.216797
45,0.187990,0.534130,11263.687500
46,0.219335,0.540202,11513.344727
47,0.244871,0.544668,11762.846680
48,0.246608,0.535481,12012.365234
49,0.237185,0.511614,12261.976562
50,0.212590,0.491129,12511.545898
51,0.190410,0.500892,12761.167969
52,0.175598,0.516610,13010.644531
53,0.168640,0.527633,13260.293945
54,0.165622,0.535931,13509.792969
55,0.162703,0.538083,13759.323242
56,0.162717,0.534915,14008.991211
57,0.165187,0.530497,14258.508789
58,0.164965,0.527236,14508.034180
59,0.161113,0.531322,14757.567383
60,0.162284,0.530974,15007.200195
61,0.160822,0.531858,15256.708008
62,0.160968,0.530528,15506.276367
63,0.161066,0.527300,15755.871094
64,0.161646,0.524994,16005.444336
65,0.161529,0.526045,16254.987305
66,0.162007,0.527049,16504.521484
67,0.161704,0.527371,16754.099609
68,0.160759,0.526461,17003.632812
69,0.158494,0.524376,17253.302734
70,0.154440,0.520814,17502.775391
71,0.149308,0.518262,17752.419922
72,0.146731,0.512037,18001.968750
73,0.144499,0.504252,18251.474609
74,0.138852,0.500456,18501.089844
75,0.135695,0.498474,18750.669922
76,0.130115,0.502487,19000.228516
77,0.114421,0.519781,19266.480469
78,0.094456,0.541979,19515.921875
79,0.073590,0.536812,19765.568359
80,0.053055,0.530182,20015.121094
81,0.034741,0.529815,20264.601562
82,0.007418,0.535410,20514.220703
83,0.980807,0.537622,20763.785156
84,0.958688,0.532192,21013.412109
85,0.945521,0.528396,21262.873047
86,0.929791,0.519572,21512.445312
87,0.913068,0.514477,21762.033203
88,0.891873,0.509580,22011.554688
89,0.861058,0.507395,22261.169922
90,0.834512,0.504778,22510.773438
91,0.813935,0.509989,22760.320312
92,0.801392,0.506545,23009.810547
93,0.783757,0.501000,23259.417969
94,0.763636,0.497568,23508.951172
95,0.739501,0.495199,23758.531250
96,0.710195,0.492062,24008.074219
97,0.674026,0.490414,24257.660156
98,0.632218,0.492170,24507.201172
99,0.591070,0.488179,24756.761719
0,0.741142,0.602626,0.033639
1,0.731790,0.602640,266.329071
2,0.723721,0.601143,515.787537
3,0.709581,0.596602,765.465271
4,0.704301,0.582755,1014.939819
5,0.708324,0.558885,1264.528442
6,0.709599,0.545215,1514.044434
7,0.719511,0.538253,1763.609619
8,0.737621,0.523703,2013.167969
9,0.763784,0.506594,2262.791504
10,0.789494,0.484651,2512.432129
11,0.811539,0.451258,2761.910400
12,0.845531,0.413396,3011.450195
13,0.870796,0.382587,3261.049561
14,0.893551,0.390582,3510.572998
15,0.929923,0.413309,3760.185547
16,0.969841,0.430368,4009.721680
17,0.001650,0.449061,4259.275879
18,0.026426,0.450877,4508.851562
19,0.058472,0.452340,4758.416016
20,0.084635,0.461056,5008.047363
21,0.100043,0.469550,5257.509766
22,0.118268,0.479312,5507.064941
23,0.137769,0.484024,5756.693848
24,0.161921,0.482829,6006.292480
25,0.186004,0.484338,6255.812988
26,0.204316,0.483065,6505.337891
27,0.218823,0.485501,6754.970215
28,0.231958,0.490308,7004.475586
29,0.244396,0.492480,7254.097168
30,0.255326,0.495699,7503.615723
31,0.257942,0.499095,7753.172363
32,0.263965,0.496029,8002.754883
33,0.273943,0.490504,8252.272461
34,0.294499,0.481089,8501.894531
35,0.317262,0.455157,8751.444336
36,0.323795,0.450809,9001.001953
37,0.325429,0.453776,9250.563477
38,0.333338,0.457724,9500.201172
39,0.335157,0.460118,9766.320312
40,0.347904,0.467685,10015.880859
41,0.364985,0.469540,10265.428711
42,0.387473,0.471156,10515.042969
43,0.406964,0.472962,10764.551758
44,0.418996,0.473665,11014.226562
45,0.416936,0.475711,11263.716797
46,0.406916,0.476496,11513.304688
47,0.387815,0.470452,11762.858398
48,0.361490,0.459001,12012.373047
49,0.355605,0.437092,12261.996094
50,0.342645,0.422427,12511.543945
51,0.310084,0.413856,12761.175781
52,0.291863,0.412452,13010.625000
53,0.273329,0.420102,13260.239258
54,0.247966,0.423734,13509.811523
55,0.220170,0.410219,13759.325195
56,0.197909,0.392715,14008.969727
57,0.185666,0.389130,14258.469727
58,0.178071,0.402110,14508.123047
59,0.170449,0.411959,14757.567383
60,0.166417,0.417063,15007.226562
61,0.163471,0.420867,15256.699219
62,0.168386,0.427789,15506.255859
63,0.176711,0.433448,15755.879883
64,0.187313,0.438351,16005.487305
65,0.196559,0.445738,16254.968750
66,0.208571,0.452063,16504.527344
67,0.225796,0.467180,16754.126953
68,0.254181,0.498003,17003.685547
69,0.282248,0.516882,17253.250000
70,0.302697,0.521620,17502.808594
71,0.319204,0.510408,17752.482422
72,0.330821,0.504867,18001.943359
73,0.332851,0.500763,18251.480469
74,0.324159,0.499257,18501.089844
75,0.314530,0.496903,18750.632812
76,0.313479,0.501361,19000.261719
77,0.319877,0.502048,19266.376953
78,0.336459,0.490243,19516.011719
79,0.360661,0.480960,19765.552734
80,0.386374,0.494299,20015.093750
81,0.403387,0.502336,20264.628906
82,0.409976,0.511570,20514.265625
83,0.409999,0.517134,20763.763672
84,0.410663,0.514584,21013.345703
85,0.409977,0.510974,21262.855469
86,0.406031,0.511770,21512.498047
87,0.401435,0.513311,21762.035156
88,0.395626,0.513386,22011.568359
89,0.390231,0.515980,22261.169922
90,0.384256,0.518137,22510.726562
91,0.376148,0.519429,22760.279297
92,0.363098,0.520563,23009.859375
93,0.343175,0.522962,23259.488281
94,0.314960,0.528150,23508.996094
95,0.282578,0.532644,23758.515625
96,0.252325,0.536656,24008.072266
97,0.229482,0.539506,24257.679688
98,0.204564,0.540057,24507.208984
99,0.184803,0.543381,24756.796875
0,0.750138,0.536594,0.008896
1,0.750379,0.535939,266.217255
2,0.751485,0.532598,515.778870
3,0.756396,0.524578,765.312988
4,0.761893,0.514417,1014.974060
5,0.763875,0.514000,1264.523682
6,0.765190,0.508381,1514.062744
7,0.773835,0.481730,1763.680664
8,0.786178,0.461054,2013.184570
9,0.805451,0.446350,2262.731689
10,0.822649,0.439380,2512.260742
11,0.838541,0.433439,2761.917725
12,0.855507,0.428432,3011.422119
13,0.874157,0.423295,3277.676025
14,0.888870,0.417773,3510.564697
15,0.899543,0.414392,3760.128418
16,0.919016,0.418261,4009.679932
17,0.942634,0.423571,4259.226562
18,0.966513,0.432448,4508.812988
19,0.980362,0.424138,4758.333984
20,0.986831,0.414504,5007.955078
21,0.982171,0.385957,5257.463379
22,0.964896,0.355006,5507.067383
23,0.914030,0.345296,5756.627930
24,0.864710,0.352632,6006.181641
25,0.850595,0.355638,6255.753906
26,0.845397,0.358266,6505.292480
27,0.842843,0.362495,6754.864746
28,0.845886,0.369522,7004.412598
29,0.847993,0.383839,7253.978516
30,0.848390,0.400277,7503.540039
31,0.847920,0.415668,7753.125000
32,0.848434,0.431570,8002.682617
33,0.849081,0.443869,8252.251953
34,0.848928,0.455782,8501.808594
35,0.846300,0.464756,8751.371094
36,0.841309,0.478134,9000.922852
37,0.840330,0.489094,9250.491211
38,0.844024,0.493632,9500.056641
39,0.850507,0.496787,9766.258789
40,0.855663,0.500558,10015.824219
41,0.864231,0.505021,10265.426758
42,0.875120,0.507503,10514.989258
43,0.885010,0.508760,10764.506836
44,0.898619,0.510399,11014.086914
45,0.911067,0.513408,11263.657227
46,0.931509,0.513557,11513.216797
47,0.955695,0.509424,11762.766602
48,0.978809,0.509591,12012.321289
49,0.992280,0.510544,12261.944336
50,0.003763,0.513868,12511.467773
51,0.014560,0.515686,12761.048828
52,0.022033,0.518087,13010.599609
53,0.031474,0.519335,13260.171875
54,0.043709,0.519614,13509.725586
55,0.055058,0.518472,13759.308594
56,0.068782,0.515818,14008.847656
57,0.087631,0.513106,14258.407227
58,0.110416,0.510427,14507.982422
59,0.131612,0.509594,14757.525391
60,0.153419,0.505883,15007.104492
61,0.175096,0.503352,15256.675781
62,0.197514,0.504033,15506.236328
63,0.223310,0.509443,15755.801758
64,0.252382,0.515004,16005.369141
65,0.268047,0.521454,16254.931641
66,0.285110,0.520889,16504.496094
67,0.297726,0.524226,16754.048828
68,0.296738,0.530401,17003.634766
69,0.287499,0.540677,17253.185547
70,0.282222,0.546978,17502.753906
71,0.273569,0.565715,17752.308594
72,0.251789,0.594460,18001.890625
73,0.230249,0.627878,18251.441406
74,0.218782,0.656288,18501.003906
75,0.216611,0.685807,18750.591797
76,0.212625,0.714482,19000.115234
77,0.206614,0.773804,19266.330078
78,0.203492,0.804567,19515.923828
79,0.180048,0.843725,19765.451172
80,0.140450,0.875061,20015.017578
81,0.123888,0.882596,20264.599609
82,0.124514,0.882227,20514.156250
83,0.127003,0.878733,20763.726562
84,0.121315,0.866537,21013.271484
85,0.115541,0.841820,21262.863281
86,0.114533,0.812705,21512.417969
87,0.117540,0.783311,21762.001953
88,0.119642,0.752167,22011.556641
89,0.119862,0.725943,22261.078125
90,0.119631,0.703519,22510.656250
91,0.109954,0.682292,22760.224609
92,0.100541,0.664914,23009.808594
93,0.098187,0.648380,23259.363281
94,0.098714,0.632544,23508.931641
95,0.100350,0.616706,23758.494141
96,0.099921,0.603894,24008.054688
97,0.096473,0.596467,24257.621094
98,0.087005,0.594039,24507.167969
99,0.073679,0.590445,24756.767578
0,0.749857,0.476255,-0.002540
1,0.749780,0.477289,266.205231
2,0.749752,0.476383,515.733154
3,0.745345,0.495526,765.344360
4,0.733474,0.573151,1014.857056
5,0.720451,0.681563,1264.531250
6,0.722700,0.774377,1514.030518
7,0.744223,0.817807,1763.583008
8,0.734779,0.818807,2013.174316
9,0.680372,0.795627,2262.721924
10,0.654118,0.745744,2512.307617
11,0.642960,0.711060,2761.820557
12,0.633662,0.666317,3011.460449
13,0.630701,0.607678,3260.983887
14,0.632876,0.580491,3510.509277
15,0.636039,0.575923,3760.098877
16,0.639460,0.579285,4009.691650
17,0.643462,0.576690,4259.254883
18,0.653739,0.562823,4508.749023
19,0.671982,0.546643,4758.406250
20,0.704115,0.541317,5007.922852
21,0.737605,0.564249,5257.477051
22,0.767880,0.544804,5507.130371
23,0.799380,0.499430,5756.665527
24,0.820058,0.445242,6006.164551
25,0.831252,0.382112,6255.700684
26,0.841361,0.311836,6505.307129
27,0.848772,0.289517,6754.834961
28,0.877313,0.332591,7004.403809
29,0.921322,0.415587,7253.968262
30,0.946440,0.427928,7503.553711
31,0.969804,0.434466,7753.101074
32,0.018472,0.438593,8002.726074
33,0.061518,0.450250,8252.230469
34,0.085760,0.463267,8501.792969
35,0.108365,0.470477,8751.368164
36,0.128860,0.476605,9000.934570
37,0.146226,0.477290,9250.460938
38,0.161221,0.475066,9500.071289
39,0.175644,0.476716,9766.268555
40,0.193055,0.481097,10015.808594
41,0.206318,0.479503,10265.362305
42,0.214009,0.480030,10514.932617
43,0.211663,0.481671,10764.509766
44,0.197664,0.487492,11014.055664
45,0.181353,0.484273,11263.634766
46,0.176598,0.481201,11513.199219
47,0.179691,0.481448,11762.759766
48,0.194273,0.471052,12012.320312
49,0.245459,0.454191,12261.881836
50,0.310115,0.454198,12511.465820
51,0.358779,0.451862,12760.999023
52,0.398070,0.448730,13010.588867
53,0.425428,0.452034,13260.158203
54,0.427383,0.449647,13509.708984
55,0.413671,0.449944,13759.261719
56,0.375323,0.452822,14008.832031
57,0.319441,0.466539,14258.402344
58,0.253306,0.478782,14507.946289
59,0.195903,0.490530,14757.541016
60,0.170742,0.487531,15007.112305
61,0.158408,0.487128,15256.662109
62,0.157330,0.484079,15506.216797
63,0.157262,0.485037,15755.805664
64,0.157936,0.481758,16005.334961
65,0.158219,0.480539,16254.901367
66,0.158865,0.479638,16504.470703
67,0.159268,0.480095,16754.025391
68,0.159954,0.481011,17003.589844
69,0.161261,0.480840,17253.197266
70,0.162881,0.480588,17502.767578
71,0.164462,0.479399,17752.330078
72,0.164860,0.479144,18001.857422
73,0.165304,0.478680,18251.414062
74,0.165426,0.477574,18501.007812
75,0.167423,0.474992,18750.539062
76,0.173182,0.469549,19000.101562
77,0.181501,0.466903,19266.306641
78,0.201885,0.471375,19515.880859
79,0.226177,0.481035,19765.445312
80,0.236186,0.487152,20015.009766
81,0.247735,0.495839,20264.554688
82,0.247535,0.538895,20514.146484
83,0.221626,0.597237,20763.701172
84,0.194397,0.667116,21013.300781
85,0.178733,0.709712,21262.841797
86,0.172934,0.697601,21512.406250
87,0.168556,0.687228,21761.958984
88,0.167797,0.688992,22011.521484
89,0.158687,0.686768,22261.103516
90,0.155520,0.685990,22510.648438
91,0.170495,0.678796,22760.255859
92,0.183917,0.677365,23009.763672
93,0.201789,0.672764,23259.373047
94,0.229721,0.663882,23508.898438
95,0.244314,0.660334,23758.474609
96,0.256362,0.650527,24008.033203
97,0.271484,0.632095,24257.632812
98,0.289275,0.607552,24507.156250
99,0.300029,0.581457,24756.720703
0,0.749727,0.598213,-0.025999
1,0.749762,0.597807,266.142456
2,0.751335,0.597656,515.714966
3,0.757151,0.599334,765.385437
4,0.778642,0.600891,1014.888123
5,0.812927,0.597500,1264.419556
6,0.843610,0.581774,1514.011475
7,0.864740,0.556835,1763.549927
8,0.870895,0.514731,2013.122437
9,0.868580,0.449397,2262.643555
10,0.866802,0.384422,2512.318848
11,0.860943,0.359909,2761.784180
12,0.850586,0.356351,3011.378662
13,0.834622,0.351644,3260.938232
14,0.826782,0.342414,3510.555176
15,0.830377,0.358370,3760.055420
16,0.879684,0.441683,4009.616455
17,0.940307,0.531964,4259.196777
18,0.965791,0.578991,4508.737793
19,0.982753,0.605430,4758.299316
20,0.006192,0.627143,5007.860352
21,0.039825,0.637139,5257.460449
22,0.067649,0.628966,5507.012207
23,0.093071,0.624070,5756.563477
24,0.115986,0.618132,6006.118652
25,0.130147,0.615689,6255.694336
26,0.153158,0.607635,6505.252930
27,0.179942,0.583206,6754.802734
28,0.179019,0.581813,7004.391113
29,0.176105,0.581074,7253.928223
30,0.173387,0.582140,7503.496582
31,0.166924,0.581596,7753.096680
32,0.155043,0.578221,8002.642090
33,0.141012,0.577094,8252.201172
34,0.127855,0.579822,8501.759766
35,0.103832,0.576685,8751.321289
36,0.065491,0.565320,9000.875977
37,0.023938,0.558865,9250.453125
38,0.981087,0.558071,9500.013672
39,0.937482,0.554719,9766.231445
40,0.895540,0.548920,10015.798828
41,0.832687,0.550574,10265.348633
42,0.743768,0.557587,10514.901367
43,0.672356,0.570812,10764.471680
44,0.628816,0.573362,11014.048828
45,0.593020,0.564965,11263.616211
46,0.562435,0.559029,11513.161133
47,0.556334,0.552108,11762.721680
48,0.560334,0.551212,12012.291016
49,0.556169,0.548556,12261.843750
50,0.546534,0.549981,12511.422852
51,0.538435,0.551582,12760.977539
52,0.530384,0.550829,13010.552734
53,0.524291,0.544280,13260.095703
54,0.505639,0.529131,13509.688477
55,0.474522,0.524994,13759.244141
56,0.446725,0.525540,14008.813477
57,0.426728,0.524629,14258.393555
58,0.407736,0.523334,14507.926758
59,0.424204,0.527296,14757.481445
60,0.458139,0.526639,15007.048828
61,0.478823,0.533235,15256.646484
62,0.497944,0.569313,15506.196289
63,0.513581,0.691632,15755.775391
64,0.531592,0.806973,16005.311523
65,0.586925,0.863773,16254.877930
66,0.621714,0.866215,16504.464844
67,0.609614,0.864013,16754.029297
68,0.627154,0.862840,17003.589844
69,0.635563,0.860866,17253.158203
70,0.624297,0.858025,17502.718750
71,0.618109,0.858118,17752.269531
72,0.613528,0.857920,18001.839844
73,0.646397,0.842851,18251.386719
74,0.712392,0.782172,18500.984375
75,0.741089,0.728738,18750.505859
76,0.758486,0.644266,19000.128906
77,0.794294,0.606426,19266.281250
78,0.850989,0.600050,19515.841797
79,0.914397,0.611454,19765.410156
80,0.947205,0.624869,20014.988281
81,0.971621,0.636995,20264.533203
82,0.970153,0.632699,20514.126953
83,0.932357,0.626084,20763.701172
84,0.882976,0.596940,21013.240234
85,0.851869,0.542389,21262.808594
86,0.829646,0.448889,21512.375000
87,0.797800,0.407571,21761.925781
88,0.762604,0.397253,22011.482422
89,0.695013,0.375621,22261.039062
90,0.646448,0.356878,22510.601562
91,0.618917,0.358176,22760.164062
92,0.594783,0.417157,23009.773438
93,0.582099,0.477926,23259.386719
94,0.589266,0.503034,23508.865234
95,0.604980,0.515165,23758.429688
96,0.614488,0.523982,24008.015625
97,0.625048,0.530111,24257.550781
98,0.638682,0.535511,24507.152344
99,0.657109,0.537162,24756.689453
0,0.749996,0.510847,-0.014409
1,0.749940,0.510970,266.217102
2,0.749958,0.511048,515.775513
3,0.749882,0.511264,765.409607
4,0.749870,0.511480,1014.908203
5,0.750241,0.510241,1264.479248
6,0.755307,0.487056,1513.995117
7,0.765499,0.455807,1763.597534
8,0.775654,0.432749,2013.149292
9,0.787079,0.427889,2262.673096
10,0.797410,0.427694,2512.267334
11,0.812076,0.441177,2761.915771
12,0.825502,0.455816,3011.449219
13,0.831184,0.457868,3260.969482
14,0.838792,0.458405,3510.579590
15,0.852443,0.457768,3760.125488
16,0.868919,0.451205,4009.710938
17,0.880357,0.448053,4259.220215
18,0.897304,0.451126,4508.804688
19,0.908288,0.451579,4758.386230
20,0.912861,0.451498,5007.876953
21,0.924265,0.445213,5257.566406
22,0.939684,0.448463,5507.032227
23,0.962479,0.450112,5756.634277
24,0.985671,0.450530,6006.164551
25,0.009421,0.448046,6255.817383
26,0.011696,0.446834,6505.326660
27,0.022918,0.450661,6754.844727
28,0.037802,0.453492,7004.452637
29,0.056620,0.449677,7253.996094
30,0.081444,0.447641,7503.612305
31,0.105179,0.444963,7753.089355
32,0.128733,0.448542,8002.750000
33,0.140389,0.446336,8252.298828
34,0.144875,0.443266,8501.773438
35,0.156153,0.443225,8751.423828
36,0.165679,0.446618,9000.931641
37,0.174418,0.446932,9250.512695
38,0.173426,0.445804,9500.020508
39,0.171950,0.449458,9766.276367
40,0.172998,0.453525,10015.880859
41,0.175396,0.456934,10265.409180
42,0.178650,0.458546,10514.952148
43,0.177808,0.457510,10764.541016
44,0.181697,0.458455,11014.093750
45,0.191217,0.462094,11263.732422
46,0.200044,0.463565,11513.173828
47,0.209247,0.463222,11762.837891
48,0.218817,0.464311,12012.303711
49,0.234453,0.466798,12261.883789
50,0.245882,0.463221,12511.491211
51,0.248485,0.463244,12761.029297
52,0.256112,0.470338,13010.583984
53,0.257146,0.468549,13260.130859
54,0.257249,0.467959,13509.730469
55,0.266981,0.469979,13759.260742
56,0.281954,0.470651,14008.842773
57,0.296840,0.468888,14258.381836
58,0.313503,0.469713,14507.983398
59,0.328467,0.470449,14757.546875
60,0.346754,0.472131,15007.099609
61,0.362799,0.472719,15256.663086
62,0.366680,0.474845,15506.219727
63,0.365306,0.478030,15755.799805
64,0.360980,0.480921,16005.332031
65,0.353692,0.482206,16254.916992
66,0.343156,0.480051,16504.496094
67,0.330521,0.475963,16754.052734
68,0.333178,0.479852,17003.599609
69,0.343054,0.479396,17253.191406
70,0.359807,0.475046,17502.755859
71,0.380724,0.474532,17752.283203
72,0.403354,0.470448,18001.873047
73,0.417691,0.471213,18251.402344
74,0.429868,0.472558,18501.000000
75,0.437950,0.473391,18750.531250
76,0.443710,0.473565,19000.128906
77,0.449674,0.473475,19266.306641
78,0.449928,0.473665,19515.871094
79,0.448361,0.474329,19765.451172
80,0.447650,0.475383,20015.025391
81,0.446188,0.476631,20264.564453
82,0.440274,0.478862,20514.132812
83,0.428429,0.480107,20763.697266
84,0.411599,0.481221,21013.287109
85,0.391950,0.481650,21262.830078
86,0.371334,0.481709,21512.376953
87,0.354065,0.482106,21761.960938
88,0.341237,0.483906,22011.546875
89,0.331131,0.483896,22261.101562
90,0.317075,0.483135,22510.644531
91,0.301336,0.481065,22760.220703
92,0.295904,0.480278,23009.769531
93,0.282323,0.479163,23259.320312
94,0.270614,0.478853,23508.906250
95,0.262384,0.478383,23758.500000
96,0.255889,0.476096,24008.046875
97,0.250380,0.474611,24257.582031
98,0.236628,0.480132,24507.142578
99,0.227964,0.478368,24756.718750
0,0.750104,0.503558,0.008287
1,0.749761,0.504356,266.220428
2,0.749699,0.507814,515.717285
3,0.748159,0.519739,765.358398
4,0.741258,0.586634,1014.859070
5,0.719673,0.673154,1264.462036
6,0.677003,0.720763,1513.972412
7,0.662245,0.769080,1763.588257
8,0.663161,0.809645,2013.137939
9,0.647949,0.833902,2262.698730
10,0.622505,0.844698,2512.342285
11,0.570635,0.839794,2761.874023
12,0.564102,0.846783,3011.426758
13,0.574573,0.862131,3260.932373
14,0.597054,0.881399,3510.572021
15,0.656050,0.899889,3760.043945
16,0.680724,0.903674,4009.662842
17,0.660631,0.892615,4259.212402
18,0.580300,0.847966,4508.817383
19,0.549334,0.784886,4758.333984
20,0.548019,0.703170,5007.896484
21,0.547895,0.572547,5257.491211
22,0.551462,0.499983,5506.991699
23,0.559805,0.444923,5756.554688
24,0.565518,0.410373,6006.198730
25,0.562691,0.417060,6255.787598
26,0.523693,0.472936,6505.292480
27,0.493248,0.488768,6754.852051
28,0.488077,0.489202,7004.490723
29,0.582149,0.471577,7254.020996
30,0.719266,0.445001,7503.505859
31,0.783756,0.429062,7753.088379
32,0.807461,0.395518,8002.722168
33,0.835141,0.381786,8252.257812
34,0.866461,0.409315,8501.757812
35,0.879654,0.489571,8751.429688
36,0.896102,0.519097,9000.940430
37,0.923244,0.520078,9250.483398
38,0.950778,0.522834,9500.075195
39,0.966971,0.521332,9766.212891
40,0.983840,0.523021,10015.901367
41,0.002610,0.525839,10265.403320
42,0.034533,0.528201,10514.926758
43,0.079302,0.536259,10764.534180
44,0.100482,0.541648,11014.114258
45,0.127011,0.538864,11263.671875
46,0.160623,0.534645,11513.210938
47,0.188710,0.521558,11762.830078
48,0.205111,0.508126,12012.382812
49,0.206980,0.502548,12261.869141
50,0.217645,0.507434,12511.477539
51,0.234697,0.515966,12761.045898
52,0.262002,0.511110,13010.616211
53,0.288181,0.503712,13260.126953
54,0.306760,0.500070,13509.774414
55,0.321644,0.497038,13759.277344
56,0.339191,0.497572,14008.836914
57,0.355724,0.499649,14258.381836
58,0.359211,0.498910,14507.991211
59,0.356923,0.497331,14757.513672
60,0.352812,0.496878,15007.073242
61,0.350909,0.504259,15256.625000
62,0.348213,0.507043,15506.243164
63,0.342638,0.503540,15755.746094
64,0.327134,0.495968,16005.339844
65,0.299887,0.487685,16254.943359
66,0.258638,0.480910,16504.515625
67,0.218498,0.486132,16754.060547
68,0.182542,0.492047,17003.628906
69,0.156985,0.491988,17253.169922
70,0.121291,0.505419,17502.697266
71,0.091283,0.509506,17752.333984
72,0.066079,0.511976,18001.923828
73,0.034099,0.513795,18251.425781
74,0.001873,0.514666,18501.007812
75,0.976636,0.513638,18750.562500
76,0.961312,0.512039,19000.115234
77,0.943264,0.488479,19266.302734
78,0.919942,0.439788,19515.861328
79,0.885231,0.378888,19765.484375
80,0.848954,0.355655,20015.082031
81,0.830275,0.348465,20264.597656
82,0.822545,0.395879,20514.111328
83,0.814731,0.442496,20763.697266
84,0.804543,0.449167,21013.285156
85,0.791154,0.457503,21262.802734
86,0.775091,0.455683,21512.457031
87,0.754857,0.469448,21761.994141
88,0.711400,0.482635,22011.554688
89,0.649792,0.478599,22261.066406
90,0.591900,0.481351,22510.689453
91,0.557655,0.473608,22760.197266
92,0.548543,0.430195,23009.744141
93,0.561635,0.379528,23259.316406
94,0.569038,0.330062,23508.904297
95,0.551234,0.305304,23758.509766
96,0.519011,0.300461,24008.007812
97,0.475636,0.337910,24257.632812
98,0.458808,0.366137,24507.128906
99,0.457774,0.406026,24756.697266
0,0.750002,0.524978,-0.097669
1,0.749616,0.524834,266.071686
2,0.749924,0.501440,515.605774
3,0.754809,0.404285,765.198486
4,0.764419,0.353178,1014.765442
5,0.800165,0.390359,1264.321533
6,0.886280,0.470398,1513.926514
7,0.914803,0.488629,1763.478271
8,0.918994,0.498320,2013.018799
9,0.911858,0.503310,2262.557617
10,0.908032,0.538606,2512.237061
11,0.914799,0.621025,2761.677002
12,0.889974,0.783954,3011.245850
13,0.783589,0.848913,3260.869629
14,0.660660,0.852693,3510.430664
15,0.581153,0.804341,3760.024170
16,0.565245,0.802340,4009.541260
17,0.543836,0.800555,4259.149414
18,0.522374,0.830181,4508.635742
19,0.483863,0.851775,4758.201172
20,0.466750,0.855968,5007.776855
21,0.466250,0.826445,5257.338867
22,0.463920,0.679262,5506.938477
23,0.462941,0.577480,5756.479980
24,0.469127,0.555005,6006.063965
25,0.445090,0.535561,6255.604980
26,0.444053,0.551369,6505.171387
27,0.461676,0.572312,6754.764648
28,0.497897,0.617606,7004.309570
29,0.580547,0.643153,7253.891113
30,0.625577,0.600904,7503.430664
31,0.631041,0.557261,7753.060059
32,0.608263,0.489392,8002.546387
33,0.567597,0.406040,8252.129883
34,0.485582,0.301158,8501.706055
35,0.388265,0.229699,8751.253906
36,0.350292,0.216412,9000.862305
37,0.349819,0.185290,9250.338867
38,0.368657,0.120294,9516.550781
39,0.289090,0.166528,9766.121094
40,0.263546,0.206320,10015.699219
41,0.261172,0.231304,10265.248047
42,0.258142,0.254841,10514.884766
43,0.237833,0.320085,10764.454102
44,0.215775,0.367764,11030.599609
45,0.196984,0.409072,11263.480469
46,0.185464,0.435892,11513.101562
47,0.196342,0.447914,11762.629883
48,0.214124,0.452711,12012.182617
49,0.205862,0.471049,12261.783203
50,0.176392,0.478110,12511.362305
51,0.165068,0.471036,12760.900391
52,0.168472,0.461040,13010.473633
53,0.170288,0.458586,13260.054688
54,0.169994,0.458820,13509.662109
55,0.135483,0.473326,13759.125000
56,0.095931,0.499091,14008.724609
57,0.074382,0.515727,14258.244141
58,0.065786,0.526679,14507.831055
59,0.083829,0.520245,14757.379883
60,0.144219,0.496034,15007.062500
61,0.231195,0.470358,15256.534180
62,0.297627,0.457154,15506.062500
63,0.352491,0.444765,15755.685547
64,0.388491,0.390198,16005.208008
65,0.382199,0.347789,16254.794922
66,0.348636,0.357417,16504.322266
67,0.421961,0.357091,16753.953125
68,0.498572,0.382199,17003.445312
69,0.564154,0.357986,17253.078125
70,0.642301,0.320384,17502.619141
71,0.727173,0.330396,17752.207031
72,0.805019,0.370136,18001.744141
73,0.838439,0.410580,18251.281250
74,0.856977,0.438902,18500.880859
75,0.868592,0.453514,18750.400391
76,0.887794,0.453642,19000.013672
77,0.906938,0.463770,19266.199219
78,0.921934,0.472897,19515.759766
79,0.936303,0.478103,19765.375000
80,0.967576,0.483092,20014.916016
81,0.996651,0.492244,20264.421875
82,0.010121,0.487928,20514.039062
83,0.039265,0.490170,20763.572266
84,0.070846,0.509267,21013.224609
85,0.094893,0.520501,21262.751953
86,0.106927,0.514002,21512.363281
87,0.111253,0.513383,21761.839844
88,0.111265,0.518771,22011.367188
89,0.125983,0.526690,22260.990234
90,0.148943,0.547262,22510.488281
91,0.165505,0.560081,22760.154297
92,0.165428,0.555071,23009.623047
93,0.156089,0.539671,23259.267578
94,0.140211,0.519262,23508.748047
95,0.126355,0.507324,23758.357422
96,0.118409,0.506389,24007.972656
97,0.117609,0.512588,24257.517578
98,0.117861,0.515116,24507.064453
99,0.115260,0.512832,24756.566406
0,0.750081,0.494689,-0.010141
1,0.750040,0.494661,266.187927
2,0.750044,0.494586,515.809387
3,0.749986,0.494572,765.352295
4,0.750006,0.494501,1014.901062
5,0.750084,0.494399,1264.431641
6,0.750048,0.494223,1513.999756
7,0.750074,0.494245,1763.548218
8,0.750079,0.492670,2013.128662
9,0.750099,0.483036,2262.741211
10,0.751872,0.459955,2512.263428
11,0.752979,0.430974,2761.827637
12,0.755185,0.399837,3011.390381
13,0.756699,0.363547,3260.949219
14,0.757708,0.337334,3510.500488
15,0.754851,0.334045,3760.075195
16,0.750226,0.337728,4009.637695
17,0.750148,0.336936,4259.212402
18,0.751336,0.336590,4508.763672
19,0.753262,0.337599,4758.322754
20,0.758549,0.338101,5007.904297
21,0.768415,0.340631,5257.449219
22,0.781948,0.341304,5507.016113
23,0.792953,0.342902,5756.643555
24,0.802284,0.349269,6006.142578
25,0.812178,0.360179,6255.728516
26,0.819973,0.368496,6505.292480
27,0.829792,0.379494,6754.849121
28,0.836962,0.396083,7004.414551
29,0.842044,0.411049,7253.982422
30,0.847460,0.425409,7503.537598
31,0.852871,0.439998,7753.101074
32,0.860626,0.453570,8002.661621
33,0.868437,0.465706,8252.227539
34,0.875251,0.472674,8501.793945
35,0.883057,0.478963,8751.345703
36,0.885455,0.485801,9000.926758
37,0.882238,0.488600,9250.482422
38,0.878144,0.488762,9500.048828
39,0.872597,0.488701,9766.233398
40,0.866929,0.487205,10015.819336
41,0.859968,0.484686,10265.389648
42,0.854061,0.486081,10514.934570
43,0.848789,0.486962,10764.500000
44,0.844102,0.486186,11014.055664
45,0.840103,0.484759,11263.627930
46,0.834790,0.483939,11513.190430
47,0.828569,0.484181,11762.747070
48,0.822226,0.487604,12012.317383
49,0.814258,0.493755,12261.885742
50,0.803306,0.499063,12511.453125
51,0.790329,0.513342,12761.018555
52,0.771135,0.532563,13010.576172
53,0.754641,0.544694,13260.138672
54,0.742886,0.546233,13509.699219
55,0.732793,0.547528,13759.283203
56,0.720232,0.543793,14008.821289
57,0.707219,0.539508,14258.402344
58,0.690473,0.526742,14507.965820
59,0.672612,0.506979,14757.543945
60,0.654442,0.484191,15007.089844
61,0.635724,0.457583,15256.662109
62,0.622804,0.445989,15506.218750
63,0.608754,0.445915,15755.772461
64,0.591320,0.451686,16005.352539
65,0.581038,0.456432,16254.901367
66,0.576016,0.457514,16504.468750
67,0.571858,0.459598,16754.039062
68,0.566783,0.464803,17003.628906
69,0.562873,0.469968,17253.167969
70,0.561489,0.471821,17502.724609
71,0.561540,0.469335,17752.283203
72,0.563421,0.457921,18001.847656
73,0.565358,0.443656,18251.439453
74,0.566339,0.436637,18500.986328
75,0.566488,0.436838,18750.544922
76,0.567091,0.433591,19000.109375
77,0.570958,0.422307,19266.300781
78,0.576902,0.409687,19515.865234
79,0.579889,0.404441,19765.429688
80,0.584496,0.396890,20015.005859
81,0.590567,0.386129,20264.564453
82,0.598532,0.373126,20514.146484
83,0.605671,0.364713,20763.691406
84,0.612921,0.361794,21013.250000
85,0.622444,0.361167,21262.818359
86,0.629294,0.362118,21512.398438
87,0.634052,0.365060,21761.953125
88,0.639130,0.366149,22011.527344
89,0.645046,0.362974,22261.078125
90,0.650970,0.360376,22510.638672
91,0.653883,0.360553,22760.214844
92,0.656896,0.363056,23009.771484
93,0.663388,0.364345,23259.337891
94,0.669024,0.367260,23508.906250
95,0.672048,0.373304,23758.457031
96,0.674633,0.378573,24008.037109
97,0.676177,0.382810,24257.583984
98,0.678095,0.387905,24507.160156
99,0.679718,0.392088,24756.730469
0,0.750253,0.554305,-0.026027
1,0.750106,0.554481,266.166779
2,0.752677,0.553943,515.723755
3,0.762841,0.529841,765.267822
4,0.777124,0.484305,1014.868164
5,0.786182,0.435638,1264.424805
6,0.789354,0.420718,1513.957397
7,0.796700,0.415362,1763.587769
8,0.802277,0.418353,2013.142090
9,0.811788,0.428461,2262.665771
10,0.831295,0.453797,2512.252441
11,0.853485,0.478664,2761.791016
12,0.868497,0.492949,3011.354004
13,0.884042,0.505091,3260.908447
14,0.902533,0.516792,3510.503662
15,0.920851,0.527552,3760.080322
16,0.934394,0.534860,4009.648438
17,0.946695,0.535697,4259.191895
18,0.967489,0.533935,4508.771973
19,0.985704,0.532639,4758.316895
20,0.999470,0.532118,5007.856934
21,0.019496,0.532259,5257.439941
22,0.045915,0.533154,5507.015137
23,0.070190,0.535524,5756.580078
24,0.095627,0.540814,6006.147949
25,0.118549,0.547915,6255.729980
26,0.138569,0.551927,6505.282715
27,0.156596,0.549815,6754.822754
28,0.160435,0.551954,7004.416016
29,0.158732,0.576804,7253.937012
30,0.142568,0.635971,7503.507324
31,0.116213,0.693804,7753.067871
32,0.103747,0.747805,8002.653320
33,0.093814,0.761864,8252.180664
34,0.077005,0.755211,8501.756836
35,0.054604,0.746721,8751.337891
36,0.036109,0.732274,9000.922852
37,0.020205,0.711970,9250.477539
38,0.998241,0.684981,9500.015625
39,0.977251,0.656816,9766.218750
40,0.957868,0.626172,10015.818359
41,0.938264,0.606618,10265.388672
42,0.921144,0.586969,10514.892578
43,0.913527,0.578699,10764.505859
44,0.900298,0.571738,11014.052734
45,0.883220,0.561594,11263.588867
46,0.868754,0.556138,11513.162109
47,0.855669,0.550731,11762.735352
48,0.835800,0.542215,12012.287109
49,0.810662,0.537076,12261.859375
50,0.782432,0.537697,12511.407227
51,0.752392,0.543135,12760.997070
52,0.726715,0.543161,13010.571289
53,0.707242,0.530685,13260.109375
54,0.670634,0.508884,13509.699219
55,0.656713,0.503303,13759.245117
56,0.644106,0.504024,14008.807617
57,0.629386,0.501923,14258.364258
58,0.614734,0.501733,14507.946289
59,0.599431,0.501526,14757.499023
60,0.578038,0.499142,15007.101562
61,0.546254,0.498752,15256.646484
62,0.520501,0.504190,15506.202148
63,0.503592,0.505079,15755.736328
64,0.492286,0.507486,16005.293945
65,0.485988,0.510070,16254.911133
66,0.476115,0.511371,16504.427734
67,0.464092,0.514126,16754.013672
68,0.450946,0.514957,17003.564453
69,0.435922,0.516390,17253.160156
70,0.422307,0.521199,17502.687500
71,0.402022,0.525652,17752.289062
72,0.371357,0.530687,18001.869141
73,0.354494,0.531697,18251.410156
74,0.343798,0.533679,18500.960938
75,0.339753,0.535262,18750.527344
76,0.339162,0.534743,19000.109375
77,0.342818,0.530934,19266.296875
78,0.341140,0.525679,19515.871094
79,0.355746,0.486152,19765.419922
80,0.370765,0.447050,20015.015625
81,0.390363,0.417018,20264.529297
82,0.402134,0.415921,20514.083984
83,0.410893,0.420543,20763.654297
84,0.417194,0.421516,21013.214844
85,0.419612,0.431554,21262.775391
86,0.426008,0.441919,21512.394531
87,0.431390,0.450893,21761.957031
88,0.435329,0.458719,22011.519531
89,0.439321,0.464891,22261.035156
90,0.442462,0.469958,22510.613281
91,0.447313,0.473552,22760.185547
92,0.454874,0.477962,23009.722656
93,0.464294,0.481748,23259.306641
94,0.473187,0.485566,23508.855469
95,0.485974,0.488575,23758.472656
96,0.511312,0.477620,24008.021484
97,0.543098,0.487771,24257.574219
98,0.572523,0.495760,24507.160156
99,0.615355,0.502358,24756.714844
0,0.749098,0.475106,0.028651
1,0.748112,0.475552,266.260468
2,0.746474,0.480652,515.756714
3,0.748881,0.491303,765.370544
4,0.758006,0.517505,1014.878235
5,0.774114,0.545224,1264.488892
6,0.805408,0.566034,1513.994263
7,0.859570,0.579313,1763.674927
8,0.892781,0.568796,2013.189697
9,0.911432,0.555328,2262.721680
10,0.914615,0.536439,2512.362061
11,0.904313,0.479075,2761.891846
12,0.892123,0.418560,3011.500000
13,0.886867,0.376897,3260.944336
14,0.875824,0.341538,3510.604736
15,0.859156,0.309265,3760.134521
16,0.845478,0.290921,4009.674316
17,0.819478,0.256854,4259.249512
18,0.798057,0.234055,4508.879395
19,0.776137,0.217406,4758.406738
20,0.742849,0.199923,5007.935547
21,0.716064,0.189634,5257.485352
22,0.683069,0.189116,5507.030273
23,0.628760,0.219079,5756.609375
24,0.566406,0.305624,6006.148926
25,0.539365,0.367323,6255.747070
26,0.526554,0.406356,6505.277832
27,0.488727,0.461071,6754.874512
28,0.460102,0.495828,7004.453125
29,0.453738,0.509523,7254.016602
30,0.454610,0.510682,7503.583496
31,0.465252,0.537313,7753.106934
32,0.484234,0.602773,8002.692383
33,0.490428,0.622675,8252.230469
34,0.500750,0.632351,8501.834961
35,0.512835,0.689412,8751.371094
36,0.516182,0.755557,9000.977539
37,0.499983,0.782584,9250.500977
38,0.481530,0.799627,9500.073242
39,0.482765,0.812975,9766.242188
40,0.471719,0.811775,10015.840820
41,0.445467,0.830112,10265.387695
42,0.477702,0.882827,10514.944336
43,0.567879,0.906704,10764.510742
44,0.684697,0.909519,11014.083008
45,0.728983,0.928759,11263.628906
46,0.700811,0.972234,11513.207031
47,0.709028,0.943489,11762.774414
48,0.679932,0.906938,12012.340820
49,0.639179,0.886327,12261.891602
50,0.595226,0.891169,12511.455078
51,0.555093,0.912037,12761.024414
52,0.460123,0.925070,13010.580078
53,0.396937,0.924136,13260.152344
54,0.370238,0.927889,13509.724609
55,0.382591,0.930737,13759.285156
56,0.411987,0.929127,14008.833008
57,0.422678,0.926446,14258.407227
58,0.436064,0.919689,14508.000977
59,0.458905,0.911876,14757.530273
60,0.467122,0.908993,15007.098633
61,0.460748,0.905577,15256.662109
62,0.463557,0.906073,15506.255859
63,0.466319,0.906374,15755.823242
64,0.468585,0.908491,16005.372070
65,0.470068,0.910527,16254.940430
66,0.469423,0.911691,16504.490234
67,0.475322,0.911455,16754.068359
68,0.496957,0.905157,17003.611328
69,0.534968,0.900823,17253.199219
70,0.543399,0.912493,17502.740234
71,0.585489,0.904267,17752.316406
72,0.657946,0.897865,18001.882812
73,0.721840,0.891668,18251.441406
74,0.798088,0.857585,18501.007812
75,0.844206,0.826218,18750.562500
76,0.871475,0.818289,19000.132812
77,0.916591,0.785324,19266.339844
78,0.978451,0.738125,19515.876953
79,0.030803,0.699948,19765.453125
80,0.045509,0.681031,20015.031250
81,0.049691,0.664166,20264.578125
82,0.051894,0.665382,20514.130859
83,0.046533,0.644262,20763.695312
84,0.049828,0.612347,21029.908203
85,0.051898,0.574827,21262.843750
86,0.029775,0.562155,21512.419922
87,0.985205,0.559542,21761.955078
88,0.955633,0.548224,22011.531250
89,0.983228,0.537227,22261.111328
90,0.090786,0.537159,22510.691406
91,0.142372,0.535807,22760.242188
92,0.167187,0.532376,23009.812500
93,0.180997,0.526278,23259.333984
94,0.192446,0.530559,23508.912109
95,0.197309,0.527708,23758.523438
96,0.202235,0.518605,24008.039062
97,0.210306,0.503731,24257.648438
98,0.209831,0.490706,24507.183594
99,0.205460,0.490390,24756.720703
0,0.749988,0.481004,0.031211
1,0.750276,0.481381,266.253632
2,0.768804,0.462405,515.785950
3,0.828368,0.409382,765.434692
4,0.847837,0.372314,1014.915405
5,0.860071,0.349338,1264.532227
6,0.860544,0.322065,1514.070679
7,0.860496,0.295065,1763.618286
8,0.843795,0.271642,2013.198364
9,0.758743,0.250412,2262.740723
10,0.684201,0.257621,2512.390625
11,0.641451,0.279533,2761.853516
12,0.608526,0.303749,3028.105957
13,0.578076,0.330414,3261.034912
14,0.559089,0.350275,3510.592773
15,0.555668,0.361053,3760.166016
16,0.557639,0.359115,4009.695068
17,0.559618,0.352581,4259.329102
18,0.583855,0.335495,4508.800781
19,0.612550,0.312350,4758.459473
20,0.665772,0.303313,5007.931152
21,0.734315,0.345947,5257.553711
22,0.788377,0.399373,5507.126465
23,0.844798,0.420644,5756.646973
24,0.910872,0.435185,6006.211914
25,0.961155,0.446533,6255.817383
26,0.003073,0.471401,6505.349609
27,0.026149,0.498735,6754.870605
28,0.049699,0.507499,7004.497559
29,0.063531,0.499217,7254.004395
30,0.050955,0.490500,7503.578125
31,0.948395,0.470180,7753.123535
32,0.858563,0.462968,8002.803223
33,0.784715,0.453614,8252.319336
34,0.701789,0.459391,8501.909180
35,0.609924,0.459666,8751.455078
36,0.527265,0.460588,9000.976562
37,0.455073,0.464301,9250.528320
38,0.443042,0.463411,9500.069336
39,0.489406,0.458360,9766.363281
40,0.505465,0.452784,10015.899414
41,0.451975,0.435098,10265.450195
42,0.375671,0.415454,10514.998047
43,0.329872,0.421018,10764.643555
44,0.282834,0.438776,11014.097656
45,0.240577,0.452618,11263.708984
46,0.211622,0.465026,11513.323242
47,0.192026,0.478085,11762.841797
48,0.186662,0.490168,12012.417969
49,0.192389,0.492904,12261.923828
50,0.205551,0.479385,12511.570312
51,0.219343,0.441730,12761.062500
52,0.228951,0.415397,13010.642578
53,0.250195,0.378897,13260.198242
54,0.268110,0.329151,13509.807617
55,0.272391,0.281326,13759.359375
56,0.273565,0.246863,14008.872070
57,0.282131,0.209252,14258.476562
58,0.289561,0.188190,14508.011719
59,0.317796,0.169913,14757.556641
60,0.333368,0.128163,15007.188477
61,0.339922,0.112195,15256.733398
62,0.364060,0.134064,15506.323242
63,0.393927,0.218719,15755.842773
64,0.413699,0.306978,16005.417969
65,0.426393,0.366756,16254.944336
66,0.439825,0.404484,16504.507812
67,0.457419,0.416248,16754.107422
68,0.481094,0.405814,17003.710938
69,0.510000,0.399597,17253.228516
70,0.546312,0.400079,17502.796875
71,0.567557,0.395202,17752.431641
72,0.569602,0.383884,18001.939453
73,0.566219,0.366393,18251.457031
74,0.561959,0.344419,18501.039062
75,0.559293,0.326292,18750.580078
76,0.565069,0.315853,19000.189453
77,0.605269,0.319719,19266.451172
78,0.665831,0.339329,19515.906250
79,0.707403,0.359448,19765.476562
80,0.728227,0.379973,20015.087891
81,0.731241,0.387199,20264.601562
82,0.720629,0.375779,20514.201172
83,0.706694,0.359245,20763.738281
84,0.701177,0.354537,21013.351562
85,0.705429,0.354063,21262.894531
86,0.712331,0.343674,21512.476562
87,0.712127,0.342786,21762.070312
88,0.721837,0.345783,22011.566406
89,0.719752,0.347761,22261.160156
90,0.701083,0.341825,22510.753906
91,0.682324,0.351282,22760.273438
92,0.664878,0.347318,23009.796875
93,0.665227,0.343031,23259.384766
94,0.698529,0.348728,23508.974609
95,0.721359,0.360438,23758.529297
96,0.725311,0.360815,24008.080078
97,0.730651,0.360969,24257.625000
98,0.735281,0.361737,24507.228516
99,0.738843,0.362486,24756.771484
0,0.750144,0.560046,-0.000091
1,0.751364,0.559764,266.245483
2,0.750455,0.555262,515.762268
3,0.729103,0.516631,765.408691
4,0.667731,0.474645,1014.915527
5,0.616297,0.468854,1264.481567
6,0.572155,0.497593,1514.022339
7,0.553628,0.521512,1763.574707
8,0.544008,0.523340,2013.256226
9,0.541054,0.491931,2262.697754
10,0.545149,0.465464,2512.298340
11,0.556548,0.441809,2761.861328
12,0.569661,0.368658,3011.398438
13,0.569163,0.350560,3260.992676
14,0.552290,0.487327,3510.530273
15,0.521895,0.599535,3760.131348
16,0.484787,0.673162,4009.689697
17,0.464059,0.694204,4259.310059
18,0.450519,0.724782,4508.763672
19,0.432759,0.729789,4758.351074
20,0.410622,0.650758,5007.988281
21,0.392657,0.593860,5257.505371
22,0.390684,0.569794,5507.068848
23,0.415061,0.549650,5756.617188
24,0.424244,0.534874,6006.258789
25,0.381150,0.528765,6255.713867
26,0.315386,0.531832,6505.285156
27,0.279166,0.533499,6754.840332
28,0.245072,0.543503,7004.468262
29,0.212962,0.545696,7254.030273
30,0.193886,0.541754,7503.540527
31,0.186678,0.526442,7753.199707
32,0.181114,0.520647,8002.703613
33,0.171263,0.526996,8252.235352
34,0.158506,0.534752,8501.784180
35,0.163459,0.540431,8751.414062
36,0.166189,0.540697,9000.955078
37,0.191367,0.543077,9250.500977
38,0.218948,0.544340,9500.036133
39,0.179934,0.551019,9766.369141
40,0.122017,0.558048,10015.817383
41,0.091537,0.563035,10265.369141
42,0.059858,0.562840,10514.933594
43,0.034879,0.558011,10764.542969
44,0.010413,0.551620,11014.061523
45,0.992009,0.540575,11263.643555
46,0.971307,0.539190,11513.293945
47,0.945626,0.542988,11762.806641
48,0.920996,0.543330,12012.323242
49,0.895917,0.530037,12261.900391
50,0.878596,0.462551,12511.527344
51,0.871134,0.390383,12761.037109
52,0.871996,0.315996,13010.606445
53,0.862183,0.249158,13260.156250
54,0.837140,0.231053,13509.737305
55,0.813900,0.219681,13759.286133
56,0.797923,0.165550,14008.907227
57,0.793918,0.136988,14258.399414
58,0.782888,0.122041,14508.013672
59,0.761704,0.119040,14757.531250
60,0.735358,0.126172,15007.154297
61,0.704717,0.135173,15256.666016
62,0.735952,0.145525,15506.211914
63,0.764368,0.202668,15755.830078
64,0.800023,0.291347,16005.419922
65,0.811163,0.391630,16254.957031
66,0.819074,0.461469,16504.472656
67,0.832692,0.498424,16754.080078
68,0.848494,0.520388,17003.650391
69,0.870156,0.522087,17253.193359
70,0.894268,0.502580,17502.767578
71,0.939447,0.425338,17752.351562
72,0.017127,0.375537,18018.595703
73,0.046799,0.364708,18251.429688
74,0.059051,0.375205,18501.052734
75,0.070489,0.363300,18750.642578
76,0.070362,0.314186,19000.220703
77,0.075824,0.264749,19266.326172
78,0.093371,0.220719,19515.919922
79,0.134634,0.198394,19765.441406
80,0.170766,0.191591,20015.031250
81,0.208586,0.188079,20264.617188
82,0.239152,0.185058,20514.195312
83,0.265912,0.180140,20763.769531
84,0.292125,0.174534,21013.335938
85,0.319120,0.170178,21262.859375
86,0.346098,0.168261,21512.431641
87,0.371728,0.166595,21761.976562
88,0.398139,0.164158,22011.507812
89,0.424021,0.162261,22261.171875
90,0.447400,0.161983,22510.712891
91,0.470737,0.161541,22760.238281
92,0.493546,0.162025,23009.816406
93,0.515467,0.163527,23259.347656
94,0.535253,0.165660,23508.958984
95,0.554360,0.169461,23758.462891
96,0.565553,0.201446,24008.175781
97,0.556236,0.317855,24257.673828
98,0.544937,0.468300,24507.261719
99,0.537577,0.517566,24756.748047
