Idx, longitude, latitude, start timestamp
0,0.750000,0.492791,-0.010968
1,0.749808,0.493728,282.793579
2,0.747218,0.499079,515.672791
3,0.726117,0.510434,765.173096
4,0.730408,0.542580,1014.821106
5,0.796014,0.577045,1264.492310
6,0.838644,0.578416,1513.925659
7,0.847740,0.581239,1763.598755
8,0.847969,0.580269,2013.014648
9,0.890721,0.522595,2262.717041
10,0.930391,0.459852,2512.219238
11,0.924771,0.372693,2761.752930
12,0.910195,0.267893,3011.251221
13,0.884276,0.190903,3260.885742
14,0.879955,0.159219,3510.443604
15,0.854045,0.183767,3760.073730
16,0.707126,0.347049,4009.515137
17,0.600230,0.496012,4259.183594
18,0.565755,0.537665,4508.791504
19,0.537377,0.544799,4758.270508
20,0.510045,0.539184,5007.876953
21,0.486063,0.535951,5274.002441
22,0.475853,0.573335,5506.993164
23,0.474648,0.631978,5756.541016
24,0.480276,0.709945,6006.159180
25,0.481709,0.716854,6255.618652
26,0.486782,0.712740,6505.215820
27,0.510551,0.695268,6754.720703
28,0.554416,0.655632,7004.297852
29,0.561815,0.627757,7253.959473
30,0.565964,0.613808,7503.418945
31,0.566573,0.608752,7753.102539
32,0.566882,0.606628,8002.624512
33,0.566372,0.605617,8252.218750
34,0.580204,0.591026,8501.685547
35,0.636071,0.543202,8751.272461
36,0.707709,0.522154,9000.840820
37,0.775640,0.492173,9250.387695
38,0.831555,0.512393,9516.574219
39,0.881373,0.532116,9766.190430
40,0.945098,0.502945,10015.791016
41,0.011362,0.474645,10265.316406
42,0.071982,0.444578,10514.919922
43,0.104974,0.423474,10764.358398
44,0.127269,0.415808,11014.036133
45,0.141258,0.417270,11263.500000
46,0.146819,0.420835,11513.108398
47,0.144847,0.424839,11762.591797
48,0.140082,0.430462,12012.266602
49,0.129512,0.428437,12261.729492
50,0.117530,0.425655,12511.386719
51,0.106524,0.425969,12777.573242
52,0.105238,0.431848,13010.475586
53,0.104886,0.436300,13260.106445
54,0.106369,0.439683,13509.555664
55,0.106863,0.440972,13775.817383
56,0.106745,0.442831,14008.682617
57,0.106609,0.445397,14274.956055
58,0.106306,0.447478,14524.458984
59,0.105755,0.447944,14774.047852
60,0.105283,0.448639,15023.540039
61,0.105696,0.449913,15273.209961
62,0.106087,0.451566,15522.787109
63,0.099335,0.454426,15772.340820
64,0.075236,0.458852,16005.325195
65,0.057740,0.448007,16271.426758
66,0.051440,0.429563,16537.625000
67,0.035654,0.412754,16770.554688
68,0.972142,0.371711,17020.160156
69,0.927162,0.339487,17269.634766
70,0.873654,0.294391,17519.289062
71,0.826688,0.242907,17768.730469
72,0.788179,0.200481,18018.423828
73,0.792927,0.182741,18267.841797
74,0.800639,0.182010,18500.839844
75,0.800607,0.188239,18750.380859
76,0.812084,0.208324,19033.210938
77,0.857817,0.258815,19282.849609
78,0.885145,0.289909,19532.351562
79,0.884758,0.302568,19781.974609
80,0.878890,0.306049,20031.453125
81,0.836990,0.389385,20264.470703
82,0.770829,0.505455,20513.929688
83,0.745681,0.520401,20780.218750
84,0.755323,0.515499,21029.802734
85,0.765376,0.507787,21279.324219
86,0.765765,0.501230,21512.330078
87,0.770040,0.499618,21761.796875
88,0.776165,0.496214,22011.451172
89,0.785143,0.498152,22260.896484
90,0.787329,0.499599,22527.224609
91,0.788675,0.502186,22760.021484
92,0.791065,0.505541,23009.660156
93,0.791689,0.508335,23259.150391
94,0.790982,0.509128,23508.746094
95,0.790136,0.508215,23774.875000
96,0.789307,0.507859,24007.898438
97,0.787260,0.504104,24257.382812
98,0.782180,0.500579,24523.634766
99,0.771425,0.495038,24756.634766
0,0.750041,0.524702,0.013151
1,0.750374,0.526730,266.135284
2,0.750336,0.529166,515.754517
3,0.750591,0.530393,765.185425
4,0.750579,0.531496,1014.862244
5,0.750397,0.533070,1264.565796
6,0.747961,0.535799,1513.936890
7,0.711370,0.533542,1763.607910
8,0.652744,0.513733,2013.135620
9,0.631520,0.511779,2262.668457
10,0.599903,0.516161,2512.184814
11,0.564907,0.526501,2761.822510
12,0.550671,0.541394,3011.287354
13,0.544718,0.554453,3260.968994
14,0.527711,0.584801,3593.647705
15,0.503911,0.629414,3826.521240
16,0.484575,0.666748,4076.172607
17,0.458591,0.693496,4325.639160
18,0.427259,0.715877,4575.293945
19,0.396697,0.728031,4824.930664
20,0.366024,0.732456,5057.748535
21,0.357977,0.746500,5307.416016
22,0.362283,0.757661,5573.534668
23,0.365693,0.760557,5823.110840
24,0.364605,0.769582,6072.626465
25,0.378684,0.774615,6305.651367
26,0.436092,0.798493,6555.104004
27,0.533743,0.851028,6804.729980
28,0.673747,0.896309,7037.642578
29,0.767719,0.888115,7303.849121
30,0.855775,0.805215,7536.731934
31,0.914297,0.682795,7786.378906
32,0.943438,0.595311,8019.229980
33,0.976087,0.546829,8268.836914
34,0.017366,0.529279,8518.378906
35,0.039462,0.519091,8751.362305
36,0.043785,0.525456,9000.831055
37,0.056737,0.532909,9250.443359
38,0.088139,0.541718,9516.567383
39,0.106796,0.553645,9766.211914
40,0.109109,0.559959,10015.824219
41,0.105498,0.563806,10298.583008
42,0.098970,0.555592,10514.938477
43,0.093596,0.529357,10797.723633
44,0.087991,0.503961,11030.698242
45,0.057717,0.478906,11280.216797
46,0.007040,0.448995,11513.170898
47,0.965533,0.390969,11762.725586
48,0.943786,0.343263,12012.332031
49,0.932082,0.298798,12261.842773
50,0.939125,0.258747,12528.045898
51,0.943514,0.237912,12760.912109
52,0.940788,0.236782,13010.561523
53,0.937846,0.250675,13276.779297
54,0.934009,0.293200,13509.675781
55,0.917827,0.350420,13759.258789
56,0.901266,0.416401,14008.804688
57,0.899475,0.487440,14258.408203
58,0.898300,0.517267,14507.873047
59,0.889675,0.522741,14774.120117
60,0.867521,0.523711,15007.026367
61,0.827148,0.534889,15339.756836
62,0.791598,0.543134,15589.427734
63,0.769164,0.553485,15822.241211
64,0.758410,0.559252,16071.915039
65,0.753833,0.558686,16321.361328
66,0.757067,0.560648,16554.384766
67,0.776555,0.557849,16803.888672
68,0.799357,0.547476,17053.505859
69,0.811410,0.556022,17286.371094
70,0.820543,0.550693,17519.333984
71,0.825022,0.555474,17768.880859
72,0.825041,0.563327,18018.501953
73,0.823217,0.566913,18251.339844
74,0.822384,0.571960,18500.976562
75,0.822225,0.585420,18783.876953
76,0.820142,0.590876,19016.748047
77,0.820270,0.600791,19266.312500
78,0.820575,0.603244,19549.097656
79,0.820585,0.602771,19782.097656
80,0.821236,0.599858,20031.558594
81,0.825650,0.594544,20281.230469
82,0.826542,0.594977,20530.693359
83,0.827401,0.594266,20763.708984
84,0.828662,0.593668,21013.212891
85,0.839254,0.592349,21262.800781
86,0.871932,0.586336,21512.324219
87,0.926184,0.574230,21761.947266
88,0.984695,0.561122,22011.535156
89,0.031655,0.547508,22261.078125
90,0.083934,0.534443,22510.675781
91,0.134777,0.525688,22760.183594
92,0.169874,0.525236,23009.800781
93,0.188427,0.529506,23259.298828
94,0.195026,0.537869,23508.939453
95,0.188183,0.541209,23858.236328
96,0.178123,0.544025,24008.009766
97,0.160816,0.553249,24257.496094
98,0.138571,0.578200,24590.261719
99,0.116498,0.577075,24839.876953
0,0.750138,0.551583,0.038595
1,0.750337,0.551532,266.294312
2,0.747767,0.553039,515.790161
3,0.737858,0.559675,765.350708
4,0.743885,0.564480,1014.949219
5,0.755330,0.565880,1264.542358
6,0.769929,0.564532,1514.013672
7,0.796024,0.574113,1763.685303
8,0.820665,0.583635,2013.189697
9,0.841254,0.593880,2262.792969
10,0.855477,0.597831,2512.266113
11,0.877620,0.554234,2761.931152
12,0.896416,0.503924,3011.407227
13,0.901831,0.450167,3261.021973
14,0.908904,0.364777,3510.514648
15,0.921320,0.291013,3760.093994
16,0.930291,0.236738,4009.616211
17,0.933804,0.194975,4259.241699
18,0.932824,0.167676,4508.958008
19,0.930975,0.149740,4758.412598
20,0.931313,0.153022,5008.014648
21,0.939249,0.188089,5257.480469
22,0.960613,0.281019,5507.075195
23,0.985758,0.388196,5756.594238
24,0.021123,0.451643,6006.279297
25,0.048986,0.458495,6255.804199
26,0.085182,0.441013,6505.316895
27,0.119576,0.424778,6754.854004
28,0.142024,0.433769,7004.497559
29,0.157397,0.445425,7253.913086
30,0.163965,0.476348,7503.543945
31,0.161806,0.504104,7753.214355
32,0.142751,0.514141,8002.666504
33,0.090509,0.518541,8252.154297
34,0.044656,0.517237,8501.868164
35,0.012977,0.515242,8751.379883
36,0.971185,0.507550,9000.953125
37,0.911081,0.500175,9250.496094
38,0.864735,0.497536,9500.053711
39,0.823628,0.492309,9766.295898
40,0.785522,0.490262,10015.914062
41,0.752413,0.490571,10265.354492
42,0.711033,0.487434,10514.984375
43,0.667733,0.485090,10764.463867
44,0.639133,0.487245,11014.140625
45,0.616043,0.494707,11263.592773
46,0.595028,0.505167,11513.258789
47,0.578445,0.522461,11762.750000
48,0.572593,0.543676,12012.325195
49,0.565575,0.548405,12261.853516
50,0.548487,0.531457,12511.432617
51,0.533999,0.523183,12760.951172
52,0.525669,0.518521,13010.556641
53,0.518973,0.517582,13260.189453
54,0.509790,0.516948,13509.705078
55,0.495676,0.519246,13759.334961
56,0.478948,0.527824,14008.825195
57,0.467289,0.541132,14258.409180
58,0.469664,0.566408,14507.994141
59,0.474846,0.605523,14757.521484
60,0.474513,0.647701,15007.124023
61,0.472369,0.681679,15256.641602
62,0.467917,0.704353,15506.176758
63,0.451988,0.709162,15755.791016
64,0.402011,0.695347,16005.437500
65,0.362954,0.652316,16254.931641
66,0.343585,0.626451,16504.500000
67,0.330904,0.613715,16754.056641
68,0.319548,0.589071,17003.605469
69,0.303862,0.568808,17253.105469
70,0.287173,0.555184,17502.724609
71,0.271919,0.541452,17752.292969
72,0.258653,0.531920,18001.953125
73,0.248924,0.510877,18251.386719
74,0.236304,0.464798,18501.074219
75,0.233118,0.450466,18750.509766
76,0.234747,0.455218,19000.070312
77,0.252613,0.523816,19266.353516
78,0.266776,0.578705,19515.863281
79,0.275635,0.584698,19765.490234
80,0.284967,0.588471,20014.968750
81,0.308184,0.593399,20264.599609
82,0.314550,0.561146,20514.052734
83,0.313168,0.553347,20763.662109
84,0.320653,0.552028,21013.162109
85,0.366021,0.538673,21262.781250
86,0.398703,0.520272,21512.500000
87,0.432089,0.495548,21761.894531
88,0.465981,0.469655,22011.535156
89,0.489880,0.464839,22261.107422
90,0.518158,0.448438,22510.685547
91,0.563592,0.464728,22760.181641
92,0.615886,0.506992,23009.746094
93,0.687619,0.527286,23259.318359
94,0.762321,0.527874,23508.923828
95,0.812967,0.525824,23758.431641
96,0.845472,0.513294,24007.978516
97,0.861817,0.501396,24257.560547
98,0.867548,0.486008,24507.150391
99,0.826667,0.480081,24756.763672
0,0.750276,0.488885,0.001241
1,0.750747,0.489836,266.172638
2,0.751078,0.490210,515.734985
3,0.763230,0.495566,765.298645
4,0.827979,0.509112,1014.875732
5,0.864582,0.518773,1264.368408
6,0.901613,0.489882,1513.975464
7,0.926797,0.441280,1763.557373
8,0.929916,0.371250,2013.078247
9,0.926421,0.304851,2262.718750
10,0.917203,0.235740,2512.217285
11,0.898223,0.185602,2761.886963
12,0.876015,0.154527,3027.956787
13,0.855795,0.131313,3260.968994
14,0.843677,0.122527,3510.493408
15,0.838826,0.119052,3760.081543
16,0.837822,0.118999,4009.553223
17,0.840859,0.124682,4259.169434
18,0.846970,0.193976,4508.717285
19,0.830425,0.339405,4758.329102
20,0.806640,0.436296,5024.583008
21,0.769127,0.481570,5257.456055
22,0.704423,0.491331,5507.074219
23,0.636223,0.496693,5773.142090
24,0.587435,0.513092,6022.799805
25,0.544151,0.522591,6255.634277
26,0.508771,0.555182,6521.908203
27,0.491412,0.621970,6771.424316
28,0.480677,0.679668,7004.416016
29,0.474888,0.705475,7253.862305
30,0.474141,0.718358,7503.481445
31,0.474383,0.722609,7753.017578
32,0.475222,0.721419,8002.603516
33,0.476752,0.722058,8252.217773
34,0.478174,0.721250,8501.762695
35,0.480283,0.720777,8751.334961
36,0.481781,0.718553,9000.834961
37,0.495991,0.711044,9250.450195
38,0.549777,0.684216,9516.624023
39,0.564588,0.657703,9766.200195
40,0.560175,0.605789,10015.726562
41,0.545607,0.517420,10265.307617
42,0.524940,0.481730,10514.944336
43,0.511283,0.468698,10764.431641
44,0.480127,0.453081,11014.063477
45,0.468246,0.443762,11346.825195
46,0.463075,0.450062,11596.325195
47,0.435757,0.508353,11845.913086
48,0.410486,0.559868,12095.398438
49,0.384524,0.590819,12345.089844
50,0.351067,0.596290,12577.952148
51,0.321385,0.590104,12827.528320
52,0.307982,0.578141,13077.024414
53,0.309899,0.571126,13326.662109
54,0.313387,0.572195,13576.144531
55,0.316056,0.567822,13825.763672
56,0.318526,0.565317,14058.646484
57,0.325820,0.555271,14308.304688
58,0.354916,0.517809,14557.768555
59,0.395908,0.513170,14807.420898
60,0.417693,0.540294,15056.990234
61,0.422937,0.578040,15289.858398
62,0.391274,0.602473,15539.483398
63,0.378344,0.614859,15772.369141
64,0.386739,0.609871,16021.856445
65,0.471544,0.572046,16254.902344
66,0.517687,0.554043,16504.359375
67,0.542962,0.549878,16753.972656
68,0.566837,0.553352,17003.562500
69,0.591045,0.536611,17253.119141
70,0.628181,0.459677,17535.972656
71,0.677820,0.441388,17752.207031
72,0.726479,0.456799,18018.429688
73,0.776241,0.481668,18267.939453
74,0.816911,0.508985,18500.994141
75,0.839848,0.527429,18750.458984
76,0.840652,0.550400,19033.306641
77,0.843322,0.563480,19266.308594
78,0.863817,0.555584,19532.431641
79,0.921157,0.528724,19765.443359
80,0.942230,0.517064,20014.925781
81,0.954640,0.509465,20264.562500
82,0.991721,0.499002,20514.064453
83,0.025583,0.496247,20763.638672
84,0.040146,0.491328,21013.177734
85,0.044151,0.484955,21262.730469
86,0.043424,0.476687,21512.253906
87,0.031314,0.453091,21761.847656
88,0.018815,0.432702,22011.417969
89,0.977551,0.372856,22294.236328
90,0.944370,0.342803,22543.837891
91,0.907697,0.308913,22776.773438
92,0.873588,0.270636,23026.367188
93,0.846816,0.244152,23259.248047
94,0.821979,0.231665,23508.816406
95,0.799614,0.218589,23758.361328
96,0.778228,0.204024,24007.927734
97,0.763044,0.193350,24290.830078
98,0.753928,0.171947,24523.734375
99,0.749512,0.170023,24789.921875
0,0.755799,0.531226,-0.007770
1,0.754244,0.530761,266.212250
2,0.761578,0.539157,515.730896
3,0.810989,0.598310,765.453430
4,0.849606,0.620462,1014.872925
5,0.865569,0.620587,1264.475952
6,0.908930,0.566095,1514.014648
7,0.939310,0.514327,1763.584106
8,0.947313,0.501831,2013.108887
9,0.982020,0.519132,2262.679688
10,0.049344,0.541870,2512.231934
11,0.066518,0.542549,2761.828613
12,0.077408,0.527331,3011.337402
13,0.099167,0.491001,3260.981201
14,0.131610,0.465598,3510.427246
15,0.165221,0.453588,3760.084229
16,0.188413,0.448246,4009.655029
17,0.202650,0.459979,4259.194824
18,0.229132,0.521154,4508.685059
19,0.250428,0.585714,4758.274902
20,0.273580,0.627661,5007.875977
21,0.281312,0.645525,5257.475098
22,0.278219,0.645283,5507.058105
23,0.274646,0.647815,5756.561523
24,0.272974,0.654023,6006.129395
25,0.272705,0.660307,6255.644531
26,0.271410,0.664031,6505.237305
27,0.266316,0.634653,6754.822266
28,0.263084,0.593215,7004.444336
29,0.260787,0.566379,7254.001953
30,0.287415,0.541578,7503.551270
31,0.302678,0.541520,7753.130859
32,0.314423,0.541310,8002.623535
33,0.325956,0.534501,8252.245117
34,0.333546,0.532872,8501.759766
35,0.339279,0.543928,8751.351562
36,0.346273,0.555317,9000.841797
37,0.343963,0.559572,9250.490234
38,0.331454,0.554146,9516.675781
39,0.318173,0.547644,9766.286133
40,0.257060,0.523831,10015.816406
41,0.173300,0.463997,10265.286133
42,0.142904,0.415031,10514.983398
43,0.129611,0.413283,10764.459961
44,0.115226,0.418248,11014.021484
45,0.076638,0.383505,11263.556641
46,0.016583,0.319166,11513.206055
47,0.983228,0.260409,11762.678711
48,0.962775,0.204148,12012.287109
49,0.946638,0.168950,12261.764648
50,0.922236,0.144983,12577.916992
51,0.907974,0.141476,12827.531250
52,0.894968,0.143626,13077.106445
53,0.916845,0.188004,13326.619141
54,0.941388,0.297685,13576.225586
55,0.950210,0.397732,13825.752930
56,0.942805,0.459948,14075.383789
57,0.925216,0.492127,14324.852539
58,0.914054,0.526808,14574.496094
59,0.861067,0.533194,14824.024414
60,0.808515,0.532900,15073.565430
61,0.764048,0.529912,15323.075195
62,0.705912,0.527790,15572.702148
63,0.656907,0.538689,15805.605469
64,0.614302,0.554883,16055.180664
65,0.567560,0.561643,16304.671875
66,0.540361,0.564394,16554.296875
67,0.523833,0.561430,16803.935547
68,0.513224,0.564053,17070.091797
69,0.503708,0.570203,17319.673828
70,0.493036,0.573980,17569.162109
71,0.480980,0.580814,17802.150391
72,0.470082,0.626807,18051.656250
73,0.469707,0.656651,18284.679688
74,0.472013,0.656183,18517.523438
75,0.480987,0.642836,18767.191406
76,0.499070,0.625653,19000.021484
77,0.500918,0.624275,19266.244141
78,0.510968,0.617406,19549.035156
79,0.528506,0.595589,19798.609375
80,0.527128,0.574230,20031.511719
81,0.514787,0.541528,20264.488281
82,0.520798,0.502350,20514.023438
83,0.524169,0.497564,20763.632812
84,0.524918,0.496080,21013.267578
85,0.525539,0.495132,21279.357422
86,0.525817,0.495491,21528.960938
87,0.561997,0.503907,21761.873047
88,0.634391,0.518458,22028.093750
89,0.659139,0.523455,22277.591797
90,0.660472,0.520544,22527.238281
91,0.654462,0.514841,22760.082031
92,0.609648,0.506884,23026.349609
93,0.547437,0.503669,23259.195312
94,0.526710,0.506332,23508.835938
95,0.512409,0.529222,23758.337891
96,0.477866,0.571464,24007.957031
97,0.445084,0.617093,24257.533203
98,0.416688,0.651452,24507.060547
99,0.397684,0.668453,24756.677734
0,0.749816,0.474413,-0.019916
1,0.750931,0.483430,266.160400
2,0.752954,0.506443,515.807983
3,0.765296,0.541500,765.323486
4,0.803336,0.586397,1014.851868
5,0.831767,0.629851,1264.337891
6,0.850091,0.652407,1513.987305
7,0.876175,0.613312,1763.485352
8,0.905069,0.560700,2013.064697
9,0.915486,0.502893,2262.639160
10,0.917984,0.429450,2512.200439
11,0.917230,0.363703,2761.872070
12,0.910539,0.325875,3011.418457
13,0.893939,0.285233,3260.928223
14,0.878565,0.234116,3510.416748
15,0.869108,0.199400,3760.055420
16,0.861646,0.186828,4009.655273
17,0.850899,0.192687,4259.148926
18,0.833614,0.229470,4508.730957
19,0.806447,0.297973,4758.335449
20,0.787678,0.362039,5007.811523
21,0.778652,0.423215,5257.456055
22,0.775496,0.481123,5507.081543
23,0.783903,0.534029,5756.531250
24,0.794869,0.571789,6006.125000
25,0.798166,0.591320,6255.740723
26,0.794696,0.589033,6505.243164
27,0.777567,0.579855,6754.846680
28,0.739172,0.553268,7004.347168
29,0.680086,0.505361,7253.922852
30,0.640014,0.491290,7503.523438
31,0.613553,0.501696,7752.960449
32,0.587651,0.514706,8002.692871
33,0.572128,0.521549,8252.155273
34,0.575236,0.515169,8501.763672
35,0.564118,0.517722,8751.214844
36,0.550660,0.525277,9000.933594
37,0.539418,0.535131,9250.490234
38,0.512722,0.560775,9500.000000
39,0.486569,0.586017,9766.175781
40,0.469226,0.612135,10015.721680
41,0.451346,0.625999,10265.333008
42,0.444896,0.604901,10514.801758
43,0.441662,0.533060,10764.412109
44,0.428813,0.525136,11030.673828
45,0.402427,0.575726,11280.240234
46,0.384369,0.614227,11513.212891
47,0.366501,0.638113,11762.658203
48,0.350655,0.642258,12012.285156
49,0.347053,0.598482,12261.774414
50,0.348007,0.539325,12511.395508
51,0.345968,0.510165,12794.166992
52,0.348682,0.496147,13043.775391
53,0.377646,0.485515,13276.653320
54,0.420092,0.471091,13526.269531
55,0.452717,0.448537,13775.887695
56,0.484614,0.416775,14025.344727
57,0.518973,0.407862,14274.977539
58,0.592141,0.398480,14507.883789
59,0.671528,0.387398,14757.457031
60,0.721370,0.370962,15007.016602
61,0.762294,0.340615,15256.574219
62,0.797225,0.315696,15522.752930
63,0.836304,0.321495,15772.342773
64,0.886135,0.364390,16005.204102
65,0.930478,0.401570,16254.864258
66,0.971623,0.434961,16504.320312
67,0.006728,0.451492,16753.998047
68,0.039209,0.466354,17003.433594
69,0.071415,0.484801,17253.080078
70,0.102081,0.498299,17502.673828
71,0.134780,0.512883,17752.212891
72,0.164581,0.529088,18001.769531
73,0.182614,0.541532,18251.281250
74,0.184697,0.515785,18500.935547
75,0.185805,0.487366,18750.417969
76,0.185011,0.480508,19000.058594
77,0.177840,0.470529,19266.185547
78,0.173370,0.455735,19515.771484
79,0.165962,0.435198,19765.433594
80,0.154288,0.423613,20098.167969
81,0.129566,0.398302,20264.511719
82,0.107173,0.408921,20514.019531
83,0.092662,0.415432,20763.619141
84,0.078827,0.414730,21013.136719
85,0.070275,0.414823,21262.714844
86,0.066826,0.419600,21512.218750
87,0.062328,0.423589,21761.867188
88,0.060317,0.426443,22011.367188
89,0.059167,0.429637,22260.974609
90,0.060282,0.430152,22510.478516
91,0.073441,0.425392,22843.371094
92,0.082767,0.416774,23009.689453
93,0.087001,0.412318,23342.455078
94,0.088560,0.414596,23591.929688
95,0.089604,0.417022,23758.347656
96,0.087736,0.419443,24091.039062
97,0.084640,0.430774,24340.683594
98,0.083629,0.437834,24590.230469
99,0.082615,0.437906,24823.181641
0,0.749850,0.511091,0.024362
1,0.754849,0.510179,266.229492
2,0.764785,0.513652,515.830750
3,0.780331,0.548830,765.365662
4,0.797215,0.598618,1014.921204
5,0.809715,0.610910,1264.482300
6,0.813056,0.605553,1514.058594
7,0.806703,0.598404,1763.631714
8,0.791070,0.587395,2013.161987
9,0.757233,0.571254,2262.731689
10,0.723621,0.556362,2512.286621
11,0.696191,0.546438,2761.876709
12,0.674174,0.540347,3011.461914
13,0.653546,0.539210,3261.019531
14,0.631095,0.539025,3510.571045
15,0.604440,0.541892,3760.104980
16,0.575177,0.543981,4009.696045
17,0.547716,0.540836,4259.233887
18,0.523055,0.535177,4508.848145
19,0.509046,0.532892,4758.382812
20,0.500171,0.538902,5007.980957
21,0.493425,0.546284,5257.521484
22,0.490853,0.546119,5507.076660
23,0.483548,0.542139,5756.637207
24,0.479103,0.523221,6006.200684
25,0.476392,0.526499,6255.773926
26,0.471730,0.578166,6505.316406
27,0.468369,0.652101,6754.879395
28,0.470967,0.660240,7004.449219
29,0.479523,0.658101,7254.073242
30,0.490831,0.656928,7503.574219
31,0.507576,0.651380,7753.140625
32,0.525619,0.635186,8002.690430
33,0.540838,0.622704,8252.274414
34,0.552912,0.611119,8501.881836
35,0.565590,0.603335,8751.406250
36,0.580515,0.599559,9000.988281
37,0.594296,0.591802,9250.519531
38,0.611963,0.577082,9500.090820
39,0.623533,0.564289,9766.292969
40,0.630264,0.561152,10015.865234
41,0.631659,0.570586,10265.440430
42,0.622040,0.604597,10515.010742
43,0.624405,0.622401,10764.544922
44,0.640066,0.623900,11014.125000
45,0.661318,0.616889,11263.663086
46,0.684634,0.607225,11513.230469
47,0.704149,0.598815,11762.805664
48,0.721263,0.592364,12012.419922
49,0.747978,0.588139,12261.958984
50,0.781417,0.591177,12511.518555
51,0.803286,0.603155,12761.090820
52,0.821517,0.600061,13010.618164
53,0.843661,0.580429,13260.182617
54,0.877527,0.559792,13509.738281
55,0.904834,0.538867,13759.295898
56,0.923897,0.483133,14008.865234
57,0.937728,0.408149,14258.478516
58,0.942883,0.324070,14508.004883
59,0.951272,0.268500,14757.602539
60,0.952209,0.208902,15007.135742
61,0.936974,0.151874,15256.703125
62,0.937812,0.124581,15506.278320
63,0.941021,0.124184,15755.820312
64,0.934617,0.123645,16005.384766
65,0.930982,0.122373,16254.957031
66,0.924344,0.119928,16504.544922
67,0.934151,0.115568,16754.082031
68,0.931464,0.110431,17003.675781
69,0.931302,0.110671,17253.232422
70,0.945367,0.111166,17502.785156
71,0.968938,0.128443,17752.322266
72,0.018994,0.233668,18001.904297
73,0.037159,0.363841,18251.501953
74,0.045188,0.434946,18501.025391
75,0.052609,0.468025,18750.623047
76,0.062256,0.477545,19000.150391
77,0.082610,0.486233,19266.359375
78,0.098207,0.490569,19515.929688
79,0.114134,0.488230,19765.490234
80,0.123235,0.483479,20015.041016
81,0.128381,0.482800,20264.605469
82,0.125266,0.499948,20514.171875
83,0.109557,0.514637,20763.769531
84,0.098252,0.514019,21013.328125
85,0.087425,0.511375,21262.888672
86,0.078835,0.511068,21512.416016
87,0.073942,0.503864,21762.011719
88,0.069983,0.494964,22011.574219
89,0.065613,0.488784,22261.109375
90,0.067041,0.486956,22510.695312
91,0.072191,0.487464,22760.240234
92,0.085925,0.492252,23009.833984
93,0.113811,0.519659,23259.394531
94,0.140061,0.540137,23508.986328
95,0.163275,0.547901,23758.560547
96,0.185557,0.574918,24008.113281
97,0.207772,0.600380,24257.662109
98,0.233068,0.615423,24507.197266
99,0.251314,0.622071,24756.792969
0,0.747833,0.485516,-0.041251
1,0.747425,0.480457,266.194946
2,0.748375,0.481591,515.744873
3,0.751772,0.485283,765.360779
4,0.770851,0.498269,1014.854675
5,0.804353,0.514030,1264.453613
6,0.829153,0.539351,1513.979736
7,0.841749,0.567390,1763.533203
8,0.852639,0.571582,2013.101562
9,0.873486,0.545670,2262.704834
10,0.896338,0.503962,2512.262695
11,0.915253,0.468665,2761.874268
12,0.924525,0.425095,3011.392578
13,0.926887,0.369793,3260.932129
14,0.919883,0.307355,3510.483154
15,0.897465,0.243181,3760.079834
16,0.883165,0.199731,4009.701172
17,0.875238,0.170428,4259.206543
18,0.859625,0.147860,4508.762695
19,0.842709,0.131229,4758.394531
20,0.823952,0.126125,5007.916016
21,0.796573,0.130588,5257.436035
22,0.751826,0.156428,5507.056641
23,0.714338,0.224497,5756.648926
24,0.683589,0.311882,6006.109375
25,0.649868,0.394595,6255.688965
26,0.628934,0.436563,6505.238281
27,0.605530,0.475549,6754.832031
28,0.571381,0.500220,7004.365234
29,0.557390,0.521885,7253.965332
30,0.562978,0.544668,7503.569824
31,0.568406,0.560536,7753.130371
32,0.574308,0.575945,8002.628418
33,0.582863,0.558582,8252.190430
34,0.599692,0.517196,8501.777344
35,0.619235,0.489991,8751.312500
36,0.635431,0.488537,9000.919922
37,0.659518,0.496930,9250.476562
38,0.693917,0.504260,9500.106445
39,0.747825,0.522340,9766.280273
40,0.783365,0.553914,10015.791992
41,0.809307,0.585107,10265.332031
42,0.829761,0.605211,10514.910156
43,0.844006,0.611602,10764.474609
44,0.853146,0.608770,11014.085938
45,0.851141,0.597599,11263.624023
46,0.836379,0.571806,11513.212891
47,0.801044,0.542168,11762.726562
48,0.756519,0.506653,12012.337891
49,0.707683,0.463616,12261.870117
50,0.678202,0.434944,12511.422852
51,0.659254,0.423987,12761.022461
52,0.608907,0.432983,13010.583008
53,0.555819,0.440961,13260.216797
54,0.525780,0.439188,13509.671875
55,0.511245,0.435927,13759.266602
56,0.505725,0.451910,14008.804688
57,0.497020,0.451145,14258.394531
58,0.482773,0.452539,14507.949219
59,0.460174,0.527178,14757.500000
60,0.449024,0.590226,15007.076172
61,0.443737,0.655778,15256.609375
62,0.439014,0.689619,15506.194336
63,0.434844,0.709863,15755.785156
64,0.426955,0.724042,16005.341797
65,0.408710,0.724589,16254.867188
66,0.392101,0.726285,16504.544922
67,0.364908,0.720874,16754.064453
68,0.318437,0.687949,17003.576172
69,0.294650,0.639868,17253.169922
70,0.306320,0.616862,17502.732422
71,0.324386,0.600663,17752.255859
72,0.329283,0.579714,18001.818359
73,0.323500,0.561251,18251.464844
74,0.317606,0.558618,18500.972656
75,0.310804,0.559886,18750.507812
76,0.297934,0.561581,19000.185547
77,0.287660,0.562532,19266.359375
78,0.284072,0.547718,19515.873047
79,0.284893,0.488753,19765.455078
80,0.280148,0.459891,20014.996094
81,0.278027,0.446643,20264.634766
82,0.272593,0.448875,20514.150391
83,0.272918,0.448249,20763.689453
84,0.264146,0.441320,21013.271484
85,0.210001,0.436906,21262.783203
86,0.139263,0.443391,21512.400391
87,0.093001,0.457370,21761.904297
88,0.079413,0.475657,22011.517578
89,0.076783,0.480525,22261.070312
90,0.077904,0.482048,22510.613281
91,0.081786,0.492632,22760.220703
92,0.086027,0.512635,23009.792969
93,0.091830,0.524949,23259.392578
94,0.094947,0.535238,23508.853516
95,0.091916,0.537974,23758.457031
96,0.084281,0.537333,24008.009766
97,0.073311,0.540173,24257.548828
98,0.053532,0.543440,24507.169922
99,0.029301,0.546362,24756.789062
0,0.688457,0.627193,0.018083
1,0.643311,0.650187,266.248413
2,0.606507,0.640327,515.744385
3,0.560506,0.641016,765.376404
4,0.484069,0.647475,1014.883545
5,0.469998,0.624540,1264.436035
6,0.488515,0.609920,1514.141479
7,0.504154,0.603298,1763.645264
8,0.498758,0.602951,2013.247192
9,0.476244,0.585003,2262.692627
10,0.446696,0.592317,2512.302734
11,0.405925,0.617279,2761.877197
12,0.361860,0.634692,3011.409912
13,0.323423,0.632962,3260.984375
14,0.297449,0.622920,3510.502441
15,0.284425,0.613046,3760.098633
16,0.286330,0.606760,4009.645996
17,0.303819,0.609001,4259.291992
18,0.325124,0.617050,4508.811035
19,0.345459,0.619787,4758.381836
20,0.365135,0.621367,5007.930176
21,0.387963,0.624398,5257.476074
22,0.420939,0.622829,5507.062988
23,0.464644,0.622078,5756.601562
24,0.523404,0.621993,6006.178711
25,0.582637,0.614150,6255.745605
26,0.628154,0.603619,6505.388672
27,0.664122,0.598801,6754.851074
28,0.700755,0.587728,7004.509277
29,0.733199,0.578361,7254.008301
30,0.764541,0.586187,7503.537598
31,0.784248,0.583139,7753.132812
32,0.799134,0.580944,8002.650879
33,0.826894,0.586508,8252.299805
34,0.863389,0.556993,8501.803711
35,0.903529,0.536135,8751.437500
36,0.931666,0.485065,9000.940430
37,0.944801,0.392702,9250.543945
38,0.936301,0.313408,9500.137695
39,0.918628,0.253442,9766.300781
40,0.893031,0.210073,10015.876953
41,0.863696,0.185908,10265.420898
42,0.852182,0.203502,10514.950195
43,0.873371,0.283492,10764.603516
44,0.908695,0.398982,11014.116211
45,0.940895,0.464518,11263.634766
46,0.974363,0.480899,11513.234375
47,0.003361,0.480775,11762.762695
48,0.030601,0.481619,12012.382812
49,0.061699,0.477680,12261.893555
50,0.082772,0.474243,12511.557617
51,0.103406,0.475608,12761.000000
52,0.117293,0.479660,13010.618164
53,0.120498,0.486101,13260.167969
54,0.116891,0.494375,13509.797852
55,0.116929,0.508306,13759.370117
56,0.116797,0.513982,14008.844727
57,0.115909,0.511121,14258.464844
58,0.108289,0.510207,14507.955078
59,0.064452,0.520869,14757.578125
60,0.036968,0.535917,15007.125000
61,0.019210,0.546399,15256.673828
62,0.992767,0.548350,15506.239258
63,0.947628,0.546691,15755.792969
64,0.891288,0.549438,16005.449219
65,0.822202,0.578767,16254.924805
66,0.768861,0.616631,16504.474609
67,0.768186,0.629187,16754.029297
68,0.788773,0.630018,17003.650391
69,0.817606,0.633175,17253.162109
70,0.844082,0.639632,17502.748047
71,0.874926,0.644384,17752.361328
72,0.916512,0.646732,18001.958984
73,0.933569,0.661496,18251.458984
74,0.927960,0.674027,18501.035156
75,0.904773,0.675950,18750.619141
76,0.870169,0.681410,19000.105469
77,0.819739,0.675981,19266.347656
78,0.770510,0.651121,19515.878906
79,0.734559,0.624838,19765.464844
80,0.704238,0.611069,20015.070312
81,0.682832,0.611410,20264.611328
82,0.700693,0.617203,20514.152344
83,0.748724,0.628829,20763.783203
84,0.812771,0.641105,21013.302734
85,0.852008,0.658794,21262.833984
86,0.884348,0.661983,21512.468750
87,0.927882,0.634238,21762.062500
88,0.953837,0.617725,22011.642578
89,0.963846,0.613475,22261.109375
90,0.963128,0.618408,22510.740234
91,0.955749,0.620308,22760.240234
92,0.934373,0.624698,23009.759766
93,0.899936,0.627729,23259.421875
94,0.852757,0.628716,23508.960938
95,0.803205,0.630077,23758.576172
96,0.758864,0.630976,24008.054688
97,0.740207,0.630365,24257.679688
98,0.751539,0.635836,24507.193359
99,0.773793,0.635151,24756.714844
0,0.750146,0.516326,0.001055
1,0.751328,0.514108,266.185944
2,0.764166,0.506665,515.801819
3,0.772929,0.503183,765.304871
4,0.774436,0.503021,1014.913147
5,0.799099,0.504620,1264.453979
6,0.842145,0.514569,1514.049316
7,0.869843,0.515226,1763.610962
8,0.901790,0.470105,2013.133667
9,0.907174,0.388543,2262.782715
10,0.891044,0.315858,2512.259521
11,0.862497,0.231906,2761.875488
12,0.860134,0.162515,3011.383789
13,0.868994,0.133042,3261.046631
14,0.881946,0.128175,3510.549316
15,0.897283,0.133180,3760.077637
16,0.905518,0.134103,4009.706055
17,0.925431,0.169766,4259.287109
18,0.972728,0.260360,4508.802734
19,0.021827,0.368482,4758.343750
20,0.055110,0.437191,5007.992676
21,0.070425,0.451345,5257.451660
22,0.089793,0.430689,5507.031250
23,0.103748,0.418472,5756.642090
24,0.114384,0.419670,6006.275391
25,0.121673,0.417143,6255.813965
26,0.133123,0.416897,6505.303711
27,0.147794,0.416852,6754.887695
28,0.155703,0.414380,7004.405762
29,0.153484,0.412566,7253.985840
30,0.143864,0.417788,7503.546387
31,0.121371,0.429992,7753.146484
32,0.093834,0.441459,8002.704590
33,0.070846,0.450168,8252.246094
34,0.051796,0.457866,8501.885742
35,0.025514,0.458248,8751.419922
36,0.985224,0.453366,9000.916992
37,0.912807,0.449320,9250.522461
38,0.850988,0.449628,9500.088867
39,0.773731,0.455661,9766.365234
40,0.703795,0.457307,10015.881836
41,0.640677,0.461055,10265.370117
42,0.584017,0.478193,10515.048828
43,0.570319,0.485704,10764.560547
44,0.593102,0.476326,11014.067383
45,0.585617,0.482598,11263.634766
46,0.523300,0.511449,11513.250000
47,0.471818,0.536135,11762.771484
48,0.447387,0.556317,12012.337891
49,0.434159,0.582751,12261.936523
50,0.430739,0.611577,12511.477539
51,0.428795,0.632608,12761.019531
52,0.428267,0.647349,13010.609375
53,0.400412,0.648543,13260.260742
54,0.341609,0.633512,13509.716797
55,0.319232,0.610443,13759.303711
56,0.308706,0.590498,14008.916992
57,0.310553,0.585974,14258.462891
58,0.311623,0.583562,14507.994141
59,0.314520,0.580521,14757.619141
60,0.317859,0.576261,15007.123047
61,0.329201,0.563949,15256.708984
62,0.349504,0.545848,15506.239258
63,0.368387,0.518637,15755.853516
64,0.373122,0.501002,16005.442383
65,0.372884,0.492036,16271.571289
66,0.378076,0.487430,16504.511719
67,0.397369,0.485120,16754.099609
68,0.456614,0.485998,17003.644531
69,0.496284,0.481815,17253.158203
70,0.507375,0.477242,17502.820312
71,0.508588,0.473073,17752.406250
72,0.502417,0.464116,18001.880859
73,0.493000,0.436495,18251.482422
74,0.498128,0.396863,18500.974609
75,0.533561,0.329193,18750.585938
76,0.593883,0.268164,19000.117188
77,0.635674,0.240868,19266.322266
78,0.660127,0.244991,19515.888672
79,0.688852,0.253151,19765.503906
80,0.713535,0.271955,20015.048828
81,0.729076,0.382679,20264.673828
82,0.750098,0.567590,20514.156250
83,0.770367,0.705144,20763.750000
84,0.807680,0.785250,21013.269531
85,0.870864,0.818322,21262.873047
86,0.955796,0.766152,21512.484375
87,0.998907,0.692831,21762.093750
88,0.024830,0.642004,22011.541016
89,0.033829,0.589915,22261.136719
90,0.032259,0.546610,22510.687500
91,0.034508,0.523269,22760.216797
92,0.030123,0.523692,23009.863281
93,0.005222,0.525159,23259.439453
94,0.992362,0.524132,23508.943359
95,0.987535,0.511345,23758.470703
96,0.986200,0.494709,24008.107422
97,0.997041,0.502088,24257.615234
98,0.010709,0.513476,24507.164062
99,0.017688,0.519766,24756.761719
0,0.749946,0.632734,-0.007057
1,0.750086,0.631137,266.165222
2,0.755612,0.621924,515.752075
3,0.771539,0.607551,765.298767
4,0.786334,0.599184,1014.821167
5,0.830801,0.599323,1264.403564
6,0.846092,0.623834,1513.996704
7,0.854884,0.629539,1763.593506
8,0.913997,0.575455,2013.104126
9,0.941486,0.526399,2262.737305
10,0.951937,0.450143,2512.309814
11,0.948832,0.344964,2761.750732
12,0.943728,0.247158,3011.319580
13,0.947615,0.172329,3260.884277
14,0.954085,0.122486,3510.461426
15,0.938718,0.108760,3760.089844
16,0.938470,0.105741,4009.606445
17,0.946143,0.110079,4259.220215
18,0.953228,0.120308,4508.750488
19,0.946003,0.121300,4758.263672
20,0.945546,0.119346,5007.867188
21,0.943578,0.115823,5257.492188
22,0.930698,0.112245,5506.956543
23,0.890687,0.111875,5756.567871
24,0.918703,0.098613,6006.127441
25,0.930565,0.090761,6255.676758
26,0.927872,0.089064,6505.230469
27,0.920184,0.090382,6754.820801
28,0.913985,0.095541,7004.384277
29,0.916787,0.095576,7253.920898
30,0.923830,0.098259,7503.513184
31,0.942845,0.125267,7753.017578
32,0.926656,0.224765,8002.636719
33,0.909836,0.464903,8252.156250
34,0.891681,0.712198,8501.725586
35,0.871930,0.845608,8751.279297
36,0.849656,0.912504,9000.957031
37,0.814230,0.960233,9250.414062
38,0.746671,0.975962,9500.041992
39,0.675880,0.925411,9766.210938
40,0.610130,0.820315,10015.784180
41,0.578030,0.756641,10265.315430
42,0.574913,0.726675,10514.979492
43,0.604284,0.711629,10764.533203
44,0.631776,0.669041,11014.030273
45,0.642359,0.584722,11263.595703
46,0.596420,0.562511,11513.146484
47,0.554097,0.571412,11762.700195
48,0.534244,0.574644,12012.258789
49,0.524277,0.576687,12261.885742
50,0.541997,0.570539,12511.373047
51,0.644004,0.538260,12761.002930
52,0.726888,0.525431,13010.515625
53,0.765734,0.536215,13260.209961
54,0.790361,0.578432,13509.663086
55,0.790802,0.601779,13759.222656
56,0.760196,0.601653,14008.834961
57,0.692487,0.561977,14258.374023
58,0.632704,0.526298,14508.005859
59,0.620065,0.507203,14757.448242
60,0.610279,0.519093,15007.095703
61,0.566339,0.558276,15256.579102
62,0.510727,0.595526,15506.185547
63,0.468266,0.629185,15755.716797
64,0.455696,0.668705,16005.360352
65,0.447400,0.707220,16254.872070
66,0.447123,0.712676,16504.404297
67,0.446454,0.704268,16753.962891
68,0.443413,0.711915,17003.544922
69,0.446052,0.667703,17253.140625
70,0.444832,0.619638,17502.650391
71,0.444042,0.562094,17752.330078
72,0.453956,0.515473,18018.480469
73,0.454214,0.515796,18251.388672
74,0.454229,0.523721,18500.917969
75,0.453843,0.537997,18750.470703
76,0.412508,0.596820,19000.121094
77,0.315658,0.649395,19266.289062
78,0.295598,0.653123,19515.824219
79,0.329106,0.654764,19765.460938
80,0.344109,0.666281,20015.048828
81,0.334698,0.671401,20264.607422
82,0.298137,0.658842,20514.097656
83,0.235114,0.675200,20780.316406
84,0.194291,0.713959,21013.224609
85,0.233106,0.785986,21262.753906
86,0.335549,0.873006,21512.369141
87,0.332503,0.872668,21761.925781
88,0.234169,0.732495,22011.437500
89,0.153881,0.605882,22261.087891
90,0.140825,0.547686,22510.578125
91,0.156355,0.515473,22760.244141
92,0.179147,0.496342,23009.708984
93,0.201416,0.473403,23259.353516
94,0.230754,0.454628,23508.837891
95,0.258445,0.444542,23758.408203
96,0.304648,0.446046,24007.980469
97,0.344330,0.457464,24257.570312
98,0.357516,0.469086,24507.117188
99,0.371143,0.476559,24756.664062
0,0.749588,0.506620,0.001551
1,0.749973,0.515777,266.296692
2,0.751211,0.529186,515.765381
3,0.764696,0.548202,765.354614
4,0.776755,0.556534,1014.916870
5,0.706252,0.549017,1264.515503
6,0.611880,0.530697,1514.044312
7,0.573967,0.526760,1763.610962
8,0.536157,0.537767,2013.175171
9,0.522226,0.543278,2262.765381
10,0.541628,0.567371,2512.370850
11,0.670446,0.595615,2761.871338
12,0.800053,0.586871,3011.473633
13,0.910478,0.548782,3261.017822
14,0.963876,0.521510,3527.192139
15,0.981818,0.474102,3760.212891
16,0.990537,0.416984,4009.691895
17,0.013519,0.412179,4259.262695
18,0.053348,0.428354,4508.785156
19,0.093127,0.436845,4758.368652
20,0.136945,0.451232,5007.959473
21,0.180349,0.470571,5257.473633
22,0.221595,0.501872,5507.087402
23,0.257861,0.523136,5756.636719
24,0.291014,0.534933,6006.205566
25,0.316177,0.534322,6255.718750
26,0.341407,0.529415,6505.334473
27,0.370743,0.531857,6754.958496
28,0.399958,0.537305,7004.423828
29,0.435826,0.544695,7254.037598
30,0.462298,0.540868,7503.566406
31,0.479387,0.526374,7753.164062
32,0.498341,0.516948,8002.690430
33,0.522828,0.505825,8252.230469
34,0.553600,0.513977,8501.910156
35,0.570826,0.519007,8751.417969
36,0.576021,0.525738,9000.951172
37,0.553780,0.539455,9250.548828
38,0.482396,0.568329,9500.119141
39,0.423955,0.586425,9766.270508
40,0.349643,0.587551,10015.822266
41,0.245279,0.557531,10265.481445
42,0.130828,0.502668,10515.030273
43,0.068266,0.472889,10764.545898
44,0.021630,0.458241,11014.125000
45,0.980572,0.424833,11263.659180
46,0.955677,0.377084,11513.247070
47,0.948111,0.350611,11762.771484
48,0.949169,0.342091,12012.387695
49,0.954905,0.367529,12261.942383
50,0.959190,0.426115,12511.493164
51,0.946872,0.514608,12761.041992
52,0.899182,0.575843,13010.645508
53,0.851072,0.575216,13260.195312
54,0.832747,0.576685,13509.731445
55,0.842647,0.574876,13759.275391
56,0.866935,0.571820,14008.836914
57,0.882777,0.578697,14258.437500
58,0.887199,0.572688,14507.987305
59,0.878504,0.560365,14757.561523
60,0.862372,0.632679,15007.142578
61,0.878153,0.762943,15256.686523
62,0.862886,0.778750,15506.225586
63,0.826977,0.702258,15755.791016
64,0.795138,0.604608,16005.469727
65,0.766885,0.538477,16254.922852
66,0.742969,0.511930,16504.476562
67,0.721854,0.506032,16754.095703
68,0.709845,0.508070,17003.666016
69,0.677821,0.506814,17253.210938
70,0.640663,0.516027,17502.742188
71,0.637091,0.518880,17752.337891
72,0.616008,0.518030,18001.859375
73,0.596552,0.532064,18251.449219
74,0.620378,0.545673,18500.992188
75,0.705474,0.560866,18750.576172
76,0.790793,0.550075,19000.187500
77,0.870768,0.496041,19266.349609
78,0.898588,0.418579,19515.906250
79,0.910476,0.372780,19765.457031
80,0.914554,0.367474,20015.054688
81,0.918506,0.373025,20264.607422
82,0.925160,0.374343,20514.162109
83,0.928647,0.375435,20763.734375
84,0.930197,0.376680,21013.302734
85,0.929252,0.380913,21262.849609
86,0.927323,0.388978,21512.419922
87,0.924772,0.407170,21761.962891
88,0.923788,0.436505,22011.521484
89,0.944692,0.466123,22261.087891
90,0.976035,0.485763,22510.664062
91,0.996375,0.498511,22760.226562
92,0.012121,0.493059,23009.791016
93,0.036588,0.478761,23259.359375
94,0.055283,0.474043,23508.937500
95,0.074003,0.486777,23758.474609
96,0.090576,0.486857,24008.027344
97,0.103543,0.488201,24257.615234
98,0.109458,0.489786,24507.173828
99,0.109550,0.489316,24756.751953
0,0.749927,0.445538,0.038883
1,0.749840,0.445956,266.222900
2,0.749871,0.446053,515.852295
3,0.750003,0.445577,765.318359
4,0.749767,0.445890,1014.964722
5,0.749722,0.445938,1264.492065
6,0.749644,0.445744,1514.072510
7,0.749490,0.446248,1763.635620
8,0.749234,0.447157,2013.204590
9,0.749296,0.451694,2262.755127
10,0.750933,0.455772,2512.292236
11,0.752204,0.454641,2761.915283
12,0.756375,0.454643,3011.449463
13,0.764118,0.454970,3260.970459
14,0.762326,0.455012,3510.578857
15,0.759524,0.466989,3760.197998
16,0.752204,0.487939,4009.762939
17,0.738840,0.499982,4259.237305
18,0.716630,0.504359,4508.798340
19,0.687657,0.507528,4758.406250
20,0.659439,0.502171,5007.895996
21,0.627604,0.498627,5257.525879
22,0.588560,0.497528,5507.134277
23,0.547655,0.491533,5756.602051
24,0.516488,0.490734,6006.161621
25,0.487194,0.487649,6255.835449
26,0.464510,0.487033,6505.337891
27,0.450873,0.479653,6754.871094
28,0.441635,0.480931,7004.496582
29,0.436060,0.509791,7253.993652
30,0.436717,0.557667,7503.591309
31,0.435735,0.590226,7753.106934
32,0.417391,0.600871,8002.759277
33,0.375508,0.600524,8252.278320
34,0.357636,0.596615,8501.835938
35,0.343461,0.590719,8751.400391
36,0.326480,0.579902,9001.028320
37,0.308883,0.568793,9250.564453
38,0.291543,0.555476,9500.046875
39,0.281397,0.534110,9766.265625
40,0.268752,0.510240,10015.883789
41,0.238058,0.482203,10265.422852
42,0.192071,0.450643,10514.958008
43,0.178349,0.426483,10764.637695
44,0.181185,0.410472,11014.153320
45,0.187426,0.401827,11263.727539
46,0.191458,0.388403,11513.229492
47,0.198859,0.316099,11762.830078
48,0.205782,0.281405,12012.330078
49,0.205471,0.291551,12261.958008
50,0.210546,0.314811,12511.509766
51,0.222409,0.364038,12761.120117
52,0.246607,0.427093,13010.649414
53,0.268983,0.462085,13260.167969
54,0.292392,0.472828,13509.758789
55,0.320641,0.483745,13759.283203
56,0.370181,0.485773,14008.860352
57,0.427542,0.473071,14258.402344
58,0.464375,0.458981,14508.073242
59,0.496305,0.451439,14757.574219
60,0.531652,0.456316,15007.121094
61,0.564016,0.464462,15256.765625
62,0.586115,0.470780,15506.279297
63,0.601444,0.475321,15755.780273
64,0.616032,0.474449,16005.412109
65,0.644982,0.465276,16255.026367
66,0.688075,0.453929,16504.560547
67,0.734190,0.456526,16754.058594
68,0.767700,0.463719,17003.701172
69,0.782279,0.464443,17253.291016
70,0.794985,0.463911,17502.789062
71,0.806200,0.461984,17752.380859
72,0.821262,0.435874,18001.931641
73,0.835875,0.371961,18251.425781
74,0.839539,0.304220,18500.986328
75,0.816967,0.226789,18750.632812
76,0.775364,0.165815,19000.240234
77,0.767409,0.149916,19266.345703
78,0.759459,0.143454,19515.916016
79,0.740166,0.134473,19765.447266
80,0.750454,0.121885,20015.046875
81,0.779352,0.125206,20264.595703
82,0.841655,0.156990,20514.164062
83,0.895452,0.186230,20763.724609
84,0.927858,0.216276,21013.292969
85,0.950447,0.258666,21262.845703
86,0.971522,0.322932,21512.414062
87,0.976015,0.369044,21761.964844
88,0.975086,0.410730,22011.544922
89,0.974066,0.437310,22261.103516
90,0.981874,0.439195,22510.650391
91,0.989521,0.427319,22760.246094
92,0.986801,0.423446,23009.791016
93,0.981141,0.416935,23259.365234
94,0.955638,0.352077,23508.910156
95,0.919298,0.270017,23758.490234
96,0.879002,0.215313,24008.056641
97,0.819213,0.169129,24257.593750
98,0.777022,0.147916,24507.201172
99,0.751238,0.146279,24756.742188
0,0.749925,0.526376,0.005521
1,0.749855,0.526222,266.190979
2,0.750211,0.525054,515.808350
3,0.750237,0.524545,765.316040
4,0.750344,0.525286,1014.896179
5,0.750489,0.525086,1264.560791
6,0.751266,0.524650,1514.031250
7,0.772672,0.518750,1763.683472
8,0.811792,0.516732,2013.140747
9,0.833657,0.531026,2262.782471
10,0.835928,0.537080,2512.294678
11,0.836013,0.536653,2761.876465
12,0.809437,0.523065,3011.416992
13,0.762709,0.505651,3260.995361
14,0.699168,0.484563,3510.564453
15,0.646012,0.468078,3760.125488
16,0.644669,0.453318,4009.707031
17,0.652616,0.436749,4259.225098
18,0.646272,0.435684,4508.889160
19,0.610531,0.449113,4758.333008
20,0.585372,0.472818,5007.910645
21,0.576062,0.500255,5257.478027
22,0.572003,0.517404,5507.109863
23,0.546161,0.502550,5756.652344
24,0.523987,0.485507,6006.190918
25,0.515097,0.483047,6255.757812
26,0.514193,0.458177,6505.355469
27,0.512818,0.445316,6754.854492
28,0.497718,0.449880,7004.413574
29,0.477109,0.478202,7254.030762
30,0.465612,0.511845,7503.604980
31,0.463234,0.476241,7753.114746
32,0.458870,0.484731,8002.718750
33,0.446485,0.559874,8252.302734
34,0.426610,0.596618,8501.810547
35,0.408639,0.619909,8751.393555
36,0.391828,0.609873,9001.062500
37,0.351386,0.558890,9250.517578
38,0.330382,0.553133,9500.187500
39,0.329011,0.557966,9766.342773
40,0.328927,0.568389,10015.934570
41,0.326292,0.572938,10265.389648
42,0.331230,0.552833,10514.978516
43,0.335847,0.521745,10764.541016
44,0.339190,0.517847,11014.132812
45,0.359323,0.515776,11263.664062
46,0.408572,0.509378,11513.198242
47,0.482239,0.501510,11762.883789
48,0.539237,0.491241,12012.385742
49,0.597743,0.481432,12261.927734
50,0.678920,0.476651,12511.522461
51,0.726498,0.474745,12761.133789
52,0.763277,0.471028,13010.607422
53,0.809897,0.470802,13260.237305
54,0.879461,0.463061,13509.793945
55,0.927643,0.445354,13759.332031
56,0.945872,0.388100,14008.843750
57,0.948903,0.318891,14258.435547
58,0.941053,0.278825,14508.042969
59,0.935387,0.265504,14757.624023
60,0.926747,0.256568,15007.111328
61,0.923885,0.236499,15256.674805
62,0.917412,0.203009,15506.261719
63,0.899570,0.169478,15755.813477
64,0.890290,0.141851,16005.386719
65,0.883590,0.121597,16254.926758
66,0.877641,0.109874,16504.533203
67,0.880112,0.109350,16754.080078
68,0.879924,0.109756,17003.730469
69,0.888772,0.120808,17253.226562
70,0.907021,0.162112,17502.820312
71,0.927479,0.268901,17752.349609
72,0.946332,0.344068,18001.906250
73,0.980274,0.383502,18251.462891
74,0.025076,0.393183,18501.005859
75,0.058191,0.394779,18750.609375
76,0.097207,0.393319,19000.185547
77,0.116991,0.400312,19266.337891
78,0.141676,0.406769,19515.904297
79,0.165389,0.424442,19765.544922
80,0.171320,0.447419,20015.025391
81,0.156513,0.461063,20264.654297
82,0.134211,0.465614,20514.166016
83,0.097268,0.458256,20763.775391
84,0.076077,0.464102,21013.320312
85,0.069587,0.486687,21262.873047
86,0.066955,0.496464,21512.425781
87,0.062594,0.500726,21762.025391
88,0.058483,0.497999,22011.589844
89,0.065771,0.499571,22261.099609
90,0.098583,0.500175,22510.675781
91,0.147570,0.503138,22760.234375
92,0.191584,0.510052,23009.808594
93,0.215511,0.528045,23259.382812
94,0.211803,0.531347,23508.914062
95,0.196440,0.525449,23758.517578
96,0.152120,0.495965,24008.039062
97,0.098601,0.463787,24257.724609
98,0.039791,0.469104,24507.189453
99,0.997110,0.476238,24756.802734
0,0.750011,0.477893,-0.051202
1,0.749949,0.479008,266.185303
2,0.746060,0.482645,515.758362
3,0.716768,0.498152,765.359619
4,0.638574,0.506551,1014.848267
5,0.570531,0.526787,1264.402344
6,0.547110,0.547835,1513.957153
7,0.535118,0.569080,1763.551392
8,0.517954,0.589857,2013.073486
9,0.495910,0.580587,2262.723389
10,0.483291,0.533419,2512.226807
11,0.479491,0.539698,2761.835449
12,0.486003,0.567458,3011.371338
13,0.493364,0.665934,3260.925537
14,0.495272,0.719788,3510.515137
15,0.534401,0.722366,3760.041748
16,0.604078,0.692320,4009.639893
17,0.681878,0.652358,4259.254883
18,0.782750,0.604879,4508.777344
19,0.833050,0.587268,4758.308594
20,0.867598,0.565621,5007.989746
21,0.925285,0.521478,5257.448730
22,0.961569,0.462203,5506.985840
23,0.972515,0.385322,5756.595215
24,0.956271,0.313462,6006.106445
25,0.935764,0.267753,6255.723145
26,0.928367,0.237397,6505.253418
27,0.921929,0.203937,6754.888672
28,0.916120,0.191982,7004.378906
29,0.916008,0.193468,7253.911621
30,0.914598,0.192070,7503.483398
31,0.911184,0.194015,7753.092773
32,0.938692,0.222050,8002.659668
33,0.994876,0.322163,8252.188477
34,0.049434,0.428768,8501.744141
35,0.088188,0.481189,8751.302734
36,0.111186,0.506558,9000.874023
37,0.117464,0.521528,9250.430664
38,0.098545,0.535267,9500.014648
39,0.065187,0.554550,9766.226562
40,0.034088,0.556234,10015.798828
41,0.004482,0.549921,10265.330078
42,0.971872,0.547047,10514.906250
43,0.944427,0.546151,10764.462891
44,0.912659,0.551876,11014.041016
45,0.854199,0.556034,11263.595703
46,0.793472,0.550237,11513.175781
47,0.753458,0.542787,11762.724609
48,0.726716,0.542117,12012.271484
49,0.716970,0.540223,12261.875977
50,0.725918,0.540463,12511.398438
51,0.735576,0.539476,12760.998047
52,0.674306,0.542921,13010.547852
53,0.621096,0.547462,13260.113281
54,0.583278,0.547251,13509.691406
55,0.524288,0.547806,13759.228516
56,0.454586,0.554177,14008.791992
57,0.411905,0.558930,14258.345703
58,0.355721,0.571815,14507.945312
59,0.296820,0.586292,14757.471680
60,0.268187,0.591691,15007.035156
61,0.251148,0.591037,15256.614258
62,0.224435,0.559554,15506.188477
63,0.203370,0.504188,15755.743164
64,0.183952,0.484175,16005.298828
65,0.154501,0.508748,16254.874023
66,0.136250,0.536735,16504.423828
67,0.132289,0.558778,16754.042969
68,0.150679,0.562078,17003.589844
69,0.211149,0.548750,17253.134766
70,0.288370,0.539845,17502.695312
71,0.344799,0.536282,17752.263672
72,0.358620,0.539590,18001.816406
73,0.390414,0.536810,18251.371094
74,0.440517,0.525217,18500.939453
75,0.488240,0.520553,18750.537109
76,0.517579,0.520500,19000.058594
77,0.547517,0.514292,19266.275391
78,0.575600,0.517496,19515.822266
79,0.596858,0.522812,19765.419922
80,0.612892,0.524432,20015.003906
81,0.626644,0.528120,20264.539062
82,0.653751,0.530472,20514.082031
83,0.711147,0.521679,20763.701172
84,0.751565,0.519111,21013.220703
85,0.773466,0.523209,21262.783203
86,0.786585,0.528747,21512.341797
87,0.788977,0.542605,21761.906250
88,0.789238,0.558236,22011.511719
89,0.782977,0.566263,22261.025391
90,0.767186,0.567044,22510.619141
91,0.743462,0.559107,22760.171875
92,0.693837,0.546576,23009.736328
93,0.615144,0.533431,23259.304688
94,0.559742,0.531130,23508.857422
95,0.537441,0.529769,23758.412109
96,0.529390,0.530851,24007.976562
97,0.533743,0.533284,24257.587891
98,0.539601,0.536075,24507.126953
99,0.542641,0.537627,24756.701172
0,0.750157,0.498864,0.009011
1,0.750220,0.498691,266.211792
2,0.759189,0.505735,515.775513
3,0.811868,0.536477,765.276733
4,0.851344,0.556976,1014.885925
5,0.855340,0.562611,1264.460205
6,0.882916,0.536362,1513.998657
7,0.918184,0.489861,1763.586426
8,0.930174,0.428661,2013.187378
9,0.932408,0.347079,2262.657471
10,0.929482,0.262473,2512.223633
11,0.924150,0.209039,2761.798096
12,0.922258,0.169571,3011.419922
13,0.917818,0.148336,3260.934814
14,0.912707,0.144925,3510.567627
15,0.913539,0.143834,3760.077393
16,0.916550,0.141980,4009.660400
17,0.922430,0.142358,4259.177246
18,0.934303,0.156852,4508.742188
19,0.953199,0.214852,4758.362793
20,0.977357,0.303628,5007.882812
21,0.006780,0.369846,5257.471191
22,0.064256,0.398977,5507.079102
23,0.100930,0.419965,5756.652344
24,0.122536,0.432222,6006.123535
25,0.136025,0.434291,6255.754883
26,0.143486,0.441753,6505.284668
27,0.159558,0.486367,6754.822754
28,0.187006,0.545707,7004.415039
29,0.213031,0.579663,7253.954590
30,0.240614,0.610081,7503.515625
31,0.274418,0.616644,7753.090332
32,0.290082,0.611941,8002.665039
33,0.294327,0.625716,8252.212891
34,0.306414,0.671586,8501.792969
35,0.348712,0.687208,8751.325195
36,0.386890,0.682258,9000.908203
37,0.402448,0.633337,9250.456055
38,0.400710,0.569088,9500.037109
39,0.405725,0.503128,9766.250977
40,0.424882,0.503075,10015.830078
41,0.446314,0.532955,10265.398438
42,0.462361,0.556766,10514.938477
43,0.461841,0.567191,10764.491211
44,0.436699,0.579371,11014.049805
45,0.373873,0.571094,11263.618164
46,0.311932,0.537773,11513.175781
47,0.286833,0.525184,11762.738281
48,0.279864,0.523937,12012.292969
49,0.256594,0.516728,12261.874023
50,0.187629,0.506122,12511.436523
51,0.117725,0.512717,12760.997070
52,0.063186,0.513057,13010.570312
53,0.014842,0.507766,13260.123047
54,0.997810,0.517378,13509.684570
55,0.982127,0.559140,13759.244141
56,0.982123,0.628003,14008.842773
57,0.024455,0.737472,14258.373047
58,0.046509,0.779242,14507.970703
59,0.038312,0.731563,14757.512695
60,0.022543,0.593747,15007.103516
61,0.011420,0.446453,15256.653320
62,0.003908,0.282422,15506.194336
63,0.976773,0.201371,15755.761719
64,0.946292,0.151222,16005.323242
65,0.930550,0.143460,16254.897461
66,0.917821,0.135272,16504.466797
67,0.927743,0.184993,16754.037109
68,0.955344,0.345579,17003.601562
69,0.972917,0.457620,17253.193359
70,0.964304,0.474896,17502.730469
71,0.877651,0.471452,17752.283203
72,0.786760,0.478687,18001.855469
73,0.731847,0.492074,18251.388672
74,0.700681,0.492978,18500.966797
75,0.708349,0.509781,18750.531250
76,0.748532,0.548003,19000.136719
77,0.796494,0.574331,19266.320312
78,0.821397,0.594843,19515.869141
79,0.822481,0.599892,19765.412109
80,0.814875,0.599138,20015.041016
81,0.808492,0.602994,20264.554688
82,0.808886,0.608358,20514.126953
83,0.810739,0.615928,20763.685547
84,0.809444,0.612553,21013.244141
85,0.787380,0.583693,21262.828125
86,0.755611,0.547504,21512.361328
87,0.689353,0.521454,21761.960938
88,0.616066,0.514863,22011.503906
89,0.579980,0.538479,22261.089844
90,0.574811,0.571098,22510.621094
91,0.575139,0.584434,22760.222656
92,0.580735,0.581607,23009.759766
93,0.583079,0.544822,23259.333984
94,0.581619,0.520437,23508.892578
95,0.563122,0.527702,23758.480469
96,0.538628,0.526343,24008.050781
97,0.505649,0.501760,24257.589844
98,0.497990,0.484854,24507.132812
99,0.498738,0.481867,24756.708984
0,0.751393,0.501920,0.016203
1,0.752121,0.504972,266.277618
2,0.752148,0.507873,515.761292
3,0.745740,0.509895,765.331726
4,0.705929,0.523368,1014.984863
5,0.667210,0.536327,1264.444458
6,0.639666,0.549032,1514.026978
7,0.613574,0.555786,1763.557861
8,0.597038,0.565427,2013.242676
9,0.572084,0.578288,2262.744385
10,0.545518,0.590728,2512.300293
11,0.525477,0.605138,2761.849121
12,0.515573,0.605032,3011.372559
13,0.522676,0.594942,3261.005859
14,0.535190,0.582372,3510.519043
15,0.565664,0.572469,3760.143311
16,0.642943,0.575401,4009.638428
17,0.717428,0.578057,4259.250488
18,0.765251,0.581618,4508.794434
19,0.806301,0.586121,4758.329590
20,0.824634,0.583492,5007.952148
21,0.846888,0.574422,5257.545898
22,0.880228,0.550737,5507.049316
23,0.902612,0.514394,5756.590332
24,0.917174,0.475187,6006.192871
25,0.923305,0.454611,6255.708984
26,0.946394,0.476868,6505.278809
27,0.980430,0.491363,6754.967773
28,0.004501,0.495183,7004.489746
29,0.023518,0.488787,7254.016113
30,0.040969,0.473819,7503.577637
31,0.052593,0.471835,7753.188477
32,0.062986,0.471976,8002.673828
33,0.078283,0.473529,8252.227539
34,0.094503,0.475634,8501.792969
35,0.105111,0.479306,8751.433594
36,0.096950,0.496539,9000.939453
37,0.081901,0.524951,9250.500977
38,0.074668,0.531383,9500.069336
39,0.067867,0.534787,9766.258789
40,0.062866,0.534621,10015.831055
41,0.060638,0.538022,10265.394531
42,0.063313,0.539182,10514.979492
43,0.069254,0.539311,10764.633789
44,0.084806,0.540421,11014.111328
45,0.108442,0.546461,11263.671875
46,0.124320,0.549385,11513.241211
47,0.134627,0.549078,11762.793945
48,0.130702,0.545310,12012.315430
49,0.100952,0.549188,12261.895508
50,0.059587,0.556332,12511.550781
51,0.020410,0.553944,12761.062500
52,0.989967,0.549779,13010.625000
53,0.970221,0.542364,13260.195312
54,0.935853,0.535575,13509.751953
55,0.893786,0.531997,13759.260742
56,0.854728,0.516633,14008.923828
57,0.819398,0.526730,14258.453125
58,0.795178,0.550163,14508.022461
59,0.768845,0.564388,14757.516602
60,0.741351,0.565054,15007.148438
61,0.719625,0.551176,15256.655273
62,0.707724,0.535172,15506.213867
63,0.704908,0.529066,15755.885742
64,0.698638,0.522822,16005.407227
65,0.683754,0.520485,16254.969727
66,0.685028,0.523432,16504.486328
67,0.694025,0.523354,16754.062500
68,0.702581,0.521159,17003.623047
69,0.710657,0.512164,17253.164062
70,0.714807,0.502326,17502.755859
71,0.714050,0.555405,17752.349609
72,0.706028,0.675148,18001.945312
73,0.697097,0.735739,18251.429688
74,0.690615,0.728597,18501.000000
75,0.648302,0.680850,18750.589844
76,0.593108,0.625019,19000.164062
77,0.567219,0.590594,19266.314453
78,0.556017,0.576519,19515.900391
79,0.553395,0.560477,19765.509766
80,0.557381,0.548001,20015.029297
81,0.562643,0.534995,20264.554688
82,0.579840,0.529389,20514.177734
83,0.601503,0.525072,20763.691406
84,0.617622,0.521701,21013.326172
85,0.629082,0.522441,21262.855469
86,0.652054,0.524686,21512.419922
87,0.676311,0.542836,21761.990234
88,0.683411,0.541647,22011.525391
89,0.686190,0.511473,22261.144531
90,0.686374,0.488176,22510.658203
91,0.685386,0.518764,22760.255859
92,0.685892,0.529075,23009.796875
93,0.691186,0.521095,23259.404297
94,0.700480,0.510687,23508.921875
95,0.713560,0.502532,23758.455078
96,0.730288,0.491039,24008.052734
97,0.746616,0.486836,24257.601562
98,0.759763,0.488639,24507.257812
99,0.779271,0.490490,24756.748047
0,0.750053,0.564009,-0.012698
1,0.750049,0.564143,266.284485
2,0.750149,0.564528,515.782837
3,0.752847,0.567916,765.353821
4,0.779995,0.589155,1014.869751
5,0.795446,0.593990,1264.510254
6,0.793565,0.595314,1514.016846
7,0.785580,0.594043,1763.627686
8,0.777673,0.586455,2013.146851
9,0.765443,0.576676,2262.724365
10,0.753769,0.567833,2512.297119
11,0.732904,0.557069,2761.798340
12,0.712744,0.545665,3011.419678
13,0.696632,0.534222,3260.940674
14,0.683010,0.524552,3510.548584
15,0.672039,0.518529,3760.087158
16,0.664671,0.515135,4009.692871
17,0.664843,0.513909,4259.225098
18,0.659026,0.516651,4508.789551
19,0.635046,0.522247,4758.368652
20,0.608815,0.527978,5007.887695
21,0.593396,0.529673,5257.492188
22,0.588385,0.530776,5507.041504
23,0.588944,0.531700,5756.602539
24,0.587907,0.532449,6006.145508
25,0.584580,0.534847,6255.701660
26,0.578921,0.555467,6505.351562
27,0.542961,0.593209,6754.859863
28,0.495938,0.603922,7004.422363
29,0.476110,0.603070,7253.961914
30,0.468414,0.599568,7503.542969
31,0.468105,0.589716,7753.085449
32,0.471613,0.580872,8002.686523
33,0.471600,0.578971,8252.265625
34,0.472504,0.574692,8501.766602
35,0.472662,0.568155,8751.425781
36,0.469887,0.568185,9000.925781
37,0.450737,0.594125,9250.566406
38,0.412918,0.624415,9500.062500
39,0.377642,0.641528,9766.275391
40,0.351318,0.643326,10015.811523
41,0.337687,0.643728,10265.452148
42,0.333602,0.640624,10515.025391
43,0.327847,0.633608,10764.579102
44,0.298335,0.620937,11014.075195
45,0.270108,0.611688,11263.690430
46,0.248512,0.595036,11513.177734
47,0.225118,0.557376,11762.746094
48,0.211803,0.532003,12012.328125
49,0.211529,0.518719,12261.983398
50,0.220753,0.515453,12511.509766
51,0.235505,0.524999,12761.012695
52,0.257317,0.541503,13010.582031
53,0.247898,0.539374,13260.161133
54,0.205390,0.533595,13509.699219
55,0.154066,0.533032,13759.303711
56,0.120519,0.526344,14008.855469
57,0.096406,0.522943,14258.433594
58,0.064677,0.523018,14507.967773
59,0.033770,0.531376,14757.532227
60,0.014139,0.528675,15007.080078
61,0.991837,0.523026,15256.636719
62,0.971233,0.519447,15506.293945
63,0.962175,0.516240,15755.829102
64,0.966739,0.507164,16005.363281
65,0.977599,0.488269,16254.899414
66,0.985764,0.475301,16504.455078
67,0.994672,0.484488,16754.083984
68,0.009514,0.507396,17003.601562
69,0.013732,0.513691,17253.158203
70,0.012130,0.511597,17502.781250
71,0.010916,0.510204,17752.373047
72,0.004850,0.510247,18001.843750
73,0.968025,0.523214,18251.416016
74,0.905623,0.551488,18501.009766
75,0.859104,0.560303,18750.544922
76,0.829793,0.561911,19000.171875
77,0.814331,0.562968,19266.369141
78,0.805537,0.562798,19515.935547
79,0.806810,0.565721,19765.529297
80,0.809672,0.566246,20015.029297
81,0.810705,0.567647,20264.562500
82,0.813568,0.571503,20514.154297
83,0.819010,0.575183,20763.681641
84,0.826394,0.577943,21013.255859
85,0.834329,0.579734,21262.847656
86,0.843837,0.580046,21512.455078
87,0.856137,0.572084,21761.941406
88,0.867022,0.565300,22011.519531
89,0.888544,0.552837,22261.093750
90,0.906863,0.547582,22510.632812
91,0.923505,0.550171,22760.234375
92,0.940542,0.554815,23009.789062
93,0.951868,0.557292,23259.347656
94,0.960776,0.558546,23508.878906
95,0.965469,0.557886,23758.482422
96,0.972116,0.555364,24008.062500
97,0.974838,0.554291,24257.607422
98,0.980681,0.553150,24507.166016
99,0.985012,0.552484,24756.744141
0,0.750256,0.575508,-0.001055
1,0.750666,0.576166,266.212280
2,0.750793,0.575581,515.791260
3,0.760689,0.551681,765.354919
4,0.826642,0.526483,1014.876099
5,0.856658,0.533937,1264.486694
6,0.855944,0.541987,1514.019653
7,0.853108,0.542712,1763.567871
8,0.855960,0.536469,2013.169312
9,0.897244,0.464022,2262.711670
10,0.901382,0.382406,2512.290527
11,0.902783,0.306827,2761.788574
12,0.897290,0.239162,3011.421875
13,0.888270,0.189322,3260.919922
14,0.888834,0.166233,3510.531982
15,0.889741,0.167875,3760.085205
16,0.888643,0.167032,4009.668457
17,0.890237,0.167853,4259.221680
18,0.889072,0.176449,4508.759277
19,0.887008,0.190164,4758.423340
20,0.883656,0.188308,5007.886230
21,0.882255,0.175305,5257.438477
22,0.901607,0.156243,5507.043945
23,0.926621,0.149853,5756.663574
24,0.950584,0.153440,6006.141602
25,0.984532,0.157294,6255.698730
26,0.010803,0.176877,6505.359375
27,0.984971,0.250774,6754.887207
28,0.974792,0.351594,7004.427734
29,0.975303,0.439829,7253.953125
30,0.000209,0.460661,7503.581055
31,0.057483,0.434081,7753.118652
32,0.078510,0.427211,8002.664062
33,0.055713,0.464608,8252.287109
34,0.042722,0.498297,8501.856445
35,0.048410,0.505431,8751.427734
36,0.087750,0.475959,9000.939453
37,0.121974,0.438109,9250.541992
38,0.138423,0.438433,9500.033203
39,0.153675,0.471984,9766.240234
40,0.172788,0.496356,10015.782227
41,0.177537,0.507182,10265.367188
42,0.179215,0.511378,10515.012695
43,0.182196,0.512705,10764.540039
44,0.200372,0.537328,11014.066406
45,0.226065,0.562801,11263.733398
46,0.258911,0.564274,11513.238281
47,0.289992,0.561830,11762.735352
48,0.310885,0.565412,12012.434570
49,0.328692,0.587713,12261.931641
50,0.335229,0.608345,12511.503906
51,0.324023,0.643221,12761.024414
52,0.316706,0.664909,13010.613281
53,0.309748,0.680236,13260.163086
54,0.299597,0.687435,13509.679688
55,0.290248,0.686470,13759.261719
56,0.285024,0.684918,14008.880859
57,0.284375,0.681691,14258.435547
58,0.284052,0.672572,14507.945312
59,0.284061,0.615306,14757.570312
60,0.275249,0.560889,15007.124023
61,0.259820,0.529232,15256.626953
62,0.238659,0.516218,15506.246094
63,0.202475,0.519763,15755.772461
64,0.154900,0.521937,16005.356445
65,0.105536,0.517659,16254.880859
66,0.068763,0.510834,16504.455078
67,0.037234,0.502799,16754.072266
68,0.014215,0.497779,17003.597656
69,0.003988,0.495735,17253.195312
70,0.974127,0.499014,17502.761719
71,0.934915,0.498169,17752.414062
72,0.897359,0.494082,18001.861328
73,0.867270,0.496848,18251.449219
74,0.828086,0.498467,18501.017578
75,0.794152,0.497436,18750.564453
76,0.775263,0.498784,19000.199219
77,0.761737,0.500924,19266.396484
78,0.745727,0.501759,19515.998047
79,0.726878,0.498277,19765.542969
80,0.709564,0.491185,20015.033203
81,0.691368,0.474100,20264.570312
82,0.677605,0.465046,20514.132812
83,0.662350,0.472357,20763.666016
84,0.642393,0.480557,21013.310547
85,0.626648,0.487345,21262.892578
86,0.617176,0.491210,21512.431641
87,0.607558,0.494309,21761.941406
88,0.597531,0.495324,22011.576172
89,0.591025,0.496713,22261.083984
90,0.570141,0.505355,22510.623047
91,0.559786,0.503978,22760.212891
92,0.552074,0.502793,23009.781250
93,0.536317,0.509439,23259.386719
94,0.528907,0.508135,23508.865234
95,0.523554,0.507530,23758.546875
96,0.517704,0.506309,24008.044922
97,0.506258,0.511572,24257.576172
98,0.475068,0.540300,24507.242188
99,0.451710,0.565005,24756.769531
0,0.749707,0.589329,-0.039374
1,0.749086,0.586658,266.222626
2,0.747735,0.579557,515.719177
3,0.726057,0.563254,765.256226
4,0.656083,0.542415,1014.848938
5,0.603239,0.547794,1264.375977
6,0.585221,0.587160,1513.983154
7,0.586118,0.590823,1763.563477
8,0.596851,0.572634,2013.124023
9,0.574127,0.576229,2262.649414
10,0.533821,0.583492,2512.261963
11,0.525526,0.566160,2761.801758
12,0.525368,0.547176,3011.326416
13,0.528440,0.534415,3260.970947
14,0.578020,0.523592,3510.447266
15,0.654108,0.497568,3760.055908
16,0.686884,0.483341,4009.588135
17,0.701045,0.483813,4259.174316
18,0.724593,0.513446,4508.761719
19,0.765372,0.530982,4758.269531
20,0.799444,0.542351,5007.878906
21,0.825850,0.556060,5257.407715
22,0.847043,0.554484,5506.977539
23,0.897763,0.522687,5756.587891
24,0.940541,0.473054,6006.197754
25,0.954106,0.411883,6255.671387
26,0.945054,0.331971,6505.225098
27,0.927463,0.264613,6754.869141
28,0.902811,0.208888,7004.477539
29,0.885988,0.183880,7253.949707
30,0.892565,0.176015,7503.485840
31,0.893763,0.156751,7753.091797
32,0.894434,0.140294,8002.598633
33,0.895673,0.141963,8252.195312
34,0.916044,0.159065,8501.736328
35,0.940440,0.189310,8751.392578
36,0.955061,0.207535,9000.893555
37,0.975061,0.249782,9250.459961
38,0.033268,0.356745,9500.036133
39,0.098338,0.426715,9766.256836
40,0.138098,0.427225,10015.756836
41,0.153856,0.430606,10265.335938
42,0.155732,0.434255,10514.912109
43,0.157653,0.443943,10764.485352
44,0.156145,0.447953,11014.052734
45,0.152019,0.449188,11263.605469
46,0.147878,0.453939,11513.230469
47,0.137230,0.462166,11762.771484
48,0.105398,0.477803,12012.282227
49,0.086594,0.490845,12261.865234
50,0.079379,0.500774,12511.481445
51,0.084499,0.510996,12760.988281
52,0.095432,0.516974,13010.514648
53,0.096494,0.516416,13260.164062
54,0.092479,0.516763,13509.676758
55,0.065727,0.521868,13759.204102
56,0.035436,0.525000,14008.868164
57,0.015207,0.526647,14258.441406
58,0.006256,0.534097,14507.898438
59,0.994866,0.543699,14757.463867
60,0.968706,0.548418,15007.078125
61,0.911755,0.554821,15256.657227
62,0.862853,0.564137,15506.190430
63,0.842004,0.570856,15755.810547
64,0.835141,0.565325,16005.361328
65,0.825857,0.564343,16254.881836
66,0.799943,0.556176,16504.416016
67,0.779935,0.551903,16753.980469
68,0.763065,0.553413,17003.593750
69,0.737224,0.553809,17253.107422
70,0.707750,0.543254,17502.710938
71,0.672338,0.524691,17752.322266
72,0.652489,0.508945,18001.851562
73,0.650511,0.506868,18251.378906
74,0.620900,0.510843,18500.978516
75,0.588690,0.519779,18750.494141
76,0.564357,0.530562,19000.119141
77,0.541107,0.532967,19266.265625
78,0.519204,0.529863,19515.841797
79,0.491944,0.524825,19765.380859
80,0.470512,0.557020,20014.984375
81,0.457503,0.607721,20264.498047
82,0.436991,0.637907,20514.144531
83,0.411477,0.639671,20763.718750
84,0.403724,0.626974,21013.195312
85,0.398054,0.610368,21262.857422
86,0.410708,0.589230,21512.384766
87,0.442407,0.575213,21761.941406
88,0.472341,0.554871,22011.458984
89,0.485008,0.541978,22261.054688
90,0.493768,0.536012,22510.642578
91,0.496328,0.534704,22760.189453
92,0.492477,0.536899,23009.748047
93,0.476973,0.536945,23259.271484
94,0.452347,0.530576,23508.873047
95,0.447057,0.530884,23758.400391
96,0.432294,0.530131,24008.058594
97,0.405615,0.521034,24257.531250
98,0.411271,0.512844,24507.113281
99,0.449907,0.484167,24756.683594
0,0.749880,0.460921,-0.019500
1,0.750017,0.462423,266.249542
2,0.750539,0.464100,515.745239
3,0.749723,0.466033,765.348511
4,0.735025,0.465607,1014.860046
5,0.696050,0.465834,1264.464478
6,0.669659,0.468110,1514.093628
7,0.656716,0.473951,1763.664307
8,0.640390,0.480472,2013.132446
9,0.620611,0.484712,2262.708984
10,0.590655,0.489873,2512.372803
11,0.559406,0.492026,2761.850830
12,0.540394,0.484968,3011.416992
13,0.519955,0.478349,3260.985107
14,0.505693,0.471267,3510.533447
15,0.487287,0.467516,3760.115967
16,0.472065,0.491963,4009.649170
17,0.472018,0.546303,4259.269531
18,0.472147,0.571905,4508.796387
19,0.487579,0.565757,4758.366211
20,0.559766,0.527108,5007.931641
21,0.653804,0.501002,5257.581543
22,0.731612,0.485337,5507.009766
23,0.781390,0.484685,5756.601562
24,0.825057,0.494269,6006.255371
25,0.848017,0.490929,6255.807617
26,0.876343,0.491152,6505.324219
27,0.910376,0.497843,6754.877441
28,0.947545,0.495884,7004.501953
29,0.980407,0.487400,7254.001465
30,0.013739,0.480375,7503.537598
31,0.043187,0.474119,7753.088379
32,0.076714,0.470043,8002.766602
33,0.109496,0.468294,8252.231445
34,0.143289,0.469031,8501.833984
35,0.175015,0.470168,8751.423828
36,0.203713,0.471586,9000.943359
37,0.225124,0.472329,9250.503906
38,0.243677,0.476423,9500.144531
39,0.254888,0.482047,9766.239258
40,0.262011,0.493915,10015.914062
41,0.265614,0.558984,10265.414062
42,0.273753,0.626307,10515.037109
43,0.288430,0.659700,10764.585938
44,0.313254,0.666835,11014.122070
45,0.340869,0.653330,11263.613281
46,0.376031,0.637850,11513.270508
47,0.378097,0.635779,11762.870117
48,0.273072,0.602386,12012.358398
49,0.145694,0.507571,12261.902344
50,0.083481,0.458419,12511.440430
51,0.020329,0.454298,12761.010742
52,0.974867,0.446127,13010.561523
53,0.930943,0.444142,13260.216797
54,0.881574,0.443585,13509.760742
55,0.838471,0.446329,13759.347656
56,0.805295,0.441184,14008.854492
57,0.780566,0.443219,14258.399414
58,0.749066,0.444294,14507.995117
59,0.712455,0.444104,14757.513672
60,0.674905,0.444147,15007.161133
61,0.637497,0.445582,15256.690430
62,0.594994,0.447320,15506.257812
63,0.548339,0.457057,15755.761719
64,0.517135,0.461541,16005.415039
65,0.492725,0.469903,16254.991211
66,0.488749,0.484367,16504.460938
67,0.496494,0.506579,16754.042969
68,0.473345,0.535741,17003.595703
69,0.433547,0.569648,17253.226562
70,0.384339,0.592752,17502.714844
71,0.338599,0.611976,17752.386719
72,0.303934,0.614812,18001.929688
73,0.284860,0.599371,18251.431641
74,0.292903,0.560725,18501.087891
75,0.316582,0.505201,18750.580078
76,0.365500,0.476394,19000.093750
77,0.451021,0.489611,19266.351562
78,0.481244,0.506369,19515.884766
79,0.483999,0.511070,19765.511719
80,0.481474,0.515826,20014.996094
81,0.463450,0.522407,20264.552734
82,0.441157,0.523959,20514.189453
83,0.411245,0.525445,20763.701172
84,0.376554,0.533501,21013.298828
85,0.367397,0.527087,21262.847656
86,0.351916,0.517057,21512.425781
87,0.349680,0.521057,21762.017578
88,0.345313,0.502280,22011.550781
89,0.354555,0.487333,22261.125000
90,0.360886,0.489771,22510.667969
91,0.361309,0.503986,22760.263672
92,0.362423,0.510258,23009.771484
93,0.365162,0.505098,23259.414062
94,0.367141,0.503332,23508.892578
95,0.366627,0.504084,23758.515625
96,0.367402,0.504048,24008.058594
97,0.367338,0.504906,24257.640625
98,0.367396,0.504982,24507.191406
99,0.367654,0.504852,24756.705078
0,0.749173,0.553444,-0.003087
1,0.749428,0.552780,266.269775
2,0.751083,0.536212,515.817322
3,0.754549,0.516294,765.366394
4,0.736154,0.484079,1014.928650
5,0.680891,0.458686,1264.559448
6,0.640997,0.458127,1514.093262
7,0.609022,0.473147,1763.574829
8,0.584223,0.496226,2013.262695
9,0.560787,0.522996,2262.729248
10,0.542340,0.515424,2512.304688
11,0.513601,0.510223,2761.896973
12,0.495427,0.534410,3011.520996
13,0.487510,0.584387,3260.991699
14,0.468990,0.647332,3510.572510
15,0.438560,0.710816,3760.146240
16,0.403352,0.707697,4009.672607
17,0.342713,0.679879,4259.230469
18,0.304741,0.634926,4508.868164
19,0.314854,0.633941,4758.483887
20,0.346835,0.652425,5008.071289
21,0.376943,0.650976,5257.510254
22,0.411086,0.621023,5507.097168
23,0.441727,0.589011,5756.642578
24,0.473893,0.543359,6006.203125
25,0.493485,0.511289,6255.734375
26,0.496701,0.481169,6505.371582
27,0.506820,0.453764,6754.856934
28,0.512052,0.444389,7004.446289
29,0.525412,0.438228,7254.067871
30,0.538025,0.440752,7503.623047
31,0.554015,0.440484,7753.120117
32,0.584094,0.401747,8002.787109
33,0.621635,0.348782,8252.288086
34,0.681476,0.280881,8501.818359
35,0.730288,0.238120,8751.374023
36,0.763528,0.201584,9000.979492
37,0.793112,0.158530,9250.510742
38,0.823941,0.115281,9500.068359
39,0.814031,0.086302,9766.291016
40,0.815803,0.090364,10015.934570
41,0.858312,0.099353,10265.476562
42,0.914434,0.170835,10515.006836
43,0.934715,0.276359,10764.535156
44,0.941570,0.355321,11014.116211
45,0.950652,0.426633,11263.752930
46,0.956629,0.478197,11513.282227
47,0.989283,0.461846,11762.898438
48,0.059421,0.418236,12012.404297
49,0.105410,0.401378,12261.966797
50,0.140332,0.406880,12511.464844
51,0.164621,0.422340,12761.072266
52,0.193946,0.479125,13010.669922
53,0.240126,0.557178,13260.171875
54,0.262583,0.593158,13509.775391
55,0.257899,0.587180,13759.376953
56,0.231960,0.534646,14008.898438
57,0.214674,0.456157,14258.433594
58,0.197628,0.422212,14508.075195
59,0.217628,0.450439,14757.602539
60,0.249906,0.496724,15007.166992
61,0.251158,0.492678,15256.701172
62,0.232811,0.468778,15506.275391
63,0.189962,0.445946,15755.844727
64,0.150691,0.439952,16005.361328
65,0.110425,0.442432,16255.046875
66,0.067388,0.438407,16504.519531
67,0.024832,0.417883,16754.074219
68,0.991204,0.367528,17003.714844
69,0.971042,0.306281,17253.265625
70,0.958166,0.246720,17502.802734
71,0.945672,0.196918,17752.333984
72,0.936050,0.149172,18001.955078
73,0.918155,0.111363,18251.519531
74,0.909000,0.097045,18501.093750
75,0.908707,0.098865,18750.595703
76,0.909781,0.108865,19000.228516
77,0.910594,0.127849,19266.417969
78,0.928062,0.205825,19515.943359
79,0.934780,0.314291,19765.474609
80,0.949219,0.424041,20015.113281
81,0.956530,0.503410,20264.707031
82,0.966742,0.524934,20514.199219
83,0.987421,0.523602,20763.753906
84,0.003304,0.523315,21013.359375
85,0.003699,0.524470,21262.890625
86,0.971897,0.526200,21512.417969
87,0.915398,0.520581,21762.033203
88,0.864289,0.526949,22011.533203
89,0.819571,0.522732,22261.216797
90,0.789967,0.520756,22510.673828
91,0.793734,0.525694,22760.333984
92,0.814936,0.545611,23009.859375
93,0.798342,0.543943,23259.380859
94,0.749592,0.515112,23509.037109
95,0.699720,0.480757,23758.496094
96,0.658985,0.459577,24008.156250
97,0.641406,0.459746,24257.611328
98,0.666758,0.465945,24507.287109
99,0.678820,0.463990,24756.822266
0,0.749618,0.447874,0.061612
1,0.750022,0.452573,266.327423
2,0.744013,0.457289,515.857422
3,0.730941,0.449460,765.457458
4,0.722937,0.450594,1014.976013
5,0.723533,0.453798,1264.597534
6,0.724634,0.456320,1514.158569
7,0.724593,0.458784,1763.757202
8,0.719518,0.459045,2013.286011
9,0.704618,0.461104,2262.797119
10,0.683263,0.469210,2512.422607
11,0.657696,0.484849,2761.954834
12,0.639939,0.493395,3011.500244
13,0.633089,0.489772,3261.135986
14,0.631068,0.488617,3510.705811
15,0.633174,0.487702,3760.223145
16,0.642960,0.485688,4009.715332
17,0.660816,0.480307,4259.361328
18,0.681397,0.474302,4508.891113
19,0.706593,0.466255,4758.407715
20,0.753238,0.437454,5008.043457
21,0.802394,0.412311,5257.607422
22,0.834400,0.394360,5507.191895
23,0.854403,0.373235,5756.681641
24,0.863101,0.354166,6006.283691
25,0.858310,0.336534,6255.838867
26,0.866067,0.332548,6505.369629
27,0.900968,0.305488,6754.990723
28,0.915372,0.271047,7004.584961
29,0.904944,0.254678,7254.110352
30,0.896949,0.235291,7503.629883
31,0.891935,0.211222,7753.220215
32,0.886135,0.210296,8002.840820
33,0.887048,0.218822,8252.398438
34,0.894143,0.241453,8501.977539
35,0.898858,0.268695,8751.488281
36,0.909539,0.307151,9001.041016
37,0.907212,0.387836,9250.578125
38,0.903798,0.433952,9500.154297
39,0.908345,0.421307,9766.416016
40,0.925282,0.425533,10015.933594
41,0.942529,0.428790,10265.499023
42,0.958950,0.432331,10515.041016
43,0.977238,0.434673,10764.592773
44,0.014701,0.427642,11014.210938
45,0.046499,0.415432,11263.701172
46,0.068099,0.408262,11513.370117
47,0.083107,0.406141,11762.889648
48,0.094469,0.416595,12012.443359
49,0.098120,0.429548,12261.987305
50,0.094908,0.432991,12511.613281
51,0.089971,0.434892,12761.147461
52,0.084628,0.436608,13010.654297
53,0.083704,0.438783,13260.352539
54,0.082346,0.440454,13509.833984
55,0.082002,0.441954,13759.400391
56,0.083207,0.443026,14008.931641
57,0.084334,0.444271,14258.509766
58,0.084031,0.444997,14508.082031
59,0.084171,0.446243,14757.622070
60,0.084433,0.447295,15007.289062
61,0.083718,0.447302,15256.771484
62,0.083882,0.448042,15506.310547
63,0.084080,0.448527,15755.875977
64,0.083942,0.448398,16005.506836
65,0.083378,0.448516,16254.996094
66,0.079056,0.447512,16504.597656
67,0.064423,0.449818,16754.162109
68,0.013441,0.458031,17003.812500
69,0.960950,0.460588,17253.349609
70,0.934523,0.464324,17502.818359
71,0.930691,0.467069,17752.484375
72,0.925005,0.468412,18001.941406
73,0.917543,0.464728,18251.548828
74,0.909337,0.460872,18501.066406
75,0.900056,0.460811,18750.697266
76,0.886693,0.469192,19000.232422
77,0.853400,0.494905,19266.505859
78,0.834219,0.485013,19515.978516
79,0.825155,0.476954,19765.589844
80,0.832303,0.478119,20015.087891
81,0.838389,0.477736,20264.703125
82,0.842000,0.479300,20514.271484
83,0.843813,0.480797,20763.833984
84,0.844508,0.482133,21013.396484
85,0.844711,0.482890,21262.912109
86,0.844517,0.483548,21512.523438
87,0.844555,0.483752,21762.019531
88,0.844140,0.484482,22011.636719
89,0.843246,0.484757,22261.195312
90,0.839906,0.484929,22510.781250
91,0.831357,0.484198,22760.312500
92,0.819762,0.481637,23009.869141
93,0.802947,0.479989,23259.474609
94,0.784768,0.478211,23508.986328
95,0.766200,0.475682,23758.582031
96,0.749043,0.474418,24008.171875
97,0.724888,0.472345,24257.730469
98,0.701294,0.463061,24507.269531
99,0.690383,0.459746,24756.792969
0,0.762755,0.438954,-0.069558
1,0.767729,0.459829,266.124420
2,0.773257,0.517196,515.692810
3,0.782693,0.587181,765.253906
4,0.778966,0.612338,1014.762451
5,0.684102,0.602322,1264.364868
6,0.584284,0.582027,1513.893921
7,0.549790,0.592239,1763.477661
8,0.505879,0.614459,2013.080933
9,0.491601,0.623137,2262.636475
10,0.483021,0.607669,2512.154785
11,0.479941,0.581537,2761.712158
12,0.493638,0.539788,3011.376465
13,0.515382,0.503795,3260.836670
14,0.611845,0.503335,3510.441406
15,0.749767,0.522580,3760.042969
16,0.837598,0.557110,4009.642090
17,0.904992,0.570133,4259.150879
18,0.934177,0.542317,4508.664551
19,0.946312,0.480380,4758.278320
20,0.946970,0.395725,5007.840820
21,0.934239,0.319687,5257.400391
22,0.903588,0.260318,5506.922363
23,0.872354,0.213652,5756.552246
24,0.829431,0.168263,6006.042969
25,0.795719,0.111559,6255.614746
26,0.788051,0.098106,6505.199707
27,0.804073,0.119014,6754.820801
28,0.828110,0.191618,7004.394531
29,0.870421,0.265305,7253.906738
30,0.917576,0.358078,7503.488770
31,0.950478,0.444908,7752.987305
32,0.970161,0.489201,8002.562012
33,0.971238,0.472609,8252.166016
34,0.981995,0.469681,8501.775391
35,0.035545,0.477283,8751.250000
36,0.097728,0.486492,9000.853516
37,0.139588,0.480224,9250.453125
38,0.162187,0.489336,9516.625000
39,0.181890,0.545994,9766.133789
40,0.203200,0.630484,10015.713867
41,0.231572,0.688875,10265.287109
42,0.258708,0.717990,10514.908203
43,0.290034,0.729511,10764.413086
44,0.308319,0.735648,11013.992188
45,0.302190,0.756146,11263.596680
46,0.265199,0.791997,11513.107422
47,0.212883,0.808449,11762.648438
48,0.096876,0.840167,12012.245117
49,0.978844,0.889370,12261.798828
50,0.881195,0.918978,12511.408203
51,0.809206,0.897612,12760.902344
52,0.826221,0.845954,13010.536133
53,0.877648,0.683997,13260.068359
54,0.912069,0.569201,13509.605469
55,0.941834,0.518710,13759.274414
56,0.987735,0.536132,14008.770508
57,0.982574,0.549593,14258.331055
58,0.967435,0.553536,14507.853516
59,0.949730,0.554658,14757.489258
60,0.926710,0.554718,15007.010742
61,0.819767,0.525560,15256.541016
62,0.662097,0.491904,15506.158203
63,0.565104,0.547868,15755.666992
64,0.551131,0.563347,16005.322266
65,0.549791,0.534988,16254.840820
66,0.548371,0.512318,16504.363281
67,0.548172,0.503326,16753.970703
68,0.547358,0.510993,17003.490234
69,0.549334,0.517775,17253.093750
70,0.552646,0.516531,17502.609375
71,0.559140,0.511317,17752.216797
72,0.566528,0.510101,18001.742188
73,0.570809,0.517477,18251.333984
74,0.575865,0.521576,18500.921875
75,0.581396,0.520000,18750.451172
76,0.588463,0.517693,19000.044922
77,0.590566,0.518570,19266.269531
78,0.583483,0.524008,19515.806641
79,0.569506,0.543601,19765.339844
80,0.559500,0.573860,20014.888672
81,0.551281,0.596447,20264.503906
82,0.544187,0.609833,20514.078125
83,0.540753,0.622806,20763.580078
84,0.539297,0.634293,21013.187500
85,0.530990,0.638640,21262.708984
86,0.513274,0.645242,21512.318359
87,0.493906,0.642326,21761.855469
88,0.475254,0.638847,22011.458984
89,0.465769,0.638580,22261.062500
90,0.469057,0.638057,22510.630859
91,0.476965,0.642345,22760.142578
92,0.489536,0.647033,23009.732422
93,0.503894,0.671726,23259.259766
94,0.505479,0.682959,23508.781250
95,0.505567,0.687447,23758.390625
96,0.506872,0.691276,24007.943359
97,0.524179,0.727027,24257.525391
98,0.541317,0.777957,24507.078125
99,0.537786,0.802631,24756.703125
0,0.747445,0.526912,0.005054
1,0.745992,0.531430,266.298737
2,0.747408,0.533317,515.870361
3,0.747759,0.536136,765.349304
4,0.719089,0.549047,1014.894226
5,0.666102,0.573436,1264.508423
6,0.629063,0.578126,1514.041260
7,0.603979,0.576981,1763.578613
8,0.578683,0.574981,2013.182495
9,0.555001,0.575156,2262.734375
10,0.530963,0.576501,2512.267334
11,0.515097,0.576751,2761.891602
12,0.511623,0.575336,3011.439697
13,0.538736,0.587921,3260.971924
14,0.559647,0.595030,3510.609375
15,0.562075,0.597003,3760.135010
16,0.564122,0.598353,4009.701172
17,0.565590,0.600783,4259.215332
18,0.568962,0.597109,4508.785645
19,0.590877,0.541088,4758.356445
20,0.607708,0.501482,5007.924316
21,0.595667,0.501584,5257.545410
22,0.556620,0.518825,5507.074219
23,0.512587,0.536581,5756.719727
24,0.472295,0.590885,6006.163574
25,0.450751,0.650243,6255.753906
26,0.439419,0.676876,6505.307617
27,0.427795,0.692876,6754.856934
28,0.411741,0.702166,7004.469727
29,0.365289,0.681896,7254.091309
30,0.315911,0.641874,7503.593262
31,0.294100,0.616126,7753.120605
32,0.285029,0.604034,8002.715820
33,0.258723,0.582959,8252.271484
34,0.234126,0.553126,8501.875000
35,0.218547,0.519020,8751.400391
36,0.204925,0.498797,9001.032227
37,0.204048,0.500277,9250.543945
38,0.208457,0.504390,9500.065430
39,0.220017,0.508415,9766.276367
40,0.247095,0.525601,10015.875000
41,0.274908,0.526229,10265.423828
42,0.299547,0.530937,10514.965820
43,0.329737,0.537224,10764.559570
44,0.359909,0.537898,11014.082031
45,0.401141,0.534714,11263.685547
46,0.464299,0.523885,11513.224609
47,0.521167,0.503359,11762.815430
48,0.567419,0.494146,12012.421875
49,0.595119,0.470005,12261.977539
50,0.615545,0.454423,12511.504883
51,0.685579,0.455357,12761.035156
52,0.770210,0.459170,13010.636719
53,0.844894,0.468293,13260.162109
54,0.911335,0.481448,13509.771484
55,0.958281,0.490133,13759.322266
56,0.979357,0.486103,14008.977539
57,0.987490,0.486792,14258.441406
58,0.997389,0.491307,14508.097656
59,0.993248,0.460499,14757.581055
60,0.973723,0.350149,15007.126953
61,0.957927,0.289904,15256.705078
62,0.943301,0.252004,15506.271484
63,0.939867,0.231752,15755.853516
64,0.939565,0.222931,16005.358398
65,0.943165,0.228281,16254.970703
66,0.953328,0.253742,16504.539062
67,0.963695,0.321337,16754.082031
68,0.977495,0.429017,17003.662109
69,0.996497,0.497880,17253.207031
70,0.008109,0.527100,17502.851562
71,0.018810,0.550283,17752.302734
72,0.041020,0.554828,18001.908203
73,0.065340,0.554485,18251.458984
74,0.076668,0.548159,18501.031250
75,0.089358,0.538891,18750.625000
76,0.101166,0.524395,19000.162109
77,0.107593,0.518970,19266.388672
78,0.108910,0.517929,19515.892578
79,0.111084,0.513589,19765.466797
80,0.119443,0.515620,20015.095703
81,0.123690,0.518584,20264.597656
82,0.122147,0.520038,20514.183594
83,0.093411,0.520249,20763.748047
84,0.054448,0.520801,21013.361328
85,0.039844,0.522444,21279.482422
86,0.020321,0.523051,21512.447266
87,0.996351,0.523927,21762.082031
88,0.969692,0.525016,22011.546875
89,0.944086,0.526105,22261.128906
90,0.911825,0.524735,22510.716797
91,0.875757,0.521924,22760.259766
92,0.837366,0.518841,23009.824219
93,0.809273,0.521365,23259.369141
94,0.789588,0.522492,23509.000000
95,0.781446,0.523123,23758.490234
96,0.772578,0.522951,24008.044922
97,0.768891,0.510953,24257.654297
98,0.765552,0.498062,24507.226562
99,0.763954,0.486206,24756.775391
0,0.749715,0.561118,-0.058479
1,0.749688,0.562426,266.255737
2,0.749988,0.563460,515.758728
3,0.750093,0.563559,765.260254
4,0.748271,0.564037,1014.866821
5,0.717240,0.560169,1264.390869
6,0.660358,0.542833,1513.974243
7,0.626726,0.531196,1763.585205
8,0.613972,0.530856,2013.209351
9,0.610892,0.536204,2262.711914
10,0.614447,0.539219,2512.233398
11,0.631906,0.552300,2761.828857
12,0.704805,0.591433,3011.367920
13,0.781128,0.628098,3260.898438
14,0.828435,0.639484,3510.466064
15,0.862980,0.603888,3760.165527
16,0.899696,0.516238,4009.608643
17,0.925368,0.437485,4259.192383
18,0.927328,0.361982,4508.780273
19,0.909776,0.296334,4758.332520
20,0.893733,0.239285,5007.885742
21,0.883078,0.206707,5257.511719
22,0.876574,0.190267,5507.128418
23,0.873096,0.191639,5756.598145
24,0.875459,0.209992,6006.136230
25,0.890148,0.280583,6255.710938
26,0.921131,0.355757,6505.327637
27,0.962522,0.384986,6754.800781
28,0.998326,0.409527,7004.429688
29,0.031263,0.424685,7254.000977
30,0.073487,0.409308,7503.587402
31,0.107797,0.429697,7753.079102
32,0.126260,0.442486,8002.676758
33,0.132502,0.447889,8252.292969
34,0.120955,0.458032,8501.789062
35,0.089702,0.466269,8751.363281
36,0.075701,0.467781,9000.964844
37,0.064040,0.482963,9250.474609
38,0.034004,0.485742,9500.014648
39,0.021741,0.483804,9766.209961
40,0.001673,0.479668,10015.823242
41,0.963865,0.475288,10265.392578
42,0.936352,0.482880,10514.895508
43,0.896544,0.480636,10764.567383
44,0.857769,0.477231,11014.068359
45,0.831894,0.489829,11263.609375
46,0.811445,0.499005,11513.195312
47,0.809161,0.503219,11762.814453
48,0.819570,0.500792,12012.291016
49,0.825719,0.507362,12261.882812
50,0.819561,0.505416,12511.448242
51,0.770581,0.492339,12761.002930
52,0.727721,0.485140,13010.600586
53,0.699912,0.486581,13260.127930
54,0.681788,0.484317,13509.750000
55,0.663739,0.486818,13759.340820
56,0.630554,0.487149,14008.862305
57,0.598811,0.504331,14258.362305
58,0.566154,0.520151,14507.982422
59,0.521139,0.520455,14757.514648
60,0.499237,0.525031,15007.038086
61,0.486676,0.541750,15256.627930
62,0.481371,0.557413,15506.217773
63,0.485321,0.544853,15755.788086
64,0.489878,0.509611,16005.299805
65,0.485517,0.494720,16254.919922
66,0.446549,0.500453,16504.498047
67,0.396345,0.518810,16754.025391
68,0.363156,0.535058,17003.597656
69,0.345787,0.547006,17253.138672
70,0.354595,0.554976,17502.763672
71,0.395654,0.613246,17752.294922
72,0.439959,0.676879,18001.861328
73,0.484207,0.701603,18251.406250
74,0.520723,0.695434,18501.011719
75,0.535869,0.730402,18750.630859
76,0.560755,0.763197,19000.136719
77,0.583708,0.773696,19266.380859
78,0.615997,0.709256,19515.933594
79,0.650127,0.648782,19765.400391
80,0.660798,0.564932,20015.105469
81,0.662490,0.537051,20264.535156
82,0.646152,0.529328,20514.160156
83,0.606133,0.533112,20763.732422
84,0.548226,0.526803,21013.273438
85,0.492016,0.508577,21262.904297
86,0.476535,0.503458,21512.363281
87,0.478828,0.475404,21761.976562
88,0.479178,0.444147,22011.472656
89,0.456267,0.451430,22261.101562
90,0.414808,0.463549,22510.648438
91,0.384931,0.467424,22760.240234
92,0.353543,0.487526,23009.810547
93,0.334139,0.503900,23259.308594
94,0.320723,0.521547,23508.968750
95,0.310553,0.538501,23758.455078
96,0.310627,0.547020,24007.986328
97,0.320161,0.550652,24257.619141
98,0.322459,0.553135,24507.169922
99,0.315501,0.541421,24756.669922
0,0.748354,0.474653,-0.011510
1,0.747757,0.478673,266.213257
2,0.753147,0.490388,515.749695
3,0.773004,0.506521,765.306091
4,0.807831,0.511926,1014.868896
5,0.847260,0.470751,1264.432007
6,0.890568,0.461692,1514.010376
7,0.915304,0.443627,1763.599609
8,0.922927,0.413687,2013.155640
9,0.909759,0.354756,2262.673340
10,0.878238,0.290927,2512.258545
11,0.868721,0.263463,2761.804199
12,0.862132,0.249717,3011.396729
13,0.861829,0.246527,3260.936768
14,0.862621,0.247792,3510.507080
15,0.862405,0.249732,3760.087158
16,0.862912,0.252112,4009.635498
17,0.862870,0.255299,4259.211914
18,0.862968,0.258652,4508.803711
19,0.863618,0.261980,4758.347168
20,0.870093,0.270080,5007.876953
21,0.912806,0.317669,5257.459473
22,0.947400,0.415727,5507.003418
23,0.976391,0.480458,5756.569824
24,0.005371,0.498038,6006.136719
25,0.020577,0.497175,6255.721191
26,0.033796,0.497045,6505.278809
27,0.059240,0.490683,6754.833984
28,0.089425,0.476919,7004.437500
29,0.106634,0.462046,7253.963867
30,0.120701,0.457675,7503.524902
31,0.083947,0.476920,7753.075195
32,0.033854,0.491185,8002.667480
33,0.030975,0.491650,8252.209961
34,0.027407,0.492827,8501.803711
35,0.996830,0.493239,8751.342773
36,0.889899,0.514197,9000.929688
37,0.811828,0.526426,9250.474609
38,0.760461,0.522323,9500.040039
39,0.671962,0.517503,9766.225586
40,0.624785,0.515935,10015.813477
41,0.564349,0.525360,10282.006836
42,0.519055,0.536773,10514.949219
43,0.501357,0.538243,10764.481445
44,0.487286,0.539091,11014.048828
45,0.476156,0.548017,11263.613281
46,0.473043,0.570096,11513.182617
47,0.465586,0.602620,11762.754883
48,0.456173,0.641123,12012.293945
49,0.434088,0.653792,12261.886719
50,0.407914,0.646110,12511.446289
51,0.405782,0.635727,12761.010742
52,0.396864,0.628014,13010.567383
53,0.378779,0.620983,13260.144531
54,0.368153,0.623791,13509.699219
55,0.356129,0.577456,13759.271484
56,0.356459,0.503886,14008.839844
57,0.359167,0.497111,14258.390625
58,0.369695,0.505259,14507.966797
59,0.370089,0.538088,14757.512695
60,0.362842,0.582255,15007.068359
61,0.351518,0.605657,15256.637695
62,0.353652,0.626014,15506.201172
63,0.368523,0.625517,15755.772461
64,0.399045,0.599115,16005.369141
65,0.446886,0.534646,16254.914062
66,0.502521,0.472306,16504.476562
67,0.526290,0.439118,16754.050781
68,0.533436,0.403217,17003.583984
69,0.549186,0.394807,17253.187500
70,0.579324,0.395855,17502.722656
71,0.645624,0.378745,17752.285156
72,0.686583,0.324713,18001.867188
73,0.693181,0.285737,18251.408203
74,0.691297,0.242595,18500.972656
75,0.688571,0.212297,18750.546875
76,0.689750,0.207663,19000.119141
77,0.688080,0.215922,19266.357422
78,0.670749,0.250979,19515.886719
79,0.674137,0.354161,19765.437500
80,0.650407,0.450075,20015.021484
81,0.653026,0.484802,20264.570312
82,0.634339,0.543551,20514.119141
83,0.588986,0.590690,20763.681641
84,0.580488,0.601174,21013.257812
85,0.602181,0.604073,21262.820312
86,0.646607,0.600310,21512.373047
87,0.700457,0.600777,21761.947266
88,0.750393,0.622008,22011.517578
89,0.770975,0.615192,22261.066406
90,0.762350,0.599649,22510.626953
91,0.759554,0.597925,22760.214844
92,0.745200,0.589509,23009.746094
93,0.721487,0.572837,23259.345703
94,0.710920,0.568813,23508.902344
95,0.711050,0.565535,23758.460938
96,0.709642,0.499567,24008.019531
97,0.706151,0.456798,24257.613281
98,0.699794,0.448949,24507.154297
99,0.687836,0.452034,24756.701172
0,0.749780,0.578344,-0.009189
1,0.749600,0.578346,266.179230
2,0.749293,0.578508,515.718262
3,0.755457,0.585479,765.275574
4,0.788418,0.604728,1014.873535
5,0.814416,0.607957,1264.390015
6,0.837964,0.591073,1514.017700
7,0.874471,0.552828,1763.592773
8,0.896718,0.494496,2013.110840
9,0.897672,0.415358,2262.647461
10,0.883230,0.337768,2512.260742
11,0.814743,0.283908,2761.764648
12,0.772470,0.245340,3011.334473
13,0.760861,0.216929,3260.974121
14,0.771636,0.189924,3510.510254
15,0.783610,0.178909,3760.038574
16,0.790079,0.174696,4009.656250
17,0.801350,0.169738,4259.217773
18,0.818983,0.174008,4508.751953
19,0.822641,0.148627,4758.377441
20,0.824311,0.123045,5007.842285
21,0.838560,0.117062,5257.445801
22,0.850336,0.114042,5506.966309
23,0.833638,0.121958,5756.618652
24,0.798887,0.161729,6006.202637
25,0.767139,0.280835,6255.687012
26,0.753201,0.450091,6505.278809
27,0.709673,0.508714,6754.802246
28,0.652529,0.531930,7004.382812
29,0.614061,0.549245,7253.935059
30,0.580490,0.560898,7503.595703
31,0.544598,0.568032,7753.059082
32,0.511471,0.562863,8002.747070
33,0.487982,0.535658,8252.217773
34,0.490307,0.529850,8501.780273
35,0.484553,0.532103,8751.319336
36,0.461828,0.538618,9000.866211
37,0.437394,0.540670,9250.549805
38,0.398553,0.549403,9500.114258
39,0.369353,0.554592,9766.239258
40,0.337057,0.571223,10015.763672
41,0.323555,0.604867,10265.356445
42,0.328397,0.625915,10514.967773
43,0.346979,0.645562,10764.511719
44,0.371273,0.693472,11014.024414
45,0.386868,0.722863,11263.619141
46,0.405148,0.741973,11513.182617
47,0.426480,0.769857,11762.745117
48,0.425354,0.793361,12012.268555
49,0.410039,0.800305,12261.888672
50,0.404475,0.749815,12511.457031
51,0.421115,0.662604,12761.007812
52,0.432227,0.594929,13010.601562
53,0.439759,0.555956,13260.156250
54,0.437083,0.558734,13509.678711
55,0.422935,0.598057,13759.230469
56,0.379398,0.619987,14008.878906
57,0.341083,0.611597,14258.358398
58,0.283221,0.583212,14507.916016
59,0.253680,0.542975,14757.552734
60,0.246298,0.513858,15007.114258
61,0.274301,0.514617,15256.660156
62,0.284588,0.514161,15506.189453
63,0.274268,0.511480,15755.825195
64,0.250443,0.512787,16005.297852
65,0.203894,0.505831,16254.875000
66,0.162324,0.505192,16504.435547
67,0.138550,0.499118,16754.033203
68,0.102097,0.485079,17003.583984
69,0.076371,0.474022,17253.132812
70,0.091489,0.447796,17502.705078
71,0.141117,0.434959,17752.289062
72,0.201693,0.455995,18001.853516
73,0.267368,0.486124,18251.375000
74,0.302136,0.497051,18500.976562
75,0.323119,0.503041,18750.556641
76,0.356573,0.506190,19000.060547
77,0.398296,0.510586,19266.300781
78,0.456287,0.515026,19515.843750
79,0.493167,0.513964,19765.419922
80,0.515560,0.519578,20015.046875
81,0.536154,0.500663,20264.587891
82,0.576660,0.492181,20514.121094
83,0.629392,0.502189,20763.660156
84,0.672323,0.508412,21013.222656
85,0.697388,0.514056,21262.828125
86,0.732756,0.518757,21512.349609
87,0.774564,0.532064,21761.937500
88,0.823112,0.562305,22011.517578
89,0.865014,0.574626,22261.097656
90,0.904742,0.550675,22510.605469
91,0.923853,0.471550,22760.167969
92,0.930788,0.349337,23009.792969
93,0.930263,0.272775,23259.333984
94,0.933543,0.224003,23508.892578
95,0.932293,0.210547,23758.519531
96,0.941154,0.257296,24008.013672
97,0.945245,0.332609,24257.611328
98,0.946243,0.400358,24507.125000
99,0.952641,0.453060,24756.693359
